numChains = 15;

numberOfTasksinChain = [7,7,5,5,5,3,3,7,5,3,3,7,5,7,5];

runnablesInChains = [13,56,83,3,35,13,34,17,57,76,83,100,94,86,12,67,51,68,60,95,24,16,84,15,23,88,4,94,40,72,61,87,14,60,70,57,46,74,29,50,29,73,94,85,79,89];

processingTimesOfMessages = [[1,1,1],[1,1,1,1],[1,1,1,1],[1,1],[1,1],[1,1,1,1,1,1,1,1],[1],[1,1],[1,1],[1,1],[1,1],[1,1,1],[1,1,1],[1,1,1,1],[1,1],[1,1,1],[1],[1],[1,1,1,1],[1,1,1,1,1],[1,1,1,1],[1,1,1,1],[1,1,1,1,1,1,1,1],[1,1],[1,1,1,1],[1,1],[1,1],[1,1],[1,1,1],[1,1],[1,1,1,1,1],[1],[1,1,1],[1],[1,1,1],[1,1],[1,1,1],[1],[1,1,1],[1],[1,1,1,1,1],[1,1],[1,1,1,1,1],[1,1,1],[1,1,1],[1,1],[1,1,1,1],[1,1],[1,1,1,1],[1,1,1],[1,1,1,1],[1,1,1,1,1,1,1],[1,1],[1,1,1],[1,1,1],[1],[1,1,1],[1,1],[1,1,1,1],[1,1,1],[1],[1,1,1,1,1],[1,1,1,1],[1,1,1,1,1,1,1,1],[1,1],[],[1,1],[1,1,1],[1,1,1,1,1,1,1],[1,1,1],[1,1],[1],[1],[1,1,1,1],[1,1,1,1],[1],[1,1],[],[1,1,1],[1,1],[1],[1],[1],[1],[1,1,1,1],[],[1],[1,1,1,1],[1],[1,1,1,1],[1,1],[],[1],[1,1],[1,1],[],[1,1],[1],[1],[1]];

processingTimesRunnables = [9,18,18,11,16,14,16,11,11,13,15,17,11,10,14,14,16,15,13,20,16,14,10,17,17,16,9,21,20,11,19,8,16,14,17,11,14,10,16,8,19,20,17,17,19,16,21,17,18,20,16,8,17,17,20,16,21,13,15,12,8,18,8,18,17,9,9,8,17,20,16,13,7,13,13,10,9,18,16,14,15,13,17,6,16,12,18,21,17,16,12,16,17,7,20,9,7,10,10,20];

periods = [100000,20000,20000,10000,100000,100000,10000,100000,100000,100000,100000,1000,20000,20000,100000,100000,20000,10000,10000,100000,100000,10000,100000,20000,10000,2000,10000,100000,10000,10000,10000,100000,20000,20000,20000,20000,50000,10000,20000,100000,20000,10000,10000,20000,100000,10000,10000,10000,50000,10000,1000,20000,50000,100000,100000,20000,20000,20000,100000,20000,10000,100000,20000,20000,20000,20000,1000,20000,5000,20000,1000,100000,10000,10000,5000,20000,10000,100000,100000,10000,50000,100000,20000,100000,100000,10000,10000,10000,100000,100000,100000,100000,100000,10000,20000,10000,20000,10000,20000,10000];

communicationTimeForOrderCriticalMessages = [1,1,1,1,1,1,1,1,1,1,1,1,1,1,1,1,1,1,1,1,1,1,1,1,1,1,1,1,1,1,1];

sizeOfRunnables = [1,1,1,1,1,1,1,1,1,1,1,1,1,1,1,1,1,1,1,1,1,1,1,1,1,1,1,1,1,1,1,1,1,1,1,1,1,1,1,1,1,1,1,1,1,1,1,1,1,1,1,1,1,1,1,1,1,1,1,1,1,1,1,1,1,1,1,1,1,1,1,1,1,1,1,1,1,1,1,1,1,1,1,1,1,1,1,1,1,1,1,1,1,1,1,1,1,1,1,1];

senderLabelReceiverOrderCriticalChains = [[13,301,0,0,56],[56,288,0,0,83],[83,315,0,0,3],[35,244,0,0,13],[13,251,0,0,34],[34,74,0,0,17],[57,14,140,0,76],[76,340,0,0,83],[100,124,0,0,94],[94,51,0,0,86],[12,36,0,0,67],[67,396,0,0,51],[68,255,0,0,60],[95,160,268,0,24],[16,195,0,0,84],[84,62,0,0,15],[15,279,350,0,23],[88,194,0,0,4],[4,390,0,0,94],[40,178,0,0,72],[61,227,0,0,87],[14,399,0,0,60],[60,307,0,0,70],[70,59,0,0,57],[46,97,0,0,74],[74,269,0,0,29],[50,51,250,0,29],[29,51,0,0,73],[73,51,162,0,94],[85,250,0,0,79],[79,156,0,0,89]];

senderLabelReceiverNonOrderCriticalChains = [[1,73,5],[1,96,84],[1,346,32],[2,247,1],[2,300,70],[2,316,77],[2,316,33],[3,65,5],[3,65,12],[3,212,97],[3,212,81],[4,90,11],[4,390,94],[5,134,9],[5,173,92],[6,289,83],[6,306,10],[6,306,39],[6,350,68],[6,350,8],[6,350,15],[6,350,55],[6,392,21],[7,357,18],[8,218,11],[8,234,9],[9,126,10],[9,208,32],[10,351,51],[10,351,38],[11,86,18],[11,324,40],[12,36,67],[12,333,27],[12,386,10],[13,251,34],[13,301,56],[13,320,36],[14,129,76],[14,323,82],[14,399,60],[14,399,67],[15,171,82],[15,279,23],[16,195,84],[16,195,86],[16,331,40],[17,354,65],[18,337,22],[19,181,38],[19,181,75],[19,343,17],[19,389,85],[20,194,21],[20,194,4],[20,339,18],[20,339,53],[20,345,73],[21,262,28],[21,262,71],[21,332,37],[21,332,85],[22,7,31],[22,191,2],[22,236,56],[22,236,87],[23,9,45],[23,319,17],[23,319,72],[23,319,7],[23,350,68],[23,350,8],[23,350,15],[23,350,55],[24,5,36],[24,160,95],[25,71,80],[25,172,98],[25,263,74],[25,263,50],[26,94,89],[26,99,20],[27,311,88],[27,311,100],[28,185,78],[28,277,96],[29,51,73],[29,51,86],[29,295,42],[30,114,47],[30,158,73],[31,57,46],[31,222,62],[31,222,87],[31,263,74],[31,263,50],[32,242,84],[33,50,63],[33,80,63],[33,152,34],[34,74,17],[35,244,13],[35,258,57],[35,400,99],[36,243,95],[36,309,63],[37,127,49],[37,268,27],[37,268,24],[38,180,86],[39,236,56],[39,236,87],[39,334,97],[40,178,72],[41,53,99],[41,276,59],[41,332,37],[41,332,85],[41,374,65],[42,58,16],[42,137,44],[43,79,38],[43,79,16],[43,110,46],[43,316,77],[43,316,33],[44,38,7],[44,38,100],[44,356,40],[45,151,25],[45,255,60],[45,255,92],[46,97,74],[46,103,48],[47,113,61],[47,262,28],[47,262,71],[47,304,80],[48,237,50],[48,294,96],[49,77,53],[49,212,97],[49,212,81],[49,353,24],[50,250,29],[50,250,79],[50,250,98],[51,38,7],[51,38,100],[51,140,58],[51,140,76],[52,66,56],[52,196,66],[52,350,68],[52,350,8],[52,350,15],[52,350,55],[52,358,45],[53,100,81],[53,298,61],[54,278,19],[54,373,4],[54,373,37],[55,233,96],[55,249,92],[55,318,93],[56,288,83],[57,14,76],[57,140,58],[57,140,76],[58,116,7],[58,375,30],[59,70,50],[59,70,66],[59,216,78],[59,379,66],[60,307,70],[60,373,4],[60,373,37],[61,227,87],[62,197,14],[62,265,35],[62,265,58],[62,293,54],[62,293,78],[63,350,68],[63,350,8],[63,350,15],[63,350,55],[64,44,97],[64,70,50],[64,70,66],[64,79,38],[64,79,16],[64,319,17],[64,319,72],[64,319,7],[65,351,51],[65,351,38],[67,360,26],[67,396,51],[68,28,54],[68,255,60],[68,255,92],[69,181,38],[69,181,75],[69,222,62],[69,222,87],[69,328,77],[69,399,60],[69,399,67],[70,59,57],[70,293,54],[70,293,78],[71,22,91],[71,200,28],[72,325,92],[73,162,94],[74,269,29],[74,319,17],[74,319,72],[74,319,7],[75,107,44],[75,250,29],[75,250,79],[75,250,98],[76,340,83],[77,156,88],[77,156,89],[79,156,88],[79,156,89],[79,395,77],[80,195,84],[80,195,86],[81,25,78],[82,19,30],[83,315,3],[84,62,15],[85,250,29],[85,250,79],[85,250,98],[85,313,93],[87,91,8],[88,194,21],[88,194,4],[88,265,35],[88,265,58],[89,174,75],[90,260,91],[90,306,10],[90,306,39],[90,384,27],[91,311,88],[91,311,100],[93,283,65],[94,51,73],[94,51,86],[95,268,27],[95,268,24],[97,339,18],[97,339,53],[98,245,100],[99,259,79],[100,124,94]];

