NumChains = 15;
NumResources = 3;
NumRunnablesInChains = 39;
MemoryBoundOnResource = 1048576;
UtilizationBoundOnResource = 100;

numberOfTasksinChain = [5,3,3,3,3,7,3,3,3,3,3,7,3,7,7];

runnablesInChains = [69,83,64,26,87,75,96,7,16,20,78,24,86,55,50,4,14,85,4,33,54,15,88,89,55,52,30,88,56,31,3,13,44,88,82,57,98,5,71];

ProcessingTimesOfMessages = [[1,1],[1,1],[1,1,1,1,1],[1,1,1],[1,1,1,1],[1,1,1,1,1],[1,1,1,1,1,1,1,1],[1,1,1,1],[1,1,1,1],[1,1,1,1],[2],[1,1,1,1,1],[1,1,1,1],[1,1,1,1,1,1,1],[1,1,1,1,1,1,1],[1,1,1],[1,1,1,1],[1,1,1],[1],[1,1],[1,1,1,1],[1,1,1,1],[1,1,1,1],[1,1],[1,1],[1,1,1,1,1,1],[1,1,1,1],[1,1,1],[1,1,1,1,1,1],[1,1,1,1],[1,1,1,1,1],[1,1,1,1,1],[1],[1,1,1,1,1],[1,1,1,1],[1],[1],[1,1,1],[1],[1],[1,1,1,1],[1,1,1],[1,1],[1,1],[1],[1,1,1],[1,1],[1,1,1,1,1],[1],[1,1],[1,1],[1,1],[1,1,1,1],[1,1,1],[1],[],[1,1],[1,1,1,1],[],[1,1],[1],[],[1,1,1],[1,1,1],[],[1,1],[1,1,1,1,1],[1,1],[1,1,1,1],[],[1,1,1],[1,1,1],[1,1,1],[],[1,1,1],[1,1,1,1],[1,1,1],[],[1],[],[],[],[1,1,1,1],[1,1,1],[1,1],[1,1,1,1,1,1],[1,1],[1,1],[1,1],[1,1],[1],[1,1],[],[1],[1],[1,1],[1],[1,1,1],[1],[1,1,1,1,1]];

processingTimesRunnables = [12,11,13,6,7,11,5,13,12,8,5,17,13,13,14,11,15,11,16,8,12,12,10,9,12,8,13,10,15,11,10,11,11,10,13,14,9,13,16,11,10,11,13,11,14,5,12,11,12,7,12,9,9,13,13,8,6,13,6,7,12,12,11,11,11,6,14,11,7,10,13,11,10,5,13,6,12,16,13,9,11,16,10,13,7,13,5,11,11,6,13,13,12,12,10,15,13,9,13,8];

periods = [50000,100000,20000,20000,100000,2000,20000,10000,20000,100000,100000,20000,10000,20000,10000,20000,10000,100000,100000,20000,10000,100000,20000,20000,20000,100000,10000,50000,10000,10000,20000,5000,5000,20000,20000,10000,100000,100000,10000,100000,100000,1000,10000,10000,100000,100000,100000,20000,100000,20000,10000,10000,50000,5000,20000,10000,100000,10000,100000,10000,10000,10000,10000,100000,10000,10000,100000,20000,100000,20000,100000,1000,10000,100000,10000,10000,10000,20000,10000,10000,1000,10000,100000,50000,20000,20000,100000,10000,20000,100000,2000,10000,20000,100000,10000,10000,100000,100000,20000,20000];

communicationTimeForOrderCriticalMessages = [1,1,1,1,1,1,1,1,1,1,1,1,1,1,1,1,1,1,1,1,1,1,1,1];

sizeOfRunnables = [1140,1030,1270,510,603,1098,473,1300,1170,718,498,1610,1290,1268,1393,1050,1425,1030,1503,738,1125,1188,983,803,1110,705,1225,910,1485,1060,915,1053,1083,993,1210,1355,813,1285,1530,1015,940,1005,1220,1050,1388,413,1135,1043,1135,633,1200,890,858,1290,1245,738,565,1225,540,648,1125,1143,1060,1095,1038,505,1340,1100,603,988,1270,1005,910,473,1268,548,1133,1535,1280,808,1030,1600,960,1215,663,1248,483,1083,1013,518,1278,1290,1113,1103,963,1410,1203,863,1243,783];

SenderLabelReceiverOrderCriticalChains = [[69,309,0,0,83],[83,39,0,0,64],[26,252,0,0,87],[75,289,0,0,96],[7,189,0,0,16],[20,62,0,0,78],[24,60,0,0,86],[86,52,0,0,55],[55,132,0,0,50],[4,14,0,0,14],[85,325,0,0,4],[33,362,0,0,54],[15,102,0,0,88],[89,118,0,0,55],[52,267,0,0,30],[30,372,0,0,88],[88,122,0,0,56],[31,106,0,0,3],[13,36,0,0,44],[44,125,0,0,88],[88,176,0,0,82],[57,301,0,0,98],[98,174,0,0,5],[5,169,0,0,71]];

SenderLabelReceiverNonOrderCriticalChains = [[1,348,56],[1,348,93],[2,293,11],[2,389,46],[3,12,4],[3,12,9],[3,12,91],[3,15,23],[3,382,93],[4,14,14],[4,14,53],[4,277,25],[5,169,71],[5,207,49],[5,280,84],[5,280,45],[6,12,4],[6,12,9],[6,12,91],[6,104,20],[6,364,54],[7,12,4],[7,12,9],[7,12,91],[7,16,68],[7,165,40],[7,165,94],[7,189,96],[7,189,16],[8,29,36],[8,275,43],[8,275,70],[8,281,57],[9,24,68],[9,179,93],[9,179,16],[9,179,50],[10,226,71],[10,275,43],[10,275,70],[10,365,11],[11,355,19],[12,41,24],[12,119,92],[12,119,55],[12,375,78],[12,375,82],[13,36,44],[13,109,51],[13,116,61],[13,170,75],[14,103,53],[14,103,99],[14,179,93],[14,179,16],[14,179,50],[14,244,34],[14,244,94],[15,102,88],[15,175,36],[15,175,17],[15,299,78],[15,299,66],[15,375,78],[15,375,82],[16,178,25],[16,178,95],[16,239,40],[17,46,38],[17,46,28],[17,93,19],[17,93,27],[18,76,82],[18,150,61],[18,150,6],[19,194,37],[20,57,11],[20,62,78],[21,11,47],[21,11,65],[21,11,67],[21,117,52],[22,33,45],[22,46,38],[22,46,28],[22,345,42],[23,20,46],[23,263,41],[23,315,1],[23,315,73],[24,60,86],[24,308,35],[25,95,62],[25,95,45],[26,191,63],[26,191,58],[26,241,44],[26,252,87],[26,252,61],[26,327,74],[27,272,21],[27,272,32],[27,306,2],[27,316,66],[28,14,14],[28,14,53],[28,86,47],[29,38,79],[29,143,62],[29,178,25],[29,178,95],[29,339,37],[29,339,77],[30,17,25],[30,237,79],[30,372,78],[30,372,88],[31,106,3],[31,346,24],[31,346,70],[31,372,78],[31,372,88],[32,52,33],[32,52,55],[32,191,63],[32,191,58],[32,247,33],[33,362,54],[34,223,100],[34,223,62],[34,315,1],[34,315,73],[34,332,70],[35,212,2],[35,212,19],[35,212,51],[35,246,21],[36,265,65],[37,320,68],[38,205,87],[38,271,59],[38,304,69],[39,340,80],[40,250,36],[41,183,59],[41,183,8],[41,346,24],[41,346,70],[42,146,81],[42,317,10],[42,343,22],[43,77,56],[43,383,56],[44,125,65],[44,125,88],[45,113,90],[46,45,49],[46,189,96],[46,189,16],[47,165,40],[47,165,94],[48,11,47],[48,11,65],[48,11,67],[48,25,50],[48,386,85],[49,379,59],[50,125,65],[50,125,88],[51,299,78],[51,299,66],[52,267,30],[52,267,28],[53,164,84],[53,212,2],[53,212,19],[53,212,51],[54,339,37],[54,339,77],[54,384,52],[55,132,50],[57,288,1],[57,301,98],[58,66,60],[58,84,80],[58,223,100],[58,223,62],[60,9,73],[60,159,82],[61,208,12],[63,103,53],[63,103,99],[63,203,89],[64,32,72],[64,367,90],[64,370,39],[66,92,92],[66,172,95],[67,218,93],[67,244,34],[67,244,94],[67,252,87],[67,252,61],[68,272,21],[68,272,32],[69,222,39],[69,309,83],[69,312,76],[69,312,57],[71,225,74],[71,225,62],[71,361,74],[72,124,81],[72,300,47],[72,313,81],[73,119,92],[73,119,55],[73,249,49],[75,289,96],[75,312,76],[75,312,57],[76,100,77],[76,100,91],[76,217,80],[76,377,83],[77,88,95],[77,348,56],[77,348,93],[79,266,35],[83,39,64],[83,179,93],[83,179,16],[83,179,50],[84,11,47],[84,11,65],[84,11,67],[85,182,51],[85,325,4],[86,52,33],[86,52,55],[86,95,62],[86,95,45],[86,183,59],[86,183,8],[87,100,77],[87,100,91],[88,122,56],[88,176,82],[89,118,55],[89,326,99],[90,267,30],[90,267,28],[91,54,70],[92,231,97],[92,235,90],[94,49,97],[95,295,1],[96,280,84],[96,280,45],[97,152,98],[98,93,19],[98,93,27],[98,174,5],[99,79,79],[100,212,2],[100,212,19],[100,212,51],[100,225,74],[100,225,62]];

jitters = [50000,100000,20000,20000,100000,2000,20000,10000,20000,100000,100000,20000,10000,20000,10000,20000,10000,100000,100000,20000,10000,100000,20000,20000,20000,100000,10000,50000,10000,10000,20000,5000,5000,20000,20000,10000,100000,100000,10000,100000,100000,1000,10000,10000,100000,100000,100000,20000,100000,20000,10000,10000,50000,5000,20000,10000,100000,10000,100000,10000,10000,10000,10000,100000,10000,10000,100000,20000,100000,20000,100000,1000,10000,100000,10000,10000,10000,20000,10000,10000,1000,10000,100000,50000,20000,20000,100000,10000,20000,100000,2000,10000,20000,100000,10000,10000,100000,100000,20000,20000];

