NumChains = 15;
NumResources = 3;
NumRunnablesInChains = 41;
MemoryBoundOnResource = 1048576;
UtilizationBoundOnResource = 100;

numberOfTasksinChain = [3,7,5,5,3,5,7,5,5,3,3,3,3,3,7];

runnablesInChains = [96,29,74,40,43,45,27,20,30,98,84,24,94,93,14,1,46,4,73,94,5,17,12,33,85,13,60,47,13,19,37,31,92,68,8,44,76,35,93,3,16];

ProcessingTimesOfMessages = [[1,1,1,1],[1,1,1,1,1,1],[1,1,1,1],[1,1,1,1],[1,1,2,1,1],[1,1,1,1],[1,1,1,1,1,1,1],[1,1,1,1,1,1,1],[1,1,1,1],[1,1,1,1],[1],[1,1,1,1,1],[1,1],[1,1,1],[1,1,1,1],[1,1],[1,1,1,1],[1,1,1],[1],[1,1,1,1,1,1],[1,1,1,1],[1,1],[1],[1,1],[1,1,1,1],[1,1],[1,1,1,1,1],[1,1,1],[1],[1,1],[1,1],[1,1,1],[1,1,1,1],[1,1,1,1,1,1],[1],[1,1,1,1,1,1],[1,1,1],[1,1],[1,1,1,1],[1,1,1,1,1],[1,1,1,1],[1,1,1,1,1],[1,1,1,1],[1,1,1,1,1,1],[1,1,1,1],[],[1,1,1],[1,1],[],[1,1],[1,1,1],[1,1],[1,1],[],[1],[1],[1,1,1],[1],[1,1,1,1],[1,1],[1,1,1],[],[1,1,1,1,1,1,1],[1],[1,1,1],[1],[1],[1],[1,1],[1,1,1,1],[1,1,1,1,1,1],[1],[1,1],[1,1,1,1],[1,1],[1,1],[1,1],[1,1,1],[],[],[1,1,1],[],[1,1],[1,1],[1,1,1],[1],[1],[1,1],[],[1],[],[],[1],[1,1],[],[1],[1,1,1,1],[1,1,1],[],[1,1,1]];

processingTimesRunnables = [16,12,14,7,5,16,6,11,5,13,12,9,8,6,6,13,7,11,16,14,11,13,10,13,14,9,7,7,16,4,15,13,9,13,5,12,12,11,16,11,13,14,10,12,16,12,11,12,11,5,13,8,11,13,7,13,13,11,11,16,13,6,11,16,14,8,11,8,10,9,11,11,13,11,13,13,9,16,12,4,8,8,10,13,14,10,13,7,13,11,12,12,15,12,13,12,13,13,13,10];

periods = [20000,5000,20000,20000,20000,2000,100000,10000,10000,10000,20000,100000,10000,20000,20000,20000,100000,50000,20000,10000,100000,10000,10000,50000,20000,20000,10000,100000,100000,10000,20000,100000,100000,20000,20000,20000,20000,100000,100000,10000,2000,20000,10000,10000,10000,20000,10000,50000,10000,10000,5000,10000,10000,10000,20000,50000,100000,5000,100000,10000,10000,10000,20000,20000,50000,20000,20000,10000,100000,100000,100000,10000,20000,10000,100000,10000,100000,2000,10000,20000,20000,10000,20000,50000,10000,2000,100000,20000,20000,100000,100000,20000,20000,20000,100000,100000,100000,50000,10000,100000];

communicationTimeForOrderCriticalMessages = [1,1,1,1,1,1,1,1,1,1,1,1,1,1,1,1,1,1,1,1,1,1,1,1,1,1];

sizeOfRunnables = [1518,1160,1350,640,498,1518,505,1038,413,1283,1103,870,743,600,513,1233,690,1053,1595,1345,1020,1220,955,1285,1365,848,668,690,1588,378,1465,1238,805,1260,475,1120,1158,1010,1550,1068,1300,1308,978,1185,1588,1120,1073,1133,1008,430,1285,770,1080,1225,685,1210,1290,1045,1075,1555,1260,565,1050,1528,1308,720,1030,713,985,840,1023,1075,1263,1035,1218,1240,863,1563,1128,398,760,723,938,1210,1335,1000,1230,638,1260,1068,1113,1163,1475,1123,1230,1143,1290,1243,1210,953];

SenderLabelReceiverOrderCriticalChains = [[96,51,0,0,29],[74,206,0,0,40],[40,57,0,0,43],[43,22,0,0,45],[27,143,0,0,20],[20,23,289,0,30],[98,106,0,0,84],[84,247,0,0,24],[94,176,0,0,93],[14,339,0,0,1],[1,315,0,0,46],[4,22,0,0,73],[73,219,0,0,94],[94,48,0,0,5],[17,284,0,0,12],[12,252,355,0,33],[85,203,264,0,13],[13,253,0,0,60],[47,58,0,0,13],[19,12,0,0,37],[31,103,0,0,92],[68,205,0,0,8],[44,231,0,0,76],[35,366,0,0,93],[93,255,0,0,3],[3,24,0,0,16]];

SenderLabelReceiverNonOrderCriticalChains = [[1,94,66],[1,304,95],[1,315,46],[1,315,100],[2,57,51],[2,57,43],[2,264,85],[2,264,13],[2,273,34],[2,373,51],[3,24,16],[3,24,23],[3,24,35],[3,380,4],[4,22,73],[4,22,45],[4,47,26],[4,47,77],[5,99,80],[5,99,32],[5,165,90],[5,184,11],[5,184,9],[6,92,23],[6,92,78],[6,182,44],[6,346,41],[7,99,80],[7,99,32],[7,149,70],[7,154,49],[7,154,95],[7,154,29],[7,283,19],[8,147,38],[8,147,82],[8,184,11],[8,184,9],[8,358,86],[8,358,3],[8,358,99],[9,31,54],[9,55,82],[9,258,46],[9,258,10],[10,201,11],[10,395,74],[10,395,25],[10,395,28],[11,342,36],[12,142,61],[12,252,33],[12,355,46],[12,355,31],[12,355,47],[13,253,100],[13,253,60],[14,1,64],[14,235,80],[14,339,1],[15,24,16],[15,24,23],[15,24,35],[15,140,39],[16,102,35],[16,372,62],[17,206,40],[17,206,59],[17,284,12],[17,341,18],[18,60,15],[18,80,48],[18,236,24],[19,12,37],[20,23,30],[20,23,49],[20,24,16],[20,24,23],[20,24,35],[20,289,30],[21,3,32],[21,62,90],[21,262,29],[21,369,28],[22,28,91],[22,322,68],[23,212,74],[24,174,98],[24,297,60],[25,192,83],[25,220,55],[25,271,6],[25,271,67],[26,81,81],[26,108,23],[27,103,11],[27,103,92],[27,143,20],[27,193,72],[27,398,52],[28,6,62],[28,267,89],[28,267,95],[29,132,10],[30,150,79],[30,168,99],[31,103,11],[31,103,92],[32,47,26],[32,47,77],[32,218,31],[33,135,59],[33,355,46],[33,355,31],[33,355,47],[34,13,55],[34,13,82],[34,92,23],[34,92,78],[34,167,66],[34,167,77],[35,366,93],[36,154,49],[36,154,95],[36,154,29],[36,358,86],[36,358,3],[36,358,99],[37,355,46],[37,355,31],[37,355,47],[38,265,39],[38,279,75],[39,154,49],[39,154,95],[39,154,29],[39,173,53],[40,57,51],[40,57,43],[40,111,47],[40,396,69],[40,396,36],[41,121,92],[41,287,78],[41,305,58],[41,305,88],[42,189,55],[42,258,46],[42,258,10],[42,259,96],[42,391,86],[43,22,73],[43,22,45],[43,325,19],[43,325,56],[44,231,97],[44,231,76],[44,231,80],[44,271,6],[44,271,67],[44,364,49],[45,16,50],[45,330,87],[45,400,76],[45,400,96],[47,23,30],[47,23,49],[47,58,13],[48,123,65],[48,328,65],[50,32,62],[50,374,16],[51,305,58],[51,305,88],[51,390,58],[52,151,68],[52,163,54],[53,68,54],[53,172,79],[55,15,67],[56,100,84],[57,17,37],[57,251,96],[57,269,87],[58,67,89],[59,137,71],[59,395,74],[59,395,25],[59,395,28],[60,115,83],[60,194,62],[61,13,55],[61,13,82],[61,90,79],[63,110,38],[63,231,97],[63,231,76],[63,231,80],[63,395,74],[63,395,25],[63,395,28],[64,133,89],[65,19,64],[65,325,19],[65,325,56],[66,277,73],[67,118,93],[68,205,8],[69,113,31],[69,275,72],[70,53,92],[70,71,99],[70,71,91],[70,183,75],[71,91,63],[71,91,14],[71,169,4],[71,231,97],[71,231,76],[71,231,80],[72,293,82],[73,219,94],[73,331,75],[74,206,40],[74,206,59],[74,400,76],[74,400,96],[75,167,66],[75,167,77],[76,147,38],[76,147,82],[77,153,88],[77,153,95],[78,71,99],[78,71,91],[78,286,33],[81,18,91],[81,396,69],[81,396,36],[83,153,88],[83,153,95],[84,240,22],[84,247,24],[85,91,63],[85,91,14],[85,203,13],[86,136,50],[87,50,56],[88,267,89],[88,267,95],[90,42,64],[93,255,3],[94,48,5],[94,176,93],[96,51,29],[97,253,100],[97,253,60],[97,315,46],[97,315,100],[98,106,84],[98,264,85],[98,264,13],[100,358,86],[100,358,3],[100,358,99]];

jitters = [20000,5000,20000,20000,20000,2000,100000,10000,10000,10000,20000,100000,10000,20000,20000,20000,100000,50000,20000,10000,100000,10000,10000,50000,20000,20000,10000,100000,100000,10000,20000,100000,100000,20000,20000,20000,20000,100000,100000,10000,2000,20000,10000,10000,10000,20000,10000,50000,10000,10000,5000,10000,10000,10000,20000,50000,100000,5000,100000,10000,10000,10000,20000,20000,50000,20000,20000,10000,100000,100000,100000,10000,20000,10000,100000,10000,100000,2000,10000,20000,20000,10000,20000,50000,10000,2000,100000,20000,20000,100000,100000,20000,20000,20000,100000,100000,100000,50000,10000,100000];

