NumChains = 15;
NumResources = 3;
NumRunnablesInChains = 77;
MemoryBoundOnResource = 1048576;
UtilizationBoundOnResource = 100;

numberOfTasksinChain = [11,13,9,7,9,7,9,13,7,13,7,7,13,7,7];

runnablesInChains = [46,67,9,17,36,25,25,82,57,97,33,29,63,85,24,30,53,3,94,95,35,20,31,66,88,69,27,2,79,5,92,91,49,99,98,36,42,57,54,5,50,63,90,81,39,53,45,36,15,86,89,61,63,68,17,90,22,32,8,53,84,3,74,2,28,51,93,54,50,9,68,4,22,14,94,71,24];

ProcessingTimesOfMessages = [[1,1,1,1,1,1],[1,1,1,1,1,1,1,1,1],[1,1,1,1,1,1,1],[1,1,1,1,1],[1,1,1,1,1,1,1],[1,1,1,1,1],[1,1,1,1,1,1,1],[1,1,1,1,1,1,1],[1,1,1,1,1,1,1,1,1,1],[1,1,1,1,1,1,1,1],[1,1,1,1,1,1,1,1],[1,1,1,1,1,1,1,1,1],[1,1,1,1,1,1,1,1],[1,1,1,1,1,1,1,1],[1,1,1,1,1,1,1,1,1],[1,1,1,1,1,1,1,1,1,1,1,1,1],[1,1,1,1],[1,1,1,1],[1,1,1,1,1,1,1],[1,1,1],[1,1,1,1,1,1,1,1,1,1,1],[1,1,1,1,1,1],[1,1,1,1,1,1],[1,1,1,1,1,1,1],[1,1],[1,1,1,1],[1,1,1,1],[1,1,1,1,1],[1,1,1,1],[1,1,1,1],[1,1,1,1,1,1,1,1,1],[1,1,1,1,1,1,1,1],[1,1,1,1,1,1,1],[1,1,1,1,1,1,1,1],[1,1],[1,1,1,1,1,1],[1,1,1,1,1,1,1],[1,1,1,1,1],[1,1,1,1,1,1],[1,1,1,1,1,1,1,1],[1,1,1,1,1],[1,1,1,1,1],[1,1,1,1,1,1],[1,1,1,1,1,1],[1,1,1,1,1,1],[1,1,1,1,1,1,1],[1,1,1],[1,1,1,1,1,1,1,1,1],[1,1,1,1,1],[1,1,1,1,1,1],[1,1,1,1,1,1,1],[1,1,1],[1,1,1,1],[1,1,1,1,1,1,1],[1,1,1,1,1,1],[1,1,1,1,1,1,1,1,1,1,1],[1,1,1,1,1,1,1],[1,1,1,1,1,1,1],[1,1,1],[1,1,1,1,1,1,1,1],[1,1,1,1,1,1],[1,1,1,1,1],[1,1,1,1],[1,1,1,1],[1,1,1],[1,1,1,1,1,1],[1,1,1,1,1,1,1,1,1],[1,1,1,1],[1,1,1,1],[1,1,1],[1,1,1,1,1],[1,1,1,1,1,1],[1,1],[1,1,1,1],[1],[1,1],[1,1,1,1,1],[1,1,1,1,1,1],[1,1,1,1,1,1],[1,1,1,1,1,1,1,1,1],[1,1,1,1,1,1,1,1,1,1],[1,1,1,1,1,1,1,1],[1,1],[1,1,1,1,1],[1,1,1,1,1,1],[1,1],[1],[1,1,1,1],[1,1,1,1,1,1],[1,1,1],[1,1,1],[],[1,1,1],[1,1,1],[1,1,1,1,1,1],[],[1,1,1],[1],[1],[1,1]];

processingTimesRunnables = [12,7,10,13,17,17,8,15,5,9,12,8,12,14,15,15,11,12,18,7,11,17,12,18,8,8,7,15,16,18,12,5,6,13,16,11,11,13,9,6,11,17,12,11,5,11,17,13,9,13,16,13,9,13,8,14,18,6,10,13,8,15,8,7,8,12,5,13,12,18,8,15,14,14,18,14,13,8,12,18,17,5,7,16,5,8,12,9,16,8,12,14,7,19,18,9,15,5,17,16];

periods = [10000,10000,20000,10000,10000,20000,10000,20000,10000,10000,10000,10000,1000,20000,10000,1000,10000,20000,1000,20000,20000,10000,20000,20000,10000,10000,20000,10000,10000,20000,20000,10000,10000,2000,20000,10000,20000,20000,20000,20000,20000,10000,10000,10000,20000,10000,10000,20000,10000,10000,10000,20000,20000,10000,20000,10000,10000,5000,20000,20000,10000,2000,10000,20000,20000,20000,10000,10000,20000,10000,20000,20000,20000,10000,1000,1000,10000,10000,10000,20000,20000,10000,10000,20000,20000,10000,1000,20000,10000,10000,10000,10000,10000,20000,20000,5000,10000,10000,10000,10000];

communicationTimeForOrderCriticalMessages = [1,1,1,1,1,1,1,1,1,1,1,1,1,1,1,1,1,1,1,1,1,1,1,1,1,1,1,1,1,1,1,1,1,1,1,1,1,1,1,1,1,1,1,1,1,1,1,1,1,1,1,1,1,1,1,1,1,1,1,1,1,1];

sizeOfRunnables = [1,1,1,1,1,1,1,1,1,1,1,1,1,1,1,1,1,1,1,1,1,1,1,1,1,1,1,1,1,1,1,1,1,1,1,1,1,1,1,1,1,1,1,1,1,1,1,1,1,1,1,1,1,1,1,1,1,1,1,1,1,1,1,1,1,1,1,1,1,1,1,1,1,1,1,1,1,1,1,1,1,1,1,1,1,1,1,1,1,1,1,1,1,1,1,1,1,1,1,1];

SenderLabelReceiverOrderCriticalChains = [[46,338,0,0,67],[67,416,0,0,9],[9,487,0,0,17],[17,442,0,0,36],[36,347,0,0,25],[25,307,0,0,82],[82,360,0,0,57],[57,244,0,0,97],[97,162,0,0,33],[33,132,0,0,29],[29,284,0,0,63],[85,154,0,0,24],[24,438,0,0,30],[30,472,0,0,53],[53,459,0,0,3],[94,361,0,0,95],[95,88,0,0,35],[35,19,0,0,20],[31,173,283,0,66],[66,120,283,0,88],[88,150,0,0,69],[69,353,0,0,27],[2,197,0,0,79],[79,280,0,0,5],[5,165,0,0,92],[91,238,0,0,49],[49,334,0,0,99],[99,293,0,0,98],[98,47,0,0,36],[42,364,0,0,57],[57,416,0,0,54],[54,40,230,0,5],[5,143,0,0,50],[50,209,0,0,63],[63,45,0,0,90],[81,384,0,0,39],[39,363,0,0,53],[53,482,0,0,45],[36,16,220,0,15],[15,220,306,0,86],[86,130,0,0,89],[89,192,0,0,61],[61,449,0,0,63],[63,171,0,0,68],[17,96,0,0,90],[90,337,0,0,22],[22,10,0,0,32],[8,77,0,0,53],[53,201,472,0,84],[84,146,0,0,3],[74,329,0,0,2],[2,16,0,0,28],[28,332,0,0,51],[51,52,448,0,93],[93,55,230,0,54],[54,115,0,0,50],[9,336,0,0,68],[68,115,0,0,4],[4,356,0,0,22],[14,95,440,0,94],[94,300,0,0,71],[71,150,0,0,24]];

SenderLabelReceiverNonOrderCriticalChains = [[1,91,79],[1,91,76],[1,117,80],[1,204,28],[1,208,4],[1,480,2],[2,16,28],[2,16,36],[2,16,87],[2,197,79],[2,197,1],[2,230,5],[2,230,62],[2,230,54],[2,489,92],[3,217,100],[3,244,6],[3,244,97],[3,362,10],[3,362,66],[3,362,81],[3,437,6],[4,325,25],[4,325,74],[4,356,64],[4,356,22],[4,454,64],[5,143,50],[5,165,72],[5,165,92],[5,362,10],[5,362,66],[5,362,81],[5,371,27],[6,6,99],[6,98,73],[6,110,4],[6,490,19],[6,490,8],[7,50,61],[7,50,84],[7,52,93],[7,156,11],[7,468,36],[7,473,37],[7,473,92],[8,77,53],[8,136,73],[8,136,87],[8,141,38],[8,222,25],[8,410,85],[8,410,39],[9,101,10],[9,146,3],[9,146,46],[9,175,74],[9,175,80],[9,336,40],[9,336,68],[9,363,53],[9,363,71],[9,487,17],[10,34,42],[10,34,92],[10,95,14],[10,367,63],[10,367,20],[10,380,17],[10,383,3],[10,383,11],[11,132,29],[11,132,14],[11,176,47],[11,176,20],[11,176,59],[11,313,25],[11,326,17],[11,436,41],[12,37,89],[12,37,32],[12,74,56],[12,171,68],[12,171,72],[12,184,28],[12,262,47],[12,262,50],[12,422,26],[13,12,19],[13,82,75],[13,219,16],[13,280,68],[13,280,5],[13,375,21],[13,490,19],[13,490,8],[14,21,43],[14,21,49],[14,78,18],[14,229,18],[14,351,18],[14,351,59],[14,440,72],[14,440,94],[15,257,44],[15,306,86],[15,306,93],[15,353,48],[15,353,27],[15,377,42],[15,411,57],[15,448,30],[15,448,93],[16,50,61],[16,50,84],[16,161,31],[16,161,39],[16,180,74],[16,180,73],[16,180,76],[16,198,52],[16,198,75],[16,288,19],[16,288,100],[16,381,48],[16,381,75],[17,60,33],[17,96,90],[17,346,71],[17,442,36],[18,234,20],[18,386,26],[18,386,35],[18,478,44],[19,88,35],[19,88,76],[19,318,2],[19,318,75],[19,477,52],[19,477,98],[19,477,76],[20,125,23],[20,253,25],[20,430,58],[21,161,31],[21,161,39],[21,176,47],[21,176,20],[21,176,59],[21,291,7],[21,314,85],[21,314,90],[21,365,27],[21,479,55],[21,479,83],[22,10,32],[22,106,99],[22,294,83],[22,337,82],[22,337,24],[22,433,70],[23,90,55],[23,159,84],[23,191,91],[23,191,59],[23,191,97],[23,286,35],[24,42,29],[24,247,31],[24,376,65],[24,376,70],[24,376,38],[24,376,74],[24,438,30],[25,307,82],[25,461,33],[26,216,43],[26,267,40],[26,338,67],[26,338,78],[27,66,41],[27,128,35],[27,221,65],[27,311,1],[28,174,29],[28,263,69],[28,263,61],[28,332,51],[28,332,83],[29,157,32],[29,284,63],[29,284,12],[29,491,37],[30,49,51],[30,373,37],[30,472,53],[30,472,84],[31,28,57],[31,28,85],[31,173,64],[31,173,66],[31,283,99],[31,283,88],[31,402,35],[31,449,86],[31,449,63],[32,16,28],[32,16,36],[32,16,87],[32,69,77],[32,69,94],[32,383,3],[32,383,11],[32,486,30],[33,130,41],[33,130,89],[33,132,29],[33,132,14],[33,388,43],[33,439,92],[33,439,4],[34,150,24],[34,150,62],[34,150,69],[34,230,5],[34,230,62],[34,230,54],[34,392,62],[34,453,8],[35,19,20],[35,399,40],[36,220,15],[36,220,86],[36,220,51],[36,347,25],[36,385,42],[36,385,87],[37,182,96],[37,182,52],[37,182,6],[37,227,88],[37,381,48],[37,381,75],[37,391,99],[38,55,93],[38,175,74],[38,175,80],[38,350,45],[38,368,69],[39,27,29],[39,305,41],[39,318,2],[39,318,75],[39,363,53],[39,363,71],[40,176,47],[40,176,20],[40,176,59],[40,180,74],[40,180,73],[40,180,76],[40,197,79],[40,197,1],[41,210,34],[41,210,98],[41,384,65],[41,384,39],[41,456,49],[42,83,98],[42,272,64],[42,288,19],[42,288,100],[42,364,57],[43,54,44],[43,220,15],[43,220,86],[43,220,51],[43,370,91],[43,413,75],[44,191,91],[44,191,59],[44,191,97],[44,263,69],[44,263,61],[44,304,46],[45,21,43],[45,21,49],[45,321,91],[45,379,47],[45,408,50],[45,408,77],[46,262,47],[46,262,50],[46,277,93],[46,338,67],[46,338,78],[46,372,65],[46,372,68],[47,189,34],[47,351,18],[47,351,59],[48,24,59],[48,24,94],[48,269,47],[48,376,65],[48,376,70],[48,376,38],[48,376,74],[48,395,64],[48,462,52],[49,334,99],[49,336,40],[49,336,68],[49,473,37],[49,473,92],[50,209,63],[50,209,72],[50,209,95],[50,240,92],[50,479,55],[50,479,83],[51,169,54],[51,356,64],[51,356,22],[51,367,63],[51,367,20],[51,448,30],[51,448,93],[52,37,89],[52,37,32],[52,177,94],[53,103,26],[53,201,84],[53,459,3],[53,482,45],[54,40,5],[54,40,97],[54,115,50],[54,115,4],[54,192,61],[54,192,95],[54,349,56],[55,1,71],[55,1,87],[55,93,71],[55,147,78],[55,160,60],[55,315,7],[56,28,57],[56,28,85],[56,145,83],[56,145,100],[56,182,96],[56,182,52],[56,182,6],[56,194,70],[56,194,99],[56,198,52],[56,198,75],[57,209,63],[57,209,72],[57,209,95],[57,244,6],[57,244,97],[57,416,9],[57,416,54],[58,182,96],[58,182,52],[58,182,6],[58,202,96],[58,295,96],[58,329,86],[58,329,2],[59,241,74],[59,476,58],[59,476,47],[60,17,100],[60,91,79],[60,91,76],[60,136,73],[60,136,87],[60,173,64],[60,173,66],[60,289,73],[61,126,75],[61,215,91],[61,372,65],[61,372,68],[61,449,86],[61,449,63],[62,1,71],[62,1,87],[62,165,72],[62,165,92],[62,460,78],[63,45,90],[63,171,68],[63,171,72],[63,425,67],[64,188,73],[64,362,10],[64,362,66],[64,362,81],[65,158,34],[65,476,58],[65,476,47],[66,71,84],[66,120,88],[66,283,99],[66,283,88],[66,410,85],[66,410,39],[67,129,23],[67,325,25],[67,325,74],[67,332,51],[67,332,83],[67,416,9],[67,416,54],[67,440,72],[67,440,94],[68,115,50],[68,115,4],[68,333,77],[68,348,30],[69,118,46],[69,353,48],[69,353,27],[69,466,26],[70,314,85],[70,314,90],[70,500,96],[71,150,24],[71,150,62],[71,150,69],[71,439,92],[71,439,4],[72,376,65],[72,376,70],[72,376,38],[72,376,74],[72,408,50],[72,408,77],[73,105,98],[73,187,88],[74,40,5],[74,40,97],[74,329,86],[74,329,2],[75,5,87],[76,80,87],[76,206,23],[77,73,92],[77,220,15],[77,220,86],[77,220,51],[77,485,96],[78,209,63],[78,209,72],[78,209,95],[78,337,82],[78,337,24],[78,457,76],[79,210,34],[79,210,98],[79,280,68],[79,280,5],[79,458,86],[79,498,65],[80,24,59],[80,24,94],[80,32,81],[80,376,65],[80,376,70],[80,376,38],[80,376,74],[80,472,53],[80,472,84],[81,191,91],[81,191,59],[81,191,97],[81,265,77],[81,284,63],[81,284,12],[81,384,65],[81,384,39],[81,385,42],[81,385,87],[82,194,70],[82,194,99],[82,306,86],[82,306,93],[82,360,45],[82,360,57],[82,385,42],[82,385,87],[83,183,100],[83,260,96],[84,16,28],[84,16,36],[84,16,87],[84,146,3],[84,146,46],[85,69,77],[85,69,94],[85,154,24],[85,180,74],[85,180,73],[85,180,76],[86,130,41],[86,130,89],[87,23,97],[88,150,24],[88,150,62],[88,150,69],[88,340,70],[89,34,42],[89,34,92],[89,113,90],[89,192,61],[89,192,95],[89,239,97],[90,87,13],[90,337,82],[90,337,24],[91,102,59],[91,238,49],[91,317,95],[93,230,5],[93,230,62],[93,230,54],[94,166,83],[94,300,71],[94,361,95],[95,88,35],[95,88,76],[95,127,28],[95,477,52],[95,477,98],[95,477,76],[97,145,83],[97,145,100],[97,162,33],[98,47,36],[99,293,98],[100,360,45],[100,360,57]];

jitters = [10000,10000,20000,10000,10000,20000,10000,20000,10000,10000,10000,10000,1000,20000,10000,1000,10000,20000,1000,20000,20000,10000,20000,20000,10000,10000,20000,10000,10000,20000,20000,10000,10000,2000,20000,10000,20000,20000,20000,20000,20000,10000,10000,10000,20000,10000,10000,20000,10000,10000,10000,20000,20000,10000,20000,10000,10000,5000,20000,20000,10000,2000,10000,20000,20000,20000,10000,10000,20000,10000,20000,20000,20000,10000,1000,1000,10000,10000,10000,20000,20000,10000,10000,20000,20000,10000,1000,20000,10000,10000,10000,10000,10000,20000,20000,5000,10000,10000,10000,10000];

