NumChains = 15;
NumResources = 3;
NumRunnablesInChains = 81;
MemoryBoundOnResource = 1048576;
UtilizationBoundOnResource = 100;

numberOfTasksinChain = [9,9,13,13,9,11,11,7,11,7,13,7,9,11,7];

runnablesInChains = [70,81,87,74,67,71,82,35,42,87,65,32,10,74,95,53,67,5,8,90,81,71,89,87,16,43,38,7,96,87,41,9,92,18,4,22,15,70,82,95,1,19,49,79,2,61,83,62,31,48,14,20,79,55,13,59,97,99,69,21,68,17,64,36,63,51,9,92,67,34,76,13,73,98,17,16,40,18,34,100,54];

ProcessingTimesOfMessages = [[1,1,1,1],[1,1,1,1,1,1],[1,1,1,1],[1,1,1,1,1,1,1],[1,1,1,1,1],[1,1,1],[1,1,1,1,1],[1,1,1,1,1,1],[1,1,1,1,1,1],[1,1,1,1],[1,1,1,1],[1,1],[1,1,1,1,1,1,1],[1],[1,1,1],[1,1,1],[1,1,1],[1,1,1],[1,1,1,1,1],[1,1,1,1,1,1,1],[1,1,1],[1,1,1,1,1,1,1,1,1,1],[1,1,1,1],[1,1,1],[1,1,1,1,1],[1,1,1],[1,1,1,1],[1,1,1],[1,1],[1],[1,1,1],[1,1,1,1,1,1],[1,1,1,1,1],[1,1,1],[1],[1,1,1],[1,1,1,1,1],[1,1,1],[1,1],[],[1,1,1,1],[1,1,1,1],[1,1,1],[1,1,1,1,1,1],[1,1,1],[1,1,1],[1,1,1,1,1],[1,1,1,1],[1,1,1],[1,1],[1,1,1],[1,1,1,1,1],[1,1],[1],[1,1],[1,1],[1,1,1,1,1],[1,1,1],[1,1,1,1],[1,1,1,1,1,1],[1,1,1],[1,1,1],[1,1,1],[1,1,1,1,1,1,1],[1,1,1,1],[],[1],[1,1,1],[1,1,1],[1,1,1,1],[1,1,1,1],[1,1,1],[1,1],[1,1],[1,1,1,1],[],[1,1,1,1,1],[1,1],[1,1],[1,1,1,1,1],[1,1,1],[1,1,1],[1,1],[1],[1,1],[1,1,1,1,1],[1,1,1,1,1],[1],[1],[1,1,1,1,1],[1,1],[1,1,1,1],[],[1,1,1,1],[1,1],[],[1,1],[1],[1,1,1,1,1],[1]];

processingTimesRunnables = [9,13,10,12,13,12,12,17,12,7,6,17,12,4,5,12,12,18,11,15,13,13,12,10,6,11,13,15,7,11,12,10,19,13,12,6,12,5,12,15,17,10,11,19,12,13,11,17,13,15,14,10,12,5,15,9,13,19,9,7,16,9,5,15,11,18,17,16,13,10,10,13,6,13,6,17,7,15,15,15,10,5,18,13,11,15,14,14,10,12,13,11,13,15,17,16,10,5,13,15];

periods = [10000,20000,10000,10000,10000,5000,20000,10000,10000,10000,10000,20000,20000,20000,10000,20000,20000,10000,20000,20000,20000,10000,5000,10000,1000,20000,20000,20000,20000,10000,20000,10000,5000,10000,10000,2000,20000,20000,5000,20000,10000,10000,20000,1000,5000,10000,1000,20000,20000,10000,2000,10000,10000,10000,20000,20000,20000,20000,20000,10000,20000,20000,2000,2000,10000,20000,10000,20000,20000,10000,10000,10000,20000,10000,20000,10000,10000,10000,20000,20000,10000,10000,20000,20000,10000,10000,10000,2000,10000,10000,20000,10000,20000,1000,10000,20000,20000,20000,20000,10000];

communicationTimeForOrderCriticalMessages = [1,1,1,1,1,1,1,1,1,1,1,1,1,1,1,1,1,1,1,1,1,1,1,1,1,1,1,1,1,1,1,1,1,1,1,1,1,1,1,1,1,1,1,1,1,1,1,1,1,1,1,1,1,1,1,1,1,1,1,1,1,1,1,1,1,1];

sizeOfRunnables = [1,1,1,1,1,1,1,1,1,1,1,1,1,1,1,1,1,1,1,1,1,1,1,1,1,1,1,1,1,1,1,1,1,1,1,1,1,1,1,1,1,1,1,1,1,1,1,1,1,1,1,1,1,1,1,1,1,1,1,1,1,1,1,1,1,1,1,1,1,1,1,1,1,1,1,1,1,1,1,1,1,1,1,1,1,1,1,1,1,1,1,1,1,1,1,1,1,1,1,1];

SenderLabelReceiverOrderCriticalChains = [[70,459,0,0,81],[81,82,285,0,87],[87,12,0,0,74],[74,12,94,0,67],[71,121,0,0,82],[82,17,0,0,35],[35,416,0,0,42],[42,296,0,0,87],[65,346,0,0,32],[32,33,107,0,10],[10,33,0,0,74],[74,193,0,0,95],[95,368,0,0,53],[53,318,0,0,67],[5,287,0,0,8],[8,254,0,0,90],[90,363,0,0,81],[81,477,0,0,71],[71,281,0,0,89],[89,431,0,0,87],[16,395,0,0,43],[43,315,0,0,38],[38,280,0,0,7],[7,400,0,0,96],[87,82,0,0,41],[41,400,0,0,9],[9,49,263,0,92],[92,173,0,0,18],[18,148,0,0,4],[22,424,0,0,15],[15,490,0,0,70],[70,282,0,0,82],[82,447,0,0,95],[95,240,0,0,1],[19,167,0,0,49],[49,486,0,0,79],[79,385,0,0,2],[61,250,0,0,83],[83,401,0,0,62],[62,194,0,0,31],[31,229,0,0,48],[48,186,0,0,14],[20,353,0,0,79],[79,29,0,0,55],[55,489,0,0,13],[59,12,0,0,97],[97,360,0,0,99],[99,266,0,0,69],[69,387,0,0,21],[21,45,0,0,68],[68,252,0,0,17],[64,308,0,0,36],[36,89,0,0,63],[63,67,443,0,51],[9,49,263,0,92],[92,197,0,0,67],[67,456,0,0,34],[34,210,0,0,76],[13,254,0,0,73],[73,163,0,0,98],[98,112,0,0,17],[17,168,0,0,16],[16,175,0,0,40],[18,35,322,0,34],[34,230,0,0,100],[100,470,0,0,54]];

SenderLabelReceiverNonOrderCriticalChains = [[1,10,78],[1,35,18],[1,312,96],[1,394,3],[2,72,19],[2,72,7],[2,150,11],[2,296,46],[2,296,87],[2,446,62],[3,70,58],[3,142,53],[3,142,78],[3,212,5],[4,49,50],[4,49,77],[4,49,92],[4,49,60],[4,81,5],[4,81,58],[4,426,9],[5,45,68],[5,45,76],[5,45,94],[5,287,8],[5,287,21],[6,71,12],[6,413,27],[6,413,23],[7,17,35],[7,17,98],[7,369,14],[7,400,96],[7,400,9],[8,7,22],[8,254,90],[8,254,73],[8,364,76],[8,391,33],[8,391,52],[9,49,50],[9,49,77],[9,49,92],[9,49,60],[9,181,35],[9,263,92],[10,33,74],[10,131,21],[10,248,28],[10,291,11],[11,287,8],[11,287,21],[11,337,21],[11,337,89],[12,481,55],[12,481,14],[13,92,3],[13,92,6],[13,221,93],[13,254,90],[13,254,73],[13,266,69],[13,266,17],[14,6,43],[15,253,72],[15,480,12],[15,490,70],[16,110,24],[16,175,40],[16,395,43],[17,168,16],[17,168,42],[17,313,28],[18,148,4],[18,322,34],[18,341,24],[19,167,49],[19,317,93],[19,330,26],[19,393,29],[19,393,72],[20,30,59],[20,89,26],[20,89,63],[20,324,50],[20,353,79],[20,424,15],[20,424,75],[21,45,68],[21,45,76],[21,45,94],[22,12,67],[22,12,74],[22,12,97],[22,49,50],[22,49,77],[22,49,92],[22,49,60],[22,68,50],[22,424,15],[22,424,75],[23,27,39],[23,144,45],[23,183,53],[23,209,39],[24,157,70],[24,157,79],[24,410,29],[25,58,44],[25,87,68],[25,87,88],[25,170,68],[25,500,44],[26,261,66],[26,261,45],[26,462,30],[27,124,15],[27,155,5],[27,393,29],[27,393,72],[28,350,61],[28,460,100],[28,460,58],[29,22,89],[29,214,47],[30,367,71],[31,84,98],[31,229,48],[31,343,84],[32,86,41],[32,107,10],[32,142,53],[32,142,78],[32,168,16],[32,168,42],[33,129,93],[33,129,39],[33,259,45],[33,417,40],[33,451,99],[34,152,35],[34,210,76],[34,230,100],[35,416,42],[36,89,26],[36,89,63],[36,90,51],[37,97,6],[37,157,70],[37,157,79],[37,231,95],[37,422,4],[38,280,7],[38,384,66],[38,458,24],[39,235,66],[39,235,37],[41,173,57],[41,173,18],[41,400,96],[41,400,9],[42,163,98],[42,296,46],[42,296,87],[42,375,49],[43,19,55],[43,255,48],[43,315,38],[44,82,36],[44,82,41],[44,413,27],[44,413,23],[44,428,40],[44,428,66],[45,9,56],[45,285,85],[45,285,87],[46,127,85],[46,377,94],[46,463,76],[47,261,66],[47,261,45],[47,303,86],[47,303,88],[47,484,90],[48,105,54],[48,105,66],[48,105,73],[48,186,14],[49,286,75],[49,371,30],[49,486,79],[50,481,55],[50,481,14],[51,211,30],[51,442,50],[51,443,63],[52,363,81],[52,363,84],[52,363,78],[52,388,54],[52,398,81],[53,159,56],[53,318,67],[54,409,28],[55,329,59],[55,489,13],[56,133,73],[56,180,41],[57,24,89],[57,292,61],[57,354,80],[57,460,100],[57,460,58],[58,15,30],[58,391,33],[58,391,52],[59,12,67],[59,12,74],[59,12,97],[59,141,96],[60,45,68],[60,45,76],[60,45,94],[60,337,21],[60,337,89],[60,390,76],[61,129,93],[61,129,39],[61,250,83],[62,194,31],[62,194,36],[62,339,52],[63,67,51],[63,271,88],[63,455,99],[64,76,65],[64,87,68],[64,87,88],[64,204,60],[64,308,36],[64,428,40],[64,428,66],[65,140,93],[65,235,66],[65,235,37],[65,346,32],[67,456,34],[68,92,3],[68,92,6],[68,252,17],[69,387,21],[69,406,96],[69,450,91],[70,194,31],[70,194,36],[70,282,82],[70,459,81],[71,118,61],[71,118,12],[71,121,82],[71,281,89],[72,118,61],[72,118,12],[72,171,90],[73,5,6],[73,163,98],[74,94,67],[74,193,95],[75,328,54],[75,363,81],[75,363,84],[75,363,78],[77,81,5],[77,81,58],[77,141,96],[77,465,14],[77,498,82],[78,207,12],[78,495,16],[79,29,55],[79,385,2],[80,303,86],[80,303,88],[80,309,85],[80,454,84],[80,472,83],[81,285,85],[81,285,87],[81,477,71],[82,17,35],[82,17,98],[82,447,95],[83,401,62],[83,500,44],[84,355,91],[85,226,26],[85,408,97],[86,105,54],[86,105,66],[86,105,73],[86,130,47],[86,269,40],[87,12,67],[87,12,74],[87,12,97],[87,82,36],[87,82,41],[88,37,56],[89,431,87],[90,72,19],[90,72,7],[90,363,81],[90,363,84],[90,363,78],[91,52,97],[91,392,94],[92,173,57],[92,173,18],[92,197,67],[92,320,29],[94,49,50],[94,49,77],[94,49,92],[94,49,60],[95,240,1],[95,368,53],[97,242,100],[97,360,99],[98,112,17],[99,105,54],[99,105,66],[99,105,73],[99,266,69],[99,266,17],[100,470,54]];

jitters = [10000,20000,10000,10000,10000,5000,20000,10000,10000,10000,10000,20000,20000,20000,10000,20000,20000,10000,20000,20000,20000,10000,5000,10000,1000,20000,20000,20000,20000,10000,20000,10000,5000,10000,10000,2000,20000,20000,5000,20000,10000,10000,20000,1000,5000,10000,1000,20000,20000,10000,2000,10000,10000,10000,20000,20000,20000,20000,20000,10000,20000,20000,2000,2000,10000,20000,10000,20000,20000,10000,10000,10000,20000,10000,20000,10000,10000,10000,20000,20000,10000,10000,20000,20000,10000,10000,10000,2000,10000,10000,20000,10000,20000,1000,10000,20000,20000,20000,20000,10000];

