numChains = 15;

numberOfTasksinChain = [5,7,3,7,3,5,5,5,7,7,7,3,7,7,5];

runnablesInChains = [56,37,88,40,87,23,8,26,75,81,83,32,40,10,47,21,93,73,27,31,75,91,26,61,54,25,58,39,84,16,87,66,2,48,16,33,67,27,11,78,94,38,30,97,28,88,14,23,53];

processingTimesOfMessages = [[1,1,1,1],[1,1,1,1,1],[1,1,1,1,1,1],[1,1,1,1,1,1],[1,1,1,1],[1,1,1],[1,1,1],[],[1,1,1,1],[1,1,1,1],[1,1,1,1,1,1,1],[1,1,1,1,1,1,1,1],[1,1],[1],[1,1,1,1],[1,1],[1,1],[1,1,1,1],[1],[1,1,1,1],[1,1,1],[1,1,1],[1,1,1],[1,1,1,1,1,1,1],[1,1,1],[1,1,1,1,1],[1],[1,1,1,1],[1],[1,1,1,1,1,1,1,1],[1,1,1],[1,1,1,1,1,1],[1],[1,1,1],[1,1,1,1,1],[1,1],[1,1,1,1],[1],[],[1,1],[1,1,1,1],[1,1,1],[1],[1],[1,1],[1,1,1,1,1],[1,1,1,1],[1],[1,1],[1,1,1],[],[],[1,1,1,1],[1,1,1],[1],[1],[1,1,1,1,1,1],[1,1],[1,1],[1,1,1,1],[1,1,1],[1],[1],[1,1],[1,1,1],[],[1,1,1,1],[1,1,1],[1],[1,1],[1],[1,1],[1],[1,1,1],[],[1,1,1],[1,1],[1,1,1,1],[],[1],[1,1,1],[],[1,1,1,1],[1,1,1],[1,1,1],[1,1],[1,1],[],[1],[1],[1],[1,1],[1,1],[1,1,1],[],[1,1],[1],[1],[],[1]];

processingTimesRunnables = [10,13,16,17,15,13,14,7,17,12,16,11,8,16,9,14,7,20,16,15,17,20,16,9,11,15,19,17,16,15,10,13,20,16,13,14,17,19,10,18,9,16,14,15,13,16,15,7,13,18,17,20,19,16,14,15,14,14,19,12,18,13,13,14,6,7,15,17,9,12,14,6,7,19,6,20,17,16,17,21,20,16,17,14,13,18,16,19,14,13,18,15,11,16,19,12,8,8,13,20];

periods = [20000,20000,10000,100000,20000,10000,100000,20000,10000,20000,5000,10000,100000,20000,100000,20000,50000,2000,10000,100000,100000,100000,20000,1000,20000,10000,10000,10000,2000,10000,10000,20000,20000,100000,10000,100000,10000,5000,20000,20000,10000,100000,1000,20000,100000,20000,20000,20000,10000,50000,50000,20000,20000,20000,50000,10000,100000,20000,2000,10000,10000,100000,10000,50000,50000,20000,10000,100000,20000,50000,50000,100000,100000,100000,10000,10000,100000,5000,100000,100000,20000,50000,20000,20000,100000,100000,20000,10000,10000,10000,10000,100000,100000,5000,2000,20000,10000,10000,1000,10000];

communicationTimeForOrderCriticalMessages = [1,1,1,1,1,1,1,1,1,1,1,1,1,1,1,1,1,1,1,1,1,1,1,1,1,1,1,1,1,1,1,1,1,1];

sizeOfRunnables = [1,1,1,1,1,1,1,1,1,1,1,1,1,1,1,1,1,1,1,1,1,1,1,1,1,1,1,1,1,1,1,1,1,1,1,1,1,1,1,1,1,1,1,1,1,1,1,1,1,1,1,1,1,1,1,1,1,1,1,1,1,1,1,1,1,1,1,1,1,1,1,1,1,1,1,1,1,1,1,1,1,1,1,1,1,1,1,1,1,1,1,1,1,1,1,1,1,1,1,1];

senderLabelReceiverOrderCriticalChains = [[56,331,0,0,37],[37,93,0,0,88],[40,304,0,0,87],[87,128,0,0,23],[23,115,0,0,8],[26,306,0,0,75],[81,297,0,0,83],[83,2,0,0,32],[32,217,0,0,40],[10,31,0,0,47],[21,149,0,0,93],[93,105,0,0,73],[27,164,0,0,31],[31,43,0,0,75],[91,28,0,0,26],[26,226,0,0,61],[54,6,0,0,25],[25,8,0,0,58],[58,155,0,0,39],[84,284,0,0,16],[16,315,0,0,87],[87,303,0,0,66],[2,204,0,0,48],[48,355,0,0,16],[16,339,0,0,33],[67,263,0,0,27],[11,14,108,0,78],[78,100,0,0,94],[94,49,0,0,38],[30,25,342,0,97],[97,372,0,0,28],[28,232,0,0,88],[14,222,0,0,23],[23,151,0,0,53]];

senderLabelReceiverNonOrderCriticalChains = [[1,74,46],[1,74,77],[1,79,66],[1,399,40],[2,89,39],[2,89,33],[2,204,48],[2,287,5],[2,392,21],[3,100,9],[3,100,94],[3,297,99],[3,297,58],[3,297,83],[3,381,75],[4,92,27],[4,92,56],[4,328,51],[4,357,20],[4,385,7],[4,385,36],[5,43,75],[5,43,10],[5,43,69],[5,379,82],[6,70,1],[6,87,9],[6,163,71],[7,142,8],[7,243,65],[7,243,74],[9,231,84],[9,231,19],[9,232,56],[9,232,88],[10,31,47],[10,139,100],[10,139,94],[10,220,52],[11,14,78],[11,38,18],[11,38,38],[11,49,14],[11,49,63],[11,49,38],[11,108,78],[12,43,75],[12,43,10],[12,43,69],[12,75,72],[12,75,86],[12,112,19],[12,366,82],[12,366,88],[13,106,77],[13,197,80],[14,222,23],[15,42,36],[15,179,100],[15,253,48],[15,398,42],[16,315,87],[16,339,33],[17,41,50],[17,338,64],[18,145,29],[18,150,43],[18,150,29],[18,293,99],[19,121,56],[20,56,34],[20,61,50],[20,385,7],[20,385,36],[21,59,55],[21,149,93],[21,305,28],[22,25,51],[22,25,97],[22,260,34],[23,115,8],[23,151,52],[23,151,53],[24,150,43],[24,150,29],[24,347,43],[24,347,89],[24,347,17],[24,351,49],[24,400,43],[25,8,58],[25,32,3],[25,147,55],[26,95,70],[26,95,22],[26,226,61],[26,226,96],[26,306,75],[27,164,31],[28,83,31],[28,83,91],[28,232,56],[28,232,88],[29,345,59],[30,25,51],[30,25,97],[30,49,14],[30,49,63],[30,49,38],[30,226,61],[30,226,96],[30,342,97],[31,43,75],[31,43,10],[31,43,69],[32,89,39],[32,89,33],[32,217,40],[32,217,66],[32,243,65],[32,243,74],[33,63,81],[34,49,14],[34,49,63],[34,49,38],[35,200,14],[35,200,39],[35,245,89],[35,255,64],[35,279,51],[36,68,68],[36,91,62],[37,93,88],[37,93,6],[37,175,76],[37,248,60],[38,18,69],[40,304,87],[40,304,70],[41,92,27],[41,92,56],[41,183,98],[41,246,75],[42,76,45],[42,133,74],[42,276,80],[43,314,99],[44,310,63],[45,231,84],[45,231,19],[46,295,91],[46,325,95],[46,325,62],[46,353,49],[46,353,79],[47,154,41],[47,154,69],[47,366,82],[47,366,88],[48,355,16],[49,325,95],[49,325,62],[50,74,46],[50,74,77],[50,193,51],[53,131,97],[53,187,84],[53,217,40],[53,217,66],[54,6,25],[54,50,19],[54,203,57],[55,30,88],[56,331,37],[57,93,88],[57,93,6],[57,237,90],[57,347,43],[57,347,89],[57,347,17],[58,4,77],[58,155,39],[59,169,95],[59,376,95],[60,82,67],[60,347,43],[60,347,89],[60,347,17],[61,83,31],[61,83,91],[61,114,44],[62,269,82],[63,45,90],[64,95,70],[64,95,22],[65,241,8],[65,304,87],[65,304,70],[67,200,14],[67,200,39],[67,263,27],[67,307,33],[68,13,85],[68,140,79],[68,186,79],[69,24,81],[70,173,71],[70,273,71],[71,336,73],[72,151,52],[72,151,53],[73,302,96],[74,297,99],[74,297,58],[74,297,83],[76,34,98],[76,154,41],[76,154,69],[77,353,49],[77,353,79],[78,37,7],[78,37,13],[78,100,9],[78,100,94],[80,343,85],[81,297,99],[81,297,58],[81,297,83],[83,2,32],[83,37,7],[83,37,13],[83,288,34],[84,38,18],[84,38,38],[84,284,16],[85,75,72],[85,75,86],[85,178,86],[86,153,92],[86,265,39],[87,128,23],[87,303,66],[89,311,91],[90,15,17],[91,28,26],[92,333,54],[92,365,93],[93,105,73],[93,326,44],[94,49,14],[94,49,63],[94,49,38],[96,71,45],[96,192,72],[97,372,28],[98,393,52],[100,274,44]];

