NumChains = 15;
NumResources = 3;
NumRunnablesInChains = 48;
MemoryBoundOnResource = 1048576;
UtilizationBoundOnResource = 100;

numberOfTasksinChain = [5,3,7,3,7,3,7,5,7,3,5,5,7,7,7];

runnablesInChains = [23,96,17,44,33,69,32,16,88,39,53,62,53,22,11,81,39,63,100,42,84,87,5,30,48,50,63,60,75,62,10,53,38,21,81,97,14,17,40,56,95,8,34,22,77,79,27,3];

ProcessingTimesOfMessages = [[1,1,2,2],[1,1,1,1],[1,1,1],[1,1,1,1],[1,1,1,1],[1,1],[1,1,1],[1,1,1,1,1],[1,1,1,1],[1,1,1,1,1],[1,1,1],[1,1,1,2,2],[],[1,1,1],[1,1,1],[1,1,1],[1,1],[1,1,1],[1,1,1],[1,1,1],[1,1,1,1],[1,1],[1,1,1,1,1,1],[1,1,1,1],[1,1],[1,1],[1,1],[1,1,2,2],[1,1,1],[1],[1,1,1,1,1],[1,1],[1,1,1],[1,1,1],[1,1,1,1],[1,1,1],[1,1,1,1,1,1,1],[1,1,1,1,1,1],[1,1],[1,1],[1,1,1,1,1,1,1],[1,1,2],[1,1],[1,1,1],[1,1,1],[1,1],[1,1,1],[1],[1],[1,1],[1,1,1,1],[1,1,1,1],[1,1,1],[1,1],[1],[1],[1,1,1],[1,1],[1,1,1,1,1,1],[1],[1,1],[1],[1,1,1,1],[],[1,1],[1,1,1,1],[1],[1],[1],[2,2,1],[1,1,1],[1],[1,1],[1,1],[1,1,1],[],[2,2,1,1],[],[1,1,1],[1,1],[1,1],[1,1,1,1],[1,1,1],[1,1],[1,1,1],[],[1,1],[1,1],[],[1],[1],[1,1,1,1],[1,1,1],[],[2,2],[1],[1],[1],[],[1]];

processingTimesRunnables = [6,12,14,10,6,13,13,8,6,13,11,9,16,6,10,13,15,4,12,7,9,12,13,13,12,17,17,10,13,12,9,10,13,6,9,5,11,5,6,13,16,14,9,11,16,13,10,10,9,11,13,6,11,13,10,12,12,10,10,16,13,16,12,6,13,8,8,11,6,12,12,7,8,12,16,10,8,4,13,16,10,7,13,13,13,11,13,12,11,6,12,8,14,12,11,15,12,15,13,10];

periods = [1000,10000,5000,50000,10000,10000,10000,10000,50000,10000,10000,50000,50000,100000,1000,20000,100000,1000,10000,100000,10000,10000,100000,100000,10000,10000,5000,50000,10000,10000,20000,20000,10000,10000,100000,20000,20000,10000,10000,100000,20000,20000,1000,10000,20000,10000,10000,20000,10000,20000,20000,100000,10000,2000,100000,100000,100000,10000,20000,20000,20000,10000,20000,50000,20000,100000,20000,10000,20000,20000,100000,100000,10000,20000,10000,10000,5000,20000,5000,10000,10000,100000,10000,20000,20000,10000,10000,20000,10000,100000,20000,50000,1000,20000,10000,100000,10000,100000,10000,20000];

communicationTimeForOrderCriticalMessages = [1,1,1,1,1,1,1,1,1,1,1,1,1,1,1,1,1,1,1,1,1,1,1,1,1,1,1,2,1,1,1,1,1];

sizeOfRunnables = [515,1118,1365,968,540,1248,1255,760,533,1260,1058,813,1595,580,945,1223,1465,390,1155,640,803,1158,1230,1300,1183,1605,1605,1000,1240,1165,828,938,1210,563,810,498,1035,443,565,1208,1550,1393,870,1023,1568,1240,933,910,863,1050,1275,563,1060,1268,975,1135,1188,910,923,1563,1285,1550,1105,600,1263,788,783,1050,560,1173,1158,653,738,1200,1600,975,773,378,1300,1578,985,620,1208,1223,1233,1098,1300,1178,1045,510,1110,708,1313,1163,1068,1498,1148,1410,1233,918];

SenderLabelReceiverOrderCriticalChains = [[23,18,0,0,96],[96,18,67,0,17],[44,26,0,0,33],[69,313,0,0,32],[32,135,0,0,16],[16,147,0,0,88],[39,255,0,0,53],[62,71,0,0,53],[53,90,0,0,22],[22,2,0,0,11],[81,344,0,0,39],[63,13,0,0,100],[100,93,0,0,42],[42,214,0,0,84],[87,17,0,0,5],[5,30,0,0,30],[48,267,0,0,50],[50,386,0,0,63],[63,282,0,0,60],[75,305,0,0,62],[10,32,0,0,53],[53,90,250,0,38],[21,398,0,0,81],[81,66,0,0,97],[14,303,0,0,17],[17,272,0,0,40],[40,351,0,0,56],[95,156,0,0,8],[8,26,0,0,34],[34,200,0,0,22],[77,290,0,0,79],[79,173,372,0,27],[27,83,333,0,3]];

SenderLabelReceiverNonOrderCriticalChains = [[1,304,15],[1,304,95],[1,370,72],[1,370,15],[2,197,6],[2,197,61],[2,202,25],[2,223,67],[3,333,27],[3,333,4],[3,337,77],[4,255,13],[4,255,53],[4,319,9],[4,319,58],[5,30,30],[5,30,46],[5,271,80],[5,375,19],[6,181,34],[6,219,44],[7,85,65],[7,111,11],[7,334,49],[8,26,33],[8,26,34],[8,44,28],[8,44,100],[8,335,74],[9,45,52],[9,172,60],[9,172,13],[9,187,64],[10,13,46],[10,13,100],[10,32,53],[10,119,76],[10,328,68],[11,30,30],[11,30,46],[11,339,77],[12,44,28],[12,44,100],[12,109,64],[12,145,13],[12,145,74],[14,35,13],[14,303,17],[14,395,20],[15,22,4],[15,314,35],[15,314,18],[16,147,88],[16,290,36],[16,290,79],[17,272,40],[17,272,60],[18,20,43],[18,80,93],[18,263,69],[19,124,30],[19,137,73],[19,217,33],[20,18,32],[20,18,96],[20,352,40],[21,284,30],[21,286,20],[21,398,32],[21,398,81],[22,2,11],[22,206,62],[23,18,32],[23,18,96],[23,172,60],[23,172,13],[23,330,24],[23,381,71],[24,122,66],[24,188,51],[24,188,99],[24,348,52],[25,248,81],[25,248,65],[26,207,49],[26,291,36],[27,83,3],[27,173,79],[28,77,78],[28,296,64],[28,370,72],[28,370,15],[29,232,50],[29,319,9],[29,319,58],[30,359,35],[31,104,29],[31,333,27],[31,333,4],[31,398,32],[31,398,81],[32,135,16],[32,135,45],[33,144,89],[33,314,35],[33,314,18],[34,200,83],[34,200,22],[34,341,61],[35,262,55],[35,292,17],[35,292,29],[35,292,97],[36,146,63],[36,146,95],[36,340,48],[37,135,16],[37,135,45],[37,279,80],[37,358,91],[37,358,99],[37,380,90],[37,380,12],[38,90,22],[38,90,58],[38,146,63],[38,146,95],[38,304,15],[38,304,95],[39,255,13],[39,255,53],[40,233,26],[40,351,56],[41,95,69],[41,95,76],[41,95,96],[41,211,55],[41,272,40],[41,272,60],[41,294,48],[42,8,45],[42,214,84],[42,382,72],[43,209,6],[43,245,93],[44,26,33],[44,26,34],[44,41,96],[45,161,67],[45,200,83],[45,200,22],[46,131,73],[46,164,87],[47,62,82],[47,69,76],[47,390,59],[48,267,50],[49,336,31],[50,338,59],[50,386,63],[51,243,56],[51,327,1],[51,327,78],[51,327,55],[52,154,100],[52,327,1],[52,327,78],[52,327,55],[53,90,22],[53,90,58],[53,250,38],[54,180,70],[54,199,57],[55,322,66],[56,332,1],[57,160,93],[57,160,94],[57,374,90],[58,49,89],[58,247,56],[59,95,69],[59,95,76],[59,95,96],[59,327,1],[59,327,78],[59,327,55],[60,100,92],[61,136,72],[61,227,47],[62,71,53],[63,13,46],[63,13,100],[63,282,2],[63,282,60],[65,11,39],[65,301,26],[66,95,69],[66,95,76],[66,95,96],[66,311,71],[67,130,94],[68,259,75],[69,313,32],[70,145,13],[70,145,74],[70,256,7],[71,50,98],[71,282,2],[71,282,60],[72,3,82],[73,383,98],[73,383,76],[74,38,39],[74,270,78],[75,197,6],[75,197,61],[75,305,62],[77,156,43],[77,156,8],[77,290,36],[77,290,79],[79,188,51],[79,188,99],[79,372,27],[80,65,86],[80,378,85],[81,66,97],[81,344,39],[82,358,91],[82,358,99],[82,380,90],[82,380,12],[83,237,89],[83,383,98],[83,383,76],[84,68,54],[84,246,85],[85,152,91],[85,160,93],[85,160,94],[87,17,5],[87,142,95],[88,63,68],[88,384,14],[90,366,83],[91,273,86],[92,224,94],[92,292,17],[92,292,29],[92,292,97],[93,292,17],[93,292,29],[93,292,97],[95,156,43],[95,156,8],[96,67,17],[97,118,99],[98,58,86],[100,93,42]];

jitters = [1000,10000,5000,50000,10000,10000,10000,10000,50000,10000,10000,50000,50000,100000,1000,20000,100000,1000,10000,100000,10000,10000,100000,100000,10000,10000,5000,50000,10000,10000,20000,20000,10000,10000,100000,20000,20000,10000,10000,100000,20000,20000,1000,10000,20000,10000,10000,20000,10000,20000,20000,100000,10000,2000,100000,100000,100000,10000,20000,20000,20000,10000,20000,50000,20000,100000,20000,10000,20000,20000,100000,100000,10000,20000,10000,10000,5000,20000,5000,10000,10000,100000,10000,20000,20000,10000,10000,20000,10000,100000,20000,50000,1000,20000,10000,100000,10000,100000,10000,20000];

