NumChains = 15;
NumResources = 3;
NumRunnablesInChains = 39;
MemoryBoundOnResource = 1048576;
UtilizationBoundOnResource = 100;

numberOfTasksinChain = [7,3,5,5,7,3,3,5,3,5,3,3,3,3,5];

runnablesInChains = [12,78,59,47,40,68,75,26,24,76,54,46,92,76,50,84,6,69,32,87,28,100,38,7,50,81,52,93,71,94,86,45,11,4,36,72,18,71,21];

ProcessingTimesOfMessages = [[1,1],[1,1,1],[1,1,1],[1,1,1,1],[1],[1,1,1],[1,1,1,1],[1,1,1,1,1,1,1],[1,1,1,1,1,1,1],[1,1,1,1],[1,1,1,1,1,1,1,1],[1,1,1,1,1],[1,1,1,1],[1,1,1],[1,1],[2,1],[1,1,1,1],[1,1,1,1,1,1,1],[1,1,1,1,1],[1],[],[1,1],[1,1,1,1,1,1],[1,1,1,1,1],[1,1,1,1],[1,1,1,1,1],[1,1,1],[1,1],[1,1],[1,1,1,1,1,1,1],[1,1,1],[1,1,1,1,1,1],[1,1,1],[1,1,1,1,1],[1,1,1,1,1,1,1,1],[1],[1,1,1,1],[],[1,1,1],[1],[1,1,1],[1],[2],[1,1,1,1],[1,1],[1,1,1],[1],[1,1,1,1,1],[1,1],[1],[1,1,1],[1,1,1],[1,1,1,1,1],[1],[],[1,1,1,1,1],[1,1],[1,1,1,1],[1],[1,1,1,1,1],[],[1,1],[1],[1],[],[1,1],[1,1,1],[1],[1,1],[1],[1,1,1],[],[1,1],[1,1,1],[1],[1,1,1],[1,1,1,1,1],[1,1],[1,1,1,1,1,1,1,1],[1,1,1],[1,1,1,1],[1,1],[1],[1],[1,1,1],[1],[1,1,1],[1],[],[],[2],[1,1,1],[],[],[1,1,1,1],[1],[1,1],[1,1],[1],[1,1,1]];

processingTimesRunnables = [5,13,10,14,13,6,11,11,12,14,15,12,11,14,9,11,13,10,12,13,13,6,5,11,10,13,12,8,11,13,5,15,10,11,9,12,16,6,13,11,16,9,12,8,7,10,11,10,14,10,14,11,10,12,4,10,13,12,11,7,12,6,11,13,16,6,10,14,11,14,11,7,14,14,12,13,9,15,11,5,11,13,13,15,10,7,12,12,11,12,7,8,14,13,13,8,11,16,11,13];

periods = [20000,20000,2000,100000,100000,100000,10000,20000,20000,50000,100000,10000,50000,100000,20000,100000,10000,100000,20000,100000,100000,100000,100000,20000,20000,20000,50000,100000,10000,20000,20000,10000,20000,20000,10000,100000,20000,100000,10000,10000,20000,50000,20000,20000,10000,10000,10000,50000,5000,10000,10000,20000,50000,10000,20000,5000,20000,50000,10000,20000,20000,20000,10000,50000,20000,5000,2000,10000,100000,100000,100000,100000,10000,20000,20000,10000,20000,10000,20000,50000,20000,100000,20000,10000,10000,10000,10000,20000,5000,20000,20000,10000,20000,100000,20000,20000,100000,5000,10000,100000];

communicationTimeForOrderCriticalMessages = [1,1,1,1,1,1,1,1,1,1,1,1,1,1,1,1,1,1,1,1,1,1,1,1];

sizeOfRunnables = [413,1278,993,1393,1285,585,1003,1085,1188,1400,1453,1170,1090,1333,818,1053,1245,955,1140,1283,1298,575,480,1020,953,1233,1120,730,1008,1240,495,1470,923,1098,885,1128,1583,528,1215,1008,1588,888,1193,720,635,1000,1045,915,1308,970,1378,1098,975,1128,378,908,1285,1158,1043,678,1103,553,1080,1248,1563,600,925,1318,1090,1388,1098,640,1308,1368,1195,1290,810,1458,1043,453,1008,1238,1225,1475,940,603,1118,1180,1058,1125,603,780,1383,1260,1253,788,1073,1600,1080,1225];

SenderLabelReceiverOrderCriticalChains = [[12,45,0,0,78],[78,367,0,0,59],[59,307,0,0,47],[40,267,0,0,68],[75,300,0,0,26],[26,313,0,0,24],[76,336,0,0,54],[54,308,0,0,46],[92,380,0,0,76],[76,115,0,0,50],[50,114,0,0,84],[6,372,0,0,69],[32,301,0,0,87],[28,330,0,0,100],[100,124,0,0,38],[7,8,0,0,50],[81,361,0,0,52],[52,304,0,0,93],[71,10,0,0,94],[86,69,215,0,45],[11,397,0,0,4],[36,57,0,0,72],[18,221,0,0,71],[71,170,0,0,21]];

SenderLabelReceiverNonOrderCriticalChains = [[1,276,31],[1,327,2],[2,34,61],[2,34,70],[2,53,40],[3,147,14],[3,366,5],[3,366,60],[4,166,75],[4,257,90],[4,257,71],[4,296,5],[5,269,14],[6,372,69],[6,384,33],[6,384,38],[7,8,50],[7,8,92],[7,228,39],[7,326,63],[8,8,50],[8,8,92],[8,237,37],[8,237,95],[8,366,5],[8,366,60],[8,373,25],[9,72,52],[9,72,57],[9,124,15],[9,124,29],[9,124,38],[9,298,19],[9,383,68],[10,126,100],[10,126,12],[10,182,13],[10,395,65],[11,208,58],[11,208,36],[11,221,83],[11,221,15],[11,221,71],[11,274,54],[11,274,21],[11,397,4],[12,45,78],[12,67,5],[12,67,73],[12,67,17],[12,391,40],[13,84,28],[13,317,81],[13,317,21],[13,360,64],[14,247,21],[14,319,20],[14,319,58],[15,206,41],[15,352,90],[16,168,20],[16,281,62],[17,18,49],[17,18,51],[17,379,65],[17,396,54],[18,32,94],[18,58,72],[18,58,94],[18,221,83],[18,221,15],[18,221,71],[18,331,20],[19,126,100],[19,126,12],[19,242,26],[19,348,88],[19,348,75],[20,357,22],[22,41,38],[22,224,41],[23,56,36],[23,56,65],[23,56,83],[23,56,97],[23,136,72],[23,144,75],[24,199,16],[24,321,91],[24,321,30],[24,342,27],[24,342,98],[25,221,83],[25,221,15],[25,221,71],[25,272,94],[26,56,36],[26,56,65],[26,56,83],[26,56,97],[26,313,24],[27,58,72],[27,58,94],[27,83,42],[28,330,100],[28,345,38],[29,132,50],[29,343,49],[30,34,61],[30,34,70],[30,237,37],[30,237,95],[30,256,46],[30,256,96],[30,256,43],[31,70,90],[31,384,33],[31,384,38],[32,18,49],[32,18,51],[32,240,10],[32,251,69],[32,301,87],[32,301,23],[33,17,57],[33,135,44],[33,135,82],[34,6,55],[34,56,36],[34,56,65],[34,56,83],[34,56,97],[35,67,5],[35,67,73],[35,67,17],[35,107,16],[35,107,31],[35,256,46],[35,256,96],[35,256,43],[36,57,72],[37,297,55],[37,359,80],[37,359,86],[37,359,28],[39,73,84],[39,248,1],[39,248,82],[40,267,68],[41,72,52],[41,72,57],[41,245,55],[42,203,98],[43,223,95],[44,133,62],[44,210,59],[44,301,87],[44,301,23],[45,69,86],[45,69,34],[46,74,59],[46,74,43],[46,318,47],[47,197,22],[48,124,15],[48,124,29],[48,124,38],[48,243,64],[48,259,34],[49,68,89],[49,171,56],[50,114,84],[51,10,85],[51,10,94],[51,341,78],[52,304,93],[52,342,27],[52,342,98],[53,54,64],[53,208,58],[53,208,36],[53,319,20],[53,319,58],[54,308,46],[56,47,66],[56,184,89],[56,256,46],[56,256,96],[56,256,43],[57,190,96],[57,320,62],[58,69,86],[58,69,34],[58,361,33],[58,361,52],[59,307,47],[60,123,93],[60,285,61],[60,359,80],[60,359,86],[60,359,28],[62,348,88],[62,348,75],[63,139,85],[64,378,80],[66,113,89],[66,362,89],[67,137,74],[67,150,40],[67,180,99],[68,253,84],[69,367,70],[69,367,59],[70,244,27],[71,10,85],[71,10,94],[71,170,21],[73,273,66],[73,356,3],[74,317,81],[74,317,21],[74,334,91],[75,300,26],[76,115,50],[76,142,3],[76,336,54],[77,257,90],[77,257,71],[77,274,54],[77,274,21],[77,350,88],[78,367,70],[78,367,59],[79,56,36],[79,56,65],[79,56,83],[79,56,97],[79,359,80],[79,359,86],[79,359,28],[79,398,100],[80,135,44],[80,135,82],[80,325,93],[81,321,91],[81,321,30],[81,361,33],[81,361,52],[82,33,43],[82,314,65],[83,229,45],[84,312,2],[85,86,6],[85,107,16],[85,107,31],[86,215,45],[87,92,74],[87,248,1],[87,248,82],[88,185,91],[91,365,42],[92,28,37],[92,310,1],[92,380,76],[95,67,5],[95,67,73],[95,67,17],[95,90,63],[96,287,97],[97,74,59],[97,74,43],[98,31,29],[98,64,61],[99,64,61],[100,124,15],[100,124,29],[100,124,38]];

jitters = [20000,20000,2000,100000,100000,100000,10000,20000,20000,50000,100000,10000,50000,100000,20000,100000,10000,100000,20000,100000,100000,100000,100000,20000,20000,20000,50000,100000,10000,20000,20000,10000,20000,20000,10000,100000,20000,100000,10000,10000,20000,50000,20000,20000,10000,10000,10000,50000,5000,10000,10000,20000,50000,10000,20000,5000,20000,50000,10000,20000,20000,20000,10000,50000,20000,5000,2000,10000,100000,100000,100000,100000,10000,20000,20000,10000,20000,10000,20000,50000,20000,100000,20000,10000,10000,10000,10000,20000,5000,20000,20000,10000,20000,100000,20000,20000,100000,5000,10000,100000];

