NumChains = 15;
NumResources = 3;
NumRunnablesInChains = 43;
MemoryBoundOnResource = 1048576;
UtilizationBoundOnResource = 100;

numberOfTasksinChain = [3,5,5,7,7,7,5,3,3,3,7,5,3,3,5];

runnablesInChains = [87,61,39,31,15,33,23,13,40,23,72,63,62,12,55,17,66,39,100,98,28,78,80,88,6,1,35,60,69,59,89,91,16,84,31,67,21,93,43,28,54,56,48];

ProcessingTimesOfMessages = [[1,1,1,1,1,1],[1,1,1,1,1],[1,1],[1,1],[1,1,1,1,1],[1,1,1,1,1],[1,1],[1,1],[1,1],[1,1,1,1,1],[1,1],[1,1,1,1,1,1,1],[1,1],[1,1,1,1,1],[1,1,1,1,1],[1,1],[1,1,1,1,1],[1,1,1],[1,1,1],[1,1,1,1,1,1,1,1,1,1],[1,1,1],[1],[1,1,1,1,1],[1,1,1,1],[],[1,1,1,1,1],[1,1,1,1],[1,1,1,1,1,1],[1,1,1,1],[1,1,1,1,1],[1,1,1],[1,1,1,1,1,1],[1,1,1,1],[1,1,1,1,1],[1],[1,1],[1,1],[1,1,1,1,1],[1,1,1],[1,1],[1,1,1],[1,1,1],[1,1,1,1,1],[1],[1],[1,1],[1,1,1],[1,1,1],[1,1,1],[1,1,1],[1,1],[1],[1],[1,1,1],[1,1],[1,1],[1],[1,1,1,1],[1,1,1],[1,1,1,1],[1,1,1],[1,1,1,1],[],[1],[1,1],[1,1,1],[],[1],[1,1,1],[],[1],[1],[],[1,1],[1,1],[1],[],[1,1],[1,1],[1,1],[],[1,1,1,1,1,1],[1],[1,1],[1,1,1],[1,1,1,1,1],[1],[1],[1,1,1,1],[1],[1],[1,1],[],[1],[1,1],[1,1,1],[1,1,1,1],[1,1,1,1],[1],[1,1,1,1]];

processingTimesRunnables = [8,10,14,14,15,13,5,9,13,15,16,13,13,10,13,10,15,7,11,8,11,13,10,14,11,15,16,17,10,10,10,8,13,10,13,13,12,10,10,12,10,12,6,13,12,12,10,13,13,10,6,6,10,10,13,11,15,9,11,8,11,9,10,12,9,12,12,12,10,11,13,12,14,12,10,11,14,13,14,13,12,11,7,17,8,7,10,14,17,13,16,7,8,12,13,9,14,9,13,11];

periods = [10000,10000,20000,20000,100000,100000,100000,100000,100000,20000,10000,20000,20000,20000,100000,10000,20000,20000,50000,20000,10000,20000,20000,20000,100000,100000,20000,100000,20000,50000,100000,5000,20000,10000,10000,5000,20000,20000,100000,20000,10000,50000,100000,2000,100000,100000,20000,10000,2000,50000,10000,20000,10000,10000,20000,10000,20000,10000,10000,100000,10000,20000,20000,100000,2000,100000,100000,20000,100000,100000,100000,20000,50000,20000,5000,20000,5000,100000,20000,100000,100000,100000,50000,100000,20000,5000,10000,100000,10000,20000,10000,20000,10000,20000,50000,100000,20000,100000,10000,100000];

communicationTimeForOrderCriticalMessages = [1,1,1,1,1,1,1,1,1,1,1,1,1,1,1,1,1,1,1,1,1,1,1,1,1,1,1,1];

sizeOfRunnables = [715,940,1335,1318,1405,1278,423,843,1215,1410,1595,1235,1245,923,1275,918,1465,675,1050,723,1008,1220,960,1305,1028,1485,1588,1610,953,948,983,790,1290,993,1290,1300,1128,940,955,1200,993,1180,518,1298,1193,1183,975,1233,1210,978,563,510,968,978,1243,1045,1438,828,1035,760,1065,818,993,1143,828,1188,1195,1120,948,1083,1223,1188,1355,1150,923,1098,1383,1300,1378,1275,1200,1035,608,1605,773,653,990,1335,1615,1243,1573,698,705,1170,1230,843,1340,858,1263,1053];

SenderLabelReceiverOrderCriticalChains = [[87,285,0,0,61],[39,379,0,0,31],[31,182,0,0,15],[33,146,0,0,23],[23,246,0,0,13],[40,209,0,0,23],[23,391,0,0,72],[72,307,0,0,63],[62,351,0,0,12],[12,137,0,0,55],[55,225,0,0,17],[66,61,0,0,39],[39,44,0,0,100],[100,281,0,0,98],[28,301,0,0,78],[78,138,0,0,80],[88,97,0,0,6],[1,1,0,0,35],[60,193,0,0,69],[59,124,0,0,89],[89,72,0,0,91],[91,140,144,0,16],[84,363,0,0,31],[31,276,0,0,67],[21,233,0,0,93],[43,301,0,0,28],[54,72,0,0,56],[56,283,0,0,48]];

SenderLabelReceiverNonOrderCriticalChains = [[1,1,35],[1,8,34],[1,8,67],[1,8,91],[1,15,25],[1,392,11],[2,8,34],[2,8,67],[2,8,91],[2,102,19],[2,207,11],[3,244,4],[3,244,99],[4,355,37],[4,373,48],[5,27,81],[5,246,13],[5,246,8],[5,246,25],[5,246,54],[6,79,99],[6,79,3],[6,225,7],[6,225,17],[6,324,3],[7,62,3],[7,62,9],[8,51,36],[8,147,15],[9,11,30],[9,335,2],[10,75,33],[10,75,93],[10,75,62],[10,136,52],[10,197,52],[11,124,41],[11,124,89],[12,32,83],[12,32,27],[12,137,55],[12,281,98],[12,281,88],[12,281,32],[12,281,73],[13,12,58],[13,386,92],[14,104,19],[14,104,70],[14,214,18],[14,351,12],[14,351,40],[15,245,70],[15,246,13],[15,246,8],[15,246,25],[15,246,54],[16,140,91],[16,340,100],[17,41,40],[17,41,22],[17,41,60],[17,195,83],[17,299,35],[18,326,5],[18,326,25],[18,327,90],[19,226,50],[19,352,84],[19,352,30],[20,14,51],[20,14,63],[20,41,40],[20,41,22],[20,41,60],[20,75,33],[20,75,93],[20,75,62],[20,397,87],[20,397,8],[21,74,53],[21,95,90],[21,233,93],[22,21,37],[23,246,13],[23,246,8],[23,246,25],[23,246,54],[23,391,72],[24,65,45],[24,130,64],[24,301,78],[24,301,85],[26,73,88],[26,141,46],[26,264,11],[26,264,71],[26,264,36],[27,31,57],[27,47,29],[27,231,86],[27,231,100],[28,219,81],[28,264,11],[28,264,71],[28,264,36],[28,301,78],[28,301,85],[29,33,47],[29,33,68],[29,191,21],[29,361,41],[30,66,73],[30,281,98],[30,281,88],[30,281,32],[30,281,73],[31,182,15],[31,276,51],[31,276,67],[32,25,77],[32,98,50],[32,98,77],[32,264,11],[32,264,71],[32,264,36],[33,146,23],[33,196,61],[33,231,86],[33,231,100],[34,14,51],[34,14,63],[34,62,3],[34,62,9],[34,117,14],[35,168,54],[36,221,75],[36,228,95],[37,294,85],[37,339,35],[38,7,25],[38,8,34],[38,8,67],[38,8,91],[38,303,16],[39,44,89],[39,44,100],[39,379,31],[40,80,53],[40,209,23],[41,98,50],[41,98,77],[41,163,44],[42,120,7],[42,212,73],[42,247,83],[43,160,73],[43,160,45],[43,222,67],[43,301,78],[43,301,85],[44,206,49],[45,155,46],[46,2,94],[46,337,79],[47,123,76],[47,227,63],[47,309,55],[48,36,44],[48,276,51],[48,276,67],[49,26,65],[49,44,89],[49,44,100],[50,160,73],[50,160,45],[50,395,76],[51,363,31],[51,363,56],[52,253,68],[53,139,71],[54,72,56],[54,72,91],[54,242,10],[55,225,7],[55,225,17],[56,215,43],[56,283,48],[57,321,66],[58,6,59],[58,172,93],[58,397,87],[58,397,8],[59,124,41],[59,124,89],[59,254,87],[60,33,47],[60,33,68],[60,193,69],[60,336,18],[61,75,33],[61,75,93],[61,75,62],[62,19,72],[62,312,65],[62,351,12],[62,351,40],[64,92,70],[65,149,57],[65,167,70],[66,61,39],[66,162,96],[66,162,97],[68,113,9],[69,23,81],[69,50,74],[69,101,80],[71,88,84],[72,307,63],[74,173,93],[74,266,79],[75,10,77],[75,350,7],[76,211,44],[78,138,80],[78,199,53],[79,234,94],[79,334,90],[80,352,84],[80,352,30],[82,32,83],[82,32,27],[82,53,24],[82,79,99],[82,79,3],[82,388,22],[83,99,95],[84,363,31],[84,363,56],[85,162,96],[85,162,97],[85,298,61],[86,281,98],[86,281,88],[86,281,32],[86,281,73],[86,305,76],[87,285,61],[88,97,6],[89,72,56],[89,72,91],[89,326,5],[89,326,25],[90,43,64],[91,144,16],[92,295,49],[92,378,71],[94,122,97],[95,104,19],[95,104,70],[96,370,4],[96,370,26],[96,376,98],[97,244,4],[97,244,99],[97,370,4],[97,370,26],[98,246,13],[98,246,8],[98,246,25],[98,246,54],[99,86,5],[100,281,98],[100,281,88],[100,281,32],[100,281,73]];

jitters = [10000,10000,20000,20000,100000,100000,100000,100000,100000,20000,10000,20000,20000,20000,100000,10000,20000,20000,50000,20000,10000,20000,20000,20000,100000,100000,20000,100000,20000,50000,100000,5000,20000,10000,10000,5000,20000,20000,100000,20000,10000,50000,100000,2000,100000,100000,20000,10000,2000,50000,10000,20000,10000,10000,20000,10000,20000,10000,10000,100000,10000,20000,20000,100000,2000,100000,100000,20000,100000,100000,100000,20000,50000,20000,5000,20000,5000,100000,20000,100000,100000,100000,50000,100000,20000,5000,10000,100000,10000,20000,10000,20000,10000,20000,50000,100000,20000,100000,10000,100000];

