NumChains = 15;
NumResources = 3;
NumRunnablesInChains = 43;
MemoryBoundOnResource = 1048576;
UtilizationBoundOnResource = 100;

numberOfTasksinChain = [3,5,5,5,5,5,5,5,3,3,5,7,5,3,7];

runnablesInChains = [64,91,49,42,24,22,83,24,45,33,13,80,11,35,66,83,29,95,71,34,61,96,16,62,52,93,39,8,15,57,27,74,45,6,92,78,25,67,8,1,71,94,89];

ProcessingTimesOfMessages = [[1,1,1,1,1,1],[1,1,1,1,1],[1,1,1,1],[1,1],[1],[1],[1,1,1,1,1],[1,1,1,1],[1,1,1],[1,1,1,1],[1],[1,1,1],[1,1,1],[1,1,1],[1,1],[1,1,1,1,1],[1,1],[1,1,1,1,1],[1,1],[1,1,1,1],[1,1,1,1],[1,1,1,1,1],[1,1,1,1,1],[],[1,1],[1],[1,1],[1,1],[],[1,1],[1],[1,1,1,1],[1,1,1],[1,1,1,1],[],[1,1,1,1,1],[1,1],[1],[1,1],[1,1,1,1],[1,1],[1,1,1,1,1,1],[],[1,1,1,1,1,1],[1,1,1],[1,1,1,1,1,1],[1,1,1,1],[1,1,1],[1,1,1,1,1,1,1],[1,1],[1,1,1,1],[1,1,1],[1,1,1],[],[1],[1,1,1,1],[1,1],[1],[1],[1,1,1,1,1,1],[1,1],[1,1],[1,1,1,1],[1,1,1,2],[1],[1,1,1,1,1],[1,1,1,1],[1,1],[1,1,1,1,1],[],[1,1],[],[1],[1,1,1,1],[1,1,1,1,1],[1,1],[1,1],[1,1],[],[1,1,1],[1,1,1,1,1,1],[],[1,1],[1],[1],[1],[],[1,1],[],[1],[1,1,1],[1],[1,1,1,1],[1,1],[1,1],[1],[],[1,1],[],[1,1]];

processingTimesRunnables = [14,10,9,6,14,9,7,12,9,13,8,12,14,16,11,9,5,8,17,8,7,7,10,12,12,13,9,8,12,14,13,12,10,12,6,13,6,12,13,13,4,9,10,13,6,13,8,16,12,16,13,8,13,13,10,13,12,12,9,10,11,11,7,10,14,12,9,9,8,11,16,11,11,12,7,13,13,12,12,5,12,13,13,10,13,13,8,16,6,13,10,14,13,12,13,8,9,11,16,12];

periods = [20000,10000,100000,10000,20000,10000,1000,100000,100000,5000,100000,10000,10000,1000,100000,100000,10000,100000,20000,10000,10000,20000,10000,20000,10000,100000,10000,10000,20000,10000,100000,10000,10000,20000,100000,10000,20000,10000,20000,10000,20000,20000,100000,10000,10000,20000,10000,100000,20000,10000,10000,20000,10000,20000,10000,10000,100000,1000,10000,20000,100000,20000,100000,50000,20000,20000,100000,10000,10000,100000,20000,10000,10000,10000,20000,20000,10000,10000,20000,100000,20000,10000,20000,20000,20000,20000,10000,10000,20000,10000,50000,10000,20000,20000,20000,100000,20000,1000,20000,10000];

communicationTimeForOrderCriticalMessages = [1,1,1,1,1,1,1,1,1,1,1,1,1,1,1,1,1,1,1,1,1,1,1,1,1,1,1,1];

sizeOfRunnables = [1313,960,888,565,1368,858,630,1188,848,1253,775,1188,1303,1555,1008,845,435,735,1615,768,685,640,978,1155,1170,1285,818,755,1165,1373,1298,1140,933,1140,580,1233,560,1143,1233,1275,398,825,985,1238,588,1245,743,1573,1165,1523,1263,750,1208,1300,955,1270,1140,1185,840,960,1050,1015,630,953,1365,1200,840,900,745,1068,1518,1095,1043,1163,650,1275,1210,1180,1195,488,1188,1230,1300,978,1215,1235,728,1573,573,1260,960,1393,1285,1113,1215,753,803,1050,1508,1185];

SenderLabelReceiverOrderCriticalChains = [[64,139,0,0,91],[49,130,0,0,42],[42,139,0,0,24],[22,43,0,0,83],[83,80,0,0,24],[45,158,0,0,33],[33,1,0,0,13],[80,63,0,0,11],[11,389,0,0,35],[66,6,0,0,83],[83,230,0,0,29],[95,157,0,0,71],[71,226,0,0,34],[61,217,0,0,96],[96,254,0,0,16],[62,174,0,0,52],[93,77,0,0,39],[8,205,0,0,15],[15,172,0,0,57],[27,284,0,0,74],[74,383,0,0,45],[45,173,0,0,6],[92,159,0,0,78],[78,103,0,0,25],[67,149,0,0,8],[1,277,0,0,71],[71,23,0,0,94],[94,13,0,0,89]];

SenderLabelReceiverNonOrderCriticalChains = [[1,161,87],[1,277,71],[1,283,37],[1,283,48],[1,398,5],[1,398,41],[2,62,58],[2,142,4],[2,234,72],[2,357,88],[2,357,90],[3,42,9],[3,151,26],[3,151,39],[3,165,80],[4,2,55],[4,79,6],[5,46,19],[6,266,12],[7,70,28],[7,71,73],[7,207,14],[7,265,58],[7,265,98],[8,136,65],[8,205,15],[8,262,9],[8,262,55],[9,233,61],[9,233,79],[9,338,46],[10,147,30],[10,315,70],[10,315,72],[10,315,75],[11,389,35],[12,150,51],[12,308,59],[12,336,17],[13,7,74],[13,169,38],[13,248,17],[14,283,37],[14,283,48],[14,385,58],[15,172,57],[15,377,5],[16,233,61],[16,233,79],[16,274,48],[16,274,70],[16,312,43],[17,58,38],[17,243,28],[18,76,96],[18,112,70],[18,115,57],[18,274,48],[18,274,70],[19,263,40],[19,323,26],[20,299,70],[20,339,84],[20,360,35],[20,360,73],[21,5,89],[21,343,31],[21,366,54],[21,366,32],[22,4,29],[22,43,83],[22,111,10],[22,305,24],[22,305,65],[23,197,44],[23,197,72],[23,198,79],[23,367,24],[23,367,27],[25,237,27],[25,355,56],[26,333,4],[27,110,82],[27,284,74],[28,96,53],[28,100,84],[30,38,34],[30,92,45],[31,134,35],[32,225,92],[32,244,40],[32,340,86],[32,340,48],[33,1,13],[33,249,50],[33,311,11],[34,151,26],[34,151,39],[34,398,5],[34,398,41],[36,75,43],[36,126,92],[36,190,14],[36,241,90],[36,241,29],[37,113,55],[37,328,98],[38,208,72],[39,8,89],[39,118,52],[40,194,100],[40,194,25],[40,262,9],[40,262,55],[41,83,60],[41,242,54],[42,139,24],[42,139,76],[42,139,91],[42,156,6],[42,173,62],[42,173,6],[44,298,11],[44,357,88],[44,357,90],[44,383,67],[44,383,45],[44,383,62],[45,158,33],[45,173,62],[45,173,6],[46,45,54],[46,89,95],[46,89,94],[46,268,15],[46,268,84],[46,268,89],[47,315,70],[47,315,72],[47,315,75],[47,342,51],[48,98,68],[48,98,81],[48,98,99],[49,9,63],[49,9,73],[49,30,79],[49,98,68],[49,98,81],[49,98,99],[49,130,42],[50,121,80],[50,387,85],[51,10,43],[51,10,92],[51,265,58],[51,265,98],[52,366,54],[52,366,32],[52,382,94],[53,10,43],[53,10,92],[53,350,64],[55,195,19],[56,268,15],[56,268,84],[56,268,89],[56,282,78],[57,9,63],[57,9,73],[58,316,66],[59,368,61],[60,139,24],[60,139,76],[60,139,91],[60,305,24],[60,305,65],[60,354,79],[61,217,96],[61,395,68],[62,170,86],[62,174,52],[63,65,87],[63,383,67],[63,383,45],[63,383,62],[64,139,24],[64,139,76],[64,139,91],[64,220,75],[65,365,3],[66,6,83],[66,191,76],[66,191,95],[66,360,35],[66,360,73],[67,149,8],[67,315,70],[67,315,72],[67,315,75],[68,197,44],[68,197,72],[69,131,26],[69,131,99],[69,164,64],[69,184,82],[69,238,77],[71,23,94],[71,226,34],[73,101,87],[74,255,10],[74,383,67],[74,383,45],[74,383,62],[75,89,95],[75,89,94],[75,98,68],[75,98,81],[75,98,99],[76,47,99],[76,200,97],[77,135,41],[77,279,88],[78,103,25],[78,392,31],[80,63,11],[80,194,100],[80,194,25],[81,148,85],[81,191,76],[81,191,95],[81,268,15],[81,268,84],[81,268,89],[83,80,24],[83,230,29],[84,31,59],[85,40,47],[86,388,97],[88,241,90],[88,241,29],[90,293,29],[91,125,5],[91,340,86],[91,340,48],[92,159,78],[93,13,57],[93,13,89],[93,77,39],[93,288,97],[94,13,57],[94,13,89],[95,157,71],[95,247,82],[96,254,16],[98,131,26],[98,131,99],[100,201,43],[100,269,65]];

jitters = [20000,10000,100000,10000,20000,10000,1000,100000,100000,5000,100000,10000,10000,1000,100000,100000,10000,100000,20000,10000,10000,20000,10000,20000,10000,100000,10000,10000,20000,10000,100000,10000,10000,20000,100000,10000,20000,10000,20000,10000,20000,20000,100000,10000,10000,20000,10000,100000,20000,10000,10000,20000,10000,20000,10000,10000,100000,1000,10000,20000,100000,20000,100000,50000,20000,20000,100000,10000,10000,100000,20000,10000,10000,10000,20000,20000,10000,10000,20000,100000,20000,10000,20000,20000,20000,20000,10000,10000,20000,10000,50000,10000,20000,20000,20000,100000,20000,1000,20000,10000];

