NumChains = 15;
NumResources = 3;
NumRunnablesInChains = 46;
MemoryBoundOnResource = 1048576;
UtilizationBoundOnResource = 100;

numberOfTasksinChain = [3,5,5,3,3,5,7,5,5,7,7,7,5,3,7];

runnablesInChains = [45,85,79,23,85,58,57,69,70,20,80,97,24,93,10,65,35,77,1,59,94,95,14,65,7,75,63,65,16,19,75,49,95,18,92,45,64,34,98,86,90,75,87,10,44,66];

ProcessingTimesOfMessages = [[1,1,1],[1],[1,1,1,1,1,1,1],[1,1,1,1,1,1,1],[1,1,1],[1,1,1,1],[1,1,1],[1,1,1,1,1],[1],[1,2],[1,1,1],[1,1],[1,1],[1,1,1,1,1],[1,1,2],[1,1,1],[1,1,1,1,1,1],[1,1,1],[1,1,1,1,1],[1,1,1],[1,1],[1,1],[1,1,1],[1],[1,1,1,1,1],[1,1],[1,1,1],[1],[1,1],[1,1,1,1,1],[1,1,1],[1,1,1,1],[1,1,1,1],[1,1,1,1,1,1],[1,1],[1,1,1,1,1,1,1],[1,1,1,1,1],[1,1,1,1,1],[],[1,1],[1,1],[1,1,1],[1],[1,1],[1,1,1,1,1,1,1],[1,1,1],[1,1,1],[1,1,1,1,1],[1,1],[1,1,1,1,1,1],[1,1],[1,1,1,1,1],[1,1,1,1],[1,1,1],[1],[1,1,1],[1],[1,1,1],[1,1],[1,1,1,1,1,1],[1,1,1,1],[],[1,1,1,1,1],[1,1,1],[1,1,1,1,1],[],[1,1,1],[1],[],[1,1],[1,1,1,1,1,1,1],[],[],[],[1,1,1],[1],[1,1,1,1,1],[1,1],[1,1],[1],[1],[],[],[1,1],[],[1],[1,1,1,1],[1,1],[1,1],[1,1],[1,1,1,1],[1],[1,1],[1,1],[],[],[],[1,1],[],[1,1,1,1]];

processingTimesRunnables = [12,14,13,10,13,7,8,13,12,14,10,15,10,13,10,15,11,16,10,13,12,13,10,13,16,12,10,10,10,8,10,11,12,8,13,8,10,14,13,10,14,9,12,13,12,13,7,8,13,12,16,11,5,5,10,13,15,16,7,11,9,15,10,9,8,11,11,12,9,13,12,16,10,10,13,13,15,10,11,12,11,10,13,13,11,16,8,12,12,8,11,13,11,12,13,12,12,10,9,4];

periods = [20000,100000,10000,10000,10000,10000,20000,5000,10000,100000,50000,10000,10000,20000,20000,20000,10000,100000,20000,20000,20000,20000,100000,100000,10000,20000,5000,100000,20000,100000,10000,20000,5000,2000,20000,20000,20000,10000,10000,100000,20000,10000,10000,100000,100000,100000,100000,50000,20000,10000,20000,10000,20000,10000,10000,10000,10000,10000,20000,10000,50000,10000,20000,100000,20000,100000,20000,10000,10000,20000,20000,5000,100000,10000,20000,10000,20000,10000,100000,10000,20000,20000,10000,100000,100000,2000,100000,10000,20000,20000,10000,100000,100000,20000,20000,10000,10000,2000,20000,10000];

communicationTimeForOrderCriticalMessages = [1,1,1,1,1,1,1,1,1,1,1,1,1,1,1,1,1,1,1,1,1,1,1,1,1,1,1,1,1,2,1];

sizeOfRunnables = [1128,1365,1268,1000,1290,690,708,1293,1128,1345,983,1480,983,1238,963,1463,1025,1563,915,1285,1103,1280,963,1215,1588,1158,975,978,938,780,978,1008,1103,720,1238,760,985,1400,1218,948,1323,825,1195,1278,1200,1225,640,760,1255,1198,1503,1053,458,413,978,1253,1425,1555,648,1088,888,1438,978,828,713,1038,1028,1158,863,1283,1165,1568,960,985,1270,1298,1430,978,1053,1165,1010,970,1238,1290,1058,1600,760,1178,1118,795,1088,1253,1058,1105,1275,1143,1180,903,818,375];

SenderLabelReceiverOrderCriticalChains = [[45,74,0,0,85],[79,391,0,0,23],[23,202,0,0,85],[58,106,0,0,57],[57,175,0,0,69],[70,348,0,0,20],[80,199,0,0,97],[24,369,0,0,93],[93,274,0,0,10],[65,266,0,0,35],[35,387,0,0,77],[77,140,0,0,1],[59,94,0,0,94],[94,74,0,0,95],[14,365,0,0,65],[65,370,0,0,7],[75,24,0,0,63],[63,170,370,0,65],[65,288,0,0,16],[19,45,0,0,75],[75,397,0,0,49],[49,321,0,0,95],[18,260,0,0,92],[92,240,0,0,45],[45,245,0,0,64],[34,23,40,0,98],[98,294,0,0,86],[90,307,0,0,75],[87,40,0,0,10],[10,286,0,0,44],[44,349,0,0,66]];

SenderLabelReceiverNonOrderCriticalChains = [[1,233,14],[1,284,35],[1,314,97],[2,269,79],[3,11,15],[3,84,4],[3,84,62],[3,324,66],[3,324,90],[3,365,51],[3,365,65],[4,30,68],[4,30,87],[4,30,93],[4,174,86],[4,174,24],[4,245,64],[4,245,5],[5,41,6],[5,41,100],[5,224,80],[6,136,9],[6,140,1],[6,140,27],[6,140,21],[7,307,75],[7,307,77],[7,356,32],[8,160,9],[8,207,76],[8,207,27],[8,267,9],[8,267,33],[9,385,25],[10,53,55],[10,286,44],[11,117,31],[11,331,83],[11,331,48],[12,96,42],[12,217,78],[13,331,83],[13,331,48],[14,34,52],[14,257,55],[14,257,58],[14,365,51],[14,365,65],[15,243,56],[15,253,22],[15,395,2],[16,277,72],[16,277,59],[16,328,19],[17,165,82],[17,165,96],[17,165,62],[17,241,78],[17,391,39],[17,391,23],[18,150,5],[18,260,82],[18,260,92],[19,45,75],[19,116,74],[19,116,89],[19,116,95],[19,142,26],[20,154,51],[20,154,2],[20,373,86],[21,32,90],[21,62,13],[22,78,26],[22,361,57],[23,110,56],[23,202,85],[23,334,28],[24,369,93],[25,16,21],[25,16,73],[25,165,82],[25,165,96],[25,165,62],[26,9,24],[26,131,59],[27,163,60],[27,174,86],[27,174,24],[28,59,40],[29,192,84],[29,192,88],[30,137,46],[30,193,92],[30,216,90],[30,216,85],[30,375,70],[31,173,76],[31,397,61],[31,397,49],[32,104,81],[32,116,74],[32,116,89],[32,116,95],[33,50,72],[33,50,68],[33,277,72],[33,277,59],[34,23,29],[34,23,98],[34,40,10],[34,40,98],[34,178,70],[34,197,58],[35,218,28],[35,387,77],[36,30,68],[36,30,87],[36,30,93],[36,222,13],[36,339,80],[36,400,82],[36,400,96],[37,37,95],[37,100,11],[37,165,82],[37,165,96],[37,165,62],[38,50,72],[38,50,68],[38,64,32],[38,120,99],[38,156,41],[40,67,66],[40,86,73],[41,54,28],[41,358,49],[42,51,83],[42,354,43],[42,354,68],[43,10,53],[44,349,66],[44,378,73],[45,74,85],[45,74,95],[45,140,1],[45,140,27],[45,140,21],[45,245,64],[45,245,5],[46,308,72],[46,386,40],[46,386,64],[47,16,21],[47,16,73],[47,393,79],[48,90,39],[48,90,43],[48,90,83],[48,101,6],[48,105,12],[49,73,25],[49,321,95],[50,38,62],[50,90,39],[50,90,43],[50,90,83],[50,386,40],[50,386,64],[51,216,90],[51,216,85],[52,23,29],[52,23,98],[52,272,84],[52,324,66],[52,324,90],[53,151,18],[53,177,43],[53,257,55],[53,257,58],[54,154,51],[54,154,2],[54,259,74],[55,134,91],[56,84,4],[56,84,62],[56,158,69],[57,175,69],[58,41,6],[58,41,100],[58,106,57],[59,94,94],[59,276,81],[60,30,68],[60,30,87],[60,30,93],[60,354,43],[60,354,68],[60,357,74],[61,144,2],[61,144,47],[61,144,99],[61,251,24],[63,82,17],[63,170,65],[63,370,7],[63,370,73],[63,370,11],[64,192,84],[64,192,88],[64,364,79],[65,266,35],[65,288,16],[65,370,7],[65,370,73],[65,370,11],[67,107,54],[67,121,8],[67,371,80],[68,182,96],[70,115,12],[70,348,20],[71,116,74],[71,116,89],[71,116,95],[71,207,76],[71,207,27],[71,400,82],[71,400,96],[75,24,63],[75,397,61],[75,397,49],[76,49,97],[77,140,1],[77,140,27],[77,140,21],[77,267,9],[77,267,33],[78,69,33],[78,132,29],[79,391,39],[79,391,23],[80,199,97],[81,336,44],[84,260,82],[84,260,92],[86,270,16],[87,40,10],[87,40,98],[87,98,39],[87,377,22],[88,187,97],[88,399,72],[89,148,69],[89,342,94],[90,307,75],[90,307,77],[91,144,2],[91,144,47],[91,144,99],[91,275,46],[92,240,45],[93,274,10],[93,309,20],[94,74,85],[94,74,95],[98,141,99],[98,294,86],[100,292,94],[100,370,7],[100,370,73],[100,370,11]];

jitters = [20000,100000,10000,10000,10000,10000,20000,5000,10000,100000,50000,10000,10000,20000,20000,20000,10000,100000,20000,20000,20000,20000,100000,100000,10000,20000,5000,100000,20000,100000,10000,20000,5000,2000,20000,20000,20000,10000,10000,100000,20000,10000,10000,100000,100000,100000,100000,50000,20000,10000,20000,10000,20000,10000,10000,10000,10000,10000,20000,10000,50000,10000,20000,100000,20000,100000,20000,10000,10000,20000,20000,5000,100000,10000,20000,10000,20000,10000,100000,10000,20000,20000,10000,100000,100000,2000,100000,10000,20000,20000,10000,100000,100000,20000,20000,10000,10000,2000,20000,10000];

