numChains = 15;

numberOfTasksinChain = [7,3,7,3,5,7,7,3,7,5,5,3,7,3,5];

runnablesInChains = [33,25,78,32,20,16,73,38,6,71,63,24,14,19,7,41,49,28,99,57,24,81,98,53,75,2,59,94,35,50,91,41,30,97,42,48,81,69,99,87,88,39,46,21,52,46];

processingTimesOfMessages = [[1,1,1,1],[1,1,1,1,1],[1,1,1],[1,1,1,1],[1,1,1,1],[1,1,1,1,1],[1,1],[1,1,1],[1,1,1],[1,1,1,1],[1,1,1,1],[],[1,1,1,1,1,1,1],[1,1,1,1,1,1,1],[1,1,1,1,1],[1],[1,1,1,1,1],[1,1,1,1,1,1],[1,1,1,1,1],[1,1,1],[1,1,1],[1],[1,1],[1,1],[1,1],[1,1,1,1,1],[1,1],[1,1,1],[1,1,1],[1,1],[1],[1,1],[1,1,1,1,1,1],[1,1,1,1,1,1,1,1],[1],[1,1,1,1],[1,1],[1,1,1],[1],[1,1,1,1,1,1],[1],[1,1],[1,1,1,1],[1,1,1],[1,1],[],[1],[1,1,1,1],[1,1,1],[1,1],[],[1],[1,1,1,1,1,1],[],[1,1,1],[1,1,1,1],[1,1],[1,1,1],[1],[1,1],[],[1],[1,1,1,1],[1,1,1],[1,1,1,1],[1,1],[],[],[1,1,1,1],[1,1,1,1,1,1],[1,1,1],[1,1],[1,1,1],[1,1],[1],[1],[],[1,1],[1,1],[1,1],[1,1],[1,1],[],[1,1,1],[1,1,1,1],[1],[1,1],[1,1,1,1],[1,1],[],[1,1,1],[1,1,1],[1],[1,1],[1,1],[],[1],[],[1,1,1],[1,1]];

processingTimesRunnables = [15,15,15,14,18,19,16,17,9,8,20,21,8,19,13,17,19,11,18,6,15,21,17,13,15,9,17,8,14,20,17,13,16,17,16,8,13,13,10,7,18,17,16,6,8,21,20,10,16,17,14,13,14,13,16,20,9,21,6,9,17,15,17,10,11,13,16,11,15,13,10,14,18,15,12,7,9,16,11,14,10,16,12,21,6,16,6,19,16,20,15,13,13,19,13,13,10,19,13,17];

periods = [10000,1000,50000,10000,10000,100000,10000,50000,100000,50000,10000,10000,10000,10000,100000,100000,20000,10000,10000,100000,100000,100000,100000,10000,20000,10000,10000,20000,20000,20000,100000,20000,20000,10000,1000,10000,20000,100000,100000,50000,20000,20000,100000,100000,10000,100000,20000,10000,20000,20000,10000,100000,10000,50000,10000,2000,10000,20000,1000,10000,100000,100000,10000,100000,10000,10000,100000,10000,20000,100000,100000,50000,100000,10000,10000,10000,10000,20000,10000,100000,10000,100000,10000,50000,10000,10000,20000,20000,10000,10000,20000,20000,10000,1000,20000,10000,20000,10000,20000,2000];

communicationTimeForOrderCriticalMessages = [1,1,1,1,1,1,1,1,1,1,1,1,1,1,1,1,1,1,1,1,1,1,1,1,1,1,1,1,1,1,1];

sizeOfRunnables = [1,1,1,1,1,1,1,1,1,1,1,1,1,1,1,1,1,1,1,1,1,1,1,1,1,1,1,1,1,1,1,1,1,1,1,1,1,1,1,1,1,1,1,1,1,1,1,1,1,1,1,1,1,1,1,1,1,1,1,1,1,1,1,1,1,1,1,1,1,1,1,1,1,1,1,1,1,1,1,1,1,1,1,1,1,1,1,1,1,1,1,1,1,1,1,1,1,1,1,1];

senderLabelReceiverOrderCriticalChains = [[33,288,0,0,25],[25,329,0,0,78],[78,127,0,0,32],[20,82,0,0,16],[73,330,0,0,38],[38,75,0,0,6],[6,397,0,0,71],[63,152,0,0,24],[14,42,0,0,19],[19,247,0,0,7],[41,15,0,0,49],[49,80,0,0,28],[28,191,0,0,99],[57,14,0,0,24],[24,367,0,0,81],[81,347,0,0,98],[53,215,0,0,75],[2,57,79,0,59],[59,280,0,0,94],[94,357,0,0,35],[50,63,0,0,91],[91,2,0,0,41],[30,360,0,0,97],[97,107,0,0,42],[48,206,0,0,81],[69,310,0,0,99],[99,11,0,0,87],[87,143,0,0,88],[39,163,0,0,46],[21,197,0,0,52],[52,205,0,0,46]];

senderLabelReceiverNonOrderCriticalChains = [[1,159,4],[1,165,61],[1,316,83],[1,316,87],[2,57,59],[2,79,59],[2,122,30],[2,125,68],[2,125,37],[3,89,45],[3,89,8],[3,217,54],[4,288,25],[4,288,53],[4,397,71],[4,397,77],[5,27,7],[5,263,20],[5,305,67],[5,305,75],[6,18,62],[6,44,27],[6,44,9],[6,397,71],[6,397,77],[7,189,77],[7,358,36],[8,76,44],[8,120,54],[8,157,10],[9,88,39],[9,88,61],[9,88,83],[10,103,5],[10,103,16],[10,121,15],[10,162,87],[11,8,65],[11,141,12],[11,311,81],[11,327,90],[13,44,27],[13,44,9],[13,103,5],[13,103,16],[13,187,31],[13,187,27],[13,325,51],[14,2,41],[14,2,57],[14,2,85],[14,38,77],[14,42,19],[14,42,84],[14,172,32],[15,187,31],[15,187,27],[15,252,68],[15,290,95],[15,290,61],[16,160,43],[17,93,44],[17,118,73],[17,118,41],[17,221,37],[17,241,28],[18,16,57],[18,129,21],[18,204,51],[18,204,98],[18,304,31],[18,304,75],[19,62,55],[19,225,82],[19,225,22],[19,247,45],[19,247,7],[20,82,16],[20,225,82],[20,225,22],[21,70,73],[21,197,52],[21,270,93],[22,219,58],[23,99,64],[23,116,98],[24,77,80],[24,367,81],[25,28,3],[25,329,78],[26,14,24],[26,14,83],[26,345,47],[26,345,51],[26,365,79],[27,89,45],[27,89,8],[28,125,68],[28,125,37],[28,191,99],[29,13,23],[29,13,67],[29,72,84],[30,7,22],[30,360,97],[31,87,27],[32,6,9],[32,6,97],[33,65,3],[33,161,90],[33,247,45],[33,247,7],[33,288,25],[33,288,53],[34,2,41],[34,2,57],[34,2,85],[34,110,66],[34,110,86],[34,330,38],[34,330,74],[34,330,80],[35,90,42],[36,45,65],[36,110,66],[36,110,86],[36,203,68],[37,345,47],[37,345,51],[38,75,6],[38,352,39],[38,364,12],[39,163,46],[40,23,72],[40,66,54],[40,130,54],[40,166,67],[40,166,76],[40,166,72],[41,15,49],[42,100,1],[42,291,47],[43,144,46],[43,144,56],[43,292,35],[43,292,93],[44,179,67],[44,179,16],[44,320,50],[45,262,60],[45,370,30],[47,56,95],[48,206,81],[48,206,80],[48,333,90],[48,351,96],[49,80,28],[49,80,89],[49,317,79],[50,63,91],[50,341,78],[52,205,46],[53,88,39],[53,88,61],[53,88,83],[53,215,75],[53,347,74],[53,347,98],[55,134,52],[55,202,62],[55,300,63],[56,19,100],[56,140,12],[56,140,96],[56,343,100],[57,14,24],[57,14,83],[58,166,67],[58,166,76],[58,166,72],[59,280,94],[60,69,89],[60,112,86],[62,131,64],[63,152,24],[63,166,67],[63,166,76],[63,166,72],[64,13,23],[64,13,67],[64,278,58],[65,88,39],[65,88,61],[65,88,83],[65,389,29],[66,43,90],[66,211,97],[69,4,91],[69,147,92],[69,310,94],[69,310,99],[70,118,73],[70,118,41],[70,267,4],[70,330,38],[70,330,74],[70,330,80],[71,139,32],[71,206,81],[71,206,80],[72,42,19],[72,42,84],[73,330,38],[73,330,74],[73,330,80],[74,304,31],[74,304,75],[75,111,76],[76,379,35],[78,127,32],[78,134,52],[79,316,83],[79,316,87],[80,204,51],[80,204,98],[81,347,74],[81,347,98],[82,124,63],[82,393,72],[84,140,12],[84,140,96],[84,400,9],[85,6,9],[85,6,97],[85,80,28],[85,80,89],[86,71,69],[87,143,88],[87,143,96],[88,144,46],[88,144,56],[88,179,67],[88,179,16],[89,143,88],[89,143,96],[91,2,41],[91,2,57],[91,2,85],[92,290,95],[92,290,61],[92,301,85],[93,50,96],[94,119,37],[94,357,35],[95,305,67],[95,305,75],[97,107,42],[99,11,87],[99,292,35],[99,292,93],[100,310,94],[100,310,99]];

