NumChains = 15;
NumResources = 3;
NumRunnablesInChains = 42;
MemoryBoundOnResource = 1048576;
UtilizationBoundOnResource = 100;

numberOfTasksinChain = [7,3,3,5,3,5,5,5,5,7,5,5,3,3,5];

runnablesInChains = [85,28,75,59,50,79,72,20,78,50,84,51,90,96,48,47,66,99,63,55,64,66,27,84,16,95,45,50,26,17,27,24,88,32,41,11,81,70,69,58,79,29];

ProcessingTimesOfMessages = [[1,1,1],[1,1,1,1,1],[1,1,1,1,1,1,1],[1,1],[1],[1,1,1,1,1,1,1,1],[1,1],[1,1,1,1],[1,1,1],[1,1],[1,1],[1,1],[],[1,1,1,1],[],[1,1,1,1],[1,1,1,1,1],[1,1],[1,1,1,1],[1,1,1],[1,1,1,1],[1,1,1],[1,1],[1,2],[1],[1,1,1],[1,1,1,1],[1,1,1],[1,1,1],[1,1,1,1,1],[1,1],[1,1,1],[1,1],[1],[1,1,1],[1,1],[1,1,1],[1,1,1],[1,1,1,1],[1],[],[1,1,1],[],[1,1,1,1],[2,1,1],[1,1,1],[1,1],[1],[1,1,1],[1,1,1,1],[1],[],[1],[1,1,1,1],[1,1,1],[1],[1,1,1,1],[1],[1,1,1],[1,1,1],[],[1,1],[1,1,1],[1,1],[1,1,1,1],[1],[1,1,1],[1,1,1,1],[1],[1,1],[1],[1,1,1],[1],[1,1,1],[1],[1,1],[1,1],[1],[1,1],[1,1,1],[1],[1],[1,1],[1],[1,1,1],[1],[1,1,1],[1,1],[],[1],[1],[],[1,1,1,1],[1,1,1],[1,1,1],[1],[1],[1,1],[1,1,1],[1,1,1,1,1]];

processingTimesRunnables = [14,5,13,11,7,11,7,13,6,13,13,12,12,5,11,14,4,7,5,5,6,13,8,13,10,13,13,11,14,8,10,13,15,11,11,11,14,15,9,12,10,12,13,5,11,10,11,15,7,6,10,12,12,10,11,13,13,10,5,16,12,12,12,6,13,12,14,15,11,10,13,11,7,10,9,6,16,15,13,13,11,9,12,13,8,8,16,9,13,5,6,11,16,6,15,12,16,12,11,13];

periods = [50000,2000,20000,100000,2000,20000,20000,100000,50000,20000,20000,100000,20000,100000,100000,10000,10000,100000,10000,10000,100000,100000,10000,10000,50000,10000,10000,20000,10000,100000,10000,10000,20000,10000,20000,20000,5000,100000,100000,100000,10000,20000,20000,100000,10000,1000,100000,100000,20000,10000,20000,5000,100000,20000,20000,1000,100000,10000,20000,10000,100000,100000,20000,20000,100000,20000,100000,100000,100000,100000,1000,10000,100000,1000,20000,100000,20000,10000,10000,100000,20000,100000,20000,10000,20000,100000,50000,10000,100000,20000,100000,20000,20000,100000,10000,100000,20000,20000,20000,100000];

communicationTimeForOrderCriticalMessages = [1,1,1,1,1,1,1,1,1,1,1,1,1,1,1,1,1,1,1,1,1,1,1,1,1,1,1];

sizeOfRunnables = [1340,453,1240,1090,668,1015,640,1210,563,1210,1253,1133,1183,480,1045,1400,383,648,488,450,558,1285,793,1225,963,1285,1298,1043,1308,753,983,1280,1405,1060,1053,1088,1308,1480,850,1113,938,1118,1298,430,1090,998,1058,1410,638,513,978,1103,1128,938,1073,1298,1233,983,430,1588,1128,1140,1200,535,1238,1193,1308,1465,1043,963,1293,1053,630,955,848,510,1588,1498,1248,1230,1043,843,1140,1268,705,713,1573,888,1298,458,533,1038,1528,505,1425,1118,1568,1195,1075,1223];

SenderLabelReceiverOrderCriticalChains = [[85,64,368,0,28],[28,64,0,0,75],[75,85,0,0,59],[50,400,0,0,79],[72,344,0,0,20],[78,294,0,0,50],[50,45,0,0,84],[51,337,0,0,90],[96,397,0,0,48],[48,91,0,0,47],[66,67,118,0,99],[99,44,0,0,63],[55,135,0,0,64],[64,196,246,0,66],[27,182,0,0,84],[84,362,0,0,16],[95,72,0,0,45],[45,381,0,0,50],[50,172,0,0,26],[17,367,0,0,27],[27,105,0,0,24],[88,40,0,0,32],[32,340,0,0,41],[11,82,235,0,81],[70,301,0,0,69],[58,261,0,0,79],[79,169,0,0,29]];

SenderLabelReceiverNonOrderCriticalChains = [[1,164,57],[1,267,9],[1,299,4],[2,27,5],[2,96,89],[2,96,94],[2,96,5],[2,317,54],[3,77,19],[3,77,59],[3,77,99],[3,187,7],[3,363,13],[3,400,52],[3,400,79],[4,42,8],[4,199,51],[5,224,95],[6,100,43],[6,100,96],[6,100,35],[6,120,13],[6,120,90],[6,156,78],[6,156,7],[6,332,74],[7,80,33],[7,236,51],[8,35,37],[8,35,89],[8,226,61],[8,338,69],[9,189,25],[9,316,84],[9,392,25],[10,117,35],[10,286,13],[11,24,61],[11,235,81],[12,194,73],[12,262,21],[14,59,33],[14,109,65],[14,162,48],[14,209,39],[16,77,19],[16,77,59],[16,77,99],[16,281,23],[17,124,22],[17,138,1],[17,159,78],[17,367,53],[17,367,27],[18,167,82],[18,167,91],[19,33,40],[19,115,23],[19,115,80],[19,178,41],[20,112,10],[20,305,15],[20,305,26],[21,114,42],[21,222,70],[21,278,95],[21,278,22],[22,135,31],[22,135,64],[22,277,81],[23,74,64],[23,378,41],[24,107,41],[24,116,34],[25,344,20],[26,120,13],[26,120,90],[26,348,34],[27,105,24],[27,136,15],[27,136,92],[27,182,84],[28,64,75],[28,64,4],[28,212,87],[29,128,10],[29,137,31],[29,280,32],[30,25,51],[30,158,46],[30,158,65],[30,250,38],[30,324,36],[31,31,58],[31,309,34],[32,340,41],[32,367,53],[32,367,27],[33,86,18],[33,350,36],[34,335,58],[35,20,54],[35,20,60],[35,374,55],[36,314,44],[36,318,16],[37,375,40],[37,383,52],[37,383,68],[38,156,78],[38,156,7],[38,168,92],[39,97,83],[39,97,62],[39,101,44],[39,130,86],[40,82,11],[42,143,77],[42,278,95],[42,278,22],[44,35,37],[44,35,89],[44,158,46],[44,158,65],[45,106,49],[45,373,43],[45,381,50],[46,89,56],[46,270,71],[46,297,71],[47,104,43],[47,173,43],[48,91,47],[49,97,83],[49,97,62],[49,125,85],[50,45,84],[50,172,26],[50,400,52],[50,400,79],[51,337,90],[53,396,62],[54,67,18],[54,67,75],[54,305,15],[54,305,26],[55,135,31],[55,135,64],[55,354,15],[56,251,70],[57,100,43],[57,100,96],[57,100,35],[57,228,73],[58,261,79],[59,72,24],[59,72,45],[59,390,12],[60,79,5],[60,121,47],[60,328,79],[62,30,67],[62,103,93],[63,136,15],[63,136,92],[63,357,53],[64,196,66],[64,246,66],[65,96,89],[65,96,94],[65,96,5],[65,190,49],[66,118,99],[67,77,19],[67,77,59],[67,77,99],[68,167,82],[68,167,91],[68,243,94],[68,248,42],[69,355,96],[70,301,69],[70,349,37],[71,113,80],[72,63,76],[72,78,67],[72,344,20],[73,211,58],[74,283,61],[74,383,52],[74,383,68],[75,85,59],[76,269,52],[76,398,89],[77,181,88],[77,181,97],[78,294,50],[79,169,97],[79,169,29],[80,96,89],[80,96,94],[80,96,5],[81,208,90],[82,206,86],[83,157,2],[83,200,92],[84,362,16],[85,64,75],[85,64,4],[85,368,28],[86,255,91],[87,20,54],[87,20,60],[87,254,15],[88,38,81],[88,40,32],[90,379,82],[91,171,56],[93,163,98],[93,169,97],[93,169,29],[93,292,98],[94,52,77],[94,181,88],[94,181,97],[95,72,24],[95,72,45],[95,298,38],[96,397,48],[97,98,12],[98,115,23],[98,115,80],[99,44,63],[99,67,18],[99,67,75],[100,71,72],[100,100,43],[100,100,96],[100,100,35],[100,240,87]];

jitters = [50000,2000,20000,100000,2000,20000,20000,100000,50000,20000,20000,100000,20000,100000,100000,10000,10000,100000,10000,10000,100000,100000,10000,10000,50000,10000,10000,20000,10000,100000,10000,10000,20000,10000,20000,20000,5000,100000,100000,100000,10000,20000,20000,100000,10000,1000,100000,100000,20000,10000,20000,5000,100000,20000,20000,1000,100000,10000,20000,10000,100000,100000,20000,20000,100000,20000,100000,100000,100000,100000,1000,10000,100000,1000,20000,100000,20000,10000,10000,100000,20000,100000,20000,10000,20000,100000,50000,10000,100000,20000,100000,20000,20000,100000,10000,100000,20000,20000,20000,100000];

