NumChains = 15;
NumResources = 3;
NumRunnablesInChains = 45;
MemoryBoundOnResource = 1048576;
UtilizationBoundOnResource = 100;

numberOfTasksinChain = [5,3,7,3,7,5,7,3,5,5,5,7,3,3,7];

runnablesInChains = [83,5,3,94,40,65,7,47,23,80,77,12,63,14,61,38,42,92,69,73,95,16,52,41,89,47,20,62,78,5,18,53,64,54,35,24,50,48,65,71,90,60,62,30,44];

ProcessingTimesOfMessages = [[1,1,1,1],[1],[1,1,1],[1,1],[1,1],[1,1,1,1],[1,1,1],[1,1,1],[1,1,1],[1,1,1],[1,1,1,1,1],[1,1,1,1],[1,1,1,1,1],[1,1,1],[1,1,1,1],[1],[1,1],[1],[1,1],[1,1,1,1],[1,1,1],[1,1],[1,1],[1,1],[1],[1,1,1],[1,1,1,1],[1,1],[1,1,1],[1,1,1,1,1,1],[1,1,1,1],[1],[1],[1,1,1,1,1],[1,1,1],[1,1,1,1,1,1],[1,1,1,1],[1,1,1],[1,1,1],[1,1,1,1],[1,1,1],[1,1],[1,1,1],[1,1,1,1],[1,1,1],[1,1],[1,1],[1],[1,1],[1,1],[1],[1,1,1],[1,1,1,1],[1],[1,1,1,1],[],[],[],[1,1,1,1,1,1],[1,1,1,1,1],[1,1,1],[1,1],[1],[1,1],[1,1],[1,1,1,1,1],[1,1,1],[1,1,1,1,1,1],[1,1,1,1,1],[1,1,1],[1,1],[1,1],[1,1,1],[1,1,1],[1],[],[1,1],[1],[],[1,1,1,1,1],[1],[1,1],[1,1,1],[1,1],[1],[1,1],[],[1,1,1],[1,1,1,1,1],[1],[1,1],[],[1],[1,1],[1],[1,1],[1],[1],[1,1],[1,1]];

processingTimesRunnables = [13,13,12,11,12,8,15,8,13,13,13,14,9,9,7,15,12,8,6,12,9,12,9,11,16,12,12,9,7,11,12,13,16,9,15,10,10,11,10,12,6,5,11,13,13,6,16,9,9,15,12,11,8,8,13,10,5,12,13,14,16,9,6,7,10,10,5,10,13,12,13,11,12,12,11,16,11,11,10,10,12,9,16,11,6,15,7,14,11,13,12,7,15,12,13,15,16,9,16,12];

periods = [10000,10000,100000,100000,100000,10000,20000,20000,20000,10000,1000,20000,10000,20000,100000,100000,20000,20000,10000,20000,10000,100000,20000,10000,10000,10000,20000,50000,5000,100000,20000,10000,10000,20000,10000,10000,20000,10000,20000,100000,20000,10000,20000,100000,20000,20000,20000,20000,2000,10000,20000,20000,20000,10000,100000,2000,10000,20000,10000,100000,20000,100000,20000,20000,20000,20000,5000,10000,100000,10000,100000,5000,100000,20000,100000,10000,10000,100000,20000,10000,10000,10000,100000,10000,20000,100000,20000,2000,20000,100000,10000,10000,20000,100000,100000,10000,100000,10000,20000,2000];

communicationTimeForOrderCriticalMessages = [1,1,1,1,1,1,1,1,1,1,1,1,1,1,1,1,1,1,1,1,1,1,1,1,1,1,1,1,1,1];

sizeOfRunnables = [1275,1253,1173,1083,1173,738,1480,755,1238,1258,1238,1305,843,878,678,1415,1140,798,565,1193,858,1105,830,1005,1578,1185,1165,833,638,1015,1170,1263,1578,888,1420,960,970,1060,1000,1178,585,495,1020,1295,1203,510,1563,900,855,1433,1178,1023,758,788,1290,970,443,1165,1238,1388,1583,870,575,670,948,933,473,938,1225,1165,1270,1075,1185,1105,1068,1508,1053,1075,923,960,1113,843,1530,1043,520,1405,655,1308,1080,1238,1143,668,1443,1180,1275,1405,1545,825,1528,1178];

SenderLabelReceiverOrderCriticalChains = [[83,365,0,0,5],[5,96,0,0,3],[94,261,0,0,40],[65,63,0,0,7],[7,146,0,0,47],[47,93,0,0,23],[80,396,0,0,77],[12,179,0,0,63],[63,100,0,0,14],[14,286,0,0,61],[38,90,0,0,42],[42,339,0,0,92],[69,169,0,0,73],[73,271,0,0,95],[95,77,0,0,16],[52,239,0,0,41],[89,241,0,0,47],[47,205,0,0,20],[62,183,0,0,78],[78,49,0,0,5],[18,176,0,0,53],[53,284,0,0,64],[54,48,0,0,35],[35,390,0,0,24],[24,286,0,0,50],[48,237,0,0,65],[71,34,0,0,90],[60,11,0,0,62],[62,385,0,0,30],[30,52,0,0,44]];

SenderLabelReceiverNonOrderCriticalChains = [[1,227,94],[1,235,2],[1,244,85],[1,338,54],[2,391,6],[3,12,4],[3,12,87],[3,165,15],[4,24,11],[4,24,94],[5,96,3],[5,99,71],[6,91,18],[6,298,19],[6,309,64],[6,309,87],[7,146,47],[7,256,8],[7,280,59],[8,210,45],[8,230,9],[8,304,51],[9,253,48],[9,312,17],[9,322,10],[10,206,26],[10,206,20],[10,357,38],[11,185,29],[11,185,60],[11,207,57],[11,287,32],[11,287,98],[12,105,88],[12,131,72],[12,131,23],[12,179,63],[13,11,42],[13,11,62],[13,67,19],[13,228,57],[13,380,35],[14,281,45],[14,286,61],[14,286,50],[15,47,16],[15,47,65],[15,47,75],[15,71,22],[16,224,55],[17,176,53],[17,225,85],[18,176,53],[19,21,57],[19,325,33],[20,89,56],[20,89,31],[20,376,58],[20,376,95],[21,56,24],[21,133,54],[21,262,25],[22,221,28],[22,392,75],[23,23,49],[23,326,41],[24,286,61],[24,286,50],[25,159,37],[26,90,33],[26,90,42],[26,255,27],[27,287,32],[27,287,98],[27,377,48],[27,400,63],[28,131,72],[28,131,23],[29,247,79],[29,247,67],[29,302,62],[30,52,44],[30,141,25],[30,141,46],[30,141,93],[30,152,39],[30,152,28],[31,6,96],[31,74,10],[31,74,76],[31,164,66],[32,218,29],[33,216,50],[34,24,11],[34,24,94],[34,198,45],[34,198,54],[34,239,41],[35,390,24],[35,390,4],[35,390,56],[36,145,88],[36,145,49],[36,177,84],[36,390,24],[36,390,4],[36,390,56],[37,26,61],[37,247,79],[37,247,67],[37,343,39],[38,4,91],[38,90,33],[38,90,42],[39,74,10],[39,74,76],[39,344,4],[40,35,2],[40,233,79],[40,233,2],[40,233,36],[41,233,79],[41,233,2],[41,233,36],[42,279,90],[42,339,92],[43,36,84],[43,94,58],[43,174,56],[44,8,95],[44,171,75],[44,171,96],[44,263,78],[45,47,16],[45,47,65],[45,47,75],[46,12,4],[46,12,87],[47,93,23],[47,205,20],[48,237,65],[49,16,56],[49,266,3],[50,121,81],[50,139,76],[51,257,92],[52,1,94],[52,239,41],[52,283,26],[53,60,58],[53,60,92],[53,284,64],[53,284,100],[54,48,35],[55,143,97],[55,376,58],[55,376,95],[55,389,96],[59,38,51],[59,60,58],[59,60,92],[59,233,79],[59,233,2],[59,233,36],[60,11,42],[60,11,62],[60,47,16],[60,47,65],[60,47,75],[61,141,25],[61,141,46],[61,141,93],[62,183,78],[62,385,30],[63,100,14],[64,166,87],[64,375,70],[65,63,7],[65,386,81],[66,261,40],[66,261,97],[66,291,79],[66,291,81],[66,366,32],[67,194,72],[67,198,45],[67,198,54],[68,229,82],[68,390,24],[68,390,4],[68,390,56],[68,396,74],[68,396,77],[69,89,56],[69,89,31],[69,169,73],[69,206,26],[69,206,20],[70,109,76],[70,274,80],[70,308,17],[71,34,90],[71,334,35],[72,64,73],[72,299,32],[73,192,74],[73,192,86],[73,271,95],[74,309,64],[74,309,87],[74,354,93],[75,311,99],[77,250,86],[77,310,46],[78,49,5],[80,249,84],[80,291,79],[80,291,81],[80,396,74],[80,396,77],[81,213,91],[82,127,92],[82,180,34],[83,192,74],[83,192,86],[83,365,5],[84,145,88],[84,145,49],[85,321,21],[86,152,39],[86,152,28],[88,182,43],[88,284,64],[88,284,100],[89,20,83],[89,141,25],[89,141,46],[89,141,93],[89,241,47],[90,107,28],[91,171,75],[91,171,96],[93,86,77],[94,261,40],[94,261,97],[95,77,16],[96,185,29],[96,185,60],[97,112,57],[98,92,15],[99,296,98],[99,388,86],[100,51,33],[100,313,90]];

jitters = [10000,10000,100000,100000,100000,10000,20000,20000,20000,10000,1000,20000,10000,20000,100000,100000,20000,20000,10000,20000,10000,100000,20000,10000,10000,10000,20000,50000,5000,100000,20000,10000,10000,20000,10000,10000,20000,10000,20000,100000,20000,10000,20000,100000,20000,20000,20000,20000,2000,10000,20000,20000,20000,10000,100000,2000,10000,20000,10000,100000,20000,100000,20000,20000,20000,20000,5000,10000,100000,10000,100000,5000,100000,20000,100000,10000,10000,100000,20000,10000,10000,10000,100000,10000,20000,100000,20000,2000,20000,100000,10000,10000,20000,100000,100000,10000,100000,10000,20000,2000];

