numChains = 15;

numberOfTasksinChain = [7,3,5,5,5,5,3,5,3,3,7,7,7,7,5];

runnablesInChains = [16,3,67,52,76,34,45,43,95,15,18,91,57,2,42,81,23,6,24,2,74,80,64,84,96,92,17,27,30,61,80,10,83,17,85,46,89,53,72,28,75,62,37,50,59,52];

processingTimesOfMessages = [[1,1],[1,1],[1],[1,1,1,1,1],[1,1,1,1,1],[1,1],[1],[1,1,1,1,1,1],[1,1,1,1,1,1,1],[1,1,1,1],[1,1,1],[1,1,1],[1,1],[1,1,1,1,1,1],[1,1,1],[1,1,1],[1],[1,1,1,1,1],[],[1,1],[1,1],[1],[1,1,1],[1,1,1,1,1],[1,1,1,1,1,1,1,1],[1,1,1,1],[1,1],[1,1,1,1,1,1,1],[1,1,1,1,1],[1,1,1,1,1,1],[1],[1,1,1,1],[1,1,1,1],[1],[1],[1,1],[],[1,1],[1],[],[1,1,1],[1],[1,1],[1],[1,1,1,1],[1,1,1,1],[1,1,1,1,1,1],[1,1],[1,1],[1,1,1,1],[1],[],[1,1,1,1],[1,1],[1,1,1,1],[1,1],[1,1,1,1,1],[1,1,1,1],[1,1,1],[1,1,1],[1,1],[1,1,1,1],[1,1],[1,1],[1,1,1,1],[1,1,1,1,1],[1,1,1,1,1],[1,1,1,1],[1],[1,1,1],[],[1,1],[1,1],[1,1,1,1,1],[1,1,1],[1],[1,1],[1,1],[1],[1,1,1,1,1],[1,1],[1,1,1,1],[1,1,1],[1,1,1],[1,1],[1],[1],[],[1,1,1,1],[1],[1],[1,1,1],[1],[1,1,1],[1,1],[],[1,1,1],[1,1,1],[],[1]];

processingTimesRunnables = [16,16,21,16,12,11,17,17,17,11,16,21,13,15,7,9,11,18,16,16,19,17,17,12,21,14,15,13,7,18,15,8,10,13,15,11,11,19,13,16,15,17,14,21,9,8,14,18,15,21,17,16,16,15,20,21,13,14,12,15,6,16,21,16,14,9,18,10,16,16,18,21,13,6,14,6,17,15,13,17,6,20,14,19,8,6,11,14,16,9,16,15,19,14,16,15,14,17,16,20];

periods = [20000,20000,20000,20000,50000,10000,20000,20000,1000,10000,20000,50000,20000,20000,100000,20000,10000,100000,50000,10000,100000,20000,10000,20000,20000,20000,10000,100000,10000,10000,20000,10000,1000,100000,1000,50000,100000,2000,10000,100000,10000,20000,10000,50000,10000,20000,20000,20000,100000,20000,1000,20000,20000,100000,20000,20000,20000,20000,20000,100000,10000,100000,100000,10000,20000,100000,20000,10000,1000,1000,20000,20000,20000,10000,100000,100000,20000,10000,20000,10000,10000,10000,10000,10000,10000,20000,20000,20000,20000,10000,100000,10000,20000,10000,10000,10000,20000,10000,10000,10000];

communicationTimeForOrderCriticalMessages = [1,1,1,1,1,1,1,1,1,1,1,1,1,1,1,1,1,1,1,1,1,1,1,1,1,1,1,1,1,1,1];

sizeOfRunnables = [1,1,1,1,1,1,1,1,1,1,1,1,1,1,1,1,1,1,1,1,1,1,1,1,1,1,1,1,1,1,1,1,1,1,1,1,1,1,1,1,1,1,1,1,1,1,1,1,1,1,1,1,1,1,1,1,1,1,1,1,1,1,1,1,1,1,1,1,1,1,1,1,1,1,1,1,1,1,1,1,1,1,1,1,1,1,1,1,1,1,1,1,1,1,1,1,1,1,1,1];

senderLabelReceiverOrderCriticalChains = [[16,348,0,0,3],[3,31,0,0,67],[67,58,0,0,52],[76,232,0,0,34],[45,238,0,0,43],[43,253,0,0,95],[15,75,0,0,18],[18,241,0,0,91],[57,280,0,0,2],[2,193,0,0,42],[81,212,0,0,23],[23,143,0,0,6],[24,242,0,0,2],[74,213,0,0,80],[80,322,0,0,64],[84,63,0,0,96],[92,255,0,0,17],[27,391,0,0,30],[30,337,0,0,61],[61,89,0,0,80],[10,321,0,0,83],[83,242,0,0,17],[17,117,0,0,85],[46,310,0,0,89],[89,82,0,0,53],[53,135,0,0,72],[28,15,0,0,75],[75,289,0,0,62],[62,395,0,0,37],[50,187,0,0,59],[59,355,0,0,52]];

senderLabelReceiverNonOrderCriticalChains = [[1,275,31],[1,353,37],[2,84,3],[2,193,42],[3,31,67],[4,220,29],[4,220,7],[4,240,87],[4,240,17],[4,318,86],[5,42,19],[5,42,22],[5,46,19],[5,54,12],[5,54,14],[6,333,10],[6,371,84],[7,80,61],[8,76,96],[8,105,6],[8,322,64],[8,322,31],[8,322,11],[8,322,19],[9,212,23],[9,212,5],[9,310,89],[9,310,51],[9,355,33],[9,355,52],[9,355,84],[10,41,45],[10,41,76],[10,174,20],[10,321,83],[11,54,12],[11,54,14],[11,294,13],[12,264,36],[12,264,71],[12,274,19],[13,305,44],[13,305,97],[14,33,88],[14,39,20],[14,322,64],[14,322,31],[14,322,11],[14,322,19],[15,75,18],[15,131,62],[15,228,16],[16,23,71],[16,269,58],[16,348,3],[17,117,85],[18,241,91],[18,308,60],[18,308,87],[18,308,32],[18,328,23],[20,259,27],[20,259,78],[21,30,49],[21,142,11],[22,200,88],[23,143,6],[23,305,44],[23,305,97],[24,79,55],[24,242,2],[24,242,17],[24,277,68],[24,290,35],[25,6,39],[25,6,40],[25,6,43],[25,323,59],[25,323,15],[25,374,87],[25,390,39],[25,390,57],[26,86,48],[26,86,65],[26,130,7],[26,130,61],[27,60,39],[27,391,30],[28,15,75],[28,272,9],[28,272,41],[28,337,61],[28,337,78],[28,351,46],[28,351,20],[29,26,77],[29,296,40],[29,308,60],[29,308,87],[29,308,32],[30,322,64],[30,322,31],[30,322,11],[30,322,19],[30,337,61],[30,337,78],[31,350,12],[32,272,9],[32,272,41],[32,289,62],[32,289,85],[33,16,35],[33,136,51],[33,394,38],[33,394,35],[34,331,77],[35,148,8],[36,198,50],[36,301,44],[38,129,70],[38,239,56],[39,156,98],[41,4,31],[41,125,52],[41,396,64],[42,25,72],[43,120,42],[43,253,95],[44,306,96],[45,20,42],[45,20,76],[45,238,86],[45,238,43],[46,310,89],[46,310,51],[46,394,38],[46,394,35],[47,209,54],[47,209,78],[47,323,59],[47,323,15],[47,395,37],[47,395,88],[48,137,40],[48,344,88],[49,220,29],[49,220,7],[50,187,59],[50,308,60],[50,308,87],[50,308,32],[51,144,69],[53,135,34],[53,135,72],[53,240,87],[53,240,17],[54,282,69],[54,359,45],[55,326,100],[55,326,82],[55,364,73],[55,379,58],[56,155,73],[56,211,71],[57,98,81],[57,264,36],[57,264,71],[57,280,26],[57,280,2],[58,213,44],[58,213,80],[58,380,49],[58,380,63],[59,355,33],[59,355,52],[59,355,84],[60,356,63],[60,390,39],[60,390,57],[61,89,80],[61,89,95],[62,130,7],[62,130,61],[62,395,37],[62,395,88],[63,89,80],[63,89,95],[64,351,46],[64,351,20],[65,6,39],[65,6,40],[65,6,43],[65,386,89],[66,20,42],[66,20,76],[66,41,45],[66,41,76],[66,160,76],[67,58,52],[67,123,91],[67,123,99],[67,238,86],[67,238,43],[68,278,81],[68,355,33],[68,355,52],[68,355,84],[69,83,21],[70,114,4],[70,280,26],[70,280,2],[72,112,63],[72,159,79],[73,259,27],[73,259,78],[74,50,96],[74,209,54],[74,209,78],[74,213,44],[74,213,80],[75,19,22],[75,289,62],[75,289,85],[76,232,34],[77,150,93],[77,276,79],[78,326,100],[78,326,82],[79,103,93],[80,175,13],[80,322,64],[80,322,31],[80,322,11],[80,322,19],[81,212,23],[81,212,5],[82,27,36],[82,27,99],[82,48,90],[82,70,92],[83,242,2],[83,242,17],[83,307,90],[84,63,96],[84,135,34],[84,135,72],[85,86,48],[85,86,65],[86,235,93],[87,382,40],[89,82,53],[89,82,97],[89,380,49],[89,380,63],[90,335,1],[91,352,68],[92,52,37],[92,177,100],[92,255,17],[93,363,94],[94,42,19],[94,42,22],[94,341,91],[95,123,91],[95,123,99],[97,6,39],[97,6,40],[97,6,43],[98,27,36],[98,27,99],[98,221,99],[100,145,13]];

