NumChains = 15;
NumResources = 3;
NumRunnablesInChains = 42;
MemoryBoundOnResource = 1048576;
UtilizationBoundOnResource = 100;

numberOfTasksinChain = [7,5,7,3,5,7,3,3,3,5,3,3,5,5,5];

runnablesInChains = [53,69,30,92,38,20,88,81,18,84,48,80,17,75,63,87,11,3,38,41,43,29,24,93,49,50,42,74,73,15,44,45,59,13,10,87,78,13,55,4,29,56];

ProcessingTimesOfMessages = [[1],[1,1,1,1,1,1,1],[1,1,1,1],[1,1,1,1],[1,1,1,1],[1,1,1,1],[1,1,1,1,1,1],[1],[1,1,1,1],[1,1,1],[1,1,1,1,1,1],[1],[1,1,1,1,1,1,1,1,1],[1,1,1,1],[1,1,1,1],[1,1,1,1,1],[],[1,1,1],[1,1,1],[1,1,1],[1,1,1,1],[1,1,1,1,1],[1,1,1,1,1],[1,1],[],[1,1,1,1],[1],[1],[1,1,1],[1,1],[1],[1,1,1,1],[1,1,1,1,1,1],[1,1,1],[1,1,1,1],[1,1,1,1],[],[2,1],[1,1,1,1,1],[1],[],[1,1,1,1,1],[1,1,1,1,1],[1,1,1,1,1],[1,1],[1,1,1,1,1],[2],[1],[1],[1,1],[1,1],[1,1],[1,1],[1],[1,1,1,1,1],[1,1],[1,1],[1,1,1,2],[1],[1,1,1],[1,1,1,1],[1,1,1],[1,1],[1,1],[1,1,1,1,1,1],[],[1,1,1],[1],[1,2],[1,1,1,1,1,1],[1,1,1],[1,1,1,1],[1],[1,1],[1],[],[1,1,1,1,1],[1,1,1],[1,1],[1,1,1,1,1],[1,1,1,1,1,1],[1,1,1],[1,1],[1],[1,1,1],[1,1,1,1],[1],[1],[],[],[1],[],[],[1,1],[1],[1,1,1,1],[],[],[1,1,1,1,1],[1]];

processingTimesRunnables = [13,5,7,13,11,6,6,15,13,9,11,10,5,7,7,13,14,4,15,12,13,15,16,13,16,6,11,5,13,16,14,7,13,9,13,8,8,11,14,11,12,8,16,13,13,6,5,9,7,13,13,5,16,8,7,12,13,8,12,13,10,10,13,10,13,13,12,10,14,16,13,9,16,10,11,13,13,7,7,13,10,11,4,13,12,11,12,13,12,10,13,12,11,11,10,6,11,8,12,4];

periods = [100000,10000,10000,100000,50000,10000,5000,20000,10000,20000,10000,100000,20000,10000,20000,100000,20000,10000,10000,10000,20000,20000,100000,20000,10000,20000,100000,100000,100000,100000,10000,20000,20000,10000,100000,10000,20000,10000,10000,100000,10000,100000,100000,20000,10000,100000,10000,10000,20000,20000,50000,20000,100000,20000,20000,100000,100000,10000,10000,100000,100000,20000,20000,20000,20000,10000,20000,10000,100000,10000,100000,50000,100000,100000,20000,20000,10000,20000,10000,20000,10000,20000,50000,10000,20000,1000,20000,10000,20000,20000,50000,100000,20000,10000,10000,20000,100000,100000,20000,5000];

communicationTimeForOrderCriticalMessages = [1,1,1,2,1,1,1,1,1,1,1,1,1,1,1,1,1,1,1,1,1,1,1,1,1,1,1];

sizeOfRunnables = [1290,483,650,1215,1080,535,573,1410,1260,818,1090,945,415,615,660,1283,1328,383,1415,1200,1285,1495,1560,1268,1503,528,1068,443,1235,1545,1360,660,1225,880,1260,753,795,1030,1308,1015,1140,708,1595,1278,1240,533,468,835,615,1253,1218,413,1513,753,690,1123,1218,728,1193,1263,1000,953,1218,945,1275,1240,1173,990,1335,1573,1280,900,1530,923,1045,1223,1275,623,668,1245,925,1080,375,1290,1158,1073,1140,1233,1133,985,1278,1140,1038,1025,983,503,1015,760,1193,378];

SenderLabelReceiverOrderCriticalChains = [[53,102,0,0,69],[69,325,0,0,30],[30,341,0,0,92],[38,167,0,0,20],[20,254,0,0,88],[81,244,0,0,18],[18,276,0,0,84],[84,249,0,0,48],[80,27,0,0,17],[75,287,0,0,63],[63,381,0,0,87],[11,371,0,0,3],[3,241,0,0,38],[38,213,0,0,41],[43,220,0,0,29],[24,204,0,0,93],[49,296,0,0,50],[42,329,0,0,74],[74,334,0,0,73],[15,142,0,0,44],[45,377,0,0,59],[13,121,0,0,10],[10,315,0,0,87],[78,123,0,0,13],[13,244,0,0,55],[4,192,0,0,29],[29,146,0,0,56]];

SenderLabelReceiverNonOrderCriticalChains = [[1,286,92],[2,28,27],[2,28,47],[2,109,25],[2,109,21],[2,171,14],[2,348,40],[2,348,80],[3,11,6],[3,25,1],[3,241,38],[3,241,95],[4,192,29],[4,193,14],[4,193,69],[4,368,12],[5,72,57],[5,80,51],[5,395,63],[5,395,53],[6,125,36],[6,258,66],[6,314,48],[6,314,1],[7,18,92],[7,18,100],[7,121,10],[7,121,30],[7,121,94],[7,240,62],[8,261,9],[9,95,91],[9,185,68],[9,349,28],[9,349,16],[10,48,15],[10,315,74],[10,315,87],[11,121,10],[11,121,30],[11,121,94],[11,134,50],[11,292,38],[11,371,3],[12,7,27],[13,77,54],[13,77,17],[13,121,10],[13,121,30],[13,121,94],[13,244,18],[13,244,55],[13,244,60],[13,244,77],[14,227,25],[14,227,94],[14,348,40],[14,348,80],[15,142,39],[15,142,44],[15,144,12],[15,152,52],[16,4,35],[16,4,76],[16,28,27],[16,28,47],[16,344,56],[18,276,84],[18,387,98],[18,387,19],[19,181,61],[19,334,73],[19,334,34],[20,218,45],[20,254,85],[20,254,88],[21,46,30],[21,46,81],[21,103,24],[21,103,76],[22,51,85],[22,51,27],[22,219,5],[22,219,37],[22,242,90],[23,51,85],[23,51,27],[23,349,28],[23,349,16],[23,353,64],[24,204,93],[24,303,100],[26,172,84],[26,178,37],[26,298,31],[26,321,49],[27,320,35],[28,82,92],[29,146,56],[29,146,54],[29,256,31],[30,341,41],[30,341,92],[31,233,99],[32,97,37],[32,97,97],[32,119,34],[32,313,62],[33,79,71],[33,142,39],[33,142,44],[33,214,28],[33,329,74],[33,329,49],[34,4,35],[34,4,76],[34,217,86],[35,154,20],[35,154,53],[35,272,17],[35,272,46],[36,155,73],[36,155,64],[36,314,48],[36,314,1],[38,167,20],[38,213,41],[39,90,41],[39,272,17],[39,272,46],[39,381,52],[39,381,87],[40,188,41],[42,74,18],[42,221,89],[42,271,43],[42,329,74],[42,329,49],[43,17,51],[43,77,54],[43,77,17],[43,220,29],[43,220,81],[44,5,61],[44,5,95],[44,193,14],[44,193,69],[44,231,93],[45,194,66],[45,377,59],[46,26,8],[46,139,4],[46,139,8],[46,139,76],[46,215,98],[47,10,88],[48,145,82],[49,296,50],[50,61,90],[50,372,31],[51,76,98],[51,358,22],[52,146,56],[52,146,54],[53,102,69],[53,133,60],[54,356,23],[55,32,57],[55,387,98],[55,387,19],[55,395,63],[55,395,53],[56,219,5],[56,219,37],[57,300,70],[57,352,10],[58,52,94],[58,103,24],[58,103,76],[58,268,66],[59,255,84],[60,315,74],[60,315,87],[60,367,52],[61,97,37],[61,97,97],[61,155,73],[61,155,64],[62,250,75],[62,285,87],[62,285,78],[63,381,52],[63,381,87],[64,5,61],[64,5,95],[65,70,93],[65,139,4],[65,139,8],[65,139,76],[65,254,85],[65,254,88],[67,159,59],[67,191,97],[67,211,1],[68,316,96],[69,325,30],[69,361,19],[70,220,29],[70,220,81],[70,244,18],[70,244,55],[70,244,60],[70,244,77],[71,18,92],[71,18,100],[71,375,97],[72,195,90],[72,195,36],[72,201,83],[72,265,59],[73,337,8],[74,334,73],[74,334,34],[75,287,63],[77,46,30],[77,46,81],[77,190,79],[77,227,25],[77,227,94],[78,93,40],[78,123,88],[78,123,13],[79,310,56],[79,386,71],[80,27,17],[80,27,75],[80,53,40],[80,195,90],[80,195,36],[81,109,25],[81,109,21],[81,244,18],[81,244,55],[81,244,60],[81,244,77],[82,100,89],[82,154,20],[82,154,53],[83,104,91],[83,234,91],[84,249,48],[85,86,96],[85,285,87],[85,285,78],[86,123,88],[86,123,13],[86,341,41],[86,341,92],[87,278,89],[88,378,28],[91,336,25],[94,241,38],[94,241,95],[95,6,12],[96,244,18],[96,244,55],[96,244,60],[96,244,77],[99,139,4],[99,139,8],[99,139,76],[99,380,68],[99,384,47],[100,277,58]];

jitters = [100000,10000,10000,100000,50000,10000,5000,20000,10000,20000,10000,100000,20000,10000,20000,100000,20000,10000,10000,10000,20000,20000,100000,20000,10000,20000,100000,100000,100000,100000,10000,20000,20000,10000,100000,10000,20000,10000,10000,100000,10000,100000,100000,20000,10000,100000,10000,10000,20000,20000,50000,20000,100000,20000,20000,100000,100000,10000,10000,100000,100000,20000,20000,20000,20000,10000,20000,10000,100000,10000,100000,50000,100000,100000,20000,20000,10000,20000,10000,20000,10000,20000,50000,10000,20000,1000,20000,10000,20000,20000,50000,100000,20000,10000,10000,20000,100000,100000,20000,5000];

