NumChains = 15;
NumResources = 3;
NumRunnablesInChains = 51;
MemoryBoundOnResource = 1048576;
UtilizationBoundOnResource = 100;

numberOfTasksinChain = [3,5,5,7,5,7,3,5,7,5,7,7,7,7,7];

runnablesInChains = [76,48,23,6,46,64,22,50,41,48,78,51,42,5,2,67,65,23,45,60,18,68,55,53,82,27,21,67,36,71,7,37,22,24,76,79,51,56,47,59,68,96,83,95,42,85,76,80,11,7,77];

ProcessingTimesOfMessages = [[1,1,1,1],[1,1,1],[1,1,1],[1,1,1,1],[1,1,1],[1,1,1],[1],[1,1,1,1],[1,1],[1,1,1],[1,1,1],[1,1],[1,1,1,1,1,1],[1,1],[1,1,1,1,1],[1,1,1],[1,1,1,1],[1,1,1],[1,1,1],[1,1,1,1],[1,1],[1,1,1,1],[1,1],[1,1,1,1,1,1],[1,1,1,1],[1,1],[1,1],[1,1,1],[1,1,1,1,1],[1,1],[1,1],[1,1,1,1,1],[1,1,1],[1,1],[1,1,1,1],[1],[1,1,1,1,1,1,1],[1,1,1],[1,1,1],[1],[1,1,1,1,1],[1,1],[1],[1,1,1],[1,1,1],[],[1,1,1],[1],[1,1,1],[],[1,1,1],[1,1,1],[1,1,1,1,1],[1],[1],[1],[1,1,1,1,1],[1],[1,1],[1,1,1,1],[],[],[1],[1,1,1,1,1],[1,1],[1,1,1,1,1,1],[1,1,1,1,1,1],[1,1,1],[1,1,1],[1,1],[1,1],[1],[2,1,1,1,1,1],[],[1,1,1,1],[1],[1],[1],[1,1,1],[1,1,1],[1,1,1,1,1],[1,1,1],[],[1,1],[1],[],[1],[1],[1],[],[1,1],[1,1,1],[],[1,1],[1,1],[1,1],[],[1,1],[1,1],[]];

processingTimesRunnables = [12,10,12,7,9,10,12,10,9,13,9,12,10,7,8,11,12,5,12,13,13,12,11,13,11,13,13,5,8,10,16,13,5,8,7,12,11,16,13,7,16,7,12,5,8,13,11,12,11,15,10,11,7,13,13,14,12,17,7,5,16,7,13,16,9,14,13,6,14,13,14,10,10,6,10,15,14,12,15,7,5,12,11,13,13,8,12,13,11,14,14,13,9,10,11,12,10,10,5,10];

periods = [20000,10000,10000,5000,10000,100000,100000,5000,10000,20000,100000,100000,2000,20000,100000,20000,10000,20000,100000,20000,100000,10000,100000,10000,20000,10000,100000,1000,50000,2000,50000,10000,10000,20000,5000,100000,10000,20000,20000,1000,10000,10000,20000,10000,100000,100000,10000,10000,10000,10000,10000,5000,20000,20000,20000,10000,20000,20000,20000,20000,50000,100000,10000,10000,100000,100000,100000,20000,50000,50000,100000,20000,20000,20000,20000,10000,100000,10000,10000,100000,10000,100000,20000,20000,10000,5000,10000,10000,20000,100000,100000,20000,20000,20000,10000,20000,5000,20000,100000,20000];

communicationTimeForOrderCriticalMessages = [1,1,1,1,1,1,1,1,1,1,1,1,1,1,1,1,1,1,1,1,1,1,1,1,1,1,1,1,1,1,1,1,1,1,1,1];

sizeOfRunnables = [1113,998,1193,700,820,998,1188,918,873,1293,840,1193,970,620,705,1090,1155,468,1118,1275,1255,1155,1050,1248,1045,1275,1215,498,780,968,1540,1285,423,788,630,1178,1088,1568,1245,663,1503,693,1125,468,735,1223,1030,1178,1028,1453,983,1043,653,1205,1263,1335,1195,1610,653,480,1503,638,1275,1563,805,1383,1293,548,1360,1263,1355,945,965,520,968,1485,1303,1180,1465,630,413,1140,1095,1275,1263,723,1173,1253,1023,1340,1318,1268,873,1000,1090,1135,1000,985,423,985];

SenderLabelReceiverOrderCriticalChains = [[76,296,0,0,48],[23,350,0,0,6],[6,176,0,0,46],[64,209,0,0,22],[22,307,0,0,50],[41,307,0,0,48],[48,273,0,0,78],[78,340,0,0,51],[42,219,0,0,5],[5,324,0,0,2],[67,77,0,0,65],[65,381,0,0,23],[23,201,0,0,45],[60,163,0,0,18],[68,127,0,0,55],[55,248,0,0,53],[82,153,0,0,27],[27,365,0,0,21],[21,77,300,0,67],[36,151,368,0,71],[71,305,0,0,7],[37,270,0,0,22],[22,205,0,0,24],[24,194,302,0,76],[79,306,0,0,51],[51,307,0,0,56],[56,83,198,0,47],[59,311,0,0,68],[68,222,0,0,96],[96,315,0,0,83],[95,342,0,0,42],[42,175,0,0,85],[85,74,0,0,76],[80,206,0,0,11],[11,228,0,0,7],[7,116,0,0,77]];

SenderLabelReceiverNonOrderCriticalChains = [[1,151,71],[1,151,8],[1,151,36],[1,347,10],[2,17,3],[2,255,93],[2,303,17],[3,1,83],[3,315,83],[3,315,52],[4,151,71],[4,151,8],[4,151,36],[4,249,60],[5,324,2],[5,386,62],[5,386,9],[6,39,12],[6,39,13],[6,176,46],[7,116,77],[8,91,18],[8,110,35],[8,110,65],[8,320,86],[9,37,51],[9,79,26],[10,179,6],[10,204,3],[10,337,14],[11,137,36],[11,228,7],[11,231,12],[12,349,40],[12,391,90],[13,119,30],[13,119,61],[13,270,34],[13,270,22],[13,270,82],[13,280,93],[14,20,96],[14,367,25],[15,77,21],[15,77,65],[15,250,62],[15,250,74],[15,392,62],[16,166,97],[16,271,34],[16,346,74],[17,88,20],[17,163,18],[17,163,63],[17,385,33],[18,196,9],[18,251,20],[18,251,97],[19,44,70],[19,141,50],[19,147,36],[20,155,40],[20,155,75],[20,386,62],[20,386,9],[21,300,67],[21,330,46],[22,205,24],[22,307,50],[22,307,48],[22,307,56],[23,201,45],[23,350,6],[24,34,41],[24,34,84],[24,194,88],[24,194,76],[24,302,26],[24,302,76],[25,164,43],[25,359,54],[25,389,94],[25,389,59],[26,295,56],[26,295,81],[27,61,5],[27,365,21],[28,5,38],[28,53,55],[28,57,86],[29,26,59],[29,70,61],[29,254,31],[29,254,80],[29,394,31],[30,326,4],[30,388,1],[31,159,4],[31,159,61],[32,34,41],[32,34,84],[32,86,49],[32,287,39],[32,374,14],[33,118,46],[33,178,1],[33,247,48],[34,40,58],[34,379,53],[35,130,54],[35,251,20],[35,251,97],[35,366,27],[36,368,71],[37,24,85],[37,89,59],[37,212,16],[37,212,61],[37,270,34],[37,270,22],[37,270,82],[38,293,94],[38,293,90],[38,395,93],[39,63,43],[39,389,94],[39,389,59],[40,60,69],[41,159,4],[41,159,61],[41,307,50],[41,307,48],[41,307,56],[42,175,85],[42,219,5],[43,47,57],[44,65,87],[44,115,30],[44,263,87],[45,143,90],[45,250,62],[45,250,74],[47,83,56],[47,83,78],[47,357,50],[48,273,78],[49,105,50],[49,302,26],[49,302,76],[51,307,50],[51,307,48],[51,307,56],[52,168,31],[52,200,97],[52,277,86],[53,68,90],[53,68,58],[53,68,96],[53,381,23],[53,381,89],[54,165,84],[55,248,53],[56,198,47],[57,96,26],[57,96,70],[57,110,35],[57,110,65],[57,113,74],[58,369,72],[59,311,68],[59,311,93],[60,155,40],[60,155,75],[60,163,18],[60,163,63],[63,202,85],[64,209,22],[64,209,100],[64,295,56],[64,295,81],[64,299,88],[65,381,23],[65,381,89],[66,254,31],[66,254,80],[66,270,34],[66,270,22],[66,270,82],[66,358,82],[67,68,90],[67,68,58],[67,68,96],[67,77,21],[67,77,65],[67,184,99],[68,127,55],[68,222,96],[68,341,72],[69,96,26],[69,96,70],[69,323,28],[70,212,16],[70,212,61],[71,160,77],[71,305,7],[72,393,91],[73,11,7],[73,209,22],[73,209,100],[73,293,94],[73,293,90],[73,362,83],[75,18,89],[75,66,100],[75,158,74],[75,158,92],[76,296,48],[77,399,91],[78,340,51],[79,306,51],[79,325,92],[79,328,87],[80,119,30],[80,119,61],[80,206,11],[81,151,71],[81,151,8],[81,151,36],[81,194,88],[81,194,76],[82,39,12],[82,39,13],[82,153,27],[84,311,68],[84,311,93],[85,74,76],[87,272,66],[88,354,86],[89,304,98],[91,158,74],[91,158,92],[92,68,90],[92,68,58],[92,68,96],[94,83,56],[94,83,78],[95,199,77],[95,342,42],[96,315,83],[96,315,52],[98,125,78],[98,318,100],[99,23,95],[99,133,63]];

jitters = [20000,10000,10000,5000,10000,100000,100000,5000,10000,20000,100000,100000,2000,20000,100000,20000,10000,20000,100000,20000,100000,10000,100000,10000,20000,10000,100000,1000,50000,2000,50000,10000,10000,20000,5000,100000,10000,20000,20000,1000,10000,10000,20000,10000,100000,100000,10000,10000,10000,10000,10000,5000,20000,20000,20000,10000,20000,20000,20000,20000,50000,100000,10000,10000,100000,100000,100000,20000,50000,50000,100000,20000,20000,20000,20000,10000,100000,10000,10000,100000,10000,100000,20000,20000,10000,5000,10000,10000,20000,100000,100000,20000,20000,20000,10000,20000,5000,20000,100000,20000];

