NumChains = 15;
NumResources = 3;
NumRunnablesInChains = 46;
MemoryBoundOnResource = 1048576;
UtilizationBoundOnResource = 100;

numberOfTasksinChain = [5,5,3,3,7,5,3,5,7,5,5,5,7,7,5];

runnablesInChains = [70,35,77,79,61,46,20,55,30,48,95,57,1,54,23,93,26,21,5,59,34,62,74,11,35,69,6,25,65,56,60,50,15,52,5,81,87,44,92,3,63,26,10,84,70,82];

ProcessingTimesOfMessages = [[1,1,1,1],[1,1,1],[1,1,1,2],[1,1,1],[1],[1,1,1],[1,1,1,1,1,1,1],[1,1],[1,1,1],[1],[1,1,1],[1,1,1,1],[1,1,1,1,1,1],[1,1],[1,1,1,1,1],[1,1,1,1],[1,1,1],[1,1,1,1,1],[1,1],[1,1,1],[1,1,1,1],[1,1,1,1],[1,1],[1,1,1],[1,1],[1,1,1,1],[1,1,1,1,1,1],[1],[1,1,1,1],[1,1,1,1,1],[1,1,1,1],[1,1,1],[1,1,1,1],[1],[1,1],[1,1,1],[1,1],[1,1,1,1],[1],[1],[1,1,1],[1],[1,1,1],[1,1],[1,1],[1],[1,1,1,1,1],[],[1,1],[1,1,1],[1,1],[1,1,1],[1,1,1,1],[],[],[1,1,1],[1,1],[1,1],[1],[1,1],[1],[],[1,1,1,1,1],[1],[1,1,1,1,1],[1,1,1,1,1],[],[1,1],[1],[1,1,1,1],[1],[],[1,1,1,1],[1,1,1],[1],[1,1,1,2,1],[],[1,1,1],[1,1,1,1,1],[1],[1,1,1],[],[],[1,1],[1,1],[],[1],[],[1,1],[1],[1,1,1,1],[],[1],[1,1],[1,1],[1,1,1],[1,1],[1,1,1,1],[],[]];

processingTimesRunnables = [13,12,14,11,10,12,10,12,14,17,10,5,16,11,12,16,10,13,13,12,10,10,10,16,4,17,11,8,16,10,11,5,5,5,16,10,13,13,16,13,11,9,11,8,7,6,12,13,13,13,8,12,8,5,13,10,12,12,11,4,5,11,6,5,13,5,5,13,14,10,12,6,9,4,5,6,5,13,7,7,7,9,10,13,10,12,13,12,5,12,7,14,6,16,13,14,14,12,8,11];

periods = [10000,20000,10000,20000,20000,20000,100000,20000,100000,10000,10000,1000,20000,20000,20000,10000,100000,10000,100000,10000,20000,10000,10000,100000,20000,10000,20000,20000,100000,20000,10000,100000,100000,20000,10000,10000,20000,100000,20000,1000,10000,10000,20000,20000,20000,100000,5000,20000,20000,1000,50000,20000,20000,10000,10000,1000,10000,20000,20000,1000,100000,20000,10000,10000,20000,2000,100000,100000,10000,10000,20000,100000,10000,10000,5000,100000,10000,50000,100000,1000,20000,10000,20000,10000,20000,100000,20000,1000,50000,100000,2000,20000,10000,100000,10000,10000,10000,100000,100000,100000];

communicationTimeForOrderCriticalMessages = [1,1,1,1,1,1,1,1,1,1,1,1,1,1,1,1,1,1,1,1,1,1,1,1,1,1,2,1,1,1,1];

sizeOfRunnables = [1260,1128,1313,1035,908,1128,933,1103,1365,1610,975,415,1573,1088,1178,1560,998,1300,1270,1170,910,983,910,1503,390,1605,1008,748,1540,968,1073,408,413,450,1560,1000,1275,1218,1600,1278,1013,803,1045,715,648,520,1125,1258,1268,1233,738,1188,768,428,1295,978,1200,1170,1065,385,465,1058,535,408,1233,488,450,1210,1308,1000,1143,535,863,385,415,558,500,1203,635,618,603,843,968,1285,978,1150,1233,1113,480,1148,700,1318,575,1578,1210,1318,1308,1178,775,1090];

SenderLabelReceiverOrderCriticalChains = [[70,28,0,0,35],[35,124,0,0,77],[79,96,0,0,61],[61,88,0,0,46],[20,281,0,0,55],[30,286,0,0,48],[95,384,0,0,57],[57,241,0,0,1],[1,176,0,0,54],[23,207,0,0,93],[93,82,0,0,26],[21,117,0,0,5],[59,153,0,0,34],[34,76,0,0,62],[74,400,0,0,11],[11,29,0,0,35],[35,237,0,0,69],[6,65,0,0,25],[25,222,0,0,65],[56,221,0,0,60],[60,211,0,0,50],[15,259,0,0,52],[52,302,0,0,5],[81,199,0,0,87],[87,157,0,0,44],[44,19,0,0,92],[3,271,0,0,63],[63,57,0,0,26],[26,302,0,0,10],[84,308,0,0,70],[70,391,0,0,82]];

SenderLabelReceiverNonOrderCriticalChains = [[1,3,49],[1,3,67],[1,142,17],[1,176,54],[2,20,4],[2,56,30],[2,159,87],[3,113,23],[3,130,9],[3,138,8],[3,271,63],[4,252,52],[4,252,83],[4,339,6],[5,312,81],[6,65,25],[6,141,83],[6,390,58],[7,16,17],[7,16,67],[7,195,2],[7,275,55],[7,359,61],[7,359,12],[7,359,99],[8,186,81],[8,307,14],[9,53,39],[9,251,16],[9,268,38],[10,273,77],[11,29,35],[11,297,51],[11,297,48],[12,19,40],[12,19,92],[12,25,40],[12,68,40],[13,3,49],[13,3,67],[13,129,59],[13,231,92],[13,293,42],[13,293,71],[14,39,81],[14,301,21],[15,100,93],[15,100,22],[15,259,52],[15,265,10],[15,265,87],[16,199,97],[16,199,20],[16,199,87],[16,330,73],[17,102,27],[17,391,32],[17,391,82],[18,100,93],[18,100,22],[18,321,42],[18,321,65],[18,378,36],[19,182,24],[19,242,90],[20,24,82],[20,174,94],[20,281,55],[21,117,5],[21,212,25],[21,245,72],[21,245,67],[22,55,82],[22,97,37],[22,97,75],[22,357,37],[23,207,93],[23,363,54],[24,6,29],[24,92,60],[24,229,88],[25,222,65],[25,262,43],[26,239,71],[26,239,59],[26,302,5],[26,302,10],[27,33,34],[27,33,67],[27,96,19],[27,96,61],[27,96,82],[27,172,28],[28,41,45],[29,11,99],[29,40,33],[29,245,72],[29,245,67],[30,15,85],[30,221,37],[30,221,60],[30,286,48],[30,286,16],[31,16,17],[31,16,67],[31,119,74],[31,230,69],[32,51,86],[32,136,100],[32,322,86],[33,33,34],[33,33,67],[33,250,64],[33,310,83],[34,76,62],[35,124,77],[35,237,69],[36,64,77],[36,75,64],[36,104,49],[37,294,44],[37,294,72],[38,2,86],[38,220,68],[38,338,88],[38,338,79],[39,103,55],[40,192,50],[41,183,84],[41,338,88],[41,338,79],[42,362,85],[43,118,62],[43,162,45],[43,234,59],[44,19,40],[44,19,92],[45,297,51],[45,297,48],[46,151,28],[47,70,75],[47,97,37],[47,97,75],[47,173,45],[47,173,75],[49,32,53],[49,44,83],[50,66,56],[50,66,4],[50,86,86],[51,283,91],[51,353,78],[52,116,18],[52,302,5],[52,302,10],[53,265,10],[53,265,87],[53,321,42],[53,321,65],[56,221,37],[56,221,60],[56,227,46],[57,241,1],[57,298,5],[58,282,62],[58,337,71],[59,153,34],[60,45,80],[60,211,50],[61,88,46],[63,57,26],[63,359,61],[63,359,12],[63,359,99],[63,379,64],[64,244,80],[65,293,42],[65,293,71],[65,359,61],[65,359,12],[65,359,99],[66,52,91],[66,96,19],[66,96,61],[66,96,82],[66,135,15],[68,181,72],[68,287,98],[69,62,99],[70,28,35],[70,125,19],[70,391,32],[70,391,82],[71,260,92],[73,18,94],[73,173,45],[73,173,75],[73,279,95],[74,217,41],[74,217,96],[74,400,11],[75,213,39],[76,83,41],[76,83,90],[76,198,79],[76,203,100],[76,319,10],[78,61,23],[78,347,54],[78,385,89],[79,96,19],[79,96,61],[79,96,82],[79,217,41],[79,217,96],[80,43,88],[81,199,97],[81,199,20],[81,199,87],[84,133,96],[84,308,70],[85,294,44],[85,294,72],[87,157,44],[89,73,84],[89,164,95],[90,315,8],[91,66,56],[91,66,4],[91,83,41],[91,83,90],[93,82,26],[94,208,99],[94,254,100],[95,288,28],[95,384,57],[96,199,97],[96,199,20],[96,199,87],[97,139,48],[97,366,14],[98,239,71],[98,239,59],[98,252,52],[98,252,83]];

jitters = [10000,20000,10000,20000,20000,20000,100000,20000,100000,10000,10000,1000,20000,20000,20000,10000,100000,10000,100000,10000,20000,10000,10000,100000,20000,10000,20000,20000,100000,20000,10000,100000,100000,20000,10000,10000,20000,100000,20000,1000,10000,10000,20000,20000,20000,100000,5000,20000,20000,1000,50000,20000,20000,10000,10000,1000,10000,20000,20000,1000,100000,20000,10000,10000,20000,2000,100000,100000,10000,10000,20000,100000,10000,10000,5000,100000,10000,50000,100000,1000,20000,10000,20000,10000,20000,100000,20000,1000,50000,100000,2000,20000,10000,100000,10000,10000,10000,100000,100000,100000];

