NumChains = 15;
NumResources = 3;
NumRunnablesInChains = 46;
MemoryBoundOnResource = 1048576;
UtilizationBoundOnResource = 100;

numberOfTasksinChain = [3,5,7,3,3,3,5,5,7,5,7,7,5,5,7];

runnablesInChains = [73,56,17,9,2,58,80,53,34,30,63,6,57,75,86,91,18,22,90,86,4,52,54,77,99,84,69,67,5,8,72,6,62,92,85,22,97,10,80,93,20,11,25,37,23,29];

ProcessingTimesOfMessages = [[1,1,1,1,1,1],[1,1,1,1],[1,1,1,1],[1],[1,1],[1,1,1],[1,1,1,1,1],[1,1,1],[1,1],[1,1,1,1,1],[1,1,1],[1,1,1,1,1,1,1,1],[1,1,1,1,1],[1,1],[1,1],[1,1,1,1,1,1,1,1],[1,1,1,1],[1,1],[1],[1,1,1,1,1,1,1],[1,1,1],[1],[1,1,1,1],[],[1,1,1,1],[1,1,1,1],[1,2,1,1],[1,1],[1,1,1,1],[1,1,1,1,1,1],[1,1,1,1],[1,1,1],[1,1],[1,1],[1,1,1],[1,1,1],[1,1],[1,1,1,1,1],[],[1,1,1,1,1],[1],[1,1,1],[1,1],[1,1,1,1,1],[1,1,1,1,1],[1],[1,1,1,1,1,1,1],[],[1,1,1,1],[1,1,1,1,1],[1,1,1,1],[1,1,1,1],[1,1],[1],[],[1],[1,1,1,1],[2,1,1,1,1],[1,1,1],[1],[1,1,1,1],[1],[1,1],[1],[1,1],[],[1],[1,1],[1],[1],[1,1,1,1],[1,1,1],[1,1,1],[1,1,1,1,1,1],[1],[1,1,1,1,1],[1],[],[],[1,1,1],[],[],[1,1,1],[1,1],[1,1],[1,1,1,1,1],[1],[1,1,1,1],[],[1],[1,1],[1,1,1,1],[1,1,1],[1],[1,1],[1,1],[1,1,1],[1,1],[1],[]];

processingTimesRunnables = [11,13,12,4,12,10,15,13,11,11,6,12,6,13,7,8,13,8,10,6,8,10,11,12,11,14,14,16,12,15,13,14,13,8,5,12,13,12,5,14,11,5,10,5,13,11,15,10,15,12,12,11,16,13,13,13,10,9,5,11,15,11,11,13,12,9,12,11,10,14,4,12,12,9,7,13,12,5,13,10,13,14,12,11,11,8,15,5,13,11,6,13,15,12,10,10,11,15,10,13];

periods = [100000,10000,20000,10000,20000,20000,10000,20000,10000,10000,100000,100000,20000,20000,100000,100000,10000,100000,10000,100000,20000,100000,20000,10000,20000,20000,20000,20000,20000,10000,10000,10000,20000,10000,20000,20000,20000,50000,20000,10000,100000,20000,2000,100000,10000,20000,100000,20000,100000,100000,50000,10000,10000,10000,10000,10000,20000,10000,10000,10000,20000,100000,10000,20000,10000,20000,100000,50000,100000,10000,20000,20000,10000,2000,10000,10000,10000,2000,100000,10000,10000,10000,50000,100000,100000,10000,20000,100000,2000,10000,100000,100000,100000,10000,1000,100000,10000,100000,10000,50000];

communicationTimeForOrderCriticalMessages = [1,1,1,1,1,1,1,1,1,1,1,1,1,1,1,1,1,1,1,1,1,1,1,1,1,1,1,1,1,1,1];

sizeOfRunnables = [1013,1220,1103,383,1178,923,1463,1293,1008,1023,588,1155,578,1300,653,728,1300,738,1000,520,713,933,1095,1173,1083,1328,1398,1530,1133,1463,1278,1308,1230,750,423,1198,1238,1170,430,1383,1035,443,970,460,1260,1030,1420,998,1448,1185,1105,1065,1600,1243,1270,1245,970,888,430,1083,1430,1045,1050,1215,1158,843,1118,1090,968,1400,383,1135,1173,820,608,1295,1133,420,1230,938,1233,1350,1188,1028,1095,720,1425,458,1210,1090,593,1298,1495,1193,923,970,1045,1453,945,1208];

SenderLabelReceiverOrderCriticalChains = [[73,342,0,0,56],[17,140,0,0,9],[9,359,0,0,2],[58,376,0,0,80],[80,389,0,0,53],[53,323,0,0,34],[30,194,0,0,63],[6,346,0,0,57],[75,195,0,0,86],[91,63,0,0,18],[18,245,0,0,22],[90,300,0,0,86],[86,5,0,0,4],[52,266,0,0,54],[54,380,0,0,77],[77,20,0,0,99],[84,339,0,0,69],[69,340,0,0,67],[5,213,0,0,8],[8,225,0,0,72],[72,87,0,0,6],[62,110,0,0,92],[92,193,0,0,85],[85,350,0,0,22],[97,297,0,0,10],[10,115,0,0,80],[93,198,0,0,20],[20,109,0,0,11],[25,91,0,0,37],[37,392,0,0,23],[23,323,0,0,29]];

SenderLabelReceiverNonOrderCriticalChains = [[1,193,16],[1,193,85],[1,193,95],[1,282,17],[1,392,23],[1,392,67],[2,11,48],[2,11,100],[2,35,4],[2,255,48],[3,74,31],[3,238,5],[3,238,14],[3,277,56],[4,351,9],[5,196,33],[5,213,8],[6,9,74],[6,148,37],[6,346,57],[7,173,30],[7,280,84],[7,334,24],[7,334,39],[7,348,1],[8,42,13],[8,42,4],[8,225,72],[9,163,55],[9,359,2],[10,24,28],[10,24,79],[10,115,80],[10,275,87],[10,275,40],[11,42,13],[11,42,4],[11,224,19],[12,55,3],[12,55,14],[12,55,24],[12,55,78],[12,232,54],[12,232,24],[12,232,93],[12,325,5],[13,166,28],[13,294,55],[13,294,28],[13,361,43],[13,361,90],[14,145,19],[14,181,64],[15,38,84],[15,270,91],[16,207,21],[16,207,17],[16,207,65],[16,207,25],[16,271,36],[16,271,18],[16,339,23],[16,339,69],[17,140,9],[17,232,54],[17,232,24],[17,232,93],[18,241,41],[18,245,22],[19,274,39],[20,55,3],[20,55,14],[20,55,24],[20,55,78],[20,109,73],[20,109,11],[20,208,41],[21,233,48],[21,246,60],[21,246,29],[22,172,69],[23,101,27],[23,101,94],[23,323,29],[23,323,34],[25,17,22],[25,17,35],[25,29,75],[25,91,37],[26,15,79],[26,75,29],[26,111,69],[26,371,64],[27,94,33],[27,216,72],[27,239,71],[27,239,78],[28,137,15],[28,137,38],[29,207,21],[29,207,17],[29,207,65],[29,207,25],[30,103,82],[30,194,88],[30,194,63],[30,194,81],[30,238,5],[30,238,14],[31,17,22],[31,17,35],[31,34,75],[31,215,46],[32,79,90],[32,191,87],[32,296,34],[33,57,39],[33,353,55],[34,143,60],[34,264,68],[35,168,90],[35,275,87],[35,275,40],[36,308,79],[36,334,24],[36,334,39],[37,392,23],[37,392,67],[38,124,51],[38,186,94],[38,232,54],[38,232,24],[38,232,93],[40,55,3],[40,55,14],[40,55,24],[40,55,78],[40,272,70],[41,159,92],[42,22,41],[42,246,60],[42,246,29],[43,235,66],[43,235,74],[44,87,50],[44,87,6],[44,99,49],[44,326,84],[44,343,85],[45,214,11],[45,271,36],[45,271,18],[45,361,43],[45,361,90],[46,23,66],[47,24,28],[47,24,79],[47,193,16],[47,193,85],[47,193,95],[47,197,8],[47,197,85],[49,206,77],[49,206,96],[49,290,40],[49,298,62],[50,137,15],[50,137,38],[50,194,88],[50,194,63],[50,194,81],[51,170,67],[51,209,78],[51,209,83],[51,387,68],[52,154,59],[52,266,54],[52,299,89],[52,299,76],[53,323,29],[53,323,34],[54,380,77],[56,121,63],[57,127,61],[57,235,66],[57,235,74],[57,289,99],[58,32,63],[58,128,81],[58,321,65],[58,376,80],[58,376,73],[59,14,82],[59,136,81],[59,317,66],[60,263,78],[61,114,43],[61,239,71],[61,239,78],[61,331,95],[62,110,92],[63,376,80],[63,376,73],[64,106,89],[65,209,78],[65,209,83],[67,316,82],[68,350,100],[68,350,22],[69,340,67],[70,67,97],[71,160,62],[71,194,88],[71,194,63],[71,194,81],[72,56,43],[72,87,50],[72,87,6],[73,197,8],[73,197,85],[73,342,56],[74,55,3],[74,55,14],[74,55,24],[74,55,78],[74,299,89],[74,299,76],[75,195,86],[76,62,89],[76,101,27],[76,101,94],[76,206,77],[76,206,96],[77,20,99],[80,37,42],[80,389,53],[80,389,35],[83,11,48],[83,11,100],[83,212,32],[84,339,23],[84,339,69],[85,350,100],[85,350,22],[86,5,4],[86,207,21],[86,207,17],[86,207,65],[86,207,25],[87,302,98],[88,249,70],[88,249,42],[88,294,55],[88,294,28],[90,300,86],[91,63,18],[91,177,65],[92,193,16],[92,193,85],[92,193,95],[92,283,19],[93,164,64],[93,174,100],[93,198,20],[94,89,47],[95,109,73],[95,109,11],[96,113,98],[96,126,98],[97,230,68],[97,297,10],[97,372,46],[98,249,70],[98,249,42],[99,345,37]];

jitters = [100000,10000,20000,10000,20000,20000,10000,20000,10000,10000,100000,100000,20000,20000,100000,100000,10000,100000,10000,100000,20000,100000,20000,10000,20000,20000,20000,20000,20000,10000,10000,10000,20000,10000,20000,20000,20000,50000,20000,10000,100000,20000,2000,100000,10000,20000,100000,20000,100000,100000,50000,10000,10000,10000,10000,10000,20000,10000,10000,10000,20000,100000,10000,20000,10000,20000,100000,50000,100000,10000,20000,20000,10000,2000,10000,10000,10000,2000,100000,10000,10000,10000,50000,100000,100000,10000,20000,100000,2000,10000,100000,100000,100000,10000,1000,100000,10000,100000,10000,50000];

