NumChains = 15;
NumResources = 3;
NumRunnablesInChains = 45;
MemoryBoundOnResource = 1048576;
UtilizationBoundOnResource = 100;

numberOfTasksinChain = [7,7,3,5,7,3,5,5,3,7,3,7,5,3,5];

runnablesInChains = [2,13,4,46,14,82,95,25,47,76,19,79,47,44,86,36,79,39,95,66,65,88,94,1,48,6,14,51,63,6,21,92,83,38,26,63,71,9,80,48,68,83,72,12,34];

ProcessingTimesOfMessages = [[1,1,1,1,1],[1,1,1,1],[1,1,1,1],[1,1,1,1],[1,1,1,1,1],[1,1,1,1],[1,1,1,1],[1,1,1,1],[1,1,1,1,1,1],[1,1,1,1],[1,1],[1,1,1],[1],[1],[1,1,1,1],[1,1,1],[1,1,1],[1,1,1,1],[1,1,1,1],[1],[1],[1,1,1],[1,1,1,1,1,1],[1,1,1,1],[1],[1,1,1],[1,1,1,1],[1,2,2],[1,1,1,1],[2,2,1,1],[1,1,1,1],[1,1,1],[1,1,1,1],[1],[1],[1,1],[1],[1,1],[1,1,1,1],[1,1],[1,1,1],[1],[1,1],[1,1],[1],[1,1,1,1],[1],[],[1],[1,1,1,1,1],[1,1,1,1,1,1],[1,1],[1,1,1],[1,1,1],[1,1],[1,1,1,1],[],[],[1,1,1],[1,1],[1],[1,1,1,1,1],[1,1],[1,1,1],[1,1,1],[1],[1],[1,1,1,1,1],[1,1,1,1],[1,1],[1,1],[1,1],[1],[1,1,1,1],[1],[1,1],[1,1],[1,1],[1],[1],[1,1],[1],[],[1,1,1],[1,1],[1,1,1],[1,1],[],[1,1,1,1,1],[1],[],[1,1,1],[1,1,1],[1,1,1],[1,1,1],[],[1,1],[1],[1],[1]];

processingTimesRunnables = [12,11,10,6,8,15,13,5,13,6,13,12,15,6,12,4,15,8,10,13,11,12,5,7,12,12,11,11,11,7,11,12,7,13,15,11,6,15,9,13,8,11,8,6,12,13,10,11,13,5,6,10,8,12,12,13,13,12,6,13,8,5,15,14,15,13,16,12,10,11,5,9,13,12,9,12,10,14,10,12,8,4,11,8,10,17,7,11,12,4,12,13,7,12,7,8,11,6,11,10];

periods = [10000,5000,100000,5000,20000,100000,100000,100000,10000,20000,20000,20000,5000,100000,20000,100000,20000,2000,10000,5000,100000,20000,1000,10000,100000,100000,20000,10000,10000,20000,10000,5000,20000,20000,10000,10000,20000,100000,100000,20000,10000,20000,100000,10000,10000,5000,10000,10000,20000,100000,100000,20000,100000,50000,50000,20000,100000,2000,100000,20000,100000,1000,100000,5000,10000,10000,20000,100000,20000,20000,100000,20000,20000,1000,100000,10000,20000,1000,10000,10000,10000,100000,100000,5000,20000,10000,20000,10000,20000,20000,20000,100000,20000,10000,100000,100000,100000,100000,1000,10000];

communicationTimeForOrderCriticalMessages = [1,1,1,1,1,1,1,1,1,1,1,1,1,1,1,1,1,1,1,1,1,1,1,1,1,1,1,1,1,1];

sizeOfRunnables = [1178,1035,910,535,768,1458,1268,445,1218,595,1300,1150,1498,543,1200,378,1430,735,960,1263,1090,1148,488,668,1178,1155,1030,1073,1090,653,1073,1165,615,1280,1470,1060,528,1410,808,1218,748,1100,723,520,1128,1210,983,1008,1223,443,600,978,790,1140,1183,1233,1223,1170,535,1293,783,408,1410,1308,1498,1225,1595,1193,933,1090,468,863,1253,1133,900,1113,933,1308,945,1198,743,385,1008,768,985,1615,685,1043,1118,400,1133,1220,678,1120,685,715,1083,533,1098,933];

SenderLabelReceiverOrderCriticalChains = [[2,20,0,0,13],[13,221,0,0,4],[4,113,0,0,46],[14,359,0,0,82],[82,129,0,0,95],[95,251,0,0,25],[47,25,0,0,76],[19,93,0,0,79],[79,296,0,0,47],[44,64,0,0,86],[86,182,0,0,36],[36,200,0,0,79],[39,73,0,0,95],[66,353,0,0,65],[65,203,0,0,88],[94,216,0,0,1],[1,361,0,0,48],[6,182,0,0,14],[51,291,0,0,63],[63,51,0,0,6],[6,203,0,0,21],[92,190,0,0,83],[38,101,0,0,26],[26,349,0,0,63],[63,61,0,0,71],[9,397,0,0,80],[80,260,0,0,48],[68,168,0,0,83],[72,108,0,0,12],[12,383,0,0,34]];

SenderLabelReceiverNonOrderCriticalChains = [[1,26,28],[1,26,97],[1,26,24],[1,150,31],[1,361,48],[2,20,13],[2,84,32],[2,189,8],[2,189,32],[3,218,4],[3,244,6],[3,254,96],[3,370,7],[4,113,35],[4,113,46],[4,113,57],[4,295,20],[5,83,91],[5,257,76],[5,325,13],[5,325,35],[5,373,10],[6,182,14],[6,182,36],[6,203,21],[6,203,88],[7,5,43],[7,5,84],[7,280,14],[7,392,55],[8,170,34],[8,170,82],[8,249,40],[8,348,20],[9,173,16],[9,324,67],[9,324,81],[9,325,13],[9,325,35],[9,397,80],[10,74,11],[10,152,11],[10,352,33],[10,352,46],[11,76,83],[11,76,15],[12,56,73],[12,112,49],[12,383,34],[13,221,4],[14,359,82],[15,14,22],[15,154,77],[15,170,34],[15,170,82],[16,81,61],[16,265,21],[16,265,57],[17,58,30],[17,97,18],[17,112,49],[18,227,58],[18,227,78],[18,259,58],[18,394,38],[19,32,66],[19,93,79],[19,239,85],[19,320,52],[20,289,37],[21,395,80],[22,111,25],[22,321,49],[22,356,34],[23,115,60],[23,127,62],[23,227,58],[23,227,78],[23,246,52],[23,246,42],[24,6,31],[24,101,29],[24,101,26],[24,133,81],[25,264,39],[26,1,68],[26,317,92],[26,349,63],[27,246,52],[27,246,42],[27,251,53],[27,251,25],[28,35,36],[28,231,60],[28,231,81],[29,137,41],[29,159,88],[29,284,61],[29,284,69],[30,231,60],[30,231,81],[30,337,20],[30,337,87],[31,73,70],[31,73,42],[31,73,66],[31,73,95],[32,352,33],[32,352,46],[32,355,64],[33,157,91],[33,168,83],[33,168,72],[33,274,37],[34,304,40],[35,219,88],[36,200,39],[36,200,79],[37,381,45],[38,101,29],[38,101,26],[39,73,70],[39,73,42],[39,73,66],[39,73,95],[40,39,73],[40,303,52],[41,30,48],[41,135,44],[41,153,86],[42,11,57],[43,99,11],[43,302,59],[44,64,86],[44,66,47],[45,29,94],[46,26,28],[46,26,97],[46,26,24],[46,261,75],[47,25,76],[49,379,53],[50,43,77],[50,105,96],[50,113,35],[50,113,46],[50,113,57],[51,73,70],[51,73,42],[51,73,66],[51,73,95],[51,291,63],[51,322,82],[52,214,69],[52,214,84],[53,258,45],[53,265,21],[53,265,57],[54,24,67],[54,27,55],[54,27,31],[55,247,27],[55,400,38],[56,27,55],[56,27,31],[56,160,77],[56,236,74],[59,284,61],[59,284,69],[59,341,49],[60,318,58],[60,331,45],[61,116,71],[62,26,28],[62,26,97],[62,26,24],[62,102,74],[62,201,78],[63,51,6],[63,61,71],[64,206,67],[64,206,100],[64,206,16],[65,161,42],[65,203,21],[65,203,88],[66,353,65],[67,329,69],[68,168,83],[68,168,72],[68,206,67],[68,206,100],[68,206,16],[69,73,70],[69,73,42],[69,73,66],[69,73,95],[70,215,90],[70,278,84],[71,76,83],[71,76,15],[72,108,12],[72,144,85],[73,204,75],[74,5,43],[74,5,84],[74,337,20],[74,337,87],[75,163,96],[76,229,54],[76,378,37],[77,59,44],[77,59,56],[78,125,64],[78,263,99],[79,296,47],[80,260,48],[81,189,8],[81,189,32],[82,129,95],[84,113,35],[84,113,46],[84,113,57],[85,103,47],[85,169,93],[86,182,14],[86,182,36],[86,340,100],[87,44,50],[87,269,90],[89,42,91],[89,65,91],[89,214,69],[89,214,84],[89,292,93],[90,180,58],[92,59,44],[92,59,56],[92,190,83],[93,206,67],[93,206,100],[93,206,16],[94,216,1],[94,324,67],[94,324,81],[95,21,99],[95,251,53],[95,251,25],[97,86,98],[97,234,98],[98,140,66],[99,387,48],[100,62,75]];

jitters = [10000,5000,100000,5000,20000,100000,100000,100000,10000,20000,20000,20000,5000,100000,20000,100000,20000,2000,10000,5000,100000,20000,1000,10000,100000,100000,20000,10000,10000,20000,10000,5000,20000,20000,10000,10000,20000,100000,100000,20000,10000,20000,100000,10000,10000,5000,10000,10000,20000,100000,100000,20000,100000,50000,50000,20000,100000,2000,100000,20000,100000,1000,100000,5000,10000,10000,20000,100000,20000,20000,100000,20000,20000,1000,100000,10000,20000,1000,10000,10000,10000,100000,100000,5000,20000,10000,20000,10000,20000,20000,20000,100000,20000,10000,100000,100000,100000,100000,1000,10000];

