numChains = 15;

numberOfTasksinChain = [7,7,5,7,5,5,7,3,5,7,7,5,5,3,5];

runnablesInChains = [66,12,97,42,27,68,48,39,7,41,57,62,13,21,35,6,2,50,63,74,46,14,72,71,57,80,73,38,89,62,9,2,67,12,17,87,7,3,22,55,38,20,36,100,69,71,61,50,60];

processingTimesOfMessages = [[1,1,1,1,1,1,1],[1,1],[1,1,1],[1,1,1,1],[1,1,1,1,1,1],[1,1,1],[1,1,1,1],[1,1],[1,1,1,1,1],[1,1,1,1],[1,1,1,1],[1,1],[1,1,1,1],[1,1,1,1],[1,1,1],[1,1],[1,1,1,1,1],[1,1,1,1],[1,1],[1,1,1,1,1,1],[1,1],[1,1,1,1,1,1,1],[1],[1,1,1,1],[1,1,1,1,1],[1,1],[1,1,1,1],[1,1,1],[1,1],[1,1],[],[1,1,1,1],[1,1],[1,1,1,1],[1,1,1,1],[1,1,1],[1,1,1],[1,1,1],[1,1,1],[1,1],[1,1,1,1,1,1,1],[],[1,1,1,1,1],[],[1,1],[1,1],[1,1,1,1,1,1],[1,1],[],[1],[1,1,1],[1],[1,1],[1,1,1,1],[1],[1,1],[],[1,1],[1,1,1],[],[1,1],[1,1],[1,1],[1],[1,1,1,1],[1,1],[1],[1,1],[1,1],[],[1,1,1],[1,1],[1],[1],[1],[1,1],[1,1],[1,1,1,1,1],[],[1,1,1],[1,1,1],[1,1],[1],[1],[],[],[1,1],[1],[1,1],[1],[1,1],[1],[1,1],[],[1],[],[1,1],[],[1,1,1,1],[]];

processingTimesRunnables = [17,10,13,16,15,16,13,13,17,16,14,15,14,14,18,17,13,15,11,15,13,14,8,16,9,10,14,8,21,15,16,21,14,10,15,14,15,17,16,13,16,15,13,17,11,19,13,16,14,19,14,9,7,14,18,15,20,11,14,16,13,15,13,17,15,18,18,17,18,11,12,10,19,17,18,11,17,9,7,12,15,19,16,7,9,20,15,21,15,14,15,17,13,12,17,7,16,17,13,7];

periods = [20000,100000,10000,100000,100000,100000,10000,20000,100000,1000,100000,100000,20000,10000,100000,10000,10000,10000,100000,20000,20000,20000,20000,100000,100000,1000,20000,10000,20000,10000,20000,10000,20000,10000,20000,20000,10000,20000,20000,20000,10000,100000,20000,20000,2000,10000,50000,20000,10000,100000,2000,50000,20000,20000,20000,20000,10000,20000,1000,100000,100000,20000,10000,20000,100000,100000,100000,20000,10000,100000,10000,10000,5000,10000,20000,10000,20000,20000,100000,5000,20000,100000,100000,50000,20000,20000,10000,20000,20000,10000,100000,20000,20000,20000,10000,100000,100000,20000,20000,20000];

communicationTimeForOrderCriticalMessages = [1,1,1,1,1,1,1,1,1,1,1,1,1,1,1,1,1,1,1,1,1,1,1,1,1,1,1,1,1,1,1,1,1,1];

sizeOfRunnables = [1,1,1,1,1,1,1,1,1,1,1,1,1,1,1,1,1,1,1,1,1,1,1,1,1,1,1,1,1,1,1,1,1,1,1,1,1,1,1,1,1,1,1,1,1,1,1,1,1,1,1,1,1,1,1,1,1,1,1,1,1,1,1,1,1,1,1,1,1,1,1,1,1,1,1,1,1,1,1,1,1,1,1,1,1,1,1,1,1,1,1,1,1,1,1,1,1,1,1,1];

senderLabelReceiverOrderCriticalChains = [[66,253,0,0,12],[12,105,0,0,97],[97,23,0,0,42],[27,67,0,0,68],[68,102,0,0,48],[48,207,0,0,39],[7,8,282,0,41],[41,95,0,0,57],[62,338,0,0,13],[13,384,0,0,21],[21,349,0,0,35],[6,55,0,0,2],[2,273,0,0,50],[63,21,0,0,74],[74,112,268,0,46],[14,264,0,0,72],[72,311,0,0,71],[71,290,0,0,57],[80,144,228,0,73],[38,32,0,0,89],[89,121,0,0,62],[9,152,0,0,2],[2,279,0,0,67],[67,236,0,0,12],[17,314,0,0,87],[87,284,0,0,7],[7,389,0,0,3],[22,176,0,0,55],[55,2,0,0,38],[20,100,0,0,36],[36,338,0,0,100],[69,382,0,0,71],[61,194,0,0,50],[50,355,0,0,60]];

senderLabelReceiverNonOrderCriticalChains = [[1,67,56],[1,67,68],[1,238,8],[1,238,10],[1,255,86],[1,255,43],[1,255,34],[2,273,50],[2,279,67],[3,76,6],[3,135,11],[3,183,85],[4,109,79],[4,109,94],[4,326,42],[4,395,8],[5,122,36],[5,122,96],[5,202,29],[5,202,79],[5,290,65],[5,290,57],[6,55,2],[6,56,9],[6,184,19],[7,282,41],[7,384,14],[7,384,21],[7,389,3],[8,325,13],[8,380,35],[9,31,50],[9,152,2],[9,152,70],[9,200,44],[9,200,11],[10,88,26],[10,104,26],[10,259,52],[10,259,91],[11,95,57],[11,95,76],[11,95,42],[11,95,95],[12,78,60],[12,105,97],[13,262,82],[13,262,22],[13,384,14],[13,384,21],[14,240,16],[14,264,72],[14,264,85],[14,359,86],[15,22,32],[15,69,61],[15,235,87],[16,140,49],[16,140,63],[17,141,28],[17,255,86],[17,255,43],[17,255,34],[17,314,87],[18,133,16],[18,133,33],[18,155,21],[18,248,69],[19,33,67],[19,334,67],[20,100,36],[20,100,86],[20,202,29],[20,202,79],[20,322,77],[20,324,98],[21,222,29],[21,349,35],[22,7,23],[22,176,49],[22,176,57],[22,176,55],[22,255,86],[22,255,43],[22,255,34],[23,145,55],[24,4,70],[24,24,96],[24,262,82],[24,262,22],[25,211,82],[25,211,92],[25,256,30],[25,368,84],[25,392,96],[26,140,49],[26,140,63],[27,67,56],[27,67,68],[27,186,33],[27,293,83],[28,110,37],[28,297,24],[28,341,44],[29,40,31],[29,75,31],[30,238,8],[30,238,10],[32,176,49],[32,176,57],[32,176,55],[32,275,37],[33,8,78],[33,8,93],[34,95,57],[34,95,76],[34,95,42],[34,95,95],[35,122,36],[35,122,96],[35,152,2],[35,152,70],[36,219,45],[36,338,13],[36,338,100],[37,26,4],[37,100,36],[37,100,86],[38,16,98],[38,32,89],[38,197,75],[39,108,40],[39,356,44],[39,367,53],[40,232,62],[40,360,66],[41,8,78],[41,8,93],[41,95,57],[41,95,76],[41,95,42],[41,95,95],[41,118,31],[43,170,79],[43,170,18],[43,200,44],[43,200,11],[43,386,53],[45,34,51],[45,278,51],[46,216,57],[46,268,74],[47,97,94],[47,228,52],[47,228,73],[47,259,52],[47,259,91],[47,287,52],[48,64,88],[48,207,39],[50,355,60],[51,53,54],[51,133,16],[51,133,33],[52,59,84],[53,61,26],[53,190,77],[54,65,83],[54,65,91],[54,180,81],[54,298,64],[55,2,38],[56,301,30],[56,357,88],[58,143,17],[58,249,34],[59,146,64],[59,174,73],[59,260,60],[61,119,16],[61,194,50],[62,338,13],[62,338,100],[63,21,74],[63,370,90],[64,20,75],[65,109,79],[65,109,94],[65,231,100],[65,231,91],[66,74,34],[66,253,12],[67,236,12],[68,102,48],[68,193,90],[69,210,58],[69,382,71],[71,107,31],[71,290,65],[71,290,57],[72,291,74],[72,311,71],[73,144,80],[74,112,46],[75,42,60],[76,106,96],[76,178,90],[77,264,72],[77,264,85],[78,95,57],[78,95,76],[78,95,42],[78,95,95],[78,165,85],[80,228,52],[80,228,73],[80,346,64],[81,211,82],[81,211,92],[81,377,94],[82,65,83],[82,65,91],[83,354,100],[84,399,78],[87,25,23],[87,284,7],[88,14,94],[89,121,62],[89,369,92],[90,37,95],[91,170,79],[91,170,18],[92,192,45],[93,195,98],[93,358,70],[95,345,48],[97,23,42],[97,352,1],[99,103,100],[99,231,100],[99,231,91],[99,274,32]];

