NumChains = 15;
NumResources = 3;
NumRunnablesInChains = 39;
MemoryBoundOnResource = 1048576;
UtilizationBoundOnResource = 100;

numberOfTasksinChain = [3,5,3,3,3,3,3,5,3,7,3,5,3,7,7];

runnablesInChains = [44,1,69,19,81,27,50,84,8,25,8,46,66,32,68,41,93,73,60,65,77,75,55,58,18,19,56,86,22,57,71,26,69,96,100,48,74,77,90];

ProcessingTimesOfMessages = [[1,1,1],[1,1,1,1],[1,1,1,1],[1,1],[1,1],[1,1,1,1],[1,1,1],[1,1],[1,1,1,1,1,1],[1,1],[1,1],[1,1,1,1,1],[1,1,1],[1,1,1,1,1,1,1,1],[1,1,1,1],[1,1,1,1],[1,1,1,1],[1,1,1,1,1,1,1,1,1],[1],[1,1,1],[1,1,1,1],[1,1,1,1],[],[],[1,1],[1,1],[1],[1],[1,1,1],[1,1,1,1,1,1,1],[1],[1,1],[1,1],[1,1,1,1,1],[1,1,1,1],[1],[1,1,1],[1],[1,1],[1,1],[1,1,1,1,1,1,1,1],[1,1],[1],[1,1,1,1,1,1],[1],[1,1,1,1,1],[1],[1,1,1,1,1,1],[1,1,1,1,1],[],[1,1],[1,1],[1],[1,1],[1,1,1,1],[1],[1,1,1,1,1,1],[1],[1,1],[1],[1],[1,1],[1],[1,1],[1,1,1],[1,1],[1,1,1,1],[1,1],[1,1,1],[1,1],[],[1,1],[1,1],[1,1],[1,1,1],[1,1,1],[1,1],[],[1,1],[1,1,2,1],[1,1],[1,1],[1,1,1,1,1],[1,1,1],[1,1,1,1],[1],[1,1],[1,1],[],[],[],[],[1],[1],[],[1,1,1],[],[1],[1],[1,1]];

processingTimesRunnables = [9,16,5,6,10,13,12,9,7,10,6,10,11,12,17,13,9,13,13,13,5,10,9,13,10,8,12,5,10,13,8,14,8,11,11,5,8,13,11,11,10,7,10,15,12,11,8,11,11,16,13,11,12,5,6,5,9,8,13,15,11,5,6,14,5,11,7,11,13,9,13,12,13,6,14,16,8,15,10,11,15,10,4,11,5,6,6,12,13,15,5,9,13,9,10,13,14,12,6,13];

periods = [50000,100000,100000,20000,10000,100000,20000,10000,2000,10000,100000,20000,100000,100000,10000,20000,20000,10000,10000,20000,10000,100000,2000,100000,10000,10000,20000,100000,2000,50000,20000,100000,10000,100000,20000,10000,10000,20000,100000,10000,5000,20000,10000,50000,100000,100000,100000,20000,100000,20000,100000,20000,100000,20000,20000,100000,1000,20000,10000,20000,2000,20000,100000,100000,20000,100000,20000,100000,10000,100000,1000,20000,5000,20000,20000,10000,20000,100000,100000,20000,10000,10000,20000,10000,20000,100000,20000,100000,10000,20000,100000,10000,5000,2000,50000,10000,20000,10000,20000,10000];

communicationTimeForOrderCriticalMessages = [1,1,1,1,1,1,1,1,1,1,1,1,1,1,1,1,1,1,1,1,1,1,1,1];

sizeOfRunnables = [895,1568,468,580,948,1300,1170,828,615,953,510,968,1008,1165,1620,1258,868,1235,1275,1203,465,970,813,1245,938,765,1170,483,938,1230,723,1305,775,1038,1075,458,750,1210,1083,1073,983,655,948,1420,1105,1058,798,1053,1020,1563,1275,1038,1193,460,518,438,833,788,1268,1405,1073,478,548,1378,490,1075,608,1083,1248,825,1225,1118,1300,575,1383,1578,728,1458,1000,1088,1453,960,398,1075,405,563,578,1148,1215,1438,413,820,1225,855,913,1268,1335,1165,525,1235];

SenderLabelReceiverOrderCriticalChains = [[44,381,0,0,1],[69,252,0,0,19],[19,187,0,0,81],[27,377,0,0,50],[84,126,0,0,8],[25,271,0,0,8],[46,218,0,0,66],[32,209,0,0,68],[41,233,0,0,93],[93,119,247,0,73],[60,142,0,0,65],[77,128,0,0,75],[75,296,0,0,55],[55,266,0,0,58],[18,302,0,0,19],[56,283,0,0,86],[86,13,0,0,22],[57,194,359,0,71],[26,322,0,0,69],[69,341,0,0,96],[96,361,0,0,100],[48,302,0,0,74],[74,335,0,0,77],[77,370,0,0,90]];

SenderLabelReceiverNonOrderCriticalChains = [[1,242,13],[1,282,2],[1,282,97],[2,10,6],[2,10,38],[2,10,92],[2,283,86],[3,328,90],[3,328,86],[3,332,6],[3,340,19],[4,37,75],[4,392,45],[5,306,26],[5,306,10],[6,153,66],[6,361,11],[6,361,24],[6,361,100],[7,52,12],[7,131,87],[7,286,42],[8,253,21],[8,291,42],[9,38,17],[9,139,4],[9,139,62],[9,207,23],[9,278,5],[9,278,23],[10,39,30],[10,177,15],[11,391,24],[11,398,73],[12,10,6],[12,10,38],[12,10,92],[12,297,35],[12,396,38],[13,26,43],[13,26,56],[13,53,72],[14,117,32],[14,127,23],[14,233,93],[14,233,44],[14,233,46],[14,233,36],[14,390,27],[14,390,51],[15,72,31],[15,72,92],[15,158,25],[15,158,70],[16,103,52],[16,137,95],[16,160,50],[16,230,38],[17,59,48],[17,121,31],[17,390,27],[17,390,51],[18,233,93],[18,233,44],[18,233,46],[18,233,36],[18,302,74],[18,302,19],[18,306,26],[18,306,10],[18,365,80],[19,187,81],[20,21,10],[20,154,94],[20,285,54],[21,236,40],[21,294,24],[21,294,53],[21,307,26],[22,194,39],[22,194,71],[22,204,28],[22,250,88],[25,271,8],[25,343,11],[26,106,36],[26,322,69],[27,377,50],[28,251,20],[29,58,61],[29,129,61],[29,156,61],[30,80,95],[30,157,3],[30,157,59],[30,233,93],[30,233,44],[30,233,46],[30,233,36],[31,176,50],[32,209,68],[32,269,53],[33,70,89],[33,275,24],[34,102,47],[34,143,66],[34,158,25],[34,158,70],[34,201,53],[35,98,45],[35,197,94],[35,328,90],[35,328,86],[36,25,97],[37,149,40],[37,157,3],[37,157,59],[38,399,54],[39,259,58],[39,259,100],[40,87,43],[40,189,99],[41,14,36],[41,81,73],[41,139,4],[41,139,62],[41,233,93],[41,233,44],[41,233,46],[41,233,36],[42,159,84],[42,304,97],[43,344,69],[44,10,6],[44,10,38],[44,10,92],[44,190,95],[44,381,76],[44,381,1],[45,265,47],[46,210,52],[46,210,71],[46,218,66],[46,353,79],[46,353,90],[47,393,79],[48,273,60],[48,302,74],[48,302,19],[48,361,11],[48,361,24],[48,361,100],[49,134,51],[49,134,98],[49,243,72],[49,292,63],[49,292,33],[51,292,63],[51,292,33],[52,312,28],[52,339,64],[53,135,65],[54,278,5],[54,278,23],[55,72,31],[55,72,92],[55,258,60],[55,266,58],[56,283,86],[57,133,62],[57,194,39],[57,194,71],[57,359,71],[57,381,76],[57,381,1],[58,5,33],[59,61,31],[59,69,54],[60,142,65],[61,274,39],[62,353,79],[62,353,90],[63,333,64],[64,96,78],[64,228,78],[65,100,99],[65,282,2],[65,282,97],[66,119,93],[66,119,5],[67,79,5],[67,164,72],[67,259,58],[67,259,100],[68,210,52],[68,210,71],[69,252,19],[69,341,96],[69,341,56],[70,107,4],[70,237,78],[72,118,37],[72,118,62],[73,119,93],[73,119,5],[74,108,63],[74,335,77],[75,296,85],[75,296,55],[75,299,32],[76,134,51],[76,134,98],[76,257,82],[77,128,75],[77,370,90],[79,317,43],[79,357,91],[80,26,43],[80,26,56],[80,112,1],[80,319,37],[81,167,98],[81,272,96],[82,30,98],[82,132,89],[83,294,24],[83,294,53],[83,296,85],[83,296,55],[83,329,2],[84,124,92],[84,126,8],[84,215,27],[85,104,97],[85,325,89],[85,341,96],[85,341,56],[86,13,22],[87,54,90],[87,348,29],[88,114,91],[88,255,91],[93,247,73],[94,145,28],[96,361,11],[96,361,24],[96,361,100],[98,188,7],[99,89,68],[100,118,37],[100,118,62]];

jitters = [50000,100000,100000,20000,10000,100000,20000,10000,2000,10000,100000,20000,100000,100000,10000,20000,20000,10000,10000,20000,10000,100000,2000,100000,10000,10000,20000,100000,2000,50000,20000,100000,10000,100000,20000,10000,10000,20000,100000,10000,5000,20000,10000,50000,100000,100000,100000,20000,100000,20000,100000,20000,100000,20000,20000,100000,1000,20000,10000,20000,2000,20000,100000,100000,20000,100000,20000,100000,10000,100000,1000,20000,5000,20000,20000,10000,20000,100000,100000,20000,10000,10000,20000,10000,20000,100000,20000,100000,10000,20000,100000,10000,5000,2000,50000,10000,20000,10000,20000,10000];

