NumChains = 15;
NumResources = 3;
NumRunnablesInChains = 45;
MemoryBoundOnResource = 1048576;
UtilizationBoundOnResource = 100;

numberOfTasksinChain = [5,3,5,3,5,5,5,5,7,3,7,5,5,7,5];

runnablesInChains = [27,8,50,59,3,86,67,49,38,45,52,15,99,23,77,53,87,1,56,28,18,11,35,6,36,97,80,23,71,67,62,14,25,90,43,100,32,24,39,66,50,89,74,86,10];

ProcessingTimesOfMessages = [[1,1],[1,1],[1,1],[1,1,1],[1,1,1,1,1],[1,1,1,1],[1,1,1,1],[1,1,1],[1,1],[1,1],[1,1,1,1],[1],[1,1,1,1,1,1,1],[1],[1,1,1],[1,1,2],[1,1,1,1,1],[1,1,1,1],[1,1,1,1],[1,1,1,1,1],[1,1,1,1,1,1],[1,1,1],[1,1,1],[],[1,1,1,1],[1],[1,1,1,1,1,1,1],[1,1,1,1,1],[1,1,1],[1],[1,1,1],[1,1,1,1],[1],[1,1,1,1],[1,1,1,1,1],[1,1,1,1],[1,1,1,1],[1,1,1],[1,1,1,1,1],[1,1,1,1,1,1,1],[1,1],[1,1,1],[1,1,1],[1,1],[],[1,1],[1,1,1,1],[1,1,1,1,1],[],[1,1,1],[],[1,1,1,1],[1,1,1],[1,1],[1],[1],[],[1,1],[1,1,1,1],[1,1,1,1,1],[],[1],[],[1,1,1,1],[1,1,1,1],[1,1,1,1],[1,1,1,1],[1,1],[1,1,1,1,1],[1,1],[1,1],[1,1,1,1],[],[1],[],[1,1,1,1],[1],[1],[1,1],[1,1,1,1,1],[1,1,1,1,1],[1,1],[1],[1,1,1],[1,1,1],[1,1],[1,1,1,1,1],[1,1,1,1,1],[1],[1,1],[],[1,1,1],[],[1],[],[1,1,1],[1,1],[],[1],[1,1,1]];

processingTimesRunnables = [11,13,13,8,14,13,5,13,12,12,14,13,13,11,16,15,14,9,8,13,13,11,10,12,13,12,13,9,15,10,9,7,8,16,13,15,7,12,12,12,13,6,10,10,7,5,12,6,11,10,13,11,7,10,14,10,13,10,11,12,4,9,16,9,13,16,8,13,5,12,10,11,12,12,14,12,7,12,10,14,6,12,14,11,13,11,12,7,13,13,14,5,9,9,12,10,11,5,16,10];

periods = [10000,2000,20000,20000,100000,100000,20000,10000,100000,20000,100000,20000,20000,20000,100000,10000,100000,100000,20000,10000,10000,50000,20000,10000,100000,1000,10000,100000,20000,10000,10000,10000,20000,10000,100000,100000,20000,50000,10000,10000,10000,2000,100000,1000,50000,2000,100000,100000,20000,10000,10000,100000,20000,10000,10000,10000,100000,20000,20000,10000,10000,20000,100000,10000,1000,10000,20000,10000,20000,20000,20000,10000,1000,20000,10000,20000,20000,100000,2000,20000,10000,100000,10000,100000,10000,20000,10000,100000,10000,100000,5000,20000,10000,2000,10000,10000,100000,20000,100000,10000];

communicationTimeForOrderCriticalMessages = [1,1,1,1,1,1,1,1,1,1,1,1,1,1,1,1,1,1,1,1,1,1,1,1,1,1,1,1,1,1];

sizeOfRunnables = [1023,1220,1300,775,1318,1245,428,1248,1108,1200,1340,1253,1210,1023,1523,1470,1360,820,708,1295,1283,1015,963,1125,1208,1155,1278,880,1485,978,850,615,773,1550,1285,1443,700,1180,1120,1155,1233,510,953,928,645,490,1193,555,1090,1000,1243,1060,668,1000,1305,938,1285,940,1088,1183,390,843,1550,878,1278,1530,783,1268,415,1155,998,1050,1148,1178,1333,1118,630,1163,903,1305,518,1118,1313,1045,1225,1095,1158,653,1270,1218,1308,435,848,815,1170,985,1008,500,1550,970];

SenderLabelReceiverOrderCriticalChains = [[27,44,0,0,8],[8,51,0,0,50],[59,236,378,0,3],[86,30,0,0,67],[67,47,0,0,49],[38,387,0,0,45],[52,314,0,0,15],[15,144,0,0,99],[23,301,0,0,77],[77,19,0,0,53],[87,337,0,0,1],[1,353,0,0,56],[28,264,0,0,18],[18,271,0,0,11],[35,156,0,0,6],[6,394,0,0,36],[36,322,0,0,97],[80,304,0,0,23],[71,151,0,0,67],[67,256,0,0,62],[62,65,0,0,14],[25,256,0,0,90],[90,362,0,0,43],[100,291,0,0,32],[32,271,0,0,24],[39,104,0,0,66],[66,331,0,0,50],[50,233,0,0,89],[74,312,0,0,86],[86,41,0,0,10]];

SenderLabelReceiverNonOrderCriticalChains = [[1,249,6],[1,353,56],[2,26,46],[2,191,22],[3,378,59],[3,386,4],[4,102,74],[4,238,61],[4,317,7],[5,118,9],[5,118,71],[5,231,30],[5,269,98],[5,269,15],[6,144,99],[6,144,9],[6,144,78],[6,394,36],[7,67,29],[7,67,10],[7,68,13],[7,370,12],[8,51,50],[8,101,16],[8,130,37],[9,208,61],[9,336,11],[10,57,12],[10,97,49],[11,337,1],[11,337,55],[11,337,95],[11,337,25],[12,162,33],[13,111,91],[13,111,75],[13,111,76],[13,157,57],[13,157,63],[13,330,95],[13,330,33],[14,213,19],[15,144,99],[15,144,9],[15,144,78],[16,272,30],[16,350,31],[16,373,87],[17,43,84],[17,144,99],[17,144,9],[17,144,78],[17,382,22],[18,179,58],[18,271,11],[18,271,24],[18,271,89],[19,200,26],[19,233,41],[19,233,89],[19,233,71],[20,70,63],[20,156,6],[20,156,24],[20,177,2],[20,359,34],[21,120,57],[21,120,63],[21,155,15],[21,155,62],[21,330,95],[21,330,33],[22,21,38],[22,291,38],[22,291,32],[23,49,60],[23,301,77],[23,301,81],[25,151,100],[25,151,67],[25,256,90],[25,256,62],[26,85,24],[27,44,8],[27,111,91],[27,111,75],[27,111,76],[27,209,26],[27,232,56],[27,232,72],[28,198,49],[28,215,94],[28,264,18],[28,264,91],[28,344,47],[29,111,91],[29,111,75],[29,111,76],[30,320,83],[31,54,32],[31,115,89],[31,115,12],[32,169,3],[32,271,11],[32,271,24],[32,271,89],[33,89,70],[34,2,58],[34,2,93],[34,115,89],[34,115,12],[35,107,82],[35,156,6],[35,156,24],[35,264,18],[35,264,91],[36,297,84],[36,322,97],[36,332,43],[36,332,80],[37,15,45],[37,73,54],[37,73,82],[37,113,85],[38,212,40],[38,212,25],[38,387,45],[39,76,85],[39,104,66],[39,120,57],[39,120,63],[39,227,11],[40,277,51],[40,277,77],[40,337,1],[40,337,55],[40,337,95],[40,337,25],[40,396,29],[41,72,50],[41,352,54],[42,159,79],[42,189,46],[42,347,46],[43,233,41],[43,233,89],[43,233,71],[44,295,65],[44,376,74],[46,349,51],[46,349,73],[47,122,73],[47,122,98],[47,164,51],[47,164,92],[48,124,95],[48,157,57],[48,157,63],[48,283,96],[48,303,52],[50,233,41],[50,233,89],[50,233,71],[52,188,17],[52,188,57],[52,314,15],[52,345,88],[53,118,9],[53,118,71],[53,315,45],[54,361,29],[54,385,68],[55,211,56],[56,329,70],[58,164,51],[58,164,92],[59,37,76],[59,102,74],[59,236,3],[59,236,2],[60,47,49],[60,47,61],[60,64,64],[60,155,15],[60,155,62],[62,65,14],[64,78,93],[64,271,11],[64,271,24],[64,271,89],[65,122,73],[65,122,98],[65,349,51],[65,349,73],[66,247,68],[66,331,50],[66,332,43],[66,332,80],[67,47,49],[67,47,61],[67,256,90],[67,256,62],[68,73,54],[68,73,82],[69,11,93],[69,223,91],[69,277,51],[69,277,77],[69,371,75],[70,5,87],[70,90,79],[71,151,100],[71,151,67],[72,46,96],[72,165,83],[72,212,40],[72,212,25],[74,312,86],[76,141,78],[76,325,98],[76,325,5],[76,325,100],[77,19,53],[78,103,75],[79,139,94],[79,217,55],[80,94,92],[80,269,98],[80,269,15],[80,304,97],[80,304,23],[81,2,58],[81,2,93],[81,188,17],[81,188,57],[81,393,95],[82,304,97],[82,304,23],[83,12,44],[84,128,44],[84,232,56],[84,232,72],[85,67,29],[85,67,10],[85,234,73],[86,30,67],[86,41,10],[87,168,14],[87,337,1],[87,337,55],[87,337,95],[87,337,25],[88,236,3],[88,236,2],[88,301,77],[88,301,81],[88,321,45],[89,273,14],[90,362,43],[90,398,19],[92,325,98],[92,325,5],[92,325,100],[94,239,93],[96,325,98],[96,325,5],[96,325,100],[97,236,3],[97,236,2],[99,321,45],[100,266,35],[100,291,38],[100,291,32]];

jitters = [10000,2000,20000,20000,100000,100000,20000,10000,100000,20000,100000,20000,20000,20000,100000,10000,100000,100000,20000,10000,10000,50000,20000,10000,100000,1000,10000,100000,20000,10000,10000,10000,20000,10000,100000,100000,20000,50000,10000,10000,10000,2000,100000,1000,50000,2000,100000,100000,20000,10000,10000,100000,20000,10000,10000,10000,100000,20000,20000,10000,10000,20000,100000,10000,1000,10000,20000,10000,20000,20000,20000,10000,1000,20000,10000,20000,20000,100000,2000,20000,10000,100000,10000,100000,10000,20000,10000,100000,10000,100000,5000,20000,10000,2000,10000,10000,100000,20000,100000,10000];

