NumChains = 15;
NumResources = 3;
NumRunnablesInChains = 39;
MemoryBoundOnResource = 1048576;
UtilizationBoundOnResource = 100;

numberOfTasksinChain = [3,3,3,7,5,5,3,3,5,5,3,3,7,3,5];

runnablesInChains = [70,42,64,56,81,14,18,84,9,21,48,31,52,63,38,60,97,2,65,92,13,77,48,69,50,15,76,92,51,2,28,26,65,17,95,31,24,57,28];

ProcessingTimesOfMessages = [[1,1,1,1],[1,1,1,1,1],[1,1,1,1],[1,1,1],[1,1,1],[1,1,1,1,1],[1,1],[1,1,1,1],[1,1,1,1,1,1],[1,1,1,1],[1,1,1,1,1,1],[1,1,1,1],[1,1],[1,1],[1,1,1,1,1],[1],[1,1,1,1],[1,1,1],[1],[1,1],[1,1],[1],[1,1,1],[1,1,1,1,1,1],[1,1],[1,1,1,1],[1,1,1,1,1],[1,1,1],[1,1,1,1,1],[1],[1,1,1],[1,1,1],[1,1,1,1,1,1,1,1],[1,1,1,1],[1,1,1,1,1,1,1,1],[1,1,1,1,1,1],[1,1,1,1,1],[1,1,1,1],[1],[1,1,1,1],[1,1,1,1],[],[1,1,1,1,1,1,1],[1,1,1,1,1],[1],[1,1],[1],[1,1],[1,1],[1,1],[1,1,1,1],[1,1,1],[1,1,1],[1],[1,1,1],[1],[1,1,1],[1,1,1,1],[],[],[1],[1,1],[1],[1,1,1],[1,1],[1,1,1,1,1],[1,1],[1,1,1],[1,1,1],[1,1,1],[1,1,1,1],[1,1,1],[1,1,1],[1,1],[1],[1,1],[1,1],[1,1],[],[1,1,1],[1],[],[1,1,1],[1,1,1],[1,1,1,1],[1,1,1,1],[],[1,1],[],[1],[],[],[],[1],[1,1,1],[1,1],[1,1],[1,1,1,1],[],[1,1,1]];

processingTimesRunnables = [13,12,11,12,8,11,13,11,10,14,6,13,10,9,11,14,13,7,7,11,13,8,9,8,10,10,14,6,9,17,8,11,14,11,11,12,10,12,13,9,8,13,7,13,11,11,10,16,7,16,11,9,12,10,10,13,11,7,10,10,5,10,13,12,11,12,11,7,8,12,13,11,9,11,6,14,7,16,4,10,15,6,10,12,7,7,13,11,13,16,6,14,10,8,11,9,10,6,13,14];

periods = [2000,50000,10000,10000,10000,20000,10000,20000,20000,10000,100000,20000,20000,100000,100000,100000,10000,20000,20000,100000,20000,10000,100000,10000,10000,10000,5000,10000,100000,10000,20000,50000,100000,10000,10000,100000,20000,100000,50000,100000,20000,20000,20000,100000,100000,5000,100000,20000,100000,100000,50000,20000,2000,100000,20000,100000,10000,100000,100000,100000,2000,100000,100000,100000,10000,2000,5000,20000,100000,20000,10000,20000,1000,100000,10000,10000,20000,10000,10000,1000,100000,10000,100000,20000,100000,10000,100000,100000,20000,1000,10000,10000,100000,1000,20000,5000,50000,20000,10000,100000];

communicationTimeForOrderCriticalMessages = [1,1,1,1,1,1,1,1,1,1,1,1,1,1,1,1,1,1,1,1,1,1,1,1];

sizeOfRunnables = [1278,1140,1098,1170,745,1065,1215,1058,1000,1305,565,1223,940,890,1095,1313,1263,618,700,1100,1225,798,808,780,963,940,1303,535,878,1605,765,1008,1350,1005,1015,1200,938,1143,1203,803,775,1215,618,1258,1083,1090,978,1595,663,1528,1035,880,1198,983,985,1238,1028,693,960,983,490,975,1293,1140,1020,1163,1023,683,773,1163,1278,1045,895,1020,505,1308,653,1593,393,963,1433,550,968,1170,683,615,1215,1013,1210,1600,503,1308,970,760,1008,825,968,535,1300,1350];

SenderLabelReceiverOrderCriticalChains = [[70,122,0,0,42],[64,338,0,0,56],[81,147,0,0,14],[18,230,0,0,84],[84,42,81,0,9],[9,146,0,0,21],[48,49,315,0,31],[31,284,0,0,52],[63,43,0,0,38],[38,325,0,0,60],[97,212,0,0,2],[65,306,0,0,92],[13,172,0,0,77],[77,106,0,0,48],[69,94,0,0,50],[50,57,0,0,15],[76,189,0,0,92],[51,308,0,0,2],[28,16,0,0,26],[26,363,0,0,65],[65,108,0,0,17],[95,49,0,0,31],[24,314,0,0,57],[57,250,0,0,28]];

SenderLabelReceiverNonOrderCriticalChains = [[1,96,7],[1,96,60],[1,248,43],[1,248,97],[2,215,1],[2,215,54],[2,273,27],[2,273,47],[2,273,57],[3,49,31],[3,49,39],[3,286,4],[3,346,81],[4,30,67],[4,259,65],[4,259,28],[5,142,22],[5,142,55],[5,301,19],[6,47,31],[6,85,62],[6,284,52],[6,284,8],[6,284,53],[7,210,71],[7,387,10],[8,32,18],[8,203,37],[8,203,59],[8,205,5],[9,42,89],[9,42,12],[9,68,93],[9,68,14],[9,146,21],[9,146,78],[10,54,22],[10,259,65],[10,259,28],[10,393,25],[11,25,83],[11,167,45],[11,167,79],[11,203,37],[11,203,59],[11,267,15],[12,22,13],[12,250,28],[12,250,1],[12,263,52],[13,172,77],[13,389,84],[14,335,3],[14,335,63],[15,308,20],[15,308,69],[15,308,2],[15,308,18],[15,373,6],[16,194,23],[17,31,14],[17,105,91],[17,105,49],[17,116,30],[18,195,72],[18,230,84],[18,230,22],[19,320,100],[20,142,22],[20,142,55],[21,159,42],[21,244,55],[22,186,16],[23,6,45],[23,340,56],[23,340,21],[24,63,68],[24,63,79],[24,146,21],[24,146,78],[24,314,13],[24,314,57],[25,165,92],[25,196,30],[26,99,82],[26,363,7],[26,363,87],[26,363,65],[27,262,96],[27,262,75],[27,292,46],[27,362,25],[27,362,64],[28,16,26],[28,84,42],[28,84,47],[29,96,7],[29,96,60],[29,271,36],[29,271,54],[29,307,74],[30,71,29],[31,284,52],[31,284,8],[31,284,53],[32,5,39],[32,44,5],[32,191,51],[33,36,54],[33,36,59],[33,106,48],[33,106,32],[33,149,64],[33,284,52],[33,284,8],[33,284,53],[34,130,86],[34,154,75],[34,299,46],[34,384,45],[35,273,27],[35,273,47],[35,273,57],[35,308,20],[35,308,69],[35,308,2],[35,308,18],[35,334,82],[36,131,40],[36,335,3],[36,335,63],[36,363,7],[36,363,87],[36,363,65],[37,207,97],[37,207,77],[37,363,7],[37,363,87],[37,363,65],[38,105,91],[38,105,49],[38,325,60],[38,376,56],[39,143,20],[40,29,85],[40,36,54],[40,36,59],[40,193,73],[41,218,90],[41,218,53],[41,318,82],[41,381,16],[43,177,24],[43,308,20],[43,308,69],[43,308,2],[43,308,18],[43,340,56],[43,340,21],[44,156,35],[44,215,1],[44,215,54],[44,314,13],[44,314,57],[45,357,88],[46,121,67],[46,347,96],[47,312,60],[48,176,58],[48,315,31],[49,75,81],[49,360,59],[50,57,15],[50,224,60],[51,308,20],[51,308,69],[51,308,2],[51,308,18],[52,273,27],[52,273,47],[52,273,57],[53,12,61],[53,14,96],[53,14,61],[54,166,41],[55,63,68],[55,63,79],[55,239,70],[56,385,74],[57,115,88],[57,250,28],[57,250,1],[58,15,37],[58,15,87],[58,230,84],[58,230,22],[61,158,66],[62,313,87],[62,316,63],[63,43,38],[64,241,99],[64,241,93],[64,338,56],[65,108,17],[65,306,92],[66,141,99],[66,141,89],[66,212,2],[66,212,93],[66,265,16],[67,84,42],[67,84,47],[68,182,98],[68,199,89],[68,359,70],[69,94,50],[69,101,85],[69,400,94],[70,122,42],[70,141,99],[70,141,89],[71,153,51],[71,153,75],[71,225,93],[71,225,79],[72,68,93],[72,68,14],[72,317,95],[73,74,80],[73,234,76],[73,261,80],[74,167,45],[74,167,79],[75,73,78],[76,155,79],[76,189,92],[77,106,48],[77,106,32],[78,248,43],[78,248,97],[80,184,90],[80,218,90],[80,218,53],[81,147,14],[83,225,93],[83,225,79],[83,319,99],[84,42,89],[84,42,12],[84,81,9],[85,15,37],[85,15,87],[85,153,51],[85,153,75],[86,241,99],[86,241,93],[86,260,92],[86,349,91],[88,207,97],[88,207,77],[90,278,94],[94,51,19],[95,3,88],[95,49,31],[95,49,39],[96,362,25],[96,362,64],[97,212,2],[97,212,93],[98,262,96],[98,262,75],[98,271,36],[98,271,54],[100,14,96],[100,14,61],[100,227,91]];

jitters = [2000,50000,10000,10000,10000,20000,10000,20000,20000,10000,100000,20000,20000,100000,100000,100000,10000,20000,20000,100000,20000,10000,100000,10000,10000,10000,5000,10000,100000,10000,20000,50000,100000,10000,10000,100000,20000,100000,50000,100000,20000,20000,20000,100000,100000,5000,100000,20000,100000,100000,50000,20000,2000,100000,20000,100000,10000,100000,100000,100000,2000,100000,100000,100000,10000,2000,5000,20000,100000,20000,10000,20000,1000,100000,10000,10000,20000,10000,10000,1000,100000,10000,100000,20000,100000,10000,100000,100000,20000,1000,10000,10000,100000,1000,20000,5000,50000,20000,10000,100000];

