NumChains = 15;
NumResources = 3;
NumRunnablesInChains = 47;
MemoryBoundOnResource = 1048576;
UtilizationBoundOnResource = 100;

numberOfTasksinChain = [3,3,5,7,3,7,3,3,7,5,7,7,7,7,5];

runnablesInChains = [41,5,13,88,59,31,35,43,52,56,81,14,63,99,46,54,27,45,27,78,53,76,30,74,84,87,59,47,100,53,11,71,8,93,19,18,34,13,92,59,65,23,77,100,9,8,29];

ProcessingTimesOfMessages = [[1,1,1,1,1],[1,1,1,1,1],[1,1,1],[1,1],[1,1],[1,1,1,1],[1,1,1],[1,1,1,1],[1,1,1,1,1],[1,1,1,1,1],[1,1,1],[1,1,1,1,1],[1,1,1,1],[1,1,1,1,1],[1,1,1,1,1],[1,1,1],[1,1],[1],[1,1],[1,1,1],[1,1,1,1],[1,1],[1,1,1,1],[1,1,1,1,1],[1],[1,1,1,1],[1,1,1],[],[1,1,1,1],[1,1,1,1],[1,1,1],[1,1,1,1,1,1],[1,1],[1,1,1,1,1],[1,1,1],[1,1],[1,1],[1,1,1],[1,1,1,1],[1,1,1,1,1],[1,1],[1,1,1,1],[1,1,1],[1],[1],[1],[1,1,1,1,1,1],[],[],[2,1,1,1,1],[1,1,1,1],[1,1,1,1],[1],[1],[],[1,1],[1,1],[1,1,1],[1,1],[1],[1],[1],[1,1,1,1],[1,1,1,1],[1],[1],[1,1,1,1],[1,1,1,1],[1],[1],[],[],[1,1,1],[1,1,1,1,1],[1],[1,1,1,1,1,1],[1,1,1,1],[1,1,1],[1],[1,1],[],[],[],[1,1],[1],[1,1,1,1],[1],[],[1,1,1],[1],[1,1],[1,1,1],[1,1],[],[1,1,1,1,1,1],[1,1],[],[1],[1],[1,1,1]];

processingTimesRunnables = [12,11,15,10,14,7,8,16,11,14,10,13,9,11,17,8,8,16,11,12,6,12,8,7,4,16,12,14,16,7,11,13,14,12,10,13,11,12,15,7,14,9,12,10,7,10,8,15,12,7,5,11,15,13,13,14,16,13,4,10,10,9,7,4,7,15,11,15,10,11,5,11,11,13,12,13,15,13,6,8,12,13,9,7,12,8,13,14,6,12,8,15,5,11,13,13,6,16,12,5];

periods = [1000,100000,10000,10000,10000,100000,10000,100000,100000,10000,100000,20000,20000,20000,10000,10000,5000,100000,100000,10000,10000,100000,100000,20000,100000,10000,100000,1000,100000,20000,20000,10000,100000,20000,20000,10000,100000,100000,5000,10000,10000,2000,10000,10000,100000,100000,20000,100000,10000,10000,10000,10000,100000,100000,10000,10000,100000,1000,20000,100000,20000,10000,20000,100000,100000,10000,10000,20000,10000,100000,100000,10000,100000,20000,5000,20000,100000,100000,10000,20000,10000,20000,20000,20000,2000,1000,20000,20000,100000,10000,100000,20000,100000,10000,100000,10000,5000,100000,100000,100000];

communicationTimeForOrderCriticalMessages = [1,1,1,1,1,1,1,1,1,1,1,1,1,1,1,1,1,1,1,1,1,1,1,1,1,1,1,1,1,1,1,1];

sizeOfRunnables = [1113,1090,1475,960,1368,695,795,1555,1073,1318,1000,1300,803,1085,1610,775,798,1513,1038,1185,563,1103,760,655,383,1568,1163,1333,1593,640,1100,1293,1378,1140,1000,1283,1035,1195,1490,603,1345,828,1158,943,653,908,743,1458,1188,618,483,1083,1410,1285,1243,1345,1555,1205,378,975,945,893,673,393,653,1463,1080,1465,948,1088,495,1005,1035,1210,1125,1230,1485,1290,560,775,1160,1258,858,693,1113,728,1253,1393,600,1165,765,1453,488,1058,1255,1230,513,1563,1173,468];

SenderLabelReceiverOrderCriticalChains = [[41,101,0,0,5],[13,258,0,0,88],[59,232,0,0,31],[31,314,0,0,35],[43,175,0,0,52],[52,233,0,0,56],[56,368,0,0,81],[14,89,395,0,63],[99,45,0,0,46],[46,307,0,0,54],[54,132,0,0,27],[45,158,336,0,27],[78,108,0,0,53],[76,391,0,0,30],[30,38,0,0,74],[74,200,0,0,84],[87,215,0,0,59],[59,48,0,0,47],[100,191,0,0,53],[53,359,0,0,11],[11,326,0,0,71],[8,23,0,0,93],[93,92,0,0,19],[19,11,0,0,18],[34,53,0,0,13],[13,114,0,0,92],[92,128,0,0,59],[65,254,0,0,23],[23,197,207,0,77],[77,207,0,0,100],[9,355,0,0,8],[8,175,0,0,29]];

SenderLabelReceiverNonOrderCriticalChains = [[1,155,28],[1,221,48],[1,221,40],[1,391,28],[1,391,30],[2,38,73],[2,38,74],[2,159,41],[2,278,6],[2,301,28],[3,138,97],[3,138,4],[3,145,43],[4,150,5],[4,313,16],[5,126,7],[5,356,83],[6,72,25],[6,236,66],[6,236,18],[6,267,36],[7,121,72],[7,353,72],[7,353,88],[8,23,93],[8,175,29],[8,175,52],[8,229,19],[9,170,80],[9,192,54],[9,263,65],[9,263,22],[9,355,8],[10,73,56],[10,73,80],[10,84,58],[10,84,13],[10,399,32],[11,127,33],[11,127,78],[11,326,71],[12,293,31],[12,293,92],[12,367,49],[12,367,72],[12,372,84],[13,114,92],[13,258,36],[13,258,88],[13,258,99],[14,81,24],[14,89,63],[14,371,94],[14,371,88],[14,395,63],[15,128,45],[15,128,59],[15,268,64],[15,369,85],[15,398,44],[16,147,20],[16,221,48],[16,221,40],[17,44,75],[17,129,39],[18,98,98],[19,11,18],[19,36,37],[20,110,49],[20,110,52],[20,110,61],[21,153,90],[21,258,36],[21,258,88],[21,258,99],[22,74,70],[22,95,71],[23,197,58],[23,197,62],[23,197,77],[23,250,54],[24,111,30],[24,233,65],[24,233,56],[24,371,94],[24,371,88],[25,156,93],[26,131,49],[26,342,41],[26,342,82],[26,384,44],[27,43,3],[27,43,42],[27,158,45],[29,127,33],[29,127,78],[29,193,33],[29,272,37],[30,38,73],[30,38,74],[30,333,75],[30,333,80],[31,223,34],[31,314,1],[31,314,35],[32,138,97],[32,138,4],[32,197,58],[32,197,62],[32,197,77],[32,241,72],[33,261,91],[33,270,48],[34,53,13],[34,53,55],[34,207,23],[34,207,100],[34,396,35],[35,64,83],[35,263,65],[35,263,22],[36,342,41],[36,342,82],[37,390,48],[37,400,99],[38,166,20],[38,265,46],[38,323,36],[39,104,3],[39,198,62],[39,333,75],[39,333,80],[40,53,13],[40,53,55],[40,122,55],[40,191,53],[40,191,81],[41,101,5],[41,101,75],[42,110,49],[42,110,52],[42,110,61],[42,252,85],[43,175,29],[43,175,52],[43,397,94],[44,208,28],[45,336,27],[46,307,54],[47,197,58],[47,197,62],[47,197,77],[47,224,45],[47,259,46],[47,259,61],[50,184,66],[50,236,66],[50,236,18],[50,367,49],[50,367,72],[51,67,94],[51,79,55],[51,222,87],[51,244,79],[52,233,65],[52,233,56],[52,284,57],[52,284,65],[53,359,11],[54,132,27],[56,218,22],[56,368,81],[57,230,60],[57,393,71],[58,143,97],[58,143,98],[58,292,70],[59,48,47],[59,232,31],[60,277,69],[61,165,84],[62,100,69],[63,84,58],[63,84,13],[63,329,68],[63,329,96],[64,200,61],[64,200,84],[64,374,78],[64,374,98],[65,254,23],[66,294,12],[67,47,81],[67,209,81],[67,293,31],[67,293,92],[68,311,86],[68,332,88],[68,353,72],[68,353,88],[69,315,25],[70,338,95],[73,318,96],[73,374,78],[73,374,98],[74,66,10],[74,73,56],[74,73,80],[74,200,61],[74,200,84],[75,18,87],[76,33,62],[76,43,3],[76,43,42],[76,151,89],[76,391,28],[76,391,30],[77,27,79],[77,144,93],[77,207,23],[77,207,100],[78,108,53],[78,329,68],[78,329,96],[79,82,90],[80,113,4],[80,113,82],[84,92,60],[84,92,19],[85,247,66],[86,37,71],[86,180,97],[86,284,57],[86,284,65],[87,215,59],[89,120,91],[89,143,97],[89,143,98],[90,383,17],[91,297,83],[91,366,16],[92,40,26],[92,128,45],[92,128,59],[93,92,60],[93,92,19],[95,101,5],[95,101,75],[95,113,4],[95,113,82],[95,314,1],[95,314,35],[96,259,46],[96,259,61],[98,285,82],[99,45,46],[100,134,17],[100,191,53],[100,191,81]];

jitters = [1000,100000,10000,10000,10000,100000,10000,100000,100000,10000,100000,20000,20000,20000,10000,10000,5000,100000,100000,10000,10000,100000,100000,20000,100000,10000,100000,1000,100000,20000,20000,10000,100000,20000,20000,10000,100000,100000,5000,10000,10000,2000,10000,10000,100000,100000,20000,100000,10000,10000,10000,10000,100000,100000,10000,10000,100000,1000,20000,100000,20000,10000,20000,100000,100000,10000,10000,20000,10000,100000,100000,10000,100000,20000,5000,20000,100000,100000,10000,20000,10000,20000,20000,20000,2000,1000,20000,20000,100000,10000,100000,20000,100000,10000,100000,10000,5000,100000,100000,100000];

