NumChains = 15;
NumResources = 3;
NumRunnablesInChains = 44;
MemoryBoundOnResource = 1048576;
UtilizationBoundOnResource = 100;

numberOfTasksinChain = [5,7,7,5,3,5,5,3,7,7,3,3,5,5,3];

runnablesInChains = [84,94,81,42,80,11,100,49,75,38,53,52,95,1,33,9,23,9,3,74,11,40,93,69,48,19,96,71,14,73,83,20,55,96,68,32,22,12,28,25,46,55,35,86];

ProcessingTimesOfMessages = [[1,1,1,1,1],[1,1,1],[1],[1,1],[1,1,1],[1,1,1],[1,1,1],[1,1,1,1,1,1,1],[1],[1,1,1],[1,1,1],[1,1,1,1],[1,1,1,1],[1,1],[1,1,1,1,1],[1,1,1,1,1],[1,1],[1,1,1],[1,1,1,1,1,1],[1,1,1],[1,1,1,1,1,1,1],[1,1,1,1],[1],[1,1,1],[1,1,1,1,1],[1,1,1],[1,1,1,1],[1,1],[1,1,1],[1,1,1],[1,1,1],[1],[1,1,1],[1,1],[1,1,1],[1,1],[1,1,1,1],[1,1,1],[1,1,1,1,1,1,1],[1,1,1,1],[1,1,1,1,1,1,1],[1,1,1,1,1],[1],[1,1,1,1],[1,1,1],[1,1,1],[1,1,1],[1,1,1],[1,1,1,1],[1,1],[],[1,1,1,1],[1,1],[1,1],[1,1],[1,1],[1,1,1,1],[],[1,1],[1,1,1],[],[1,1,1,1],[1],[1],[],[1,1],[1,1],[1],[1,1,1],[],[],[1,1],[1],[1,1,1,1],[1],[1,1],[1,1,1,1],[1],[1,1,1],[1],[1,1,1],[1],[1,1,1],[1,1,1,1,1],[1],[],[],[1,1,1],[],[1,1],[1,1,1],[],[1,1],[1],[1,1,1,1],[1],[1],[1],[1,1],[1,1]];

processingTimesRunnables = [10,11,8,14,13,13,11,7,13,12,13,8,7,15,10,14,10,13,12,11,15,12,11,13,10,10,6,6,7,13,8,14,10,5,9,5,12,12,13,11,8,13,6,15,12,5,10,12,10,6,10,7,16,8,7,13,11,8,15,13,15,16,13,8,11,8,13,13,11,8,7,12,15,10,10,11,13,5,12,11,13,15,11,12,14,11,11,11,11,6,15,14,5,9,8,12,15,7,16,11];

periods = [100000,50000,20000,20000,20000,1000,100000,2000,20000,5000,20000,10000,100000,10000,2000,20000,20000,10000,100000,10000,10000,10000,20000,100000,100000,10000,100000,10000,20000,100000,20000,10000,20000,20000,100000,1000,20000,100000,100000,20000,20000,20000,10000,20000,10000,100000,20000,100000,100000,5000,100000,100000,100000,10000,100000,20000,100000,100000,10000,20000,10000,20000,20000,5000,20000,1000,100000,10000,20000,100000,100000,20000,10000,20000,100000,50000,20000,20000,100000,20000,10000,20000,10000,10000,50000,100000,10000,1000,20000,2000,2000,10000,20000,10000,100000,100000,10000,20000,20000,20000];

communicationTimeForOrderCriticalMessages = [1,1,1,1,1,1,1,1,1,1,1,1,1,1,1,1,1,1,1,1,1,1,1,1,1,1,1,1,1];

sizeOfRunnables = [955,1045,780,1308,1253,1263,1015,655,1290,1200,1253,760,603,1443,948,1398,908,1233,1110,1043,1495,1193,1080,1293,998,915,585,518,700,1268,773,1393,975,465,810,495,1148,1150,1285,1075,790,1285,573,1410,1105,488,975,1173,978,528,960,678,1503,798,633,1225,1043,788,1443,1240,1438,1583,1278,765,1068,748,1300,1285,1065,765,640,1143,1425,940,1000,1068,1215,415,1188,1023,1240,1405,1058,1110,1333,1043,1075,1030,1053,588,1448,1365,465,813,728,1105,1405,655,1550,1068];

SenderLabelReceiverOrderCriticalChains = [[84,162,201,0,94],[94,121,0,0,81],[42,8,0,0,80],[80,2,0,0,11],[11,304,0,0,100],[49,310,0,0,75],[75,243,0,0,38],[38,244,0,0,53],[52,284,397,0,95],[95,397,0,0,1],[33,280,0,0,9],[23,275,0,0,9],[9,265,0,0,3],[74,4,0,0,11],[11,168,0,0,40],[93,60,0,0,69],[48,11,0,0,19],[19,397,0,0,96],[96,367,397,0,71],[14,384,0,0,73],[73,248,0,0,83],[83,255,0,0,20],[55,179,0,0,96],[68,176,0,0,32],[22,349,0,0,12],[12,160,0,0,28],[25,228,0,0,46],[46,136,0,0,55],[35,297,0,0,86]];

SenderLabelReceiverNonOrderCriticalChains = [[1,201,7],[1,201,24],[1,201,94],[1,332,40],[1,390,97],[2,258,76],[2,310,75],[2,310,76],[3,294,4],[4,323,5],[4,361,17],[5,76,78],[5,334,33],[5,334,78],[6,239,36],[6,277,36],[6,307,2],[7,30,51],[7,30,68],[7,138,10],[8,58,56],[8,201,7],[8,201,24],[8,201,94],[8,331,97],[8,331,69],[8,331,23],[9,265,3],[10,132,50],[10,309,88],[10,311,50],[11,168,40],[11,304,49],[11,304,100],[12,93,92],[12,93,14],[12,160,28],[12,160,13],[13,145,53],[13,145,68],[13,155,67],[13,155,63],[14,37,87],[14,384,73],[15,51,71],[15,51,90],[15,137,14],[15,334,33],[15,334,78],[16,10,65],[16,51,71],[16,51,90],[16,178,29],[16,365,65],[17,287,91],[17,368,7],[18,26,20],[18,26,34],[18,375,22],[19,68,35],[19,301,51],[19,301,87],[19,397,71],[19,397,1],[19,397,96],[20,266,73],[20,266,68],[20,339,28],[21,48,59],[21,266,73],[21,266,68],[21,350,83],[21,388,54],[21,388,29],[21,388,37],[22,30,51],[22,30,68],[22,99,43],[22,349,12],[23,275,9],[24,104,2],[24,159,79],[24,247,9],[25,78,44],[25,228,46],[25,388,54],[25,388,29],[25,388,37],[26,95,5],[26,194,73],[26,314,77],[27,303,85],[27,303,51],[27,372,47],[27,399,95],[28,46,81],[28,249,43],[29,87,48],[29,283,15],[29,283,64],[30,179,96],[30,179,32],[30,250,23],[31,218,98],[31,237,33],[31,345,70],[32,251,96],[33,26,20],[33,26,34],[33,280,9],[34,171,61],[34,347,46],[35,198,42],[35,198,61],[35,297,86],[36,321,4],[36,321,78],[37,39,41],[37,39,80],[37,158,70],[37,296,93],[38,79,86],[38,79,18],[38,244,53],[39,109,67],[39,145,53],[39,145,68],[39,180,57],[39,180,89],[39,180,55],[39,395,86],[40,66,44],[40,331,97],[40,331,69],[40,331,23],[41,94,65],[41,94,91],[41,136,55],[41,136,63],[41,180,57],[41,180,89],[41,180,55],[42,8,70],[42,8,80],[42,144,25],[42,325,52],[42,325,3],[43,20,87],[44,304,49],[44,304,100],[44,321,4],[44,321,78],[45,22,58],[45,59,93],[45,113,92],[46,136,55],[46,136,63],[46,164,18],[47,160,28],[47,160,13],[47,172,27],[48,11,19],[48,206,58],[48,246,75],[49,39,41],[49,39,80],[49,310,75],[49,310,76],[50,107,64],[50,127,64],[52,284,95],[52,397,71],[52,397,1],[52,397,96],[53,325,52],[53,325,3],[54,197,56],[54,392,8],[55,179,96],[55,179,32],[56,184,63],[56,242,62],[57,8,70],[57,8,80],[57,217,86],[57,327,85],[59,193,61],[59,329,30],[60,47,54],[60,140,89],[60,243,38],[62,41,88],[62,155,67],[62,155,63],[62,281,26],[63,115,82],[64,326,72],[66,183,72],[66,213,23],[67,301,51],[67,301,87],[68,176,32],[69,180,57],[69,180,89],[69,180,55],[72,27,87],[72,96,82],[73,248,83],[74,4,11],[74,35,66],[74,131,99],[74,131,49],[75,243,38],[76,303,85],[76,303,51],[77,331,97],[77,331,69],[77,331,23],[77,337,89],[78,196,12],[79,79,86],[79,79,18],[79,254,31],[80,2,11],[81,93,92],[81,93,14],[81,156,92],[82,222,99],[83,131,99],[83,131,49],[83,255,20],[84,162,94],[84,201,7],[84,201,24],[84,201,94],[84,273,98],[85,305,84],[88,388,54],[88,388,29],[88,388,37],[90,94,65],[90,94,91],[91,84,66],[91,198,42],[91,198,61],[93,60,69],[93,233,6],[94,121,81],[95,170,3],[95,397,71],[95,397,1],[95,397,96],[96,367,71],[97,151,30],[98,22,58],[99,283,15],[99,283,64],[100,146,90],[100,203,13]];

jitters = [100000,50000,20000,20000,20000,1000,100000,2000,20000,5000,20000,10000,100000,10000,2000,20000,20000,10000,100000,10000,10000,10000,20000,100000,100000,10000,100000,10000,20000,100000,20000,10000,20000,20000,100000,1000,20000,100000,100000,20000,20000,20000,10000,20000,10000,100000,20000,100000,100000,5000,100000,100000,100000,10000,100000,20000,100000,100000,10000,20000,10000,20000,20000,5000,20000,1000,100000,10000,20000,100000,100000,20000,10000,20000,100000,50000,20000,20000,100000,20000,10000,20000,10000,10000,50000,100000,10000,1000,20000,2000,2000,10000,20000,10000,100000,100000,10000,20000,20000,20000];

