NumChains = 15;
NumResources = 3;
NumRunnablesInChains = 43;
MemoryBoundOnResource = 1048576;
UtilizationBoundOnResource = 100;

numberOfTasksinChain = [3,3,3,5,7,3,5,7,3,7,7,5,3,7,3];

runnablesInChains = [12,7,73,65,76,47,19,11,22,64,62,4,20,58,84,71,6,82,89,26,73,74,94,40,14,69,50,9,45,24,92,73,80,55,24,63,39,98,85,61,13,56,18];

ProcessingTimesOfMessages = [[1],[1,1,1,2,1],[1,1,1,1],[1,1,1,1],[1,1,1,1,1,1],[1,1],[1,1],[1,1,1],[1,1,1,1],[1,1,1,1,1,1],[1,1,1],[1,1,1,1,1],[1,2],[1,1,1,1,1],[1,1,1],[1,1],[1,1,1,1,1],[],[1,1,1,1,1],[1,1,1,1,1],[1,1,1],[],[1],[1,1,1,1,1,1],[1,1],[1,1,1,1,1],[1,1,1],[1,1,1,1],[1,1,1],[1,1],[1,1,1,1],[1,1,1],[1,1,1,1],[1,1,1,1,1,1],[1,1,1],[1,1],[1,1,1,1],[1,1,1,1,1,1,1,2],[1,1,1,1,1,1,1],[1],[1,1,1,1,1,1,1],[1,1,1],[1,1,1],[1,1,1],[1,1,1],[1],[1,1],[],[1],[1,1,1,1],[1],[1,1],[1],[],[1,1,1,1,1],[1],[1],[1,1,1,1,1,1],[1,1,1],[1],[1,1,1,1],[1],[1,1,1],[1,1,1],[1,1,1,1],[1,1,1,1],[1,1],[1],[1,1],[],[1,1,1,1],[1,1,1],[1,1],[1,1],[1,1,1],[1,1,1,1,1,1],[1,1,1],[],[],[1,1],[1,1],[],[1,1,1],[],[1,1],[1,1,1],[1],[],[1,1,1,1],[],[],[1,1],[],[1],[],[1,1,1,1,1],[],[1,1],[],[1]];

processingTimesRunnables = [10,11,11,15,10,13,12,8,16,13,10,10,13,16,7,16,6,10,12,5,13,10,13,12,9,6,7,11,13,15,12,13,16,12,9,11,14,16,16,4,12,7,11,11,11,11,11,14,13,11,10,12,8,13,10,5,10,12,13,13,7,13,13,7,13,16,12,16,12,11,12,6,13,12,12,4,14,5,7,13,10,6,10,8,6,11,5,15,9,11,11,8,13,12,13,13,13,13,13,5];

periods = [5000,100000,10000,100000,20000,1000,20000,10000,10000,2000,50000,20000,100000,10000,100000,10000,100000,10000,50000,100000,10000,50000,100000,20000,10000,20000,5000,100000,100000,100000,10000,2000,20000,100000,10000,50000,50000,100000,100000,10000,100000,5000,20000,100000,20000,100000,20000,100000,10000,10000,10000,10000,100000,100000,20000,10000,100000,20000,10000,10000,100000,100000,100000,100000,20000,20000,20000,20000,10000,10000,1000,2000,20000,20000,100000,20000,100000,2000,5000,20000,20000,1000,20000,20000,100000,20000,10000,10000,20000,10000,100000,20000,100000,10000,20000,20000,20000,100000,10000,20000];

communicationTimeForOrderCriticalMessages = [1,1,1,1,1,1,1,1,1,1,1,1,1,1,1,1,1,1,1,1,1,1,1,1,1,1,1,1];

sizeOfRunnables = [938,1098,1068,1485,983,1253,1103,745,1530,1278,970,970,1278,1540,618,1595,540,985,1198,415,1255,983,1300,1113,900,580,678,1073,1275,1480,1170,1283,1523,1123,878,1075,1373,1508,1540,383,1200,673,1080,1020,1090,1053,1073,1365,1290,1088,960,1183,768,1258,908,465,990,1178,1238,1300,698,1220,1205,615,1218,1530,1165,1535,1110,1038,1200,513,1203,1138,1188,398,1350,498,608,1293,998,533,940,713,535,1060,473,1495,850,1035,1098,775,1225,1103,1268,1230,1293,1218,1248,473];

SenderLabelReceiverOrderCriticalChains = [[12,108,0,0,7],[73,349,0,0,65],[76,163,0,0,47],[19,276,0,0,11],[11,7,125,0,22],[64,316,0,0,62],[62,86,0,0,4],[4,20,0,0,20],[58,261,336,0,84],[71,105,232,0,6],[6,144,0,0,82],[89,374,0,0,26],[26,314,0,0,73],[73,290,0,0,74],[94,21,0,0,40],[14,370,0,0,69],[69,379,0,0,50],[50,150,0,0,9],[45,77,0,0,24],[24,30,0,0,92],[92,352,0,0,73],[80,37,0,0,55],[55,235,0,0,24],[63,8,0,0,39],[98,148,0,0,85],[85,360,0,0,61],[61,3,0,0,13],[56,141,0,0,18]];

SenderLabelReceiverNonOrderCriticalChains = [[1,292,70],[2,60,53],[2,150,9],[2,150,23],[2,159,94],[2,313,10],[3,10,47],[3,149,8],[3,165,69],[3,165,90],[4,20,20],[4,20,54],[4,20,93],[4,346,30],[5,174,7],[5,199,78],[5,199,68],[5,232,81],[5,232,6],[5,283,70],[6,105,71],[6,144,82],[7,22,33],[7,22,84],[8,45,91],[8,335,31],[8,395,25],[9,77,14],[9,77,24],[9,166,4],[9,344,90],[10,8,18],[10,8,39],[10,8,59],[10,273,32],[10,273,29],[10,288,56],[11,7,22],[11,58,15],[11,125,22],[12,13,95],[12,108,97],[12,108,7],[12,352,35],[12,352,73],[13,237,88],[13,350,48],[14,112,16],[14,112,43],[14,230,51],[14,370,62],[14,370,69],[15,277,28],[15,340,79],[15,382,62],[16,342,25],[16,342,79],[17,3,7],[17,3,13],[17,5,12],[17,35,23],[17,136,74],[19,255,22],[19,276,11],[19,285,1],[19,324,36],[19,324,40],[20,198,21],[20,227,51],[20,227,41],[20,391,56],[20,391,93],[21,245,57],[21,370,62],[21,370,69],[23,118,91],[24,22,33],[24,22,84],[24,30,27],[24,30,87],[24,30,92],[24,30,54],[25,94,35],[25,366,49],[26,181,33],[26,181,85],[26,314,73],[26,314,54],[26,368,22],[27,243,16],[27,291,13],[27,385,66],[28,273,32],[28,273,29],[28,309,37],[28,315,48],[29,49,34],[29,59,46],[29,218,21],[30,25,1],[30,377,63],[31,148,60],[31,148,85],[31,187,84],[31,332,75],[32,254,78],[32,275,30],[32,397,3],[33,213,45],[33,213,97],[33,353,40],[33,353,68],[34,30,27],[34,30,87],[34,30,92],[34,30,54],[34,386,53],[34,400,93],[35,351,49],[35,374,63],[35,374,26],[36,48,94],[36,226,52],[37,30,27],[37,30,87],[37,30,92],[37,30,54],[38,20,20],[38,20,54],[38,20,93],[38,177,44],[38,177,94],[38,314,73],[38,314,54],[38,362,42],[39,30,27],[39,30,87],[39,30,92],[39,30,54],[39,89,99],[39,337,16],[39,337,95],[40,191,98],[41,20,20],[41,20,54],[41,20,93],[41,112,16],[41,112,43],[41,360,36],[41,360,61],[42,11,79],[42,342,25],[42,342,79],[43,165,69],[43,165,90],[43,195,23],[44,67,99],[44,67,46],[44,365,48],[45,77,14],[45,77,24],[45,193,67],[46,82,77],[47,286,67],[47,331,95],[49,145,87],[50,150,9],[50,150,23],[50,391,56],[50,391,93],[51,32,52],[52,266,60],[52,393,63],[53,127,6],[55,55,86],[55,55,37],[55,227,51],[55,227,41],[55,235,24],[56,141,18],[57,252,91],[58,261,1],[58,261,84],[58,299,100],[58,336,84],[58,353,40],[58,353,68],[59,177,44],[59,177,94],[59,262,92],[60,295,70],[61,3,7],[61,3,13],[61,164,64],[61,345,49],[62,86,4],[63,8,18],[63,8,39],[63,8,59],[64,316,62],[64,324,36],[64,324,40],[65,108,97],[65,108,7],[65,261,1],[65,261,84],[66,134,44],[66,201,95],[66,369,78],[66,369,100],[67,129,83],[67,253,68],[68,128,72],[69,210,99],[69,379,50],[71,184,82],[71,232,81],[71,232,6],[71,241,82],[72,251,88],[72,369,78],[72,369,100],[73,290,74],[73,349,65],[74,205,92],[74,238,86],[75,103,65],[75,199,78],[75,199,68],[76,163,47],[76,163,72],[76,188,57],[76,322,80],[76,337,16],[76,337,95],[77,181,33],[77,181,85],[77,367,93],[80,37,55],[80,398,90],[81,51,97],[81,329,97],[83,55,86],[83,55,37],[83,92,18],[85,360,36],[85,360,61],[86,99,98],[86,213,45],[86,213,97],[87,109,88],[89,24,57],[89,264,91],[89,374,63],[89,374,26],[92,352,35],[92,352,73],[94,21,40],[96,67,99],[96,67,46],[96,70,48],[96,163,47],[96,163,72],[98,148,60],[98,148,85],[100,260,87]];

jitters = [5000,100000,10000,100000,20000,1000,20000,10000,10000,2000,50000,20000,100000,10000,100000,10000,100000,10000,50000,100000,10000,50000,100000,20000,10000,20000,5000,100000,100000,100000,10000,2000,20000,100000,10000,50000,50000,100000,100000,10000,100000,5000,20000,100000,20000,100000,20000,100000,10000,10000,10000,10000,100000,100000,20000,10000,100000,20000,10000,10000,100000,100000,100000,100000,20000,20000,20000,20000,10000,10000,1000,2000,20000,20000,100000,20000,100000,2000,5000,20000,20000,1000,20000,20000,100000,20000,10000,10000,20000,10000,100000,20000,100000,10000,20000,20000,20000,100000,10000,20000];

