numChains = 15;

numberOfTasksinChain = [5,3,7,5,5,7,3,5,7,7,5,3,3,5,5];

runnablesInChains = [41,79,7,34,30,95,78,40,39,58,46,53,100,52,7,16,90,42,28,48,52,37,46,14,1,80,6,77,35,52,87,16,81,26,14,11,65,23,55,33,89,75,64,72,66];

processingTimesOfMessages = [[1,1,1,1,1],[1,1],[1,1,1,1,1,1,1,1],[1,1,1,1,1],[1,1,1],[1,1],[1,1,1],[1,1,1],[1,1,1,1,1,1,1,1],[1,1],[1,1,1,1],[1,1,1,1,1,1],[1],[1],[1,1],[1,1,1],[1,1],[1,1,1],[1,1,1,1],[1,1],[1,1,1],[1,1],[1,1],[1,1],[1,1],[1,1,1],[1,1,1,1],[1,1,1],[],[1,1,1],[1,1,1,1,1],[1],[1,1,1,1,1,1],[1,1,1,1,1],[1,1,1],[1],[1,1,1,1,1],[1,1],[1,1,1],[1],[1,1,1,1,1],[1,1,1],[1],[1,1,1,1,1,1],[1],[1,1,1,1],[1,1],[1,1,1],[1,1],[1,1,1],[1,1,1],[1,1],[1],[1,1,1,1],[],[1,1],[1,1,1,1,1,1],[1],[1,1,1,1,1,1],[],[1,1],[1,1,1,1],[1,1,1],[1,1,1,1,1,1],[1],[1,1],[],[1],[1,1,1,1],[1,1,1,1,1],[1],[1,1],[1,1,1,1],[],[1,1],[],[],[1,1,1,1],[1,1,1],[1,1,1],[1,1],[1,1],[1,1,1,1,1],[1],[1],[1,1],[1,1,1],[1,1],[1,1],[1,1,1],[1],[],[1,1],[1],[1],[1,1],[1],[1,1],[],[1,1]];

processingTimesRunnables = [20,21,17,17,19,15,13,14,9,13,20,13,6,13,16,9,21,15,16,16,13,11,16,17,15,15,16,17,21,17,19,17,15,6,18,12,19,21,17,7,18,7,17,18,14,15,16,10,7,6,21,10,13,14,19,20,17,14,16,18,21,17,14,16,15,13,15,11,16,17,19,9,14,18,16,15,17,16,17,8,14,20,10,6,12,16,8,6,16,19,17,8,15,6,16,9,21,11,13,14];

periods = [10000,100000,100000,50000,100000,10000,20000,100000,2000,1000,20000,100000,10000,100000,20000,20000,20000,10000,100000,10000,10000,10000,20000,100000,1000,100000,10000,20000,10000,2000,20000,100000,20000,2000,20000,10000,100000,10000,50000,50000,20000,20000,10000,10000,1000,100000,10000,20000,10000,2000,100000,20000,100000,10000,20000,100000,100000,100000,100000,100000,5000,10000,10000,20000,20000,20000,100000,10000,10000,100000,100000,20000,10000,2000,20000,20000,10000,50000,20000,10000,100000,20000,10000,10000,100000,20000,20000,10000,20000,20000,100000,100000,10000,2000,50000,100000,10000,1000,10000,20000];

communicationTimeForOrderCriticalMessages = [1,1,1,1,1,1,1,1,1,1,1,1,1,1,1,1,1,1,1,1,1,1,1,1,1,1,1,1,1,1];

sizeOfRunnables = [1,1,1,1,1,1,1,1,1,1,1,1,1,1,1,1,1,1,1,1,1,1,1,1,1,1,1,1,1,1,1,1,1,1,1,1,1,1,1,1,1,1,1,1,1,1,1,1,1,1,1,1,1,1,1,1,1,1,1,1,1,1,1,1,1,1,1,1,1,1,1,1,1,1,1,1,1,1,1,1,1,1,1,1,1,1,1,1,1,1,1,1,1,1,1,1,1,1,1,1];

senderLabelReceiverOrderCriticalChains = [[41,110,0,0,79],[79,153,0,0,7],[34,288,0,0,30],[95,187,313,373,78],[78,22,0,0,40],[40,376,0,0,39],[58,68,0,0,46],[46,333,0,0,53],[100,111,0,0,52],[52,259,0,0,7],[16,94,0,0,90],[90,294,345,0,42],[42,75,0,0,28],[48,185,0,0,52],[37,204,0,0,46],[46,128,0,0,14],[1,333,0,0,80],[80,199,0,0,6],[6,202,0,0,77],[35,277,0,0,52],[52,170,0,0,87],[87,295,0,0,16],[81,215,0,0,26],[26,360,0,0,14],[11,247,0,0,65],[23,382,0,0,55],[33,352,0,0,89],[89,84,0,0,75],[64,294,0,0,72],[72,165,0,0,66]];

senderLabelReceiverNonOrderCriticalChains = [[1,42,26],[1,171,18],[1,333,53],[1,333,80],[1,333,20],[2,122,19],[2,396,10],[3,89,60],[3,89,24],[3,89,48],[3,89,74],[3,329,8],[3,355,85],[3,355,36],[3,386,67],[4,71,81],[4,225,14],[4,231,39],[4,231,64],[4,284,61],[5,92,13],[5,164,99],[5,164,28],[6,4,21],[6,202,77],[7,144,98],[7,338,93],[7,338,11],[8,145,60],[8,368,38],[8,368,92],[9,19,65],[9,33,88],[9,33,13],[9,89,60],[9,89,24],[9,89,48],[9,89,74],[9,158,74],[10,91,45],[10,347,25],[11,237,18],[11,244,58],[11,247,65],[11,247,82],[12,26,81],[12,108,24],[12,313,95],[12,313,60],[12,352,53],[12,352,89],[13,1,27],[14,290,19],[15,228,31],[15,358,61],[16,94,90],[16,150,17],[16,310,35],[17,81,55],[17,81,72],[18,126,1],[18,126,75],[18,312,43],[19,89,60],[19,89,24],[19,89,48],[19,89,74],[20,156,77],[20,326,21],[21,167,90],[21,355,85],[21,355,36],[22,283,29],[22,303,68],[23,194,20],[23,382,55],[24,40,51],[24,127,88],[25,101,43],[25,113,45],[26,357,23],[26,357,94],[26,360,14],[27,65,84],[27,65,92],[27,357,23],[27,357,94],[28,138,71],[28,185,50],[28,185,52],[30,137,40],[30,322,85],[30,322,97],[31,81,55],[31,81,72],[31,271,97],[31,271,66],[31,337,41],[32,375,15],[33,12,13],[33,333,53],[33,333,80],[33,333,20],[33,352,53],[33,352,89],[34,143,50],[34,155,44],[34,288,30],[34,364,67],[34,364,74],[35,231,39],[35,231,64],[35,277,52],[36,226,17],[37,120,56],[37,120,93],[37,195,47],[37,204,46],[37,208,29],[38,103,49],[38,245,77],[39,75,28],[39,75,38],[39,246,62],[40,376,39],[41,89,60],[41,89,24],[41,89,48],[41,89,74],[41,110,79],[42,75,28],[42,75,38],[42,345,90],[43,30,19],[44,25,23],[44,25,58],[44,153,15],[44,153,7],[44,296,8],[44,296,100],[45,327,98],[46,128,14],[46,333,53],[46,333,80],[46,333,20],[47,124,49],[47,183,84],[48,69,5],[48,185,50],[48,185,52],[49,271,97],[49,271,66],[50,47,74],[50,247,65],[50,247,82],[51,239,56],[51,239,68],[51,383,17],[52,170,87],[52,259,7],[53,35,71],[54,33,88],[54,33,13],[54,239,56],[54,239,68],[56,296,8],[56,296,100],[57,45,96],[57,193,92],[57,242,22],[57,242,92],[57,364,67],[57,364,74],[58,68,46],[59,177,67],[59,242,22],[59,242,92],[59,294,42],[59,294,70],[59,294,72],[61,279,91],[61,280,5],[62,306,69],[62,306,77],[62,365,83],[62,369,51],[63,7,30],[63,114,68],[63,346,84],[64,51,76],[64,174,32],[64,174,59],[64,294,42],[64,294,70],[64,294,72],[65,106,82],[66,15,76],[66,15,86],[68,278,76],[69,243,97],[69,319,99],[69,338,93],[69,338,11],[70,65,84],[70,65,92],[70,302,91],[70,368,38],[70,368,92],[71,73,54],[72,165,66],[72,240,32],[73,130,41],[73,258,35],[73,306,69],[73,306,77],[75,168,6],[75,178,47],[78,22,40],[78,313,95],[78,313,60],[78,373,95],[79,153,15],[79,153,7],[79,354,29],[80,199,6],[80,322,85],[80,322,97],[81,215,26],[81,220,25],[82,174,32],[82,174,59],[83,15,76],[83,15,86],[83,120,56],[83,120,93],[83,395,93],[84,182,2],[85,82,29],[86,219,89],[86,273,87],[87,126,1],[87,126,75],[87,295,16],[88,222,10],[88,248,99],[89,84,75],[89,189,36],[90,294,42],[90,294,70],[90,294,72],[91,184,36],[93,164,99],[93,164,28],[94,233,58],[95,187,78],[96,241,100],[96,336,40],[97,340,55],[98,25,23],[98,25,58],[100,39,94],[100,111,52]];

