NumChains = 15;
NumResources = 3;
NumRunnablesInChains = 47;
MemoryBoundOnResource = 1048576;
UtilizationBoundOnResource = 100;

numberOfTasksinChain = [3,5,7,7,7,7,7,5,3,7,3,5,3,7,3];

runnablesInChains = [4,13,65,26,97,84,6,2,83,75,73,52,84,76,62,37,14,67,38,89,94,24,53,50,72,81,100,27,40,60,42,3,86,82,98,71,79,22,43,23,77,17,58,95,67,45,84];

ProcessingTimesOfMessages = [[2,2,1],[1,1,1,1,1],[1,1,1,1,1,1],[1,1,1,1],[1],[1,1,1],[1,1,1,1],[1,1,1,1],[1,1,1,1,1],[1,1,1,1,1,1],[1,1,1,1],[1],[1,1,1],[1,1],[1,1,1,1],[1,1,1,1],[1,1,1,1],[1,1],[1,1],[1,1,1,1,1,1],[1,1,1],[1,1],[1,1,1],[1,1,1],[1,1,1,1,1],[1,1,1,1],[1],[1,1],[1,1],[1,1,1,1],[1],[],[1,1],[1,1,1,1],[1],[1,1,1,1],[1,1,1,1,1,1],[1,1,1,1],[1,1,1,1],[1,1,1],[],[1,1,1],[1,1,1],[2,1,1],[1,1,1],[1,1,1,1,1,1],[1,1,1,1,1],[1,1,1],[1,1,1,1,1,1,1],[1,1],[1,1,1],[1,1,1,1],[1,1],[1,1,1,1],[],[],[1,1,1],[1,1,1,1],[1],[],[1],[1,1],[1,1],[1,1,1,1],[1,1,1],[],[1],[1,1,1],[1,1,1],[1,1,1],[1],[1],[1,1],[1,1,1],[1,1,1],[1,1,1],[1],[1,1,1,1,1,1],[1,1],[1,1,1],[1,1],[],[1],[1,1,1],[1],[1],[],[],[1],[1,1,1],[1],[],[1,1,1,1,1,1],[],[1,1,1],[1,1,1],[],[1],[],[1]];

processingTimesRunnables = [11,14,10,13,13,5,15,12,9,17,13,13,12,16,11,11,8,15,5,15,13,14,12,13,13,14,13,10,6,8,10,13,13,11,11,11,14,5,7,11,12,11,13,6,9,6,5,14,6,13,15,13,5,5,13,14,16,8,13,10,13,9,4,9,13,5,7,6,10,11,13,13,13,15,13,11,10,11,12,13,13,10,12,12,10,8,12,13,6,9,11,10,11,10,9,13,14,14,13,10];

periods = [100000,10000,100000,100000,10000,10000,20000,20000,20000,20000,20000,10000,100000,10000,100000,100000,20000,100000,20000,100000,100000,100000,1000,10000,10000,10000,20000,100000,20000,100000,10000,100000,100000,20000,2000,10000,10000,20000,100000,10000,100000,100000,100000,5000,10000,20000,1000,20000,20000,10000,100000,10000,10000,20000,5000,1000,50000,20000,100000,10000,1000,10000,20000,100000,10000,100000,20000,100000,20000,20000,10000,10000,10000,100000,10000,10000,1000,20000,100000,20000,20000,100000,10000,10000,100000,100000,20000,100000,20000,100000,100000,10000,20000,20000,20000,100000,10000,10000,20000,20000];

communicationTimeForOrderCriticalMessages = [1,1,1,1,1,1,1,1,1,1,1,1,1,1,1,1,1,1,1,1,1,1,1,1,1,1,1,1,1,1,1,1];

sizeOfRunnables = [1013,1323,933,1240,1245,468,1405,1193,878,1615,1298,1300,1173,1595,1005,1065,788,1420,423,1475,1268,1383,1200,1290,1268,1350,1283,975,600,720,960,1248,1285,1053,1060,1020,1328,495,650,1095,1128,1015,1205,520,870,598,453,1335,555,1253,1495,1210,490,468,1285,1388,1540,730,1210,945,1208,900,390,808,1240,473,653,588,940,1028,1280,1278,1270,1458,1258,1080,990,1038,1158,1233,1293,983,1173,1178,983,760,1178,1260,578,878,1035,993,1043,908,893,1215,1398,1308,1268,953];

SenderLabelReceiverOrderCriticalChains = [[4,223,0,0,13],[65,227,0,0,26],[26,188,0,0,97],[84,143,0,0,6],[6,327,0,0,2],[2,274,0,0,83],[75,244,0,0,73],[73,294,0,0,52],[52,315,0,0,84],[76,29,0,0,62],[62,140,0,0,37],[37,141,0,0,14],[67,34,0,0,38],[38,290,0,0,89],[89,217,0,0,94],[24,257,0,0,53],[53,175,0,0,50],[50,202,0,0,72],[81,264,0,0,100],[100,7,0,0,27],[40,28,0,0,60],[42,303,0,0,3],[3,288,0,0,86],[86,106,0,0,82],[98,215,0,0,71],[79,248,0,0,22],[22,378,0,0,43],[23,299,0,0,77],[17,245,0,0,58],[58,262,0,0,95],[95,234,0,0,67],[45,10,0,0,84]];

SenderLabelReceiverNonOrderCriticalChains = [[1,26,87],[1,32,100],[1,261,65],[2,118,18],[2,118,63],[2,274,83],[2,372,28],[2,372,14],[3,40,4],[3,40,88],[3,141,14],[3,141,59],[3,141,96],[3,288,86],[4,143,80],[4,143,6],[4,143,18],[4,223,13],[5,302,40],[6,47,12],[6,174,56],[6,327,2],[7,69,99],[7,69,11],[7,154,19],[7,252,17],[8,134,21],[8,134,85],[8,231,12],[8,231,63],[9,128,11],[9,143,80],[9,143,6],[9,143,18],[9,383,27],[10,82,61],[10,188,46],[10,188,97],[10,305,69],[10,372,28],[10,372,14],[11,12,29],[11,12,92],[11,118,18],[11,118,63],[12,344,14],[13,256,15],[13,264,22],[13,264,100],[14,219,24],[14,219,44],[15,173,33],[15,365,28],[15,365,31],[15,389,23],[16,16,32],[16,16,86],[16,189,33],[16,279,86],[17,165,55],[17,184,87],[17,245,40],[17,245,58],[18,348,51],[18,348,88],[19,177,87],[19,229,55],[20,212,59],[20,212,21],[20,298,32],[20,348,51],[20,348,88],[20,376,41],[21,16,32],[21,16,86],[21,293,57],[22,151,41],[22,378,43],[23,187,45],[23,187,4],[23,299,77],[24,4,94],[24,257,53],[24,331,36],[25,290,89],[25,290,92],[25,340,70],[25,374,5],[25,374,31],[26,59,31],[26,188,46],[26,188,97],[26,292,60],[27,157,67],[28,43,19],[28,43,52],[29,129,60],[29,129,69],[30,40,4],[30,40,88],[30,397,77],[30,399,74],[31,52,77],[33,111,82],[33,250,66],[34,182,12],[34,227,42],[34,227,26],[34,267,99],[35,258,23],[36,129,60],[36,129,69],[36,245,40],[36,245,58],[37,141,14],[37,141,59],[37,141,96],[37,232,98],[37,390,83],[37,390,100],[38,43,19],[38,43,52],[38,290,89],[38,290,92],[39,12,29],[39,12,92],[39,144,66],[39,271,42],[40,28,60],[40,187,45],[40,187,4],[42,303,3],[42,303,61],[42,332,66],[43,231,12],[43,231,63],[43,283,82],[44,103,55],[44,212,59],[44,212,21],[45,10,84],[45,219,24],[45,219,44],[46,134,21],[46,134,85],[46,262,35],[46,262,56],[46,262,1],[46,262,95],[47,208,61],[47,303,3],[47,303,61],[47,329,56],[47,395,56],[48,8,89],[48,107,81],[48,335,71],[49,15,85],[49,122,65],[49,122,94],[49,262,35],[49,262,56],[49,262,1],[49,262,95],[50,178,41],[50,202,72],[51,365,28],[51,365,31],[51,396,91],[52,146,13],[52,146,91],[52,315,81],[52,315,84],[53,175,50],[53,285,7],[54,83,58],[54,100,5],[54,100,70],[54,321,94],[57,183,90],[57,200,92],[57,200,18],[58,262,35],[58,262,56],[58,262,1],[58,262,95],[59,268,88],[61,136,46],[62,140,37],[62,260,8],[63,200,92],[63,200,18],[64,37,88],[64,70,95],[64,390,83],[64,390,100],[65,92,34],[65,227,42],[65,227,26],[67,34,38],[68,17,72],[68,25,38],[68,354,79],[69,69,99],[69,69,11],[69,346,32],[70,253,99],[70,315,81],[70,315,84],[71,388,29],[72,386,8],[73,99,97],[73,294,52],[74,124,58],[74,237,36],[74,237,41],[75,241,57],[75,244,73],[75,351,84],[76,2,87],[76,24,32],[76,29,62],[77,203,49],[78,75,55],[78,262,35],[78,262,56],[78,262,1],[78,262,95],[78,324,80],[79,197,82],[79,248,22],[80,192,93],[80,237,36],[80,237,41],[81,264,22],[81,264,100],[83,163,97],[84,143,80],[84,143,6],[84,143,18],[85,319,35],[86,106,82],[89,217,94],[90,146,13],[90,146,91],[90,382,91],[91,147,44],[93,90,98],[93,122,65],[93,122,94],[93,141,14],[93,141,59],[93,141,96],[95,100,5],[95,100,70],[95,234,67],[96,309,9],[96,374,5],[96,374,31],[98,215,71],[100,7,27]];

jitters = [100000,10000,100000,100000,10000,10000,20000,20000,20000,20000,20000,10000,100000,10000,100000,100000,20000,100000,20000,100000,100000,100000,1000,10000,10000,10000,20000,100000,20000,100000,10000,100000,100000,20000,2000,10000,10000,20000,100000,10000,100000,100000,100000,5000,10000,20000,1000,20000,20000,10000,100000,10000,10000,20000,5000,1000,50000,20000,100000,10000,1000,10000,20000,100000,10000,100000,20000,100000,20000,20000,10000,10000,10000,100000,10000,10000,1000,20000,100000,20000,20000,100000,10000,10000,100000,100000,20000,100000,20000,100000,100000,10000,20000,20000,20000,100000,10000,10000,20000,20000];

