NumChains = 15;
NumResources = 3;
NumRunnablesInChains = 78;
MemoryBoundOnResource = 1048576;
UtilizationBoundOnResource = 100;

numberOfTasksinChain = [7,11,13,13,11,13,11,7,9,7,7,7,11,7,7];

runnablesInChains = [81,9,22,100,18,50,10,35,31,8,86,68,21,85,60,81,44,90,44,88,46,47,75,32,19,53,26,92,50,10,10,29,63,16,7,36,31,56,52,3,42,71,93,54,22,61,51,80,63,69,24,25,67,75,28,94,15,65,7,76,87,34,38,13,35,55,98,5,64,36,3,11,93,89,27,18,73,34];

ProcessingTimesOfMessages = [[1,1,1,1,1,1,1,1,1,1,1,1],[1,1,1,1],[1,1,1,1,1],[1,1,1,1,1,1,1,1,1],[1,1,1],[1,1,1,1,1,1,1,1,1,1],[1,1],[1,1,1,1,1,1,1,1,1,1,1],[1,1,1,1,1,1],[1,1,1,1,1,1],[1,1],[1,1,1,1],[1,1,1,1,1],[1,1,1,1,1],[1,1,1,1,1,1,1],[1],[1,1,1,1,1,1,1,1,1,1],[1,1,1,1,1,1],[1,1,1,1,1,1,1],[1,1,1,1,1,1],[1,1,1,1,1,1,1],[1,1,1,1,1,1,1,1,1],[1,1,1,1,1,1,1,1],[1,1,1],[1,1,1,1],[1,1,1,1],[1,1,1,1,1,1,1],[1,1,1,1,1,1],[1,1,1],[1,1,1,1,1],[1,1],[1,1,1,1,1],[1,1,1,1,1,1,1,1],[1,1,1,1,1],[1,1,1,1],[1,1,1],[1,1,1,1,1,1,1,1],[1,1,1,1,1,1],[1,1,1,1,1],[1,1,1,1],[1,1,1,1],[1,1,1],[1,1,1,1],[1,1],[1,1,1],[1,1,1,1,1,1,1,1],[1,1,1,1],[1,1,1,1,1,1,1],[1,1],[1,1,1,1,1],[1,1,1],[1,1,1,1,1],[1,1,1,1,1,1,1,1,1],[1,1,1,1,1,1,1,1,1,1,1,1,1,1],[1,1,1,1,1,1],[1,1,1,1],[1,1,1,1,1,1,1,1],[1,1,1],[1,1,1,1],[1,1,1,1,1],[1,1],[],[1,1,1,1,1,1],[1],[1,1,1,1],[1,1,1],[1,1,1,1,1,1],[1,1,1,1,1,1,1,1,1],[1,1,1,1,1],[1,1,1],[1,1,1,1,1,1],[1,1,1,1,1,1,1],[1,1,1],[1],[1,1],[],[1,1,1],[1,1,1,1],[1,1,1,1],[1,1],[1,1,1,1],[1,1,1,1],[],[1,1,1],[1,1,1,1,1,1],[1,1],[1,1,1,1],[1,1,1,1,1,1,1],[],[1,1,1,1],[1,1,1],[1,1,1,1,1],[1,1,1,1,1],[1,1,1,1],[1,1,1],[1,1],[1,1],[1,1,1,1,1],[1],[1]];

processingTimesRunnables = [18,12,9,14,5,7,17,19,13,18,12,8,13,14,18,9,12,9,14,10,6,13,14,18,15,5,7,13,14,15,16,17,4,11,11,8,19,8,13,18,12,13,11,16,8,9,17,12,18,11,8,20,18,7,8,12,18,16,7,10,7,17,18,8,9,12,18,16,12,14,7,13,11,17,12,9,11,6,12,8,18,19,12,14,13,15,7,16,18,7,6,6,15,16,11,13,15,12,12,16];

periods = [20000,2000,1000,2000,20000,20000,20000,20000,10000,20000,1000,10000,20000,20000,20000,20000,1000,20000,20000,10000,10000,10000,5000,20000,20000,20000,20000,10000,20000,5000,20000,10000,20000,20000,20000,20000,10000,20000,5000,10000,20000,1000,10000,10000,10000,10000,10000,10000,2000,20000,10000,1000,20000,10000,20000,1000,10000,20000,10000,10000,10000,10000,20000,20000,20000,10000,10000,10000,20000,20000,1000,20000,20000,10000,10000,20000,10000,10000,20000,20000,10000,10000,10000,10000,10000,10000,20000,10000,1000,10000,20000,20000,1000,10000,10000,5000,20000,20000,20000,10000];

communicationTimeForOrderCriticalMessages = [1,1,1,1,1,1,1,1,1,1,1,1,1,1,1,1,1,1,1,1,1,1,1,1,1,1,1,1,1,1,1,1,1,1,1,1,1,1,1,1,1,1,1,1,1,1,1,1,1,1,1,1,1,1,1,1,1,1,1,1,1,1,1];

sizeOfRunnables = [1,1,1,1,1,1,1,1,1,1,1,1,1,1,1,1,1,1,1,1,1,1,1,1,1,1,1,1,1,1,1,1,1,1,1,1,1,1,1,1,1,1,1,1,1,1,1,1,1,1,1,1,1,1,1,1,1,1,1,1,1,1,1,1,1,1,1,1,1,1,1,1,1,1,1,1,1,1,1,1,1,1,1,1,1,1,1,1,1,1,1,1,1,1,1,1,1,1,1,1];

SenderLabelReceiverOrderCriticalChains = [[81,55,0,0,9],[9,271,339,0,22],[22,411,0,0,100],[18,156,0,0,50],[50,431,457,0,10],[10,491,0,0,35],[35,474,0,0,31],[31,413,0,0,8],[86,401,0,0,68],[68,395,0,0,21],[21,395,414,0,85],[85,10,0,0,60],[60,353,0,0,81],[81,354,0,0,44],[90,320,0,0,44],[44,73,320,0,88],[88,236,0,0,46],[46,7,0,0,47],[47,445,0,0,75],[75,280,0,0,32],[19,279,0,0,53],[53,428,0,0,26],[26,70,0,0,92],[92,219,305,0,50],[50,431,457,0,10],[10,92,385,0,29],[29,192,0,0,63],[63,115,0,0,16],[16,87,0,0,7],[7,171,0,0,36],[36,227,0,0,31],[56,19,0,0,52],[52,209,0,0,3],[3,399,0,0,42],[42,124,0,0,71],[71,314,0,0,93],[54,314,0,0,22],[22,56,0,0,61],[61,217,336,0,51],[80,495,0,0,63],[63,127,0,0,69],[69,11,0,0,24],[24,25,378,0,25],[67,215,0,0,75],[75,79,0,0,28],[28,379,500,0,94],[15,372,0,0,65],[65,161,0,0,7],[7,96,0,0,76],[87,455,0,0,34],[34,312,0,0,38],[38,137,0,0,13],[35,491,494,0,55],[55,7,0,0,98],[98,17,0,0,5],[5,454,0,0,64],[64,123,0,0,36],[3,91,254,325,11],[11,100,0,0,93],[93,11,314,0,89],[27,27,40,0,18],[18,500,0,0,73],[73,411,0,0,34]];

SenderLabelReceiverNonOrderCriticalChains = [[1,161,7],[1,161,84],[1,273,3],[1,273,97],[1,437,74],[1,449,76],[1,449,39],[1,474,5],[1,474,31],[1,500,49],[1,500,28],[1,500,73],[2,257,4],[2,322,4],[2,328,4],[2,420,66],[3,91,11],[3,254,61],[3,254,11],[3,325,11],[3,399,42],[4,92,49],[4,92,29],[4,142,50],[4,142,7],[4,142,43],[4,142,12],[4,142,69],[4,286,49],[4,286,19],[5,165,14],[5,454,64],[5,454,77],[6,56,16],[6,56,61],[6,56,60],[6,279,64],[6,279,53],[6,311,36],[6,357,55],[6,431,10],[6,431,91],[6,470,26],[7,96,76],[7,171,36],[8,142,50],[8,142,7],[8,142,43],[8,142,12],[8,142,69],[8,219,40],[8,219,92],[8,287,94],[8,287,18],[8,333,83],[8,333,13],[9,226,83],[9,271,38],[9,271,59],[9,310,12],[9,310,42],[9,339,22],[10,92,49],[10,92,29],[10,346,18],[10,385,29],[10,491,35],[10,491,21],[11,100,93],[11,479,5],[12,25,25],[12,49,47],[12,450,61],[12,450,40],[13,174,11],[13,190,65],[13,303,14],[13,303,66],[13,303,32],[14,368,16],[14,395,21],[14,395,35],[14,395,93],[14,483,71],[15,71,69],[15,125,17],[15,274,24],[15,372,65],[15,429,16],[15,429,59],[15,433,91],[16,87,7],[17,107,71],[17,142,50],[17,142,7],[17,142,43],[17,142,12],[17,142,69],[17,293,45],[17,310,12],[17,310,42],[17,356,91],[18,27,45],[18,27,78],[18,156,50],[18,500,49],[18,500,28],[18,500,73],[19,95,78],[19,95,72],[19,225,25],[19,243,48],[19,250,89],[19,279,64],[19,279,53],[20,195,86],[20,208,77],[20,208,57],[20,285,84],[20,434,43],[20,487,5],[21,137,13],[21,137,45],[21,212,48],[21,412,67],[21,412,97],[21,414,56],[21,414,85],[22,56,16],[22,56,61],[22,56,60],[22,114,84],[22,271,38],[22,271,59],[22,411,34],[22,411,99],[22,411,100],[23,37,2],[23,37,96],[23,281,82],[23,281,39],[23,305,30],[23,305,50],[23,317,30],[23,366,30],[24,378,25],[24,450,61],[24,450,40],[25,115,100],[25,115,16],[25,115,53],[25,249,64],[26,70,92],[26,74,97],[26,74,9],[26,76,41],[27,27,45],[27,27,78],[27,40,18],[27,44,45],[27,196,55],[27,362,31],[27,410,83],[28,297,84],[28,303,14],[28,303,66],[28,303,32],[28,342,29],[28,379,94],[29,74,97],[29,74,9],[29,192,63],[30,110,70],[30,110,80],[30,232,39],[30,449,76],[30,449,39],[31,69,79],[31,413,8],[32,175,81],[32,265,37],[32,265,81],[32,265,87],[32,404,85],[33,39,73],[33,72,35],[33,72,52],[33,72,62],[33,248,68],[33,386,73],[33,416,76],[33,416,96],[34,145,41],[34,217,61],[34,217,70],[34,312,38],[34,406,56],[35,474,5],[35,474,31],[35,494,55],[35,494,79],[36,46,70],[36,227,31],[36,227,41],[37,9,51],[37,56,16],[37,56,61],[37,56,60],[37,273,3],[37,273,97],[37,355,51],[37,408,73],[38,110,70],[38,110,80],[38,137,13],[38,137,45],[38,358,48],[38,480,44],[39,218,25],[39,218,77],[39,236,96],[39,236,95],[39,236,46],[40,194,78],[40,260,44],[40,391,80],[40,424,86],[41,20,79],[41,276,82],[41,281,82],[41,281,39],[42,26,94],[42,29,89],[42,124,71],[43,48,95],[43,109,47],[43,264,89],[43,364,14],[44,73,88],[44,466,62],[45,131,2],[45,131,74],[45,458,52],[46,4,99],[46,7,47],[46,7,98],[46,166,7],[46,207,91],[46,207,75],[46,254,61],[46,254,11],[47,283,51],[47,331,83],[47,331,96],[47,445,75],[48,72,35],[48,72,52],[48,72,62],[48,265,37],[48,265,81],[48,265,87],[48,419,66],[49,360,76],[49,383,64],[50,219,40],[50,219,92],[50,431,10],[50,431,91],[50,457,10],[51,22,62],[51,217,61],[51,217,70],[52,209,3],[52,314,22],[52,314,92],[52,314,93],[52,314,89],[53,24,23],[53,24,77],[53,72,35],[53,72,52],[53,72,62],[53,265,37],[53,265,81],[53,265,87],[53,428,26],[54,142,50],[54,142,7],[54,142,43],[54,142,12],[54,142,69],[54,208,77],[54,208,57],[54,302,59],[54,314,22],[54,314,92],[54,314,93],[54,314,89],[54,429,16],[54,429,59],[55,7,47],[55,7,98],[55,414,56],[55,414,85],[55,491,35],[55,491,21],[56,19,52],[56,278,98],[56,278,99],[56,456,8],[57,90,35],[57,90,62],[57,178,36],[57,178,42],[57,228,86],[57,303,14],[57,303,66],[57,303,32],[58,38,64],[58,230,59],[58,258,97],[59,115,100],[59,115,16],[59,115,53],[59,321,52],[60,90,35],[60,90,62],[60,108,74],[60,353,81],[60,421,74],[61,336,51],[61,459,24],[63,115,100],[63,115,16],[63,115,53],[63,127,69],[63,390,100],[63,443,20],[64,123,36],[65,95,78],[65,95,72],[65,161,7],[65,161,84],[66,88,75],[66,181,70],[66,229,83],[67,215,75],[67,252,83],[67,286,49],[67,286,19],[67,333,83],[67,333,13],[68,178,36],[68,178,42],[68,218,25],[68,218,77],[68,278,98],[68,278,99],[68,395,21],[68,395,35],[68,395,93],[69,11,24],[69,11,89],[69,157,100],[69,157,33],[69,462,73],[70,185,72],[70,494,55],[70,494,79],[71,47,90],[71,241,89],[71,314,22],[71,314,92],[71,314,93],[71,314,89],[72,2,95],[72,12,76],[72,142,50],[72,142,7],[72,142,43],[72,142,12],[72,142,69],[73,411,34],[73,411,99],[73,411,100],[74,452,26],[75,79,28],[75,280,32],[77,236,96],[77,236,95],[77,236,46],[78,287,94],[78,287,18],[78,320,44],[78,320,88],[79,37,2],[79,37,96],[79,128,80],[79,201,87],[80,1,87],[80,495,63],[81,55,9],[81,131,2],[81,131,74],[81,354,44],[82,63,58],[82,157,100],[82,157,33],[82,424,86],[84,3,58],[84,24,23],[84,24,77],[85,10,60],[85,116,90],[85,291,88],[85,395,21],[85,395,35],[85,395,93],[86,213,13],[86,401,68],[87,160,62],[87,416,76],[87,416,96],[87,455,34],[88,236,96],[88,236,95],[88,236,46],[88,314,22],[88,314,92],[88,314,93],[88,314,89],[90,150,65],[90,320,44],[90,320,88],[90,400,94],[91,144,32],[91,412,67],[91,412,97],[92,305,30],[92,305,50],[92,331,83],[92,331,96],[92,345,77],[93,11,24],[93,11,89],[93,206,57],[93,454,64],[93,454,77],[94,111,56],[94,500,49],[94,500,28],[94,500,73],[95,227,31],[95,227,41],[95,468,72],[96,207,91],[96,207,75],[97,113,12],[97,246,99],[98,17,5],[98,330,54],[98,411,34],[98,411,99],[98,411,100],[99,146,39],[100,158,80]];

jitters = [20000,2000,1000,2000,20000,20000,20000,20000,10000,20000,1000,10000,20000,20000,20000,20000,1000,20000,20000,10000,10000,10000,5000,20000,20000,20000,20000,10000,20000,5000,20000,10000,20000,20000,20000,20000,10000,20000,5000,10000,20000,1000,10000,10000,10000,10000,10000,10000,2000,20000,10000,1000,20000,10000,20000,1000,10000,20000,10000,10000,10000,10000,20000,20000,20000,10000,10000,10000,20000,20000,1000,20000,20000,10000,10000,20000,10000,10000,20000,20000,10000,10000,10000,10000,10000,10000,20000,10000,1000,10000,20000,20000,1000,10000,10000,5000,20000,20000,20000,10000];

