numChains = 15;

numberOfTasksinChain = [5,7,3,5,5,7,7,5,3,5,3,3,5,7,5];

runnablesInChains = [39,8,33,80,58,6,81,13,37,36,70,32,31,75,4,92,52,9,29,96,47,99,3,50,42,47,11,15,57,35,21,69,4,53,55,23,73,5,22,87,97,43,46,48,30];

processingTimesOfMessages = [[1,1,1,1,1,1,1],[1,1,1],[1,1,1],[1,1,1],[],[1,1,1,1,1,1,1],[1,1,1,1,1],[1,1,1,1],[1,1],[1,1,1,1],[1,1,1],[1,1,1],[1,1],[1,1,1,1,1,1,1],[],[1,1],[1,1,1],[1,1,1,1,1,1,1],[1,1,1,1,1,1,1],[1,1],[1,1,1,1,1,1,1],[1,1,1],[1,1,1],[1,1,1,1,1,1,1,1],[1,1,1,1],[1,1,1,1],[1,1,1,1,1,1,1],[1],[1,1,1,1,1,1,1],[1],[1,1],[1,1,1],[],[1,1,1],[1,1],[1,1,1],[1],[1],[1],[1,1,1,1,1,1,1],[1,1,1],[1,1,1,1],[1,1,1,1],[1],[1,1],[1,1,1],[1,1],[1,1,1,1,1,1,1],[1,1,1,1,1,1],[1,1,1],[1,1,1],[1,1],[1,1,1],[1,1,1,1,1],[1],[1,1],[1,1,1,1,1],[1,1],[1,1,1,1,1],[1,1],[1,1],[1,1,1,1],[],[1,1,1,1,1],[1],[1,1,1,1,1],[1],[1],[1],[1],[1,1],[1,1,1,1,1],[1,1,1],[1,1],[1,1],[],[],[1,1,1,1,1],[1,1,1,1,1],[1,1],[],[1,1,1,1],[1,1],[],[],[1,1,1,1],[1,1],[],[1,1],[],[1],[1],[1],[1,1,1,1,1],[],[1,1,1],[1,1,1],[1],[1],[]];

processingTimesRunnables = [18,13,14,17,17,6,10,13,14,15,17,18,13,9,7,16,16,15,16,16,19,5,13,17,14,19,10,15,14,16,16,8,12,11,17,13,12,6,12,15,13,14,10,7,17,16,21,8,15,15,16,13,18,17,15,7,15,19,11,9,14,7,8,16,7,15,17,18,19,19,12,17,14,9,17,12,13,12,15,13,6,6,17,15,17,18,17,17,15,10,21,17,15,14,13,15,9,7,12,15];

periods = [20000,10000,100000,50000,5000,100000,10000,10000,10000,100000,100000,10000,100000,10000,100000,10000,10000,2000,20000,20000,100000,10000,5000,10000,20000,10000,10000,2000,10000,20000,50000,20000,10000,10000,100000,20000,100000,20000,10000,1000,2000,100000,10000,10000,1000,20000,100000,20000,20000,100000,10000,10000,10000,20000,10000,20000,100000,100000,10000,10000,10000,100000,1000,10000,10000,10000,20000,10000,50000,20000,10000,20000,5000,10000,50000,10000,10000,20000,20000,100000,100000,20000,100000,10000,10000,5000,10000,20000,20000,20000,10000,10000,20000,20000,100000,100000,10000,20000,100000,2000];

communicationTimeForOrderCriticalMessages = [1,1,1,1,1,1,1,1,1,1,1,1,1,1,1,1,1,1,1,1,1,1,1,1,1,1,1,1,1,1];

sizeOfRunnables = [1,1,1,1,1,1,1,1,1,1,1,1,1,1,1,1,1,1,1,1,1,1,1,1,1,1,1,1,1,1,1,1,1,1,1,1,1,1,1,1,1,1,1,1,1,1,1,1,1,1,1,1,1,1,1,1,1,1,1,1,1,1,1,1,1,1,1,1,1,1,1,1,1,1,1,1,1,1,1,1,1,1,1,1,1,1,1,1,1,1,1,1,1,1,1,1,1,1,1,1];

senderLabelReceiverOrderCriticalChains = [[39,307,0,0,8],[8,364,0,0,33],[80,391,0,0,58],[58,372,0,0,6],[6,260,0,0,81],[13,43,0,0,37],[36,26,264,0,70],[70,162,0,0,32],[31,346,0,0,75],[75,319,0,0,4],[92,351,0,0,52],[52,332,0,0,9],[9,115,0,0,29],[96,352,0,0,47],[47,148,0,0,99],[99,32,0,0,3],[50,305,0,0,42],[42,360,0,0,47],[11,253,0,0,15],[57,366,0,0,35],[35,304,0,0,21],[69,104,220,0,4],[53,333,0,0,55],[23,54,0,0,73],[73,167,0,0,5],[22,155,0,0,87],[87,141,0,0,97],[97,225,0,0,43],[46,180,0,0,48],[48,61,0,0,30]];

senderLabelReceiverNonOrderCriticalChains = [[1,35,13],[1,35,19],[1,65,20],[1,65,57],[1,65,38],[1,65,89],[1,168,33],[2,64,92],[2,332,7],[2,332,9],[3,119,83],[3,232,88],[3,315,11],[4,104,55],[4,104,69],[4,281,31],[6,74,10],[6,111,11],[6,111,65],[6,111,76],[6,111,78],[6,111,30],[6,260,81],[7,142,12],[7,226,34],[7,267,26],[7,267,53],[7,267,17],[8,69,16],[8,69,53],[8,223,12],[8,364,33],[9,91,74],[9,115,29],[10,35,13],[10,35,19],[10,103,69],[10,337,13],[11,28,60],[11,28,71],[11,253,15],[12,269,68],[12,269,22],[12,331,16],[13,43,37],[13,43,61],[14,14,99],[14,178,33],[14,267,26],[14,267,53],[14,267,17],[14,358,100],[14,358,96],[16,28,60],[16,28,71],[17,68,33],[17,68,83],[17,160,63],[18,86,28],[18,144,41],[18,144,94],[18,144,9],[18,229,28],[18,358,100],[18,358,96],[19,7,38],[19,65,20],[19,65,57],[19,65,38],[19,65,89],[19,263,79],[19,263,81],[20,302,29],[20,302,32],[21,65,20],[21,65,57],[21,65,38],[21,65,89],[21,173,16],[21,173,38],[21,173,94],[22,66,27],[22,98,1],[22,155,87],[23,54,73],[23,163,30],[23,317,45],[24,111,11],[24,111,65],[24,111,76],[24,111,78],[24,111,30],[24,179,84],[24,179,63],[24,278,85],[25,108,51],[25,302,29],[25,302,32],[25,393,94],[26,10,39],[26,336,20],[26,366,35],[26,366,75],[27,111,11],[27,111,65],[27,111,76],[27,111,78],[27,111,30],[27,222,39],[27,244,37],[28,355,54],[29,111,11],[29,111,65],[29,111,76],[29,111,78],[29,111,30],[29,118,88],[29,118,95],[30,48,44],[31,346,75],[31,346,91],[32,69,16],[32,69,53],[32,212,86],[34,37,52],[34,89,25],[34,123,55],[35,164,80],[35,304,21],[36,26,70],[36,264,70],[36,297,46],[37,188,87],[38,274,93],[39,307,8],[40,294,45],[40,294,95],[40,296,20],[40,296,45],[40,346,75],[40,346,91],[40,353,2],[41,370,80],[41,386,100],[41,394,100],[42,104,55],[42,104,69],[42,298,95],[42,360,47],[43,308,49],[43,318,2],[43,318,65],[43,350,77],[44,158,84],[45,179,84],[45,179,63],[46,18,85],[46,180,48],[46,398,67],[47,148,99],[47,221,5],[48,61,63],[48,61,30],[48,144,41],[48,144,94],[48,144,9],[48,318,2],[48,318,65],[49,21,56],[49,21,90],[49,347,64],[49,352,47],[49,352,50],[49,352,98],[50,147,80],[50,147,63],[50,305,42],[51,269,68],[51,269,22],[51,381,77],[52,332,7],[52,332,9],[53,43,37],[53,43,61],[53,333,55],[54,169,67],[54,240,15],[54,352,47],[54,352,50],[54,352,98],[55,130,81],[56,118,88],[56,118,95],[57,173,16],[57,173,38],[57,173,94],[57,366,35],[57,366,75],[58,24,17],[58,372,6],[59,68,33],[59,68,83],[59,113,56],[59,242,21],[59,344,70],[60,53,56],[60,367,77],[61,312,90],[61,390,15],[62,8,96],[62,170,96],[62,263,79],[62,263,81],[64,173,16],[64,173,38],[64,173,94],[64,296,20],[64,296,45],[65,11,85],[66,61,63],[66,61,30],[66,87,95],[66,147,80],[66,147,63],[67,184,82],[68,140,67],[69,220,4],[70,162,32],[71,41,84],[71,271,76],[72,144,41],[72,144,94],[72,144,9],[72,193,90],[72,328,44],[73,167,5],[73,167,68],[73,342,86],[74,47,91],[74,106,77],[75,228,36],[75,319,4],[78,21,56],[78,21,90],[78,263,79],[78,263,81],[78,339,71],[79,65,20],[79,65,57],[79,65,38],[79,65,89],[79,207,31],[80,391,5],[80,391,58],[82,135,89],[82,136,88],[82,167,5],[82,167,68],[83,294,45],[83,294,95],[86,77,76],[86,267,26],[86,267,53],[86,267,17],[87,141,97],[87,314,15],[89,4,93],[89,266,98],[91,343,92],[92,351,52],[93,19,23],[94,111,11],[94,111,65],[94,111,76],[94,111,78],[94,111,30],[96,352,47],[96,352,50],[96,352,98],[97,225,43],[97,391,5],[97,391,58],[98,324,35],[99,32,3]];

