NumChains = 15;
NumResources = 3;
NumRunnablesInChains = 90;
MemoryBoundOnResource = 1048576;
UtilizationBoundOnResource = 100;

numberOfTasksinChain = [13,13,7,9,13,13,11,13,13,11,9,7,9,13,11];

runnablesInChains = [17,7,20,86,83,87,67,21,20,9,39,90,26,79,70,50,5,45,22,95,93,11,4,36,73,57,81,16,29,1,85,49,38,61,3,68,31,38,78,30,74,95,52,9,37,89,16,40,92,72,53,23,33,90,82,66,36,33,83,64,39,97,40,88,46,56,78,95,25,7,51,59,78,77,30,12,22,6,64,42,92,41,28,99,3,52,45,14,100,34];

ProcessingTimesOfMessages = [[1,1,1,1],[1,1,1],[1,1,1,1,1,1,1,1],[1,1,1,1],[1,1,1,1],[1,1,1,1,1,1],[1,1,1,1,1,1],[1,1,1,1,1],[1,1,1],[1,1,1,1,1],[1,1,1,1,1],[1,1,1,1,1,1,1,1,1],[1,1,1,1,1,1],[1,1,1,1],[1,1,1,1],[1,1,1,1,1],[1,1,1,1,1],[1,1],[1,1,1,1],[1,1,1],[1,1,1,1,1,1,1],[1,1,1],[1,1,1,1],[1,1,1,1],[1,1,1,1,1,1],[1,1],[1,1,1,1,1,1,1],[1,1,1,1,1,1],[1,1,1,1,1,1,1],[1,1],[1,1,1,1,1,1],[1,1,1,1,1,1,1],[1,1,1,1],[],[1,1,1],[1,1,1],[1,1],[1,1],[1,1,1,1],[1,1,1,1,1],[1],[1,1],[1,1,1,1],[1,1],[1,1,1],[1,1,1,1,1,1],[1,1,1,1,1,1],[1],[1,1,1,1],[1,1,1,1],[1,1,1,1],[1,1,1],[1,1,1],[1,1,1,1,1,1,1],[1,1,1,1],[1,1,1,1],[1],[1,1],[1],[1,1,1,1,1,1,1],[1,1],[1,1],[1,1,1,1],[1,1,1,1],[1,1,1],[1,1],[1,1,1,1],[1,1],[1],[1],[],[],[1],[1,1],[1,1],[],[1,1],[1,1,1,1,1],[1,1,1],[1,1,1],[1,1,1],[1,1],[1,1],[1,1],[1],[1,1,1],[1],[1,1],[1,1],[1,1],[1,1,1],[1,1,1],[1,1,1],[],[1,1,1],[1,1,1],[1],[1,1],[1],[1,1,1]];

processingTimesRunnables = [9,13,16,19,11,10,9,14,10,11,12,17,15,18,9,12,7,14,7,19,14,13,9,17,16,14,14,16,17,18,14,11,15,5,14,10,18,12,10,15,5,14,11,12,13,11,11,13,8,19,19,14,13,12,15,17,17,8,8,11,16,6,11,12,17,8,13,14,9,15,17,18,15,14,7,15,12,12,12,16,17,19,14,16,6,14,7,8,12,17,11,10,16,5,18,13,17,18,14,8];

periods = [20000,20000,10000,10000,10000,20000,20000,20000,20000,10000,10000,10000,1000,10000,20000,20000,20000,10000,20000,20000,20000,10000,20000,20000,20000,20000,20000,20000,20000,10000,10000,2000,20000,10000,1000,20000,20000,10000,20000,20000,20000,20000,10000,10000,10000,10000,10000,10000,10000,10000,20000,10000,20000,5000,2000,10000,20000,20000,20000,1000,10000,20000,10000,20000,10000,20000,20000,10000,1000,10000,10000,20000,20000,10000,2000,20000,10000,10000,20000,2000,20000,20000,20000,10000,10000,20000,20000,10000,20000,20000,20000,20000,10000,1000,10000,2000,20000,1000,20000,10000];

communicationTimeForOrderCriticalMessages = [1,1,1,1,1,1,1,1,1,1,1,1,1,1,1,1,1,1,1,1,1,1,1,1,1,1,1,1,1,1,1,1,1,1,1,1,1,1,1,1,1,1,1,1,1,1,1,1,1,1,1,1,1,1,1,1,1,1,1,1,1,1,1,1,1,1,1,1,1,1,1,1,1,1,1];

sizeOfRunnables = [1,1,1,1,1,1,1,1,1,1,1,1,1,1,1,1,1,1,1,1,1,1,1,1,1,1,1,1,1,1,1,1,1,1,1,1,1,1,1,1,1,1,1,1,1,1,1,1,1,1,1,1,1,1,1,1,1,1,1,1,1,1,1,1,1,1,1,1,1,1,1,1,1,1,1,1,1,1,1,1,1,1,1,1,1,1,1,1,1,1,1,1,1,1,1,1,1,1,1,1];

SenderLabelReceiverOrderCriticalChains = [[17,467,0,0,7],[7,220,0,0,20],[20,60,0,0,86],[86,407,0,0,83],[83,43,0,0,87],[87,257,0,0,67],[21,187,0,0,20],[20,483,0,0,9],[9,250,0,0,39],[39,218,0,0,90],[90,176,0,0,26],[26,107,0,0,79],[70,135,0,0,50],[50,117,0,0,5],[5,68,0,0,45],[22,80,0,0,95],[95,415,0,0,93],[93,200,0,0,11],[11,18,0,0,4],[36,381,0,0,73],[73,372,0,0,57],[57,304,0,0,81],[81,85,0,0,16],[16,316,0,0,29],[29,389,0,0,1],[85,307,0,0,49],[49,354,0,0,38],[38,51,0,0,61],[61,484,0,0,3],[3,250,0,0,68],[68,412,0,0,31],[38,275,0,0,78],[78,50,0,0,30],[30,247,0,0,74],[74,64,0,0,95],[95,106,0,0,52],[9,38,0,0,37],[37,17,0,0,89],[89,17,363,0,16],[16,382,0,0,40],[40,50,0,0,92],[92,155,0,0,72],[53,443,0,0,23],[23,309,0,0,33],[33,448,0,0,90],[90,93,0,0,82],[82,437,0,0,66],[66,169,0,0,36],[33,168,0,0,83],[83,23,0,0,64],[64,189,0,0,39],[39,396,0,0,97],[97,282,0,0,40],[88,375,0,0,46],[46,189,0,0,56],[56,183,0,0,78],[78,112,0,0,95],[25,462,0,0,7],[7,97,0,0,51],[51,127,0,0,59],[78,50,67,0,77],[77,5,50,0,30],[30,472,0,0,12],[12,205,0,0,22],[6,451,0,0,64],[64,107,0,0,42],[42,267,0,0,92],[92,430,0,0,41],[41,490,0,0,28],[28,63,0,0,99],[3,467,0,0,52],[52,31,0,0,45],[45,186,0,0,14],[14,433,0,0,100],[100,294,0,0,34]];

SenderLabelReceiverNonOrderCriticalChains = [[1,306,68],[1,306,8],[1,321,36],[1,384,9],[2,7,6],[2,349,30],[2,473,10],[3,126,4],[3,250,68],[3,250,39],[3,467,7],[3,467,52],[3,482,89],[3,482,35],[3,482,85],[4,335,36],[4,403,14],[4,426,29],[4,426,83],[5,68,45],[5,169,10],[5,169,36],[5,341,48],[6,97,1],[6,97,51],[6,97,94],[6,451,64],[6,451,75],[6,452,87],[7,97,1],[7,97,51],[7,97,94],[7,220,15],[7,220,20],[7,220,59],[8,223,41],[8,223,61],[8,232,15],[8,319,13],[8,355,5],[9,38,37],[9,250,68],[9,250,39],[10,213,84],[10,213,93],[10,373,85],[10,373,99],[10,471,70],[11,18,4],[11,21,65],[11,179,17],[11,179,18],[11,385,58],[12,97,1],[12,97,51],[12,97,94],[12,120,34],[12,120,62],[12,120,18],[12,205,22],[12,263,71],[12,263,50],[13,69,69],[13,120,34],[13,120,62],[13,120,18],[13,348,94],[13,377,35],[14,120,34],[14,120,62],[14,120,18],[14,433,100],[15,133,43],[15,259,34],[15,259,43],[15,417,34],[16,316,29],[16,382,96],[16,382,40],[16,425,73],[16,425,26],[17,32,44],[17,42,33],[17,74,21],[17,467,7],[17,467,52],[18,36,37],[18,416,37],[19,62,59],[19,111,81],[19,441,57],[19,446,57],[20,60,86],[20,336,53],[20,483,9],[21,87,40],[21,168,19],[21,168,83],[21,168,94],[21,187,20],[21,187,63],[21,345,24],[22,80,95],[22,264,74],[22,442,9],[23,175,48],[23,175,26],[23,237,27],[23,309,33],[24,16,18],[24,494,66],[24,498,55],[24,498,22],[25,45,76],[25,124,97],[25,240,87],[25,362,79],[25,362,76],[25,462,7],[26,107,79],[26,107,42],[27,218,32],[27,218,90],[27,425,73],[27,425,26],[27,474,48],[27,474,62],[27,474,49],[28,63,99],[28,192,34],[28,227,67],[28,482,89],[28,482,35],[28,482,85],[29,389,1],[29,389,88],[29,466,73],[29,466,93],[29,474,48],[29,474,62],[29,474,49],[30,247,74],[30,472,12],[31,27,38],[31,41,70],[31,168,19],[31,168,83],[31,168,94],[31,344,44],[32,25,75],[32,451,64],[32,451,75],[32,466,73],[32,466,93],[32,498,55],[32,498,22],[33,168,19],[33,168,83],[33,168,94],[33,448,90],[35,348,94],[35,383,69],[35,424,2],[36,223,41],[36,223,61],[36,381,73],[37,17,56],[37,17,89],[38,51,61],[38,275,78],[39,218,32],[39,218,90],[39,300,63],[39,396,97],[40,5,30],[40,5,42],[40,50,92],[40,50,30],[40,50,77],[41,490,28],[42,267,92],[42,281,72],[43,217,47],[43,482,89],[43,482,35],[43,482,85],[44,331,71],[44,351,77],[45,175,48],[45,175,26],[45,186,14],[46,53,85],[46,189,39],[46,189,56],[46,220,15],[46,220,20],[46,220,59],[47,35,97],[47,187,20],[47,187,63],[47,474,48],[47,474,62],[47,474,49],[48,340,98],[49,265,37],[49,354,38],[49,407,83],[49,407,99],[50,57,88],[50,117,5],[50,213,84],[50,213,93],[51,127,59],[51,139,73],[51,259,34],[51,259,43],[52,31,45],[52,242,26],[52,357,84],[53,399,66],[53,422,85],[53,443,23],[54,263,71],[54,263,50],[54,362,79],[54,362,76],[54,427,84],[54,430,24],[54,430,41],[55,92,47],[55,156,23],[55,199,76],[55,199,80],[56,183,78],[56,231,74],[56,306,68],[56,306,8],[57,304,81],[58,203,76],[58,374,81],[59,229,72],[60,39,94],[60,47,69],[60,179,17],[60,179,18],[60,220,15],[60,220,20],[60,220,59],[61,230,41],[61,484,3],[62,401,71],[62,457,69],[63,29,72],[63,50,92],[63,50,30],[63,50,77],[64,107,79],[64,107,42],[64,189,39],[64,189,56],[65,394,91],[65,394,71],[65,414,42],[66,169,10],[66,169,36],[67,11,82],[67,116,88],[67,199,76],[67,199,80],[68,412,31],[68,493,58],[69,353,2],[70,135,50],[73,372,57],[74,64,95],[74,152,80],[75,140,96],[75,366,63],[77,5,30],[77,5,42],[78,50,92],[78,50,30],[78,50,77],[78,67,77],[78,112,95],[79,161,65],[79,394,91],[79,394,71],[80,370,27],[80,382,96],[80,382,40],[81,85,16],[81,373,85],[81,373,99],[82,256,70],[82,437,66],[83,23,64],[83,43,87],[84,389,1],[84,389,88],[85,307,49],[86,407,83],[86,407,99],[86,454,90],[87,257,67],[88,180,98],[88,375,46],[89,55,44],[89,363,16],[90,93,82],[90,176,26],[91,251,97],[91,434,70],[91,444,77],[92,155,72],[92,430,24],[92,430,41],[93,200,11],[93,426,29],[93,426,83],[95,106,52],[95,106,75],[95,415,93],[96,17,56],[96,17,89],[96,419,100],[97,282,40],[98,322,86],[98,439,14],[99,49,96],[100,106,52],[100,106,75],[100,294,34]];

jitters = [20000,20000,10000,10000,10000,20000,20000,20000,20000,10000,10000,10000,1000,10000,20000,20000,20000,10000,20000,20000,20000,10000,20000,20000,20000,20000,20000,20000,20000,10000,10000,2000,20000,10000,1000,20000,20000,10000,20000,20000,20000,20000,10000,10000,10000,10000,10000,10000,10000,10000,20000,10000,20000,5000,2000,10000,20000,20000,20000,1000,10000,20000,10000,20000,10000,20000,20000,10000,1000,10000,10000,20000,20000,10000,2000,20000,10000,10000,20000,2000,20000,20000,20000,10000,10000,20000,20000,10000,20000,20000,20000,20000,10000,1000,10000,2000,20000,1000,20000,10000];

