numChains = 15;

numberOfTasksinChain = [5,5,3,3,3,5,7,7,5,7,7,7,3,7,3];

runnablesInChains = [53,49,63,83,70,97,21,1,29,53,67,47,82,70,51,31,47,85,37,28,49,3,29,18,63,41,43,4,31,35,32,10,99,53,14,44,46,43,68,43,73,82,16,97,23,60];

processingTimesOfMessages = [[1,1,1],[1,1,1,1,1,1,1],[1,1,1,1,1],[1,1,1,1],[],[1,1],[1,1,1,1,1],[1,1],[1,1,1,1,1,1,1],[1,1,1],[1,1],[1],[1,1],[1,1,1,1,1,1,1,1],[1,1],[1,1],[1,1,1],[1,1,1,1,1],[1,1],[1,1,1,1,1,1],[1,1,1,1],[],[1,1,1,1,1,1],[],[1,1,1],[1,1,1],[1,1],[1,1],[1],[1,1],[1,1,1],[1,1,1],[1,1],[1,1],[1],[1,1,1,1,1,1,1],[1],[1,1],[1,1,1],[],[1,1,1,1],[1,1,1],[1],[1],[1,1,1],[1,1,1,1,1],[1,1],[1,1,1,1],[1,1],[1,1,1],[1,1,1,1],[1,1,1],[1],[1,1,1],[1,1],[1,1,1,1],[1,1],[1,1],[1,1,1],[1],[1,1,1],[1,1],[1,1,1],[1,1],[1],[1,1,1,1],[1,1,1,1],[1],[1],[1,1,1,1],[1,1],[],[1],[1,1],[1,1],[1,1,1,1,1,1,1],[1,1,1,1,1],[1,1,1,1],[1],[1,1,1],[1,1],[1,1],[1,1,1],[],[1],[1,1,1],[1],[],[1],[1,1],[1,1,1],[1],[],[1,1],[],[],[],[1],[1,1,1,1,1],[1,1,1]];

processingTimesRunnables = [17,12,10,17,9,17,17,12,10,21,13,16,15,7,17,14,13,17,10,13,13,18,20,6,12,18,10,21,17,9,16,15,17,15,17,14,7,13,13,16,17,15,15,20,12,10,5,15,16,14,17,15,17,17,16,9,20,14,17,11,15,19,9,16,20,16,15,17,12,16,15,10,16,6,17,17,9,17,11,9,17,19,16,16,11,17,15,8,5,19,10,17,14,16,7,6,7,14,14,17];

periods = [20000,20000,10000,100000,20000,100000,20000,20000,20000,10000,50000,20000,20000,100000,20000,10000,20000,10000,20000,100000,20000,20000,20000,20000,20000,20000,10000,10000,10000,20000,100000,10000,1000,100000,100000,20000,100000,50000,20000,10000,10000,2000,100000,100000,20000,100000,100000,100000,10000,100000,10000,20000,10000,100000,10000,1000,50000,20000,20000,20000,100000,20000,10000,1000,100000,10000,100000,100000,20000,10000,100000,20000,10000,20000,20000,20000,20000,100000,20000,50000,100000,10000,10000,20000,100000,20000,20000,20000,50000,1000,10000,1000,20000,5000,10000,100000,10000,1000,10000,5000];

communicationTimeForOrderCriticalMessages = [1,1,1,1,1,1,1,1,1,1,1,1,1,1,1,1,1,1,1,1,1,1,1,1,1,1,1,1,1,1,1];

sizeOfRunnables = [1,1,1,1,1,1,1,1,1,1,1,1,1,1,1,1,1,1,1,1,1,1,1,1,1,1,1,1,1,1,1,1,1,1,1,1,1,1,1,1,1,1,1,1,1,1,1,1,1,1,1,1,1,1,1,1,1,1,1,1,1,1,1,1,1,1,1,1,1,1,1,1,1,1,1,1,1,1,1,1,1,1,1,1,1,1,1,1,1,1,1,1,1,1,1,1,1,1,1,1];

senderLabelReceiverOrderCriticalChains = [[53,306,0,0,49],[49,108,0,0,63],[83,395,0,0,70],[70,119,0,0,97],[21,124,0,0,1],[29,94,0,0,53],[67,380,0,0,47],[82,258,0,0,70],[70,313,0,0,51],[31,307,0,0,47],[47,275,0,0,85],[85,266,0,0,37],[28,200,0,0,49],[49,47,0,0,3],[3,68,0,0,29],[18,152,0,0,63],[63,205,0,0,41],[43,35,0,0,4],[4,353,0,0,31],[31,269,0,0,35],[32,156,0,0,10],[10,370,0,0,99],[99,57,0,0,53],[14,307,326,0,44],[44,74,0,0,46],[46,391,0,0,43],[68,6,0,0,43],[73,104,0,0,82],[82,322,0,0,16],[16,344,0,0,97],[23,53,0,0,60]];

senderLabelReceiverNonOrderCriticalChains = [[1,7,5],[1,7,13],[1,217,29],[2,119,7],[2,119,97],[2,119,56],[2,237,40],[2,237,25],[2,237,30],[2,362,5],[3,68,29],[3,68,81],[3,113,6],[3,113,10],[3,336,37],[4,113,6],[4,113,10],[4,276,47],[4,353,31],[6,126,8],[6,240,22],[7,151,37],[7,192,34],[7,192,62],[7,192,65],[7,368,18],[8,64,12],[8,90,35],[9,33,34],[9,33,30],[9,117,69],[9,218,58],[9,218,94],[9,359,26],[9,359,31],[10,53,27],[10,53,60],[10,370,99],[11,162,12],[11,264,38],[12,15,24],[13,62,22],[13,273,62],[14,299,40],[14,299,66],[14,307,44],[14,307,47],[14,326,44],[14,391,20],[14,391,43],[14,391,81],[15,27,79],[15,91,24],[16,292,58],[16,344,97],[17,152,94],[17,152,63],[17,272,98],[18,24,57],[18,152,94],[18,152,63],[18,359,26],[18,359,31],[19,57,53],[19,57,21],[20,1,52],[20,1,79],[20,1,89],[20,192,34],[20,192,62],[20,192,65],[21,20,86],[21,124,1],[21,275,85],[21,275,69],[23,53,27],[23,53,60],[23,237,40],[23,237,25],[23,237,30],[23,260,59],[25,140,39],[25,173,74],[25,179,43],[26,265,55],[26,265,75],[26,288,74],[27,184,8],[27,250,12],[28,168,91],[28,200,49],[29,94,53],[30,2,45],[30,199,56],[31,269,35],[31,307,44],[31,307,47],[32,156,42],[32,156,10],[32,193,83],[33,88,64],[33,222,92],[34,388,85],[34,388,100],[35,120,71],[36,1,52],[36,1,79],[36,1,89],[36,147,19],[36,147,75],[36,197,60],[36,211,72],[37,49,2],[38,154,61],[38,327,57],[39,224,40],[39,280,67],[39,280,95],[41,40,45],[41,40,52],[41,89,73],[41,95,22],[42,109,73],[42,161,5],[42,161,82],[43,35,4],[44,74,46],[45,119,7],[45,119,97],[45,119,56],[46,205,48],[46,205,41],[46,391,20],[46,391,43],[46,391,81],[47,275,85],[47,275,69],[48,3,11],[48,192,34],[48,192,62],[48,192,65],[49,47,3],[49,108,63],[50,26,1],[50,274,54],[50,291,54],[51,265,55],[51,265,75],[51,381,28],[51,381,55],[52,158,84],[52,234,65],[52,234,72],[53,306,49],[54,234,65],[54,234,72],[54,268,19],[55,194,97],[55,194,20],[56,1,52],[56,1,79],[56,1,89],[56,244,90],[57,361,32],[57,361,80],[58,161,5],[58,161,82],[59,301,11],[59,373,6],[59,392,69],[60,19,38],[61,32,68],[61,147,19],[61,147,75],[62,156,42],[62,156,10],[63,101,33],[63,205,48],[63,205,41],[64,44,23],[64,374,92],[65,34,68],[66,142,72],[66,218,58],[66,218,94],[66,255,95],[67,21,68],[67,380,47],[67,388,85],[67,388,100],[68,6,43],[69,118,93],[70,119,7],[70,119,97],[70,119,56],[70,313,51],[71,209,87],[71,228,78],[73,104,82],[74,249,26],[74,249,48],[75,123,98],[75,341,84],[76,187,87],[76,230,93],[76,237,40],[76,237,25],[76,237,30],[76,395,70],[76,395,84],[77,145,84],[77,223,96],[77,349,64],[77,381,28],[77,381,55],[78,68,29],[78,68,81],[78,299,40],[78,299,66],[79,160,88],[80,194,97],[80,194,20],[80,289,13],[81,220,96],[81,311,17],[82,258,70],[82,322,16],[83,263,15],[83,395,70],[83,395,84],[85,266,37],[86,232,88],[86,280,67],[86,280,95],[87,227,88],[89,256,42],[90,72,22],[90,295,92],[91,157,95],[91,249,26],[91,249,48],[92,10,93],[94,40,45],[94,40,52],[98,278,96],[99,33,34],[99,33,30],[99,57,53],[99,57,21],[99,177,24],[100,361,32],[100,361,80],[100,372,89]];

