numChains = 15;

numberOfTasksinChain = [5,5,5,3,7,3,5,5,5,7,5,7,3,3,7];

runnablesInChains = [27,61,87,36,82,63,48,72,6,33,86,7,84,16,90,32,91,44,17,48,69,82,64,35,55,72,67,60,42,41,8,40,27,99,38,4,100,96,6,89,39,62,88,57,16];

processingTimesOfMessages = [[1,1,1,1],[1,1,1,1,1],[1,1,1,1],[1,1,1],[1,1,1],[1,1,1],[1,1],[1,1,1],[1,1,1,1,1],[1,1,1,1,1],[1,1],[1,1,1,1,1,1],[1,1,1,1,1],[1,1,1],[1,1,1,1,1,1],[1,1],[1],[1,1,1],[1,1,1,1],[1,1,1,1],[1,1,1,1,1],[1,1,1],[1,1],[1,1],[],[1,1,1,1,1],[1,1,1],[1,1],[1,1,1],[1,1,1,1],[1,1],[1],[1,1,1,1,1],[1,1,1,1,1],[1,1,1,1],[1,1,1,1,1],[1,1,1,1,1,1,1],[1,1],[1,1],[1,1],[1],[1],[1,1,1,1],[1,1,1,1],[1,1],[1],[],[1,1],[1,1],[1],[],[1],[1,1,1,1],[1,1],[1,1,1],[1,1],[1,1],[1,1,1,1],[1,1,1],[1,1],[1],[1,1,1,1,1],[1,1,1],[1],[1,1,1,1,1,1],[1,1,1],[1,1],[1,1,1,1],[1,1,1,1],[1,1,1],[],[1],[],[1,1],[1,1],[1,1,1,1,1],[1],[1,1],[1,1,1,1],[1],[1,1,1],[1,1],[1],[1,1,1],[1,1,1],[],[1,1],[1,1],[1,1],[],[],[1,1,1,1],[1],[1,1,1,1],[],[1],[1,1,1],[1,1],[1],[1,1,1]];

processingTimesRunnables = [15,16,18,9,11,20,11,15,17,8,18,16,13,17,16,19,15,11,6,17,9,12,8,20,15,16,13,13,13,14,16,7,13,15,8,17,15,7,9,16,14,17,14,16,13,8,10,11,13,16,6,13,10,11,17,21,12,7,9,15,13,16,14,20,15,17,16,21,19,16,19,13,14,15,12,11,21,15,17,6,10,7,9,9,16,7,7,14,15,10,5,13,15,16,15,15,17,7,14,8];

periods = [20000,10000,100000,20000,20000,100000,100000,50000,5000,20000,50000,20000,20000,10000,2000,100000,100000,20000,2000,20000,10000,20000,100000,5000,1000,10000,50000,20000,10000,20000,100000,2000,100000,10000,100000,10000,50000,20000,10000,50000,20000,20000,20000,100000,20000,100000,10000,100000,20000,20000,100000,20000,100000,20000,100000,10000,100000,5000,20000,20000,50000,100000,10000,10000,20000,20000,20000,10000,10000,100000,20000,100000,10000,20000,20000,20000,10000,20000,20000,20000,20000,10000,10000,100000,20000,100000,50000,100000,10000,100000,2000,100000,5000,10000,20000,100000,20000,20000,20000,20000];

communicationTimeForOrderCriticalMessages = [1,1,1,1,1,1,1,1,1,1,1,1,1,1,1,1,1,1,1,1,1,1,1,1,1,1,1,1,1,1];

sizeOfRunnables = [1,1,1,1,1,1,1,1,1,1,1,1,1,1,1,1,1,1,1,1,1,1,1,1,1,1,1,1,1,1,1,1,1,1,1,1,1,1,1,1,1,1,1,1,1,1,1,1,1,1,1,1,1,1,1,1,1,1,1,1,1,1,1,1,1,1,1,1,1,1,1,1,1,1,1,1,1,1,1,1,1,1,1,1,1,1,1,1,1,1,1,1,1,1,1,1,1,1,1,1];

senderLabelReceiverOrderCriticalChains = [[27,320,0,0,61],[61,299,0,0,87],[36,255,0,0,82],[82,128,0,0,63],[48,223,0,0,72],[72,365,0,0,6],[33,144,0,0,86],[7,269,0,0,84],[84,234,0,0,16],[16,82,0,0,90],[32,119,234,0,91],[44,189,0,0,17],[17,71,0,0,48],[69,399,0,0,82],[82,304,0,0,64],[35,126,0,0,55],[55,316,0,0,72],[67,13,0,0,60],[60,215,0,0,42],[42,312,0,0,41],[8,292,0,0,40],[40,55,216,0,27],[99,158,0,0,38],[38,311,0,0,4],[4,80,0,0,100],[96,305,0,0,6],[89,291,0,0,39],[62,355,0,0,88],[88,101,0,0,57],[57,209,0,0,16]];

senderLabelReceiverNonOrderCriticalChains = [[1,154,45],[1,271,94],[1,271,4],[1,325,15],[2,50,41],[2,50,73],[2,88,12],[2,88,14],[2,358,56],[3,106,72],[3,112,25],[3,384,17],[3,397,17],[4,80,100],[4,374,10],[4,374,26],[5,175,99],[5,175,86],[5,346,38],[6,25,7],[6,320,61],[6,320,84],[7,164,88],[7,269,84],[8,246,45],[8,248,14],[8,292,40],[9,33,24],[9,94,24],[9,94,28],[9,168,44],[9,204,13],[10,10,18],[10,10,33],[10,10,57],[10,109,86],[10,321,66],[11,7,27],[11,170,61],[12,94,24],[12,94,28],[12,216,27],[12,216,50],[12,390,2],[12,390,48],[13,83,8],[13,91,86],[13,91,96],[13,374,10],[13,374,26],[14,98,35],[14,311,4],[14,311,56],[15,234,16],[15,234,32],[15,234,91],[15,265,42],[15,355,19],[15,355,88],[16,82,90],[16,295,23],[17,71,48],[18,90,41],[18,107,64],[18,371,25],[19,41,32],[19,126,20],[19,126,55],[19,302,59],[20,149,95],[20,345,22],[20,399,93],[20,399,82],[21,14,29],[21,88,12],[21,88,14],[21,166,36],[21,298,69],[22,59,30],[22,59,54],[22,364,42],[23,115,70],[23,266,46],[24,23,51],[24,233,58],[26,201,29],[26,229,1],[26,234,16],[26,234,32],[26,234,91],[27,55,40],[27,320,61],[27,320,84],[28,78,87],[28,212,59],[29,131,73],[29,291,39],[29,291,73],[30,10,18],[30,10,33],[30,10,57],[30,159,71],[31,37,90],[31,208,62],[32,119,91],[33,144,77],[33,144,47],[33,144,86],[33,155,51],[33,241,35],[34,35,64],[34,39,47],[34,255,38],[34,255,82],[34,255,97],[35,126,20],[35,126,55],[35,259,92],[35,259,53],[36,77,49],[36,77,95],[36,255,38],[36,255,82],[36,255,97],[37,101,49],[37,101,57],[37,111,46],[37,145,61],[37,145,90],[37,197,52],[37,197,49],[38,311,4],[38,311,56],[39,27,50],[39,324,47],[40,216,27],[40,216,50],[41,231,39],[42,312,41],[43,3,67],[43,49,60],[43,142,75],[43,375,54],[44,26,5],[44,189,17],[44,195,77],[44,195,30],[45,197,52],[45,197,49],[46,156,90],[48,223,63],[48,223,72],[49,223,63],[49,223,72],[50,62,47],[52,153,89],[53,43,68],[53,104,74],[53,175,99],[53,175,86],[54,20,91],[54,87,80],[55,145,61],[55,145,90],[55,316,72],[56,195,77],[56,195,30],[57,209,16],[57,394,52],[58,144,77],[58,144,47],[58,144,86],[58,188,84],[59,21,75],[59,21,93],[59,173,99],[60,215,42],[60,367,51],[61,299,87],[62,8,85],[62,259,92],[62,259,53],[62,355,19],[62,355,88],[63,258,73],[63,293,56],[63,293,83],[64,28,28],[65,243,74],[65,363,45],[65,363,96],[65,363,98],[65,372,68],[65,398,36],[66,183,78],[66,194,71],[66,337,76],[67,13,60],[67,368,95],[68,91,86],[68,91,96],[68,271,94],[68,271,4],[69,21,75],[69,21,93],[69,399,93],[69,399,82],[70,1,31],[70,1,88],[70,369,71],[72,365,6],[74,179,80],[74,393,78],[75,202,100],[75,277,99],[76,255,38],[76,255,82],[76,255,97],[76,385,81],[76,395,81],[77,127,89],[78,50,41],[78,50,73],[79,1,31],[79,1,88],[79,45,98],[79,286,11],[80,190,31],[81,144,77],[81,144,47],[81,144,86],[82,128,63],[82,304,64],[83,220,89],[84,234,16],[84,234,32],[84,234,91],[85,77,49],[85,77,95],[85,360,95],[87,390,2],[87,390,48],[88,101,49],[88,101,57],[89,291,39],[89,291,73],[92,185,96],[92,363,45],[92,363,96],[92,363,98],[93,113,83],[94,361,71],[94,363,45],[94,363,96],[94,363,98],[96,305,6],[97,97,48],[97,293,56],[97,293,83],[98,157,23],[98,282,25],[99,158,38],[100,10,18],[100,10,33],[100,10,57]];

