NumChains = 15;
NumResources = 3;
NumRunnablesInChains = 50;
MemoryBoundOnResource = 1048576;
UtilizationBoundOnResource = 100;

numberOfTasksinChain = [7,3,5,7,7,5,5,7,7,7,3,5,3,7,7];

runnablesInChains = [95,45,65,15,18,42,60,96,72,74,56,14,47,38,62,83,86,53,52,5,85,65,73,55,49,89,42,59,30,75,47,67,95,8,92,99,5,66,52,82,39,17,31,18,93,91,37,99,48,92];

ProcessingTimesOfMessages = [[1,1,1,1,1,1],[1,1,1,1],[1,1],[1,1,2,2,1,1],[1,1],[1,1,1,1],[1,1,1,1],[1],[1],[1,1,1],[1,1,1,1,1],[1,1],[1,1,1,1,1],[1,1],[1],[1,1,1,1,1],[1,1],[1,1,1,1,1,1],[1,1,1],[1,1],[1,1,1],[],[1,1,1],[1],[1,1,1,1],[1,1],[1,1,1,1,1],[1],[1,1,1,1,1],[1],[1,1,1,1],[1],[1],[1,1],[1,1,1,1],[1,1],[1,1,1,1],[1],[1,1,1,1,1,2,2],[1,1,1],[1],[],[1,1,1,1],[1,1,1],[1,1,1,1],[1],[1],[1,1,1,1],[1],[1],[1],[1,1],[1,1,1,1],[1,1,1,1],[1,1,1],[1,1,1],[1,1,1,1,1,1],[1],[1,1,1,1,1],[1,1,1,1,1,1],[1,1,1],[1],[1,1],[1,1,1,1],[1,1,1],[1,1,1,1],[1],[1],[1,1],[1],[1],[1,1,1],[1,1],[1,2],[1],[1,1,1,1],[1,1,1,1,1,1,1],[1,1],[],[1,1,1],[1],[1,1],[1],[1,1],[1,1],[],[1,1,1,1,1,1,1],[1,1],[1],[1],[1],[],[1,1,1,1],[],[1,1],[1,1,1],[1],[],[1,1,1],[]];

processingTimesRunnables = [5,13,11,12,12,10,6,12,13,12,12,13,11,9,14,13,7,12,17,5,16,7,11,7,11,13,13,16,13,7,14,6,10,15,12,13,12,11,14,7,6,13,11,15,11,13,11,10,11,16,9,11,13,12,16,12,12,10,16,6,12,10,10,13,5,12,11,11,12,13,12,12,14,11,6,15,5,11,15,12,12,16,11,14,11,17,15,10,7,14,13,12,10,11,10,7,12,10,11,13];

periods = [1000,20000,20000,20000,20000,20000,100000,20000,10000,20000,100000,10000,20000,100000,20000,50000,20000,10000,20000,10000,100000,100000,5000,1000,10000,10000,100000,50000,20000,100000,10000,20000,10000,20000,20000,1000,20000,10000,20000,20000,10000,10000,10000,10000,20000,20000,100000,20000,10000,10000,10000,20000,20000,20000,10000,100000,100000,50000,100000,10000,20000,10000,20000,10000,20000,20000,20000,5000,10000,20000,10000,10000,20000,100000,100000,100000,100000,100000,20000,20000,100000,20000,10000,10000,20000,10000,20000,100000,10000,1000,10000,20000,10000,100000,20000,10000,2000,20000,20000,20000];

communicationTimeForOrderCriticalMessages = [1,1,1,1,1,1,1,1,1,1,1,1,1,1,1,1,1,1,1,1,1,1,1,1,1,1,1,1,2,1,1,1,1,1,1];

sizeOfRunnables = [420,1223,1088,1148,1165,963,588,1155,1270,1135,1173,1225,1005,893,1305,1285,625,1170,1610,498,1513,655,1020,608,1015,1233,1270,1503,1233,683,1318,543,998,1490,1173,1203,1120,1088,1350,700,528,1300,1013,1495,1043,1235,1008,963,1020,1528,828,1068,1253,1178,1560,1140,1133,908,1583,580,1193,990,928,1295,473,1165,1020,1083,1125,1270,1105,1118,1303,1068,548,1495,475,1013,1498,1198,1173,1555,1095,1345,1013,1620,1433,998,648,1350,1260,1173,968,1053,993,683,1120,955,1080,1248];

SenderLabelReceiverOrderCriticalChains = [[95,162,0,0,45],[45,389,0,0,65],[65,379,0,0,15],[18,42,0,0,42],[60,394,0,0,96],[96,31,0,0,72],[74,196,0,0,56],[56,24,0,0,14],[14,387,0,0,47],[38,69,0,0,62],[62,368,0,0,83],[83,32,0,0,86],[53,298,0,0,52],[52,45,0,0,5],[85,306,0,0,65],[65,127,0,0,73],[55,152,0,0,49],[49,217,0,0,89],[89,87,0,0,42],[59,190,0,0,30],[30,177,0,0,75],[75,100,0,0,47],[67,326,0,0,95],[95,104,0,0,8],[8,238,0,0,92],[99,208,0,0,5],[66,173,0,0,52],[52,220,0,0,82],[39,285,0,0,17],[31,1,0,0,18],[18,42,226,0,93],[93,391,0,0,91],[37,362,0,0,99],[99,363,0,0,48],[48,98,0,0,92]];

SenderLabelReceiverNonOrderCriticalChains = [[1,135,22],[1,135,24],[1,263,21],[1,263,8],[1,265,36],[1,268,36],[2,3,10],[2,71,27],[2,388,3],[2,388,86],[3,240,15],[3,393,92],[4,131,34],[4,183,12],[4,285,75],[4,285,17],[4,334,85],[4,334,67],[5,97,97],[5,97,6],[6,31,53],[6,31,72],[6,263,21],[6,263,8],[7,79,30],[7,121,14],[7,266,90],[7,266,2],[8,238,92],[9,75,12],[10,148,42],[10,211,38],[10,316,29],[11,94,83],[11,142,74],[11,142,22],[11,290,41],[11,351,22],[12,101,71],[12,318,41],[13,24,14],[13,24,15],[13,169,17],[13,374,49],[13,374,95],[14,289,21],[14,387,47],[15,54,32],[16,25,28],[16,117,81],[16,306,65],[16,306,24],[16,354,86],[17,197,40],[17,261,37],[18,30,7],[18,42,42],[18,42,6],[18,42,78],[18,226,93],[18,226,79],[19,149,80],[19,203,92],[19,297,32],[20,100,47],[20,230,25],[21,81,81],[21,389,22],[21,389,65],[23,35,9],[23,112,68],[23,312,68],[24,311,36],[25,286,71],[25,335,58],[25,363,26],[25,363,48],[26,250,51],[26,250,38],[27,243,9],[27,243,98],[27,272,100],[27,272,40],[27,273,20],[28,340,58],[29,78,99],[29,78,67],[29,305,90],[29,305,93],[29,305,79],[30,177,75],[31,1,18],[31,43,50],[31,212,44],[31,390,49],[32,346,46],[33,209,50],[34,70,35],[34,233,82],[35,55,38],[35,200,33],[35,200,70],[35,200,98],[36,266,90],[36,266,2],[37,130,24],[37,130,100],[37,362,99],[37,373,54],[38,69,62],[39,78,99],[39,78,67],[39,178,46],[39,239,94],[39,239,50],[39,285,75],[39,285,17],[40,127,69],[40,127,73],[40,133,79],[41,105,43],[43,315,84],[43,315,89],[43,374,49],[43,374,95],[44,124,64],[44,388,3],[44,388,86],[45,163,20],[45,304,76],[45,389,22],[45,389,65],[46,57,63],[47,336,56],[48,98,92],[48,135,22],[48,135,24],[48,246,97],[49,217,89],[50,108,5],[51,187,62],[52,45,5],[52,220,82],[53,119,26],[53,142,74],[53,142,22],[53,298,52],[54,281,43],[54,334,85],[54,334,67],[54,398,63],[55,129,94],[55,152,49],[55,366,3],[56,24,14],[56,24,15],[56,150,51],[57,97,97],[57,97,6],[57,172,84],[57,172,88],[57,186,74],[57,247,61],[58,58,9],[59,51,77],[59,190,30],[59,305,90],[59,305,93],[59,305,79],[60,138,55],[60,138,62],[60,222,72],[60,315,84],[60,315,89],[60,394,96],[61,250,51],[61,250,38],[61,301,85],[62,368,83],[63,20,66],[63,72,67],[64,172,84],[64,172,88],[64,248,89],[64,292,91],[65,127,69],[65,127,73],[65,379,15],[66,173,52],[66,305,90],[66,305,93],[66,305,79],[67,326,95],[68,18,100],[69,9,79],[69,399,83],[70,295,44],[71,216,28],[72,23,91],[72,48,88],[72,48,94],[73,226,93],[73,226,79],[74,196,56],[74,356,23],[75,100,47],[76,42,42],[76,42,6],[76,42,78],[76,218,33],[77,48,88],[77,48,94],[77,200,33],[77,200,70],[77,200,98],[77,239,94],[77,239,50],[78,188,33],[78,188,13],[80,231,98],[80,243,9],[80,243,98],[81,90,73],[82,113,98],[82,310,87],[83,32,86],[84,130,24],[84,130,100],[85,306,65],[85,306,24],[87,138,55],[87,138,62],[87,200,33],[87,200,70],[87,200,98],[87,272,100],[87,272,40],[88,188,33],[88,188,13],[89,87,42],[90,180,19],[91,12,78],[93,42,42],[93,42,6],[93,42,78],[93,391,91],[95,104,8],[95,162,45],[96,31,53],[96,31,72],[96,86,34],[97,16,70],[99,208,5],[99,363,26],[99,363,48]];

jitters = [1000,20000,20000,20000,20000,20000,100000,20000,10000,20000,100000,10000,20000,100000,20000,50000,20000,10000,20000,10000,100000,100000,5000,1000,10000,10000,100000,50000,20000,100000,10000,20000,10000,20000,20000,1000,20000,10000,20000,20000,10000,10000,10000,10000,20000,20000,100000,20000,10000,10000,10000,20000,20000,20000,10000,100000,100000,50000,100000,10000,20000,10000,20000,10000,20000,20000,20000,5000,10000,20000,10000,10000,20000,100000,100000,100000,100000,100000,20000,20000,100000,20000,10000,10000,20000,10000,20000,100000,10000,1000,10000,20000,10000,100000,20000,10000,2000,20000,20000,20000];

