NumChains = 15;
NumResources = 3;
NumRunnablesInChains = 44;
MemoryBoundOnResource = 1048576;
UtilizationBoundOnResource = 100;

numberOfTasksinChain = [3,7,7,7,5,3,3,5,3,3,3,7,5,5,7];

runnablesInChains = [90,38,70,25,69,86,93,84,77,97,63,71,1,88,27,53,74,45,42,76,39,3,27,85,62,76,28,58,54,25,64,24,87,36,52,8,95,6,15,73,26,15,40,38];

ProcessingTimesOfMessages = [[1,1,1],[1,1,1,1,1,1],[1,1,1,1,1,1,1],[1,1],[1,1,1,1],[1,1],[1,1],[1,1],[1,1,1,1],[1,1,1,1],[1,1,1,1,1,1],[1,1,1,1],[1,2,1,1],[1],[1,1],[1,2,2],[1],[1,1,1,1],[1,1],[1,1,1,1],[1,1,1,1,1,1],[1,1,1],[1,1,1,1,1],[1,1],[1,1,1],[1],[1,1,1],[1,1],[1,1,1,1],[1,1,1,1,1,1,1],[1,1,1,1],[],[1,1,1,1,1,1,1],[1,1],[1,1],[1,1,1,1,1,1],[],[1,1,1,1,1],[1,1],[1,1,1],[1,1,1,1,1],[1,1,1],[],[1,1,1,1,1],[1,1],[2,2,1,1,1],[1,1],[1,1,1],[1],[1,1],[1,1],[1],[1,1,1],[1,1,1],[1,1,1],[1],[2,2],[1],[1],[1],[1,1,1],[1,1],[1,1,1,1,1],[1,1],[],[1,1,1,1,1,1],[1,1,1],[1,1],[1,1],[1,1],[1,1],[1,1,1,1,1],[],[1],[],[1,1,1,1],[1,1,1],[],[1,1,1],[1],[1,1],[1,1,1,1],[1,1],[1],[1],[1],[2,2,1],[],[1,1,1,1,1],[1,1],[],[1,1,1,1],[1],[1,1,1],[1],[1,1,1,1],[],[],[2],[1,1]];

processingTimesRunnables = [8,15,9,15,15,8,10,10,13,15,11,6,13,9,13,15,12,5,13,14,8,8,11,10,11,8,10,17,13,14,6,5,10,10,6,15,12,12,6,7,13,16,8,10,11,15,5,10,12,10,12,12,14,5,10,13,15,15,11,6,9,13,16,11,13,15,13,4,16,14,4,15,13,13,8,16,5,5,5,12,9,11,8,11,8,11,4,12,15,14,10,10,10,12,9,9,6,12,13,6];

periods = [100000,100000,20000,100000,10000,100000,100000,10000,1000,20000,20000,10000,10000,20000,100000,10000,20000,10000,10000,1000,10000,20000,5000,10000,10000,100000,20000,100000,10000,10000,1000,1000,10000,20000,100000,10000,1000,100000,20000,100000,1000,2000,10000,10000,2000,20000,100000,10000,20000,10000,20000,10000,20000,10000,10000,10000,10000,100000,50000,20000,100000,20000,100000,10000,100000,20000,5000,20000,10000,10000,100000,20000,100000,20000,10000,20000,20000,10000,10000,10000,2000,100000,20000,20000,20000,10000,10000,100000,50000,100000,20000,50000,20000,50000,10000,1000,20000,10000,10000,2000];

communicationTimeForOrderCriticalMessages = [1,1,1,1,1,1,1,1,1,1,1,1,1,1,1,1,1,1,1,1,1,2,1,1,1,1,1,1,1];

sizeOfRunnables = [730,1495,895,1480,1410,798,978,948,1208,1498,1080,595,1238,825,1203,1465,1118,483,1225,1378,775,713,1063,963,1023,765,968,1610,1203,1400,558,500,938,945,550,1495,1155,1103,538,620,1248,1523,780,938,1075,1443,430,993,1188,978,1143,1150,1398,428,960,1230,1438,1490,1095,573,868,1260,1503,1060,1300,1485,1268,393,1560,1345,390,1480,1210,1203,773,1530,430,413,405,1150,885,1045,750,1013,760,1020,385,1170,1465,1373,923,938,948,1155,895,870,528,1163,1255,600];

SenderLabelReceiverOrderCriticalChains = [[90,181,0,0,38],[70,37,0,0,25],[25,128,0,0,69],[69,52,0,0,86],[93,374,0,0,84],[84,332,0,0,77],[77,276,0,0,97],[63,91,0,0,71],[71,397,0,0,1],[1,365,0,0,88],[27,42,0,0,53],[53,75,376,0,74],[45,14,192,0,42],[76,125,0,0,39],[3,4,0,0,27],[27,190,0,0,85],[62,137,0,0,76],[28,226,0,0,58],[54,143,0,0,25],[64,331,0,0,24],[24,276,0,0,87],[87,85,0,0,36],[52,283,0,0,8],[8,316,0,0,95],[6,50,0,0,15],[15,306,0,0,73],[26,173,0,0,15],[15,300,0,0,40],[40,158,0,0,38]];

SenderLabelReceiverNonOrderCriticalChains = [[1,351,52],[1,365,88],[1,365,96],[2,11,4],[2,42,53],[2,42,88],[2,353,91],[2,353,6],[2,383,26],[3,4,27],[3,4,43],[3,206,4],[3,206,70],[3,206,83],[3,207,83],[3,228,78],[4,23,69],[4,354,59],[5,77,8],[5,340,23],[5,340,92],[5,399,56],[6,22,32],[6,50,15],[7,49,16],[7,58,65],[8,9,12],[8,316,95],[9,64,20],[9,178,32],[9,394,37],[9,394,55],[10,157,28],[10,157,98],[10,310,14],[10,342,34],[11,30,62],[11,134,32],[11,284,14],[11,395,68],[11,395,89],[11,395,34],[12,395,68],[12,395,89],[12,395,34],[12,396,48],[13,24,19],[13,147,6],[13,155,9],[13,320,94],[14,142,82],[15,300,40],[15,306,73],[16,133,68],[16,285,64],[16,285,75],[17,335,16],[18,153,31],[18,153,54],[18,153,65],[18,361,50],[19,202,52],[19,270,64],[20,153,31],[20,153,54],[20,153,65],[20,333,41],[21,1,60],[21,1,79],[21,318,94],[21,318,95],[21,318,61],[21,377,50],[22,101,57],[22,101,39],[22,127,51],[23,86,93],[23,175,35],[23,175,67],[23,175,98],[23,350,66],[24,276,97],[24,276,87],[25,128,69],[25,189,97],[25,189,20],[26,173,15],[27,42,53],[27,42,88],[27,190,85],[28,170,14],[28,226,58],[29,4,27],[29,4,43],[29,249,61],[29,349,70],[30,90,86],[30,91,71],[30,91,78],[30,91,80],[30,122,17],[30,339,98],[30,339,81],[31,201,37],[31,201,39],[31,217,95],[31,246,37],[33,1,60],[33,1,79],[33,120,57],[33,131,79],[33,175,35],[33,175,67],[33,175,98],[34,199,63],[34,236,46],[35,89,73],[35,296,75],[36,111,70],[36,206,4],[36,206,70],[36,206,83],[36,394,37],[36,394,55],[38,125,84],[38,125,88],[38,125,39],[38,182,47],[38,182,80],[39,37,7],[39,37,25],[40,48,58],[40,48,74],[40,158,38],[41,76,96],[41,76,55],[41,319,59],[41,365,88],[41,365,96],[42,192,45],[42,339,98],[42,339,81],[44,153,31],[44,153,54],[44,153,65],[44,220,17],[44,233,52],[45,14,42],[45,46,81],[46,85,1],[46,85,36],[46,395,68],[46,395,89],[46,395,34],[47,186,65],[47,324,5],[48,57,75],[48,112,60],[48,115,78],[49,347,19],[50,340,23],[50,340,92],[51,257,72],[51,373,42],[52,283,8],[53,62,43],[53,75,90],[53,376,74],[54,143,25],[54,201,37],[54,201,39],[55,18,56],[55,123,75],[55,123,93],[56,291,86],[57,285,64],[57,285,75],[58,360,73],[59,198,92],[60,272,76],[61,157,28],[61,157,98],[61,262,49],[62,137,76],[62,367,26],[63,91,71],[63,91,78],[63,91,80],[63,363,22],[63,363,84],[64,331,24],[64,331,43],[66,48,58],[66,48,74],[66,103,85],[66,206,4],[66,206,70],[66,206,83],[67,102,49],[67,189,97],[67,189,20],[68,363,22],[68,363,84],[69,52,86],[69,266,51],[70,37,7],[70,37,25],[71,171,73],[71,397,1],[72,123,75],[72,123,93],[72,182,47],[72,182,80],[72,273,57],[74,294,18],[76,116,18],[76,125,84],[76,125,88],[76,125,39],[77,151,64],[77,276,97],[77,276,87],[79,175,35],[79,175,67],[79,175,98],[80,251,49],[81,39,100],[81,98,87],[82,125,84],[82,125,88],[82,125,39],[82,209,88],[83,34,91],[83,88,91],[84,332,77],[85,375,93],[86,25,99],[87,85,1],[87,85,36],[87,145,97],[89,76,96],[89,76,55],[89,318,94],[89,318,95],[89,318,61],[90,181,38],[90,229,43],[92,164,56],[92,318,94],[92,318,95],[92,318,61],[93,374,84],[94,91,71],[94,91,78],[94,91,80],[95,380,99],[96,101,57],[96,101,39],[96,353,91],[96,353,6],[99,245,94],[100,45,77],[100,379,62]];

jitters = [100000,100000,20000,100000,10000,100000,100000,10000,1000,20000,20000,10000,10000,20000,100000,10000,20000,10000,10000,1000,10000,20000,5000,10000,10000,100000,20000,100000,10000,10000,1000,1000,10000,20000,100000,10000,1000,100000,20000,100000,1000,2000,10000,10000,2000,20000,100000,10000,20000,10000,20000,10000,20000,10000,10000,10000,10000,100000,50000,20000,100000,20000,100000,10000,100000,20000,5000,20000,10000,10000,100000,20000,100000,20000,10000,20000,20000,10000,10000,10000,2000,100000,20000,20000,20000,10000,10000,100000,50000,100000,20000,50000,20000,50000,10000,1000,20000,10000,10000,2000];

