numChains = 15;

numberOfTasksinChain = [3,7,7,5,7,5,5,3,3,3,5,3,7,3,3];

runnablesInChains = [15,35,19,31,62,86,4,98,44,84,91,16,46,95,9,6,71,25,88,96,12,81,50,75,68,29,96,90,52,73,44,92,94,80,64,58,62,87,42,39,66,20];

processingTimesOfMessages = [[1,1,1,1],[1,1,1],[1,1,1,1],[1,1,1,1,1],[1,1,1],[1,1,1,1,1],[1,1,1,1],[1,1],[1,1,1,1],[1,1,1,1],[1,1,1,1,1,1,1],[1,1],[1,1,1,1,1,1,1],[1,1,1],[1,1,1,1,1],[1,1,1],[1,1],[1],[1,1,1,1,1,1],[1,1],[1,1],[1,1],[1,1],[1,1,1,1],[1,1],[1,1],[1,1],[1,1],[1,1],[1,1],[1,1,1,1,1],[1,1,1],[1,1],[1],[1,1],[1,1,1,1],[1,1,1,1,1],[1,1,1],[1,1,1,1],[1,1,1,1,1],[1,1],[1],[1,1,1,1,1],[1,1,1],[1,1,1],[1],[1,1,1],[1,1],[1,1,1],[1,1,1],[1,1,1,1,1,1],[],[1],[1],[1,1,1,1,1],[1,1],[1,1,1,1,1],[1],[1],[1],[1],[1,1,1,1,1],[],[1],[1,1,1],[1,1,1],[1,1,1,1],[],[1],[1,1,1,1],[],[],[1,1],[1,1],[1,1],[],[1,1,1,1,1],[1],[1,1],[],[1,1,1,1,1,1],[1,1,1],[1,1,1],[1],[1,1,1,1,1,1,1],[1,1],[],[1],[1,1],[1,1,1],[1],[],[1,1,1,1],[1,1,1],[1,1,1],[1],[1,1],[1,1],[1,1],[1,1]];

processingTimesRunnables = [19,17,22,13,13,17,7,16,16,6,16,16,16,16,18,16,18,17,15,16,8,11,18,10,14,17,11,17,14,20,16,14,7,20,17,17,14,11,15,19,14,17,15,16,14,18,7,21,19,13,14,19,8,15,21,13,10,14,8,15,19,8,16,15,10,16,18,8,7,20,19,17,13,15,17,12,14,15,16,17,6,18,17,14,8,15,17,17,16,11,17,13,16,12,12,16,17,17,8,13];

periods = [10000,10000,20000,20000,10000,10000,10000,2000,10000,20000,100000,20000,50000,5000,20000,20000,10000,20000,100000,1000,10000,20000,5000,100000,100000,10000,10000,10000,100000,20000,100000,10000,20000,100000,20000,100000,100000,20000,20000,20000,10000,20000,10000,20000,10000,20000,10000,10000,10000,20000,10000,100000,10000,10000,10000,50000,20000,100000,10000,100000,5000,100000,10000,100000,100000,1000,10000,100000,20000,10000,10000,5000,20000,10000,100000,10000,100000,10000,100000,100000,20000,10000,20000,20000,5000,100000,100000,100000,10000,100000,20000,20000,1000,100000,10000,100000,10000,20000,20000,10000];

communicationTimeForOrderCriticalMessages = [1,1,1,1,1,1,1,1,1,1,1,1,1,1,1,1,1,1,1,1,1,1,1,1,1,1,1];

sizeOfRunnables = [1,1,1,1,1,1,1,1,1,1,1,1,1,1,1,1,1,1,1,1,1,1,1,1,1,1,1,1,1,1,1,1,1,1,1,1,1,1,1,1,1,1,1,1,1,1,1,1,1,1,1,1,1,1,1,1,1,1,1,1,1,1,1,1,1,1,1,1,1,1,1,1,1,1,1,1,1,1,1,1,1,1,1,1,1,1,1,1,1,1,1,1,1,1,1,1,1,1,1,1];

senderLabelReceiverOrderCriticalChains = [[15,234,0,0,35],[19,25,274,0,31],[31,395,0,0,62],[62,287,0,0,86],[4,137,0,0,98],[98,38,0,0,44],[44,39,0,0,84],[91,49,0,0,16],[16,392,0,0,46],[95,394,0,0,9],[9,58,0,0,6],[6,103,238,0,71],[25,269,0,0,88],[88,3,0,0,96],[12,335,0,0,81],[81,4,0,0,50],[75,43,0,0,68],[29,282,0,0,96],[90,36,0,0,52],[73,347,0,0,44],[44,42,0,0,92],[94,42,0,0,80],[64,371,0,0,58],[58,284,0,0,62],[62,234,0,0,87],[42,95,0,0,39],[66,389,0,0,20]];

senderLabelReceiverNonOrderCriticalChains = [[1,111,55],[1,216,64],[1,348,2],[1,348,64],[2,164,58],[2,164,48],[2,396,96],[3,136,69],[3,136,92],[3,191,22],[3,233,4],[4,137,86],[4,137,88],[4,137,98],[4,361,12],[4,399,18],[5,1,95],[5,73,3],[5,73,48],[6,103,90],[6,103,71],[6,238,27],[6,238,71],[6,255,7],[7,204,27],[7,211,26],[7,265,64],[7,265,78],[8,110,72],[8,110,92],[9,58,6],[9,58,73],[9,309,17],[9,309,47],[10,115,83],[10,145,30],[10,241,80],[10,253,76],[11,5,12],[11,126,21],[11,137,86],[11,137,88],[11,137,98],[11,348,2],[11,348,64],[12,221,34],[12,335,81],[13,73,3],[13,73,48],[13,123,17],[13,334,56],[13,334,14],[13,334,33],[13,334,49],[14,16,54],[14,57,23],[14,259,72],[15,52,5],[15,193,18],[15,234,35],[15,234,53],[15,234,87],[16,230,86],[16,277,18],[16,392,46],[17,231,9],[17,231,20],[18,7,50],[19,21,34],[19,25,37],[19,25,68],[19,71,63],[19,71,28],[19,274,31],[20,27,29],[20,27,87],[21,71,63],[21,71,28],[22,369,79],[22,369,15],[23,15,54],[23,15,61],[24,96,89],[24,96,70],[24,305,25],[24,366,25],[25,197,34],[25,269,88],[26,50,28],[26,316,73],[27,37,20],[27,112,63],[28,287,47],[28,287,86],[29,282,96],[29,289,79],[30,177,76],[30,250,35],[31,25,37],[31,25,68],[31,278,94],[31,395,30],[31,395,62],[32,15,54],[32,15,61],[32,101,71],[33,17,83],[33,174,65],[34,286,52],[35,151,100],[35,179,97],[36,27,29],[36,27,87],[36,196,52],[36,270,75],[37,67,33],[37,97,38],[37,97,61],[37,164,58],[37,164,48],[38,110,72],[38,110,92],[38,183,78],[39,136,69],[39,136,92],[39,247,41],[39,247,69],[40,19,68],[40,58,6],[40,58,73],[40,370,76],[40,370,92],[41,107,59],[41,180,55],[42,95,39],[43,8,53],[43,8,71],[43,41,95],[43,108,45],[43,171,81],[44,39,84],[44,42,80],[44,42,92],[45,307,90],[45,398,23],[45,398,42],[46,363,60],[47,140,67],[47,214,63],[47,214,97],[48,395,30],[48,395,62],[49,63,91],[49,118,13],[49,254,39],[50,247,41],[50,247,69],[50,308,74],[51,165,67],[51,214,63],[51,214,97],[51,234,35],[51,234,53],[51,234,87],[53,117,59],[54,251,46],[55,303,38],[55,334,56],[55,334,14],[55,334,33],[55,334,49],[56,276,22],[56,276,89],[57,8,53],[57,8,71],[57,166,78],[57,166,84],[57,258,53],[58,284,62],[59,142,56],[60,248,8],[61,331,72],[62,234,35],[62,234,53],[62,234,87],[62,287,47],[62,287,86],[64,371,58],[65,185,77],[65,252,51],[65,325,80],[66,88,94],[66,194,93],[66,389,20],[67,265,64],[67,265,78],[67,370,76],[67,370,92],[69,132,21],[70,54,97],[70,336,22],[70,394,82],[70,394,9],[73,224,29],[73,347,44],[74,158,69],[74,330,36],[75,43,68],[75,154,88],[77,79,99],[77,122,5],[77,137,86],[77,137,88],[77,137,98],[78,290,72],[79,103,90],[79,103,71],[81,4,8],[81,4,50],[81,334,56],[81,334,14],[81,334,33],[81,334,49],[82,72,42],[82,276,22],[82,276,89],[83,170,1],[83,238,27],[83,238,71],[84,106,91],[85,4,8],[85,4,50],[85,280,17],[85,334,56],[85,334,14],[85,334,33],[85,334,49],[86,398,23],[86,398,42],[88,3,96],[89,97,38],[89,97,61],[90,36,52],[90,231,9],[90,231,20],[91,49,16],[93,96,89],[93,96,70],[93,166,78],[93,166,84],[94,12,41],[94,42,80],[94,42,92],[95,89,87],[95,394,82],[95,394,9],[96,56,32],[97,369,79],[97,369,15],[98,38,44],[98,146,99],[99,309,17],[99,309,47],[100,273,60],[100,354,24]];

