NumChains = 15;
NumResources = 3;
NumRunnablesInChains = 87;
MemoryBoundOnResource = 1048576;
UtilizationBoundOnResource = 100;

numberOfTasksinChain = [9,13,7,13,13,7,11,13,11,13,9,11,11,7,11];

runnablesInChains = [84,69,22,4,70,17,78,37,39,34,15,1,86,7,57,81,39,65,47,60,87,53,95,42,96,28,46,80,70,98,8,50,7,73,35,57,38,21,82,63,12,6,60,71,82,97,31,15,31,89,54,66,63,67,51,76,10,58,98,43,14,17,37,15,50,13,42,30,28,83,5,29,75,36,80,70,98,55,64,96,94,66,81,23,85,91,92];

ProcessingTimesOfMessages = [[1],[1,1,1,1],[1,1],[1,1,1],[1,1],[1],[1,1],[1,1,1],[1,1,1],[1,1],[1,1,1,1,1],[1,1,1,1],[1,1,1,1],[1,1,1,1,1,1],[1,1,1],[1,1,1],[1,1,1],[1,1],[1,1,1,1],[1,1,1,1],[1,1,1],[1,1,1],[1,1,1],[1,1],[1,1,1,1,1,1],[1,1],[1,1,1,1],[1,1,1],[1,1,1,1],[1,1],[1],[1,1],[1,1,1],[1,1],[1,1],[1],[1,1,1],[1,1,1],[1,1,1,1],[1,1,1],[],[1,1,1],[1,1],[1,1],[1,1],[1,1],[1,1],[],[1,1,1],[1],[1,1],[1,1,1],[1,1],[1],[1,1,1],[1],[1,1,1],[1,1],[1,1],[1,1,1],[1,1],[1],[1,1],[1,1],[1],[1,1,1,1],[1],[1,1],[1],[1,1,1],[1],[1,1,1],[1],[1],[1,1,1,1,1],[1,1,1],[1,1],[1],[1,1,1],[1,1,1],[1,1,1],[1,1,1],[1,1],[1,1],[1],[1,1],[1],[1],[1,1,1],[1,1],[1],[1,1],[],[1,1,1,1],[],[1,1,1],[1],[1],[1,1],[1]];

processingTimesRunnables = [14,17,11,15,16,5,15,18,13,13,13,17,8,11,12,8,5,12,13,13,6,8,17,17,13,19,13,18,8,18,18,11,12,18,16,11,5,14,7,15,12,7,9,19,9,13,20,17,6,6,6,11,10,11,10,18,8,14,13,5,10,18,8,8,10,9,15,13,14,16,11,11,17,9,12,18,8,11,10,11,19,12,13,8,17,12,18,19,11,13,12,17,11,12,16,7,5,13,12,18];

periods = [10000,10000,10000,20000,20000,10000,10000,10000,5000,20000,10000,10000,20000,10000,10000,20000,10000,20000,1000,20000,10000,20000,10000,5000,10000,20000,10000,20000,20000,20000,10000,20000,20000,10000,10000,20000,10000,10000,10000,10000,20000,20000,20000,20000,5000,20000,10000,1000,2000,10000,20000,10000,10000,10000,20000,20000,10000,20000,20000,10000,1000,10000,10000,20000,10000,10000,20000,10000,20000,20000,10000,2000,10000,10000,20000,20000,10000,10000,20000,20000,10000,10000,20000,20000,10000,10000,10000,20000,10000,2000,10000,10000,20000,20000,10000,20000,10000,20000,2000,10000];

communicationTimeForOrderCriticalMessages = [1,1,1,1,1,1,1,1,1,1,1,1,1,1,1,1,1,1,1,1,1,1,1,1,1,1,1,1,1,1,1,1,1,1,1,1,1,1,1,1,1,1,1,1,1,1,1,1,1,1,1,1,1,1,1,1,1,1,1,1,1,1,1,1,1,1,1,1,1,1,1,1];

sizeOfRunnables = [1,1,1,1,1,1,1,1,1,1,1,1,1,1,1,1,1,1,1,1,1,1,1,1,1,1,1,1,1,1,1,1,1,1,1,1,1,1,1,1,1,1,1,1,1,1,1,1,1,1,1,1,1,1,1,1,1,1,1,1,1,1,1,1,1,1,1,1,1,1,1,1,1,1,1,1,1,1,1,1,1,1,1,1,1,1,1,1,1,1,1,1,1,1,1,1,1,1,1,1];

SenderLabelReceiverOrderCriticalChains = [[84,439,0,0,69],[69,70,0,0,22],[22,85,0,0,4],[4,401,0,0,70],[17,73,0,0,78],[78,477,0,0,37],[37,443,0,0,39],[39,268,0,0,34],[34,10,0,0,15],[15,304,0,0,1],[86,238,0,0,7],[7,388,0,0,57],[57,226,0,0,81],[39,486,0,0,65],[65,76,0,0,47],[47,485,0,0,60],[60,458,0,0,87],[87,247,0,0,53],[53,373,0,0,95],[42,43,103,0,96],[96,443,0,0,28],[28,493,0,0,46],[46,430,0,0,80],[80,268,408,0,70],[70,150,183,0,98],[8,327,0,0,50],[50,187,0,0,7],[7,336,0,0,73],[35,139,0,0,57],[57,204,0,0,38],[38,163,0,0,21],[21,436,0,0,82],[82,3,0,0,63],[12,402,0,0,6],[6,482,0,0,60],[60,468,0,0,71],[71,209,0,0,82],[82,102,0,0,97],[97,385,0,0,31],[15,121,0,0,31],[31,230,0,0,89],[89,415,0,0,54],[54,210,0,0,66],[66,18,0,0,63],[67,323,0,0,51],[51,145,0,0,76],[76,150,0,0,10],[10,201,0,0,58],[58,102,0,0,98],[98,317,0,0,43],[14,23,0,0,17],[17,379,0,0,37],[37,345,0,0,15],[15,354,0,0,50],[13,69,0,0,42],[42,232,0,0,30],[30,234,0,0,28],[28,44,0,0,83],[83,27,0,0,5],[29,365,0,0,75],[75,493,0,0,36],[36,126,0,0,80],[80,268,408,0,70],[70,150,183,0,98],[55,448,0,0,64],[64,37,0,0,96],[96,43,0,0,94],[66,296,0,0,81],[81,169,0,0,23],[23,325,0,0,85],[85,422,0,0,91],[91,207,0,0,92]];

SenderLabelReceiverNonOrderCriticalChains = [[1,351,2],[2,81,48],[2,81,58],[2,373,3],[2,373,95],[3,47,50],[3,236,6],[4,149,5],[4,251,73],[4,401,70],[5,100,41],[5,176,18],[6,482,60],[7,336,73],[7,388,57],[8,106,89],[8,327,50],[8,418,77],[9,113,24],[9,167,24],[9,280,22],[10,130,13],[10,201,58],[11,122,85],[11,122,43],[11,169,23],[11,169,2],[11,169,33],[12,104,68],[12,402,6],[12,448,64],[12,448,88],[13,69,42],[13,85,4],[13,85,74],[13,134,16],[14,23,17],[14,38,47],[14,165,59],[14,165,48],[14,227,32],[14,227,99],[15,121,31],[15,304,1],[15,354,50],[16,212,93],[16,212,18],[16,288,67],[17,73,78],[17,379,37],[17,379,71],[18,219,93],[18,219,35],[19,80,16],[19,136,48],[19,496,18],[19,496,48],[20,55,26],[20,180,79],[20,180,100],[20,275,6],[21,362,95],[21,362,56],[21,436,82],[22,85,4],[22,85,74],[22,348,26],[23,325,85],[23,326,36],[23,326,61],[24,298,44],[24,467,3],[25,117,78],[25,219,93],[25,219,35],[25,279,54],[25,496,18],[25,496,48],[26,241,67],[26,441,53],[27,24,65],[27,29,40],[27,367,49],[27,398,54],[28,44,83],[28,493,36],[28,493,46],[29,185,31],[29,212,93],[29,212,18],[29,365,75],[30,4,46],[30,234,28],[31,230,89],[32,291,41],[32,303,95],[33,13,58],[33,416,69],[33,416,93],[34,10,15],[34,225,29],[35,139,57],[35,171,42],[36,126,80],[37,345,15],[37,443,28],[37,443,39],[38,163,21],[38,165,59],[38,165,48],[39,268,34],[39,268,70],[39,308,20],[39,486,65],[40,81,48],[40,81,58],[40,355,74],[42,103,75],[42,103,96],[42,232,30],[43,59,62],[43,116,83],[44,164,94],[44,305,62],[45,181,32],[45,243,56],[46,430,80],[46,447,11],[47,445,68],[47,485,60],[49,205,72],[49,256,90],[49,461,72],[50,187,7],[51,145,76],[51,242,55],[52,103,75],[52,103,96],[52,142,61],[53,373,3],[53,373,95],[54,210,66],[55,64,85],[55,448,64],[55,448,88],[56,50,8],[57,204,38],[57,226,81],[57,226,99],[58,102,97],[58,102,98],[59,372,97],[59,377,86],[60,458,87],[60,468,71],[60,468,97],[61,468,71],[61,468,97],[62,374,65],[63,223,84],[63,223,45],[64,37,96],[64,470,84],[65,76,47],[66,18,63],[66,296,81],[66,326,36],[66,326,61],[67,323,51],[68,379,37],[68,379,71],[69,70,22],[70,150,10],[70,150,98],[70,183,98],[71,209,82],[72,57,90],[72,226,81],[72,226,99],[73,129,91],[74,28,67],[75,169,23],[75,169,2],[75,169,33],[75,493,36],[75,493,46],[76,150,10],[76,150,98],[76,357,52],[77,122,85],[77,122,43],[78,477,37],[79,184,77],[79,381,88],[79,411,100],[80,268,34],[80,268,70],[80,408,70],[81,169,23],[81,169,2],[81,169,33],[82,3,63],[82,102,97],[82,102,98],[83,27,5],[83,361,1],[84,425,1],[84,439,69],[85,422,91],[86,42,87],[86,238,7],[87,247,53],[88,25,11],[89,415,54],[89,416,69],[89,416,93],[90,227,32],[90,227,99],[91,207,92],[92,36,56],[92,324,95],[94,180,79],[94,180,100],[94,362,95],[94,362,56],[96,43,94],[96,443,28],[96,443,39],[97,385,31],[98,317,43],[99,223,84],[99,223,45],[100,31,41]];

jitters = [10000,10000,10000,20000,20000,10000,10000,10000,5000,20000,10000,10000,20000,10000,10000,20000,10000,20000,1000,20000,10000,20000,10000,5000,10000,20000,10000,20000,20000,20000,10000,20000,20000,10000,10000,20000,10000,10000,10000,10000,20000,20000,20000,20000,5000,20000,10000,1000,2000,10000,20000,10000,10000,10000,20000,20000,10000,20000,20000,10000,1000,10000,10000,20000,10000,10000,20000,10000,20000,20000,10000,2000,10000,10000,20000,20000,10000,10000,20000,20000,10000,10000,20000,20000,10000,10000,10000,20000,10000,2000,10000,10000,20000,20000,10000,20000,10000,20000,2000,10000];

