numChains = 15;

numberOfTasksinChain = [3,3,3,3,3,7,3,5,7,3,3,3,5,5,3];

runnablesInChains = [9,62,29,83,50,46,71,18,20,64,16,71,90,62,13,23,84,38,45,8,36,6,42,95,75,79,27,80,2,60,82,68,81,73,32,24,67];

processingTimesOfMessages = [[1,1,1,1,1,1,1,1,1],[1,1,1,1,1],[1,1,1,1,1],[1,1,1],[1,1],[1,1,1],[1,1,1,1],[1,1,1,1],[1,1,1,1],[1,1,1,1,1],[1,1,1,1],[1,1],[1,1,1,1,1],[1,1,1,1,1,1,1,1,1,1],[1,1,1,1],[1,1,1,1,1,1],[1,1,1,1],[1,1],[1,1,1],[1,1,1,1,1],[1,1,1],[],[1],[1,1,1],[1,1],[1,1,1],[1,1,1],[1,1,1,1,1],[1,1,1,1,1,1,1,1],[1,1,1],[1,1,1,1,1,1,1],[1],[1,1,1],[1,1,1,1,1,1,1],[1,1,1,1,1],[1,1,1,1],[1,1,1],[1],[1,1,1],[],[1,1,1,1,1,1],[1],[1],[1,1,1],[1,1,1,1],[1,1,1],[1,1],[1,1],[1],[1,1],[1,1,1,1,1],[1,1],[1,1,1,1],[1,1,1],[1,1],[1],[1,1,1,1,1],[1],[1],[1],[],[1],[1,1,1],[1,1,1],[1],[1,1],[],[1],[1,1,1],[1,1],[1,1,1,1],[1],[1,1,1],[],[1],[1],[1,1],[],[1],[1,1,1,1,1],[1,1,1,1],[1,1],[],[1,1,1,1,1],[1,1,1],[1],[1,1],[1,1,1,1,1,1,1,1,1],[],[1],[1,1,1,1,1],[1,1],[1,1,1],[1],[1,1],[],[],[1,1,1],[],[1]];

processingTimesRunnables = [15,12,14,9,12,17,12,9,15,20,7,17,17,17,18,6,13,20,14,14,6,15,16,6,18,15,10,8,17,9,11,15,12,16,7,12,20,6,16,17,20,14,17,21,20,14,15,12,16,15,17,15,7,21,9,17,20,15,20,18,9,8,15,17,7,15,19,18,15,20,7,21,7,18,6,10,13,16,9,11,13,13,13,10,16,13,13,17,15,8,6,17,19,20,15,15,16,16,13,10];

periods = [20000,10000,10000,20000,20000,100000,100000,100000,20000,20000,100000,100000,10000,100000,10000,20000,20000,20000,1000,10000,10000,100000,10000,1000,10000,100000,10000,100000,100000,100000,100000,20000,20000,50000,50000,100000,50000,100000,10000,2000,10000,100000,10000,10000,100000,50000,10000,10000,10000,50000,20000,20000,20000,20000,10000,100000,10000,100000,100000,10000,20000,20000,20000,10000,10000,10000,1000,10000,100000,100000,20000,10000,20000,10000,20000,20000,100000,20000,10000,10000,20000,10000,100000,100000,20000,20000,10000,100000,10000,20000,20000,100000,10000,20000,20000,100000,100000,20000,10000,100000];

communicationTimeForOrderCriticalMessages = [1,1,1,1,1,1,1,1,1,1,1,1,1,1,1,1,1,1,1,1,1,1];

sizeOfRunnables = [1,1,1,1,1,1,1,1,1,1,1,1,1,1,1,1,1,1,1,1,1,1,1,1,1,1,1,1,1,1,1,1,1,1,1,1,1,1,1,1,1,1,1,1,1,1,1,1,1,1,1,1,1,1,1,1,1,1,1,1,1,1,1,1,1,1,1,1,1,1,1,1,1,1,1,1,1,1,1,1,1,1,1,1,1,1,1,1,1,1,1,1,1,1,1,1,1,1,1,1];

senderLabelReceiverOrderCriticalChains = [[9,376,0,0,62],[29,102,373,0,83],[50,178,281,0,46],[71,324,0,0,18],[20,21,53,0,64],[16,5,0,0,71],[71,315,0,0,90],[90,382,0,0,62],[13,102,0,0,23],[84,307,0,0,38],[38,87,0,0,45],[8,72,0,0,36],[36,173,0,0,6],[6,360,0,0,42],[95,315,0,0,75],[79,252,0,0,27],[80,11,0,0,2],[60,115,0,0,82],[82,11,0,0,68],[81,140,0,0,73],[73,188,0,0,32],[24,51,139,228,67]];

senderLabelReceiverNonOrderCriticalChains = [[1,71,38],[1,71,81],[1,188,90],[1,188,32],[1,188,4],[1,215,56],[1,215,15],[1,244,52],[1,244,68],[2,85,25],[2,102,23],[2,102,54],[2,102,83],[2,342,13],[3,167,60],[3,222,21],[3,238,60],[3,291,42],[3,291,44],[4,37,11],[4,37,5],[4,90,63],[5,9,18],[5,346,46],[6,31,92],[6,145,7],[6,360,42],[7,155,89],[7,230,11],[7,321,75],[7,321,28],[8,2,33],[8,72,36],[8,72,97],[8,385,38],[9,188,90],[9,188,32],[9,188,4],[9,376,62],[10,93,76],[10,93,100],[10,105,96],[10,105,40],[10,251,90],[11,283,71],[11,283,51],[11,307,38],[11,307,56],[12,373,69],[12,373,83],[13,100,25],[13,102,23],[13,102,54],[13,102,83],[13,327,43],[14,77,23],[14,77,78],[14,77,24],[14,110,49],[14,110,98],[14,110,95],[14,110,33],[14,122,26],[14,122,37],[14,212,22],[15,111,86],[15,111,4],[15,134,47],[15,247,84],[16,5,32],[16,5,53],[16,5,71],[16,43,61],[16,143,54],[16,302,17],[17,111,86],[17,111,4],[17,321,75],[17,321,28],[18,226,43],[18,226,97],[19,77,23],[19,77,78],[19,77,24],[20,53,64],[20,140,9],[20,140,73],[20,246,48],[20,249,74],[21,44,27],[21,114,82],[21,176,30],[23,217,78],[24,51,67],[24,139,67],[24,228,67],[25,124,65],[25,124,19],[26,215,56],[26,215,15],[26,221,42],[27,264,91],[27,306,40],[27,306,72],[28,148,47],[28,178,46],[28,178,70],[28,306,40],[28,306,72],[29,33,12],[29,33,30],[29,102,23],[29,102,54],[29,102,83],[29,308,81],[29,373,69],[29,373,83],[30,198,70],[30,226,43],[30,226,97],[31,110,49],[31,110,98],[31,110,95],[31,110,33],[31,172,59],[31,210,96],[31,336,83],[32,359,91],[33,33,12],[33,33,30],[33,52,85],[34,105,96],[34,105,40],[34,124,65],[34,124,19],[34,129,35],[34,281,50],[34,281,25],[35,263,17],[35,263,89],[35,263,37],[35,390,100],[35,390,37],[36,104,5],[36,173,6],[36,291,42],[36,291,44],[37,5,32],[37,5,53],[37,5,71],[38,87,45],[39,101,61],[39,265,48],[39,369,22],[41,68,66],[41,68,95],[41,136,18],[41,136,82],[41,283,71],[41,283,51],[42,330,64],[43,361,89],[44,48,94],[44,274,79],[44,398,89],[45,19,73],[45,19,83],[45,47,59],[45,152,65],[46,281,50],[46,281,25],[46,300,60],[47,147,87],[47,298,74],[48,244,52],[48,244,68],[49,355,55],[50,178,46],[50,178,70],[51,93,76],[51,93,100],[51,111,86],[51,111,4],[51,271,62],[52,130,58],[52,187,78],[53,13,61],[53,19,73],[53,19,83],[53,285,76],[54,77,23],[54,77,78],[54,77,24],[55,136,18],[55,136,82],[56,319,96],[57,71,38],[57,71,81],[57,296,79],[57,307,38],[57,307,56],[58,60,41],[59,348,50],[60,115,82],[62,28,19],[63,68,66],[63,68,95],[63,91,22],[64,21,72],[64,259,72],[64,259,92],[65,118,87],[66,39,56],[66,70,40],[68,78,12],[69,372,97],[69,390,100],[69,390,37],[70,365,80],[70,365,55],[71,315,75],[71,315,90],[71,324,12],[71,324,18],[72,20,74],[73,188,90],[73,188,32],[73,188,4],[75,190,19],[76,303,58],[77,174,96],[77,383,9],[79,252,27],[80,11,2],[80,11,68],[80,37,11],[80,37,5],[80,367,77],[81,140,9],[81,140,73],[81,324,12],[81,324,18],[82,11,2],[82,11,68],[84,263,17],[84,263,89],[84,263,37],[84,307,38],[84,307,56],[85,279,94],[85,365,80],[85,365,55],[86,99,69],[87,122,26],[87,122,37],[88,24,98],[88,72,36],[88,72,97],[88,110,49],[88,110,98],[88,110,95],[88,110,33],[88,259,72],[88,259,92],[90,382,62],[91,110,49],[91,110,98],[91,110,95],[91,110,33],[91,338,26],[92,159,49],[92,234,49],[93,46,99],[93,371,99],[93,391,99],[94,18,95],[95,315,75],[95,315,90],[98,263,17],[98,263,89],[98,263,37],[100,286,55]];

