NumChains = 15;
NumResources = 3;
NumRunnablesInChains = 46;
MemoryBoundOnResource = 1048576;
UtilizationBoundOnResource = 100;

numberOfTasksinChain = [5,5,3,5,3,3,5,7,5,7,7,5,3,7,7];

runnablesInChains = [45,74,66,46,64,36,91,12,76,32,16,24,55,89,1,96,3,34,10,24,31,47,44,47,94,58,18,59,31,26,38,97,18,21,45,60,35,17,62,100,69,97,29,38,40,57];

ProcessingTimesOfMessages = [[1,1,1],[1,2],[1,1,1,1,1,1],[1,1,1,1,1,1,1,1],[1,1,1],[1,1,1],[2,2,1,1,1,1,1,1],[1,1],[1,1],[1,1,1,1],[],[1],[1,1,1,1,1,1],[],[1,1,1,1],[1,1,1],[],[1,1],[1],[1,1,1,1],[1,1,1],[1],[1,1],[1,1],[1,1,1,1,1,1],[1,1,1,1,1],[1,1,1,1,1],[1,1,1,1,1],[1,1],[1,2,1,1,1],[1,1],[1,1],[1,1,1,1],[1],[1,1,1],[1,1,1],[1,1,1],[1,1],[1,1,1],[1,1,1,1],[1,1,1],[1,1,1,1,1,1],[1,1,1],[2,2,1,1,1],[1,1,1],[1,1,1],[1,1,1,1],[1,1,1,1,1,1],[1,1,1],[1,1,1],[1,1,1,1],[1,1,1,1,1,1],[1,1],[1,1,1],[1,1,1],[1,1,1,1,1,1],[],[1,1,1,1,1],[1,1],[1,1,1,1,1],[1,1],[1,1],[1,1,1],[1,1,1,1],[1,1,1],[1],[1,1,1,1,1,1,1,1],[1],[1],[1],[1,1],[1,1],[1,1],[1,1],[],[1,1],[1],[1,1,1],[1,1],[1,1,1,1],[1],[1],[],[1,1],[1,1,1],[1],[1,1],[1],[1,1,1],[1,1,1],[1],[],[1,1,1],[1],[],[1,1,1],[1,1],[1],[1,1,1],[1]];

processingTimesRunnables = [10,13,13,11,11,12,10,11,8,8,13,6,9,16,10,13,12,14,12,6,6,6,11,14,10,10,4,5,12,8,12,12,10,16,6,8,16,7,13,13,13,13,13,12,13,12,11,11,9,12,10,11,11,15,10,14,11,13,14,11,7,15,16,13,13,12,4,13,12,13,13,13,11,13,12,12,5,13,12,11,12,14,5,14,13,11,11,10,16,9,12,9,9,9,11,6,5,16,14,13];

periods = [20000,10000,100000,50000,10000,10000,20000,5000,100000,10000,10000,100000,20000,10000,100000,20000,50000,10000,10000,2000,20000,20000,20000,10000,10000,10000,10000,20000,10000,100000,10000,20000,10000,100000,50000,100000,100000,10000,100000,10000,100000,100000,20000,10000,20000,100000,10000,20000,20000,100000,100000,100000,100000,1000,10000,100000,10000,10000,10000,20000,10000,10000,10000,100000,20000,20000,100000,100000,10000,100000,5000,100000,10000,20000,20000,20000,100000,100000,100000,10000,20000,1000,100000,2000,100000,2000,2000,20000,20000,20000,100000,10000,50000,10000,100000,100000,10000,10000,10000,10000];

communicationTimeForOrderCriticalMessages = [1,1,1,1,1,1,1,1,1,1,1,1,1,1,2,1,1,1,1,1,1,1,1,1,1,1,1,1,1,1,1];

sizeOfRunnables = [945,1245,1210,1065,1015,1170,968,1073,735,760,1280,550,870,1545,955,1215,1178,1308,1125,565,533,598,1023,1335,970,923,383,453,1103,795,1135,1128,985,1555,515,750,1600,700,1300,1263,1298,1208,1240,1110,1268,1170,1053,1075,813,1193,975,1053,1035,1410,963,1308,1098,1233,1318,1008,695,1485,1593,1263,1268,1128,375,1233,1173,1225,1270,1223,1090,1270,1140,1180,488,1293,1195,1058,1133,1373,435,1388,1245,1048,1008,998,1535,835,1185,890,900,850,1023,535,438,1540,1398,1278];

SenderLabelReceiverOrderCriticalChains = [[45,249,0,0,74],[74,119,0,0,66],[46,248,0,0,64],[64,58,0,0,36],[91,156,0,0,12],[76,369,0,0,32],[32,354,0,0,16],[24,6,0,0,55],[89,382,0,0,1],[96,324,0,0,3],[3,177,333,0,34],[10,68,0,0,24],[24,242,0,0,31],[31,302,0,0,47],[44,105,0,0,47],[47,327,0,0,94],[58,76,0,0,18],[18,220,0,0,59],[59,238,0,0,31],[26,396,0,0,38],[38,168,0,0,97],[97,385,0,0,18],[21,396,0,0,45],[45,38,0,0,60],[35,124,0,0,17],[62,210,0,0,100],[100,360,0,0,69],[69,247,0,0,97],[29,4,0,0,38],[38,63,0,0,40],[40,308,0,0,57]];

SenderLabelReceiverNonOrderCriticalChains = [[1,207,7],[1,243,25],[1,301,23],[2,7,73],[2,153,14],[3,177,34],[3,177,72],[3,271,9],[3,333,21],[3,333,34],[3,333,46],[4,58,17],[4,58,36],[4,58,76],[4,58,15],[4,79,35],[4,328,17],[4,353,11],[4,353,17],[5,303,24],[5,385,6],[5,385,18],[6,98,98],[6,182,31],[6,391,14],[7,105,28],[7,105,47],[7,248,21],[7,248,69],[7,248,64],[7,333,21],[7,333,34],[7,333,46],[8,106,50],[8,278,14],[9,123,12],[9,343,30],[10,68,24],[10,68,79],[10,137,19],[10,186,44],[12,244,68],[13,48,54],[13,48,22],[13,353,11],[13,353,17],[13,359,22],[13,367,63],[15,47,60],[15,375,70],[15,375,75],[15,375,68],[16,48,54],[16,48,22],[16,74,49],[18,220,78],[18,220,59],[19,52,99],[20,76,18],[20,76,15],[20,83,84],[20,118,83],[21,396,38],[21,396,45],[21,396,91],[22,136,53],[23,121,45],[23,274,89],[24,6,55],[24,242,31],[25,210,100],[25,210,29],[25,240,66],[25,240,75],[25,240,18],[25,279,66],[26,252,55],[26,361,57],[26,396,38],[26,396,45],[26,396,91],[27,3,57],[27,10,72],[27,10,87],[27,60,55],[27,235,91],[28,10,72],[28,10,87],[28,172,32],[28,172,82],[28,269,77],[29,4,38],[29,227,59],[30,35,39],[30,179,2],[30,240,66],[30,240,75],[30,240,18],[31,302,47],[31,302,76],[32,275,41],[32,354,16],[33,19,94],[33,150,73],[33,165,41],[33,165,77],[34,358,70],[35,124,17],[35,327,46],[35,327,94],[36,396,38],[36,396,45],[36,396,91],[37,81,64],[37,236,91],[37,323,11],[38,63,40],[38,168,97],[39,268,94],[39,348,41],[39,379,64],[40,107,54],[40,300,36],[40,308,57],[40,308,84],[41,331,83],[41,331,56],[41,331,62],[42,260,77],[42,375,70],[42,375,75],[42,375,68],[42,382,1],[42,382,46],[43,61,75],[43,62,86],[43,115,19],[44,105,28],[44,105,47],[44,248,21],[44,248,69],[44,248,64],[45,38,85],[45,38,60],[45,249,74],[46,248,21],[46,248,69],[46,248,64],[47,68,24],[47,68,79],[47,327,46],[47,327,94],[48,139,74],[48,212,72],[48,289,78],[48,375,70],[48,375,75],[48,375,68],[49,15,42],[49,100,76],[49,130,65],[50,214,95],[50,324,3],[50,324,2],[51,299,43],[51,331,83],[51,331,56],[51,331,62],[52,70,53],[52,70,95],[52,78,92],[52,165,41],[52,165,77],[52,167,92],[53,330,5],[53,330,36],[54,172,32],[54,172,82],[54,347,82],[55,331,83],[55,331,56],[55,331,62],[56,58,17],[56,58,36],[56,58,76],[56,58,15],[56,220,78],[56,220,59],[58,72,61],[58,76,18],[58,76,15],[58,330,5],[58,330,36],[59,2,88],[59,238,31],[60,27,12],[60,58,17],[60,58,36],[60,58,76],[60,58,15],[61,69,62],[61,284,69],[62,210,100],[62,210,29],[63,1,97],[63,321,8],[63,381,100],[64,58,17],[64,58,36],[64,58,76],[64,58,15],[65,22,81],[65,302,47],[65,302,76],[66,339,9],[67,177,34],[67,177,72],[67,187,95],[67,240,66],[67,240,75],[67,240,18],[67,306,8],[67,306,68],[68,246,71],[69,247,97],[70,388,83],[71,112,29],[71,192,53],[72,369,5],[72,369,32],[73,255,99],[73,316,90],[74,119,66],[74,241,51],[76,369,5],[76,369,32],[77,64,79],[78,306,8],[78,306,68],[78,340,16],[79,70,53],[79,70,95],[80,99,81],[80,154,92],[80,265,98],[80,292,71],[81,209,88],[82,245,51],[84,29,33],[84,273,86],[85,73,96],[85,116,95],[85,312,44],[86,125,87],[87,38,85],[87,38,60],[88,175,89],[89,211,11],[89,382,1],[89,382,46],[90,272,62],[90,308,57],[90,308,84],[91,156,12],[93,42,22],[93,132,34],[93,239,21],[94,305,10],[96,264,11],[96,324,3],[96,324,2],[97,385,6],[97,385,18],[98,101,56],[99,333,21],[99,333,34],[99,333,46],[100,360,69]];

jitters = [20000,10000,100000,50000,10000,10000,20000,5000,100000,10000,10000,100000,20000,10000,100000,20000,50000,10000,10000,2000,20000,20000,20000,10000,10000,10000,10000,20000,10000,100000,10000,20000,10000,100000,50000,100000,100000,10000,100000,10000,100000,100000,20000,10000,20000,100000,10000,20000,20000,100000,100000,100000,100000,1000,10000,100000,10000,10000,10000,20000,10000,10000,10000,100000,20000,20000,100000,100000,10000,100000,5000,100000,10000,20000,20000,20000,100000,100000,100000,10000,20000,1000,100000,2000,100000,2000,2000,20000,20000,20000,100000,10000,50000,10000,100000,100000,10000,10000,10000,10000];

