NumChains = 15;
NumResources = 3;
NumRunnablesInChains = 44;
MemoryBoundOnResource = 1048576;
UtilizationBoundOnResource = 100;

numberOfTasksinChain = [7,7,5,7,5,3,3,3,3,3,7,3,5,5,7];

runnablesInChains = [99,77,74,85,67,8,80,10,90,48,12,4,28,88,89,63,78,85,54,37,70,66,65,84,79,77,83,20,25,81,43,37,19,86,47,82,20,69,51,81,58,21,87,37];

ProcessingTimesOfMessages = [[1,1,1,1],[1,1,1,1,1],[1,1,1],[1,1,1,1,1],[1,1,1,1],[2,2,2,2,2],[1,1,1,1],[1,1],[1,1,1,1,1,1,1],[1,1],[1,1],[1,1,1],[1,1,1,1,1],[1,1,1,1,1],[1,1],[1,1,1],[1,1,1,1,1,1],[1,1,1,1,1,1],[1,1,1,1],[1,1],[1,1,1,1,1],[1,1],[1,1,1],[1,1],[1,1,1,1,1],[1,1,1,1,1],[1],[1,1,1],[1,1],[1,1],[1],[1],[1],[1],[1,1,1],[1,1],[],[1,1],[1,1,1],[1,1,1],[1,1],[],[1,1,1],[1,1],[2,1,1],[1,1,1],[1,1,1,1,1,1],[1],[1,1,1],[1,1,1,1],[1,1],[2,2,2,2,1],[1,1,1,1],[1],[1,1,1],[],[1],[1,1,1,1],[1,1,1],[1,1],[1,1,1],[1,1],[1],[2,2,2,2,1],[1,1],[1,1],[1,1,1],[1,1],[1],[1,1],[1,1],[1],[2,2,2,2,1],[1,1],[1,1,1,1],[1],[1],[1,1],[1,1],[1,1,1],[1],[1],[1,1],[],[1,1],[],[1,1,1,1,1],[1,1],[],[1],[1,1,1,1,1],[1],[1],[],[1,1],[1,1],[1,1],[],[1,1,1,1,1],[1,1]];

processingTimesRunnables = [12,6,6,8,13,9,7,11,11,10,12,6,10,13,8,13,15,13,13,5,10,13,12,13,7,9,13,12,12,14,5,14,13,8,14,13,4,9,11,16,12,11,13,7,6,9,10,12,10,13,8,6,9,14,11,15,9,7,9,13,15,11,10,11,8,5,14,13,10,16,8,16,13,11,10,6,9,11,6,13,11,14,15,13,11,5,16,12,15,12,7,12,4,10,11,16,15,15,13,9];

periods = [2000,100000,20000,100000,10000,100000,50000,10000,20000,10000,2000,20000,20000,100000,20000,100000,20000,20000,20000,10000,10000,10000,20000,100000,10000,20000,100000,100000,100000,100000,20000,10000,20000,20000,20000,100000,10000,100000,20000,100000,100000,20000,10000,20000,100000,100000,10000,20000,20000,10000,10000,100000,1000,10000,100000,100000,10000,10000,20000,100000,5000,20000,20000,100000,10000,50000,10000,10000,10000,50000,20000,10000,2000,20000,10000,100000,20000,20000,20000,10000,10000,10000,10000,10000,20000,20000,10000,100000,100000,20000,100000,100000,20000,50000,20000,20000,10000,20000,20000,100000];

communicationTimeForOrderCriticalMessages = [1,1,1,1,1,1,1,1,1,1,1,1,1,1,1,1,1,1,1,1,1,1,1,1,1,1,1,1,1];

sizeOfRunnables = [1165,598,510,770,1275,863,683,1060,1005,968,1173,593,910,1270,795,1215,1453,1235,1223,465,963,1218,1133,1238,620,863,1215,1178,1113,1305,428,1365,1278,743,1308,1208,390,863,1068,1593,1125,1045,1263,640,523,885,948,1200,953,1203,713,565,808,1345,1068,1453,895,640,858,1230,1415,1095,940,1065,760,415,1318,1293,993,1540,775,1535,1268,1050,1000,548,878,1090,528,1270,1040,1308,1433,1280,1038,453,1593,1173,1448,1185,610,1193,378,948,1015,1573,1410,1433,1270,813];

SenderLabelReceiverOrderCriticalChains = [[99,177,0,0,77],[77,166,0,0,74],[74,68,0,0,85],[67,154,0,0,8],[8,20,0,0,80],[80,36,0,0,10],[90,160,0,0,48],[48,346,0,0,12],[4,29,278,0,28],[28,396,0,0,88],[88,100,0,0,89],[63,307,0,0,78],[78,40,0,0,85],[54,225,0,0,37],[70,274,326,0,66],[65,370,0,0,84],[79,345,0,0,77],[83,84,0,0,20],[25,195,0,0,81],[81,191,0,0,43],[43,271,0,0,37],[19,367,0,0,86],[47,235,0,0,82],[82,126,0,0,20],[69,76,0,0,51],[51,228,0,0,81],[58,68,0,0,21],[21,380,0,0,87],[87,235,0,0,37]];

SenderLabelReceiverNonOrderCriticalChains = [[1,49,11],[1,49,54],[1,149,11],[1,303,84],[2,99,6],[2,147,16],[2,147,41],[2,159,46],[2,347,56],[3,40,15],[3,40,85],[3,73,54],[4,16,6],[4,16,87],[4,29,77],[4,227,98],[4,278,28],[5,213,26],[5,213,22],[5,264,21],[5,324,71],[6,37,42],[6,37,89],[6,37,95],[6,37,97],[6,170,29],[7,2,66],[7,152,61],[7,152,49],[7,178,82],[8,20,80],[8,123,11],[9,44,18],[9,44,40],[9,74,8],[9,74,63],[9,267,30],[9,367,86],[9,367,23],[10,48,81],[10,137,42],[11,152,61],[11,152,49],[12,310,99],[12,396,7],[12,396,88],[13,100,23],[13,100,89],[13,380,27],[13,380,38],[13,380,87],[14,18,56],[14,206,27],[14,255,33],[14,255,34],[14,255,83],[15,56,94],[15,196,19],[16,190,24],[16,247,88],[16,247,95],[17,177,84],[17,177,62],[17,177,77],[17,212,76],[17,213,26],[17,213,22],[18,114,90],[18,255,33],[18,255,34],[18,255,83],[18,275,74],[18,275,42],[19,349,33],[19,367,86],[19,367,23],[19,369,39],[20,4,22],[20,359,32],[21,221,68],[21,221,64],[21,380,27],[21,380,38],[21,380,87],[22,101,72],[22,101,98],[23,177,84],[23,177,62],[23,177,77],[24,249,48],[24,400,29],[25,11,17],[25,11,36],[25,21,65],[25,195,81],[25,332,47],[26,255,33],[26,255,34],[26,255,83],[26,271,48],[26,271,37],[27,261,46],[28,253,40],[28,396,7],[28,396,88],[29,180,60],[29,288,56],[30,22,34],[30,209,57],[31,231,93],[32,111,38],[33,42,44],[34,81,85],[35,12,63],[35,220,78],[35,239,98],[36,247,88],[36,247,95],[38,44,18],[38,44,40],[39,62,30],[39,208,42],[39,216,56],[40,275,74],[40,275,42],[40,295,71],[41,244,33],[41,358,13],[43,26,57],[43,271,48],[43,271,37],[44,117,41],[44,200,97],[45,103,32],[45,116,57],[45,306,84],[46,28,5],[46,28,26],[46,371,89],[47,207,67],[47,235,92],[47,235,37],[47,235,82],[47,398,86],[47,398,69],[48,346,12],[49,17,75],[49,87,59],[49,343,93],[50,33,68],[50,49,11],[50,49,54],[50,97,36],[51,205,58],[51,228,81],[52,37,42],[52,37,89],[52,37,95],[52,37,97],[52,202,63],[53,24,3],[53,284,35],[53,398,86],[53,398,69],[54,225,37],[55,328,54],[55,338,1],[55,353,31],[57,365,69],[58,66,15],[58,68,21],[58,68,85],[58,376,52],[59,125,98],[59,133,96],[59,292,14],[60,106,37],[60,276,76],[61,144,72],[61,221,68],[61,221,64],[62,1,79],[62,31,79],[63,307,78],[64,37,42],[64,37,89],[64,37,95],[64,37,97],[64,107,88],[65,35,94],[65,370,84],[66,274,70],[66,294,22],[67,47,13],[67,154,8],[67,392,90],[68,345,36],[68,345,77],[69,76,51],[70,32,12],[70,326,66],[71,11,17],[71,11,36],[72,232,3],[73,37,42],[73,37,89],[73,37,95],[73,37,97],[73,341,69],[74,68,21],[74,68,85],[75,74,8],[75,74,63],[75,337,86],[75,357,94],[76,198,62],[77,166,74],[78,40,15],[78,40,85],[79,345,36],[79,345,77],[80,36,10],[80,155,52],[80,155,73],[81,191,43],[82,126,20],[83,84,20],[83,97,36],[85,141,24],[85,141,97],[87,141,24],[87,141,97],[87,235,92],[87,235,37],[87,235,82],[88,100,23],[88,100,89],[90,160,48],[91,235,92],[91,235,37],[91,235,82],[91,246,82],[91,388,92],[92,9,100],[93,132,96],[95,101,72],[95,101,98],[96,16,6],[96,16,87],[97,28,5],[97,28,26],[99,155,52],[99,155,73],[99,177,84],[99,177,62],[99,177,77],[100,108,31],[100,146,79]];

jitters = [2000,100000,20000,100000,10000,100000,50000,10000,20000,10000,2000,20000,20000,100000,20000,100000,20000,20000,20000,10000,10000,10000,20000,100000,10000,20000,100000,100000,100000,100000,20000,10000,20000,20000,20000,100000,10000,100000,20000,100000,100000,20000,10000,20000,100000,100000,10000,20000,20000,10000,10000,100000,1000,10000,100000,100000,10000,10000,20000,100000,5000,20000,20000,100000,10000,50000,10000,10000,10000,50000,20000,10000,2000,20000,10000,100000,20000,20000,20000,10000,10000,10000,10000,10000,20000,20000,10000,100000,100000,20000,100000,100000,20000,50000,20000,20000,10000,20000,20000,100000];

