NumChains = 15;
NumResources = 3;
NumRunnablesInChains = 46;
MemoryBoundOnResource = 1048576;
UtilizationBoundOnResource = 100;

numberOfTasksinChain = [5,5,7,5,5,3,7,3,5,5,7,5,3,5,7];

runnablesInChains = [62,74,76,78,14,10,77,4,50,82,53,36,97,92,57,64,75,85,47,65,32,26,6,98,71,97,91,21,16,86,18,86,44,77,30,12,24,87,24,39,70,93,51,90,52,76];

ProcessingTimesOfMessages = [[1,1,1,1,1],[1,1,1,1],[1,1,1,1],[1,1,1,1,1],[1,1,1,1,1],[1,1,1,1,1],[1,1],[1,1],[1,1],[1,1],[1,1,1,1],[1,1],[1,1,1,1],[1,1,1],[1,1,1,1,1],[1,1],[1,1,1,1,2,2,2,1,1],[1,1,1,1],[1,1,1,1,1,1,1],[],[1],[1,1,1,1,1],[1],[1,1,1,1],[1,1,1,1,1,1],[1,1],[1,1,1],[1,1],[1,1],[1,1,1],[1,1,1,1,1,1],[1,1,1,1],[1,1,1,1,1],[1,1,1],[],[2,2,1],[],[1,1],[1,1,1,1,1,1],[1,1],[1,1,1,1,1,1,1,1,1],[2,2,2,1,1],[1,1,1],[1],[1],[1,1,1,1],[1,1,1,1],[1,1],[],[1],[1,1,1,1,1],[1,1,1],[1,1,1,1,1],[2,2,2,1,1,1],[1],[1,1,1],[1,1,1],[1,1,1],[1,1],[1,1,1],[1],[1,1,1,1,1,1],[1,1,1,1,1],[],[1,1],[1],[],[2,2],[1],[1,1],[1,1,1],[1,1],[1,1,1,1,1,1,1,1,1],[1],[1,1,1],[],[1,1],[1,1],[1,1,1,1,1],[1,1,1,1],[1],[1,1,1],[1,1,1],[],[],[1],[1,1],[1],[1,1,1],[1,1],[],[1],[],[],[1],[1,1],[1],[1,1],[1,1],[]];

processingTimesRunnables = [15,12,12,12,10,14,15,13,13,13,10,13,10,10,10,9,7,9,16,7,6,16,10,17,14,16,13,13,10,14,10,11,12,6,11,17,7,10,9,12,10,14,11,13,5,11,8,5,10,12,16,14,11,11,11,11,11,13,8,16,13,14,12,12,11,11,6,15,11,12,7,13,13,13,12,7,15,13,8,12,12,10,10,12,11,11,14,13,11,16,12,11,6,12,12,14,16,9,11,11];

periods = [20000,10000,5000,100000,20000,10000,10000,20000,100000,10000,20000,100000,10000,10000,20000,100000,20000,100000,10000,20000,100000,10000,10000,100000,10000,20000,100000,20000,10000,100000,10000,20000,10000,10000,10000,50000,5000,20000,20000,10000,10000,10000,20000,100000,20000,10000,20000,20000,10000,100000,20000,20000,50000,100000,20000,10000,2000,10000,10000,10000,10000,20000,2000,2000,20000,20000,20000,10000,20000,20000,50000,20000,10000,20000,1000,20000,100000,10000,100000,20000,10000,100000,20000,10000,1000,100000,100000,20000,10000,20000,50000,2000,20000,100000,100000,10000,50000,10000,20000,20000];

communicationTimeForOrderCriticalMessages = [1,1,1,1,1,1,1,1,2,1,1,1,1,1,1,1,1,1,1,1,1,1,1,1,1,1,1,1,1,1,1];

sizeOfRunnables = [1458,1120,1110,1173,998,1398,1420,1215,1240,1275,968,1215,938,983,990,833,690,890,1523,603,585,1535,933,1615,1388,1563,1285,1240,918,1305,938,1050,1160,543,1095,1605,630,933,808,1143,940,1378,1045,1230,498,1013,788,468,990,1140,1535,1313,1020,1073,1068,1038,1075,1268,750,1583,1225,1313,1128,1188,1030,1013,550,1485,1053,1103,630,1283,1260,1233,1135,683,1415,1240,783,1148,1143,963,983,1128,1085,1035,1308,1248,1095,1563,1193,1020,588,1165,1188,1318,1535,863,1028,1020];

SenderLabelReceiverOrderCriticalChains = [[62,359,0,0,74],[74,141,0,0,76],[78,119,0,0,14],[14,217,0,0,10],[77,173,213,0,4],[4,108,0,0,50],[50,371,0,0,82],[53,281,0,0,36],[36,215,0,0,97],[92,136,0,0,57],[57,115,0,0,64],[75,147,339,0,85],[47,351,0,0,65],[65,118,0,0,32],[32,188,0,0,26],[6,151,0,0,98],[71,165,0,0,97],[97,195,0,0,91],[21,46,0,0,16],[16,305,316,0,86],[18,161,0,0,86],[86,268,0,0,44],[44,255,0,0,77],[30,208,0,0,12],[12,95,0,0,24],[87,87,395,0,24],[39,242,0,0,70],[70,79,0,0,93],[51,358,0,0,90],[90,221,0,0,52],[52,54,0,0,76]];

SenderLabelReceiverNonOrderCriticalChains = [[1,36,47],[1,36,79],[1,108,27],[1,108,50],[1,235,5],[2,162,40],[2,310,7],[2,345,35],[2,345,83],[3,148,37],[3,148,89],[3,232,37],[3,382,10],[4,108,27],[4,108,50],[4,180,9],[4,213,59],[4,213,77],[5,119,14],[5,119,92],[5,358,20],[5,358,8],[5,358,90],[6,10,40],[6,10,42],[6,100,13],[6,151,98],[6,212,75],[7,251,23],[7,297,58],[8,84,88],[8,315,11],[9,72,44],[9,74,96],[10,205,58],[10,329,61],[11,90,38],[11,312,20],[11,312,3],[11,312,15],[12,95,24],[12,95,84],[13,175,8],[13,175,55],[13,202,21],[13,327,14],[14,106,29],[14,217,10],[14,217,88],[15,103,23],[15,126,64],[15,229,81],[15,229,44],[15,229,59],[16,305,86],[16,316,86],[17,43,51],[17,43,22],[17,147,85],[17,147,84],[17,190,72],[17,190,94],[17,190,45],[17,368,81],[17,368,93],[18,19,50],[18,161,86],[18,263,61],[18,263,56],[19,54,34],[19,54,76],[19,193,83],[19,193,59],[19,203,70],[19,242,23],[19,242,70],[21,46,16],[22,24,95],[22,312,20],[22,312,3],[22,312,15],[22,337,31],[23,127,25],[24,300,11],[24,395,87],[24,395,100],[24,395,2],[25,9,33],[25,313,99],[25,359,49],[25,359,35],[25,359,74],[25,359,78],[26,47,66],[26,192,38],[27,40,30],[27,237,68],[27,294,50],[28,15,92],[28,320,94],[29,58,75],[29,364,54],[30,44,85],[30,208,93],[30,208,12],[31,148,37],[31,148,89],[31,351,65],[31,351,12],[31,368,81],[31,368,93],[32,43,51],[32,43,22],[32,188,26],[32,230,68],[33,10,40],[33,10,42],[33,145,91],[33,145,40],[33,311,80],[34,189,49],[34,263,61],[34,263,56],[36,215,96],[36,215,97],[36,225,91],[38,117,39],[38,400,21],[39,193,83],[39,193,59],[39,217,10],[39,217,88],[39,242,23],[39,242,70],[40,133,20],[40,133,95],[41,25,97],[41,197,60],[41,197,88],[41,209,28],[41,209,37],[41,359,49],[41,359,35],[41,359,74],[41,359,78],[42,190,72],[42,190,94],[42,190,45],[42,209,28],[42,209,37],[43,78,76],[43,110,52],[43,191,76],[44,255,77],[45,26,67],[46,82,37],[46,82,84],[46,171,63],[46,177,12],[47,283,90],[47,283,71],[47,351,65],[47,351,12],[48,123,71],[48,138,35],[50,371,82],[51,66,55],[51,265,62],[51,358,20],[51,358,8],[51,358,90],[52,54,34],[52,54,76],[52,369,64],[53,23,5],[53,281,36],[53,358,20],[53,358,8],[53,358,90],[54,190,72],[54,190,94],[54,190,45],[54,395,87],[54,395,100],[54,395,2],[55,207,69],[56,6,45],[56,164,84],[56,396,69],[57,115,64],[57,296,62],[57,296,1],[58,167,67],[58,213,59],[58,213,77],[59,133,20],[59,133,95],[60,312,20],[60,312,3],[60,312,15],[61,56,48],[62,345,35],[62,345,83],[62,359,49],[62,359,35],[62,359,74],[62,359,78],[63,8,45],[63,32,67],[63,229,81],[63,229,44],[63,229,59],[65,118,32],[65,131,99],[66,160,74],[68,215,96],[68,215,97],[69,286,79],[70,79,93],[70,79,94],[71,145,91],[71,145,40],[71,165,97],[72,201,7],[72,210,54],[73,95,24],[73,95,84],[73,98,78],[73,98,100],[73,175,8],[73,175,55],[73,229,81],[73,229,44],[73,229,59],[74,141,76],[75,147,85],[75,147,84],[75,339,85],[77,140,28],[77,173,4],[78,119,14],[78,119,92],[79,296,62],[79,296,1],[79,395,87],[79,395,100],[79,395,2],[80,36,47],[80,36,79],[80,208,93],[80,208,12],[81,234,66],[82,79,93],[82,79,94],[82,299,94],[83,221,100],[83,221,52],[83,321,90],[86,268,44],[87,87,24],[87,343,69],[88,17,18],[89,121,21],[89,283,90],[89,283,71],[90,221,100],[90,221,52],[92,136,57],[95,372,49],[96,82,37],[96,82,84],[97,195,91],[98,366,47],[98,389,43],[99,98,78],[99,98,100]];

jitters = [20000,10000,5000,100000,20000,10000,10000,20000,100000,10000,20000,100000,10000,10000,20000,100000,20000,100000,10000,20000,100000,10000,10000,100000,10000,20000,100000,20000,10000,100000,10000,20000,10000,10000,10000,50000,5000,20000,20000,10000,10000,10000,20000,100000,20000,10000,20000,20000,10000,100000,20000,20000,50000,100000,20000,10000,2000,10000,10000,10000,10000,20000,2000,2000,20000,20000,20000,10000,20000,20000,50000,20000,10000,20000,1000,20000,100000,10000,100000,20000,10000,100000,20000,10000,1000,100000,100000,20000,10000,20000,50000,2000,20000,100000,100000,10000,50000,10000,20000,20000];

