NumChains = 15;
NumResources = 3;
NumRunnablesInChains = 43;
MemoryBoundOnResource = 1048576;
UtilizationBoundOnResource = 100;

numberOfTasksinChain = [7,3,7,3,3,7,5,5,3,3,3,3,7,5,7];

runnablesInChains = [31,30,73,97,57,67,82,48,53,85,75,80,22,34,69,58,55,47,98,40,97,14,68,11,81,42,25,56,10,77,3,28,36,55,64,10,78,100,33,96,40,60,36];

ProcessingTimesOfMessages = [[1,1,1],[1,1,1,1,1],[1,1,1],[1,1,1,1,1,1],[1,1,1],[1,1,1,1,1,1],[1,1,1,1],[1,1],[1,1,1,1,1],[1],[1,1,1],[1,1],[1,1],[1,1],[1,1,1],[1,1],[1,1],[1,1],[1,1],[1,1,1,1],[1,1,1,1,1],[1,1,1],[1,1,1,1,1,1,1],[1,1,1],[1,1,1,1],[1,1,1],[1,1,1,1,1,1],[1,1,1,1],[1,1,1,1],[1,1],[1,1,1,1],[1,1,1,1,1],[1],[1,1,1],[1,1,1],[1,1,1],[1,1,1,1,1,1],[1,1,1],[1,1,1,1,1],[1,1,1],[1,1,1,1],[1,1,1,1,1,1,1],[1,1],[],[1],[1,1],[1,1,1,1],[1,1],[1,1],[1,1],[1,1],[1,1,1],[1,1,1],[1,1,1,1],[1,1],[2],[1,1,1,1,1,1,1],[1,1,1],[],[1,1,1,1,1],[1],[1,1],[1,1],[1,1],[1,1,1],[1,1,1],[],[1],[1,1,1],[1],[],[1],[1],[1,1,1,2],[1],[1,1],[1,1,1],[1,1,1],[1,1],[1,1],[1,1],[1,1,1,1],[1,1,1,1],[1,1],[],[],[1],[],[1,1,1],[1,1,1,1],[1,1,1,1],[1],[1],[],[],[1,1,1,1,1,1,1],[1,1,1,1],[1,1],[1],[1]];

processingTimesRunnables = [14,9,15,13,15,12,6,10,13,13,10,7,13,9,16,17,13,10,12,14,9,11,4,9,10,13,13,13,11,14,16,12,10,12,13,5,6,8,10,10,9,12,15,13,11,5,12,8,6,7,9,15,10,13,13,10,10,13,13,12,13,10,11,12,7,13,12,12,6,15,12,8,14,10,11,15,12,13,16,14,15,12,14,17,12,11,5,11,14,11,11,12,7,11,15,5,5,9,12,8];

periods = [5000,1000,100000,10000,20000,100000,100000,1000,10000,10000,100000,100000,20000,100000,20000,20000,100000,100000,20000,100000,100000,20000,20000,1000,20000,100000,50000,100000,10000,10000,10000,10000,100000,20000,100000,10000,20000,100000,20000,10000,20000,2000,10000,2000,20000,20000,10000,20000,20000,10000,10000,100000,20000,10000,10000,20000,20000,10000,100000,10000,50000,10000,20000,10000,20000,100000,20000,100000,10000,100000,100000,100000,10000,20000,20000,5000,10000,100000,10000,20000,2000,20000,10000,20000,20000,10000,20000,100000,100000,10000,100000,100000,20000,10000,100000,10000,10000,10000,20000,100000];

communicationTimeForOrderCriticalMessages = [1,1,1,1,1,1,1,1,1,1,1,1,1,1,1,1,1,1,1,1,1,1,1,1,1,1,1,1];

sizeOfRunnables = [1373,858,1465,1253,1420,1110,540,945,1298,1253,953,668,1215,803,1555,1615,1285,963,1178,1305,900,1090,393,880,915,1295,1240,1248,1015,1360,1540,1185,930,1185,1290,495,573,715,938,908,880,1150,1465,1215,1095,495,1158,765,513,640,855,1453,968,1268,1210,970,940,1245,1215,1103,1230,938,1063,1148,625,1225,1195,1178,525,1448,1180,720,1335,978,1028,1430,1200,1210,1593,1368,1438,1108,1313,1610,1120,1090,490,1080,1345,1058,1010,1145,668,1098,1438,428,500,825,1133,743];

SenderLabelReceiverOrderCriticalChains = [[31,168,0,0,30],[30,228,0,0,73],[73,136,0,0,97],[57,251,0,0,67],[82,161,0,0,48],[48,16,0,0,53],[53,326,0,0,85],[75,193,0,0,80],[22,238,261,0,34],[69,186,0,0,58],[58,203,0,0,55],[55,39,0,0,47],[98,295,0,0,40],[40,263,0,0,97],[14,279,320,0,68],[68,305,0,0,11],[81,196,360,0,42],[25,134,308,0,56],[10,255,0,0,77],[3,337,0,0,28],[36,290,0,0,55],[55,366,0,0,64],[64,111,0,0,10],[78,53,164,0,100],[100,382,0,0,33],[96,355,0,0,40],[40,175,0,0,60],[60,360,0,0,36]];

SenderLabelReceiverNonOrderCriticalChains = [[1,83,67],[1,140,76],[1,336,76],[2,132,45],[2,132,26],[2,162,8],[2,314,8],[2,394,8],[3,67,6],[3,67,94],[3,337,28],[4,7,38],[4,42,31],[4,84,9],[4,84,50],[4,84,54],[4,139,3],[5,31,75],[5,313,46],[5,385,13],[6,203,7],[6,203,55],[6,203,88],[6,265,86],[6,265,23],[6,281,33],[7,55,72],[7,247,91],[7,307,21],[7,307,29],[8,325,24],[8,325,61],[9,185,10],[9,186,58],[9,186,87],[9,216,52],[9,216,10],[10,255,77],[11,10,29],[11,245,13],[11,389,85],[12,85,16],[12,391,68],[13,307,21],[13,307,29],[14,279,68],[14,320,68],[15,11,16],[15,32,14],[15,367,1],[16,80,59],[16,286,84],[17,205,88],[17,380,71],[18,173,70],[18,374,32],[19,342,45],[19,361,60],[20,82,95],[20,99,38],[20,99,67],[20,106,59],[21,120,71],[21,120,14],[21,329,85],[21,384,30],[21,384,72],[22,238,33],[22,238,65],[22,261,34],[23,24,51],[23,24,63],[23,62,46],[23,360,63],[23,360,12],[23,360,36],[23,360,81],[24,20,58],[24,20,75],[24,20,22],[25,70,41],[25,134,56],[25,142,71],[25,308,56],[26,13,19],[26,223,44],[26,223,70],[27,278,17],[27,278,79],[27,325,24],[27,325,61],[27,355,40],[27,355,90],[28,96,48],[28,96,95],[28,100,69],[28,100,84],[29,242,31],[29,242,65],[29,278,17],[29,278,79],[30,214,54],[30,228,73],[31,168,30],[31,168,88],[31,168,26],[31,371,43],[32,24,51],[32,24,63],[32,69,43],[32,69,72],[32,118,81],[33,264,94],[34,238,33],[34,238,65],[34,400,37],[35,192,88],[35,200,13],[35,226,62],[36,231,35],[36,290,92],[36,290,55],[37,20,58],[37,20,75],[37,20,22],[37,72,41],[37,290,92],[37,290,55],[38,263,66],[38,263,97],[38,306,78],[39,19,90],[39,67,6],[39,67,94],[39,213,75],[39,338,85],[40,175,60],[40,263,66],[40,263,97],[41,96,48],[41,96,95],[41,132,45],[41,132,26],[42,223,44],[42,223,70],[42,360,63],[42,360,12],[42,360,36],[42,360,81],[42,368,44],[43,123,47],[43,191,77],[45,273,49],[46,170,98],[46,170,99],[47,81,44],[47,81,61],[47,100,69],[47,100,84],[48,16,53],[48,323,80],[49,127,17],[49,147,20],[50,250,12],[50,250,66],[51,283,79],[51,370,92],[52,250,12],[52,250,66],[52,344,46],[53,99,38],[53,99,67],[53,326,85],[54,20,58],[54,20,75],[54,20,22],[54,294,86],[55,39,47],[55,366,64],[56,235,67],[57,168,30],[57,168,88],[57,168,26],[57,201,93],[57,242,31],[57,242,65],[57,251,67],[58,203,7],[58,203,55],[58,203,88],[60,179,19],[60,360,63],[60,360,12],[60,360,36],[60,360,81],[61,6,22],[62,114,59],[62,202,49],[63,384,30],[63,384,72],[64,111,10],[64,189,73],[65,178,94],[65,178,74],[65,303,82],[66,203,7],[66,203,55],[66,203,88],[68,305,11],[69,138,86],[69,186,58],[69,186,87],[70,174,15],[72,244,50],[73,136,97],[74,84,9],[74,84,50],[74,84,54],[74,87,79],[75,193,80],[76,265,86],[76,265,23],[77,168,30],[77,168,88],[77,168,26],[78,5,95],[78,53,100],[78,164,100],[79,196,42],[79,196,3],[80,27,99],[80,44,36],[81,196,42],[81,196,3],[82,84,9],[82,84,50],[82,84,54],[82,161,48],[83,1,82],[83,135,97],[83,178,94],[83,178,74],[84,21,87],[84,66,93],[87,311,81],[89,197,69],[89,204,51],[89,237,95],[90,81,44],[90,81,61],[90,216,52],[90,216,10],[91,52,5],[91,69,43],[91,69,72],[91,301,50],[92,94,34],[93,387,24],[96,120,71],[96,120,14],[96,170,98],[96,170,99],[96,173,70],[96,355,40],[96,355,90],[97,360,63],[97,360,12],[97,360,36],[97,360,81],[98,157,27],[98,295,40],[99,383,18],[100,382,33]];

jitters = [5000,1000,100000,10000,20000,100000,100000,1000,10000,10000,100000,100000,20000,100000,20000,20000,100000,100000,20000,100000,100000,20000,20000,1000,20000,100000,50000,100000,10000,10000,10000,10000,100000,20000,100000,10000,20000,100000,20000,10000,20000,2000,10000,2000,20000,20000,10000,20000,20000,10000,10000,100000,20000,10000,10000,20000,20000,10000,100000,10000,50000,10000,20000,10000,20000,100000,20000,100000,10000,100000,100000,100000,10000,20000,20000,5000,10000,100000,10000,20000,2000,20000,10000,20000,20000,10000,20000,100000,100000,10000,100000,100000,20000,10000,100000,10000,10000,10000,20000,100000];

