NumChains = 15;
NumResources = 3;
NumRunnablesInChains = 43;
MemoryBoundOnResource = 1048576;
UtilizationBoundOnResource = 100;

numberOfTasksinChain = [5,5,5,5,5,3,5,7,3,7,3,3,5,3,7];

runnablesInChains = [43,83,29,2,89,78,93,26,11,3,35,50,96,24,9,1,67,57,42,43,32,30,51,75,60,55,40,79,24,16,69,29,88,83,13,90,38,8,90,87,75,22,38];

ProcessingTimesOfMessages = [[1,1,1,1,1,1],[1,1,1],[1,1],[1,1,1],[1,1,1,1,1],[1,1,1],[1,1,1,1,1],[1,1,1],[1,1],[1,1,1,1,1],[1,1],[1],[1,1,1,1],[1,1],[1,1,1,1,1,1],[1,1,1],[2],[1,1],[1],[1,1,1,1,1,1,2],[1,1],[1,1,1,1],[1,1,1,1],[1,1,1,1],[1,1,1,1,1,1],[1,1,1,1],[1,1],[1,1,1,1,1],[1,1,1],[1],[],[1,1,1,1],[1,1,1,1,1,1,1,1],[1,1,1],[1,1,1,1],[1,1,1,1],[1,1,1,1],[1],[1,1,1,1,1,1,1],[1,1,1,1],[1],[1,1],[1,1,1],[1],[1],[1,1],[],[1],[1,1,1,1,1],[],[1],[1,1,1,1,1,1],[1,1],[1,1],[1],[1],[1,1,1],[1,1,1,1],[1,1,1],[1,1],[1,1,1,1,1],[1,1,1],[1],[1,1,1],[1],[1],[1,1,1,1],[1,1],[1,1],[1],[1,1],[1],[1],[1],[1,1,1],[1],[1],[1],[1,1,1],[1,1],[1,1],[1,1],[1],[],[1],[1,1,1],[1],[1,1,1,1],[1],[1,1],[1],[1,1,1],[1,1,1,1],[1,1,1],[1,1,1],[1],[],[1,1],[1,1,1],[1,1]];

processingTimesRunnables = [14,8,16,11,10,14,15,11,14,7,12,8,14,15,14,13,13,15,14,11,13,16,11,10,10,12,13,8,13,12,12,17,9,16,13,14,9,15,12,13,9,13,12,13,15,8,6,15,11,11,12,9,17,11,12,12,12,13,12,13,5,8,10,4,13,16,12,13,10,12,13,11,13,16,13,6,10,14,15,12,8,11,16,8,10,12,10,16,15,14,12,11,15,13,9,11,5,13,12,13];

periods = [100000,10000,50000,10000,20000,100000,10000,20000,20000,10000,100000,10000,20000,10000,10000,20000,20000,20000,10000,2000,20000,20000,1000,20000,10000,100000,1000,10000,100000,20000,10000,20000,10000,2000,50000,10000,50000,20000,10000,20000,2000,100000,100000,20000,10000,100000,20000,10000,100000,50000,20000,100000,100000,50000,10000,10000,100000,10000,20000,10000,20000,10000,100000,10000,10000,10000,100000,10000,100000,10000,10000,10000,10000,100000,20000,20000,10000,10000,20000,1000,20000,20000,100000,100000,10000,20000,20000,100000,10000,20000,100000,50000,100000,10000,20000,20000,20000,20000,50000,20000];

communicationTimeForOrderCriticalMessages = [1,1,1,1,1,1,1,1,1,1,1,1,1,1,1,1,1,1,1,1,1,1,1,1,1,1,1,1];

sizeOfRunnables = [1400,788,1563,1038,945,1313,1495,1043,1383,668,1173,723,1313,1458,1308,1283,1240,1480,1398,1030,1220,1588,1050,985,963,1110,1223,793,1255,1200,1135,1605,895,1513,1248,1350,815,1405,1185,1290,888,1260,1148,1220,1438,708,563,1463,1060,1015,1103,805,1605,1053,1155,1143,1188,1278,1113,1238,405,730,938,398,1230,1583,1170,1233,903,1145,1258,1068,1278,1508,1230,558,948,1323,1475,1128,783,1060,1568,708,938,1133,960,1583,1498,1335,1165,1008,1448,1215,853,1053,445,1240,1133,1298];

SenderLabelReceiverOrderCriticalChains = [[43,173,0,0,83],[83,326,0,0,29],[2,289,0,0,89],[89,271,0,0,78],[93,29,0,0,26],[26,89,0,0,11],[3,373,0,0,35],[35,187,0,0,50],[96,331,0,0,24],[24,272,0,0,9],[1,58,0,0,67],[57,60,0,0,42],[42,279,0,0,43],[32,358,0,0,30],[30,10,0,0,51],[51,134,0,0,75],[60,330,0,0,55],[40,98,111,0,79],[79,111,0,0,24],[24,303,0,0,16],[69,29,0,0,29],[88,6,0,0,83],[13,36,0,0,90],[90,233,0,0,38],[8,86,0,0,90],[87,134,0,0,75],[75,13,0,0,22],[22,183,0,0,38]];

SenderLabelReceiverNonOrderCriticalChains = [[1,58,67],[1,86,42],[1,86,90],[1,286,14],[1,303,16],[1,303,6],[2,33,65],[2,289,89],[2,393,68],[3,161,4],[3,373,35],[4,19,14],[4,71,14],[4,96,12],[5,66,17],[5,66,49],[5,66,66],[5,194,9],[5,203,83],[6,44,18],[6,115,11],[6,243,29],[7,43,12],[7,43,34],[7,163,67],[7,163,85],[7,202,78],[8,86,42],[8,86,90],[8,344,13],[9,261,40],[9,288,32],[10,39,80],[10,39,81],[10,39,87],[10,59,48],[10,141,73],[11,176,91],[11,184,63],[12,80,25],[13,36,90],[13,346,3],[13,385,30],[13,385,48],[14,188,45],[14,188,68],[15,26,31],[15,26,60],[15,163,67],[15,163,85],[15,272,9],[15,272,56],[16,162,10],[16,330,96],[16,330,55],[17,311,59],[18,67,76],[18,216,51],[19,190,79],[20,43,12],[20,43,34],[20,124,70],[20,124,40],[20,124,99],[20,185,34],[20,219,51],[21,147,64],[21,210,76],[22,60,42],[22,60,44],[22,174,37],[22,183,38],[23,226,53],[23,371,27],[23,388,47],[23,388,36],[24,272,9],[24,272,56],[24,303,16],[24,303,6],[25,37,31],[25,124,70],[25,124,40],[25,124,99],[25,213,66],[25,213,74],[26,53,27],[26,89,11],[26,89,74],[26,89,32],[27,270,7],[27,389,80],[28,3,41],[28,3,85],[28,65,55],[28,263,76],[28,263,31],[29,66,17],[29,66,49],[29,66,66],[30,10,51],[32,66,17],[32,66,49],[32,66,66],[32,358,30],[33,39,80],[33,39,81],[33,39,87],[33,84,36],[33,84,72],[33,197,58],[33,217,16],[33,217,45],[34,3,41],[34,3,85],[34,362,41],[35,187,50],[35,282,54],[35,388,47],[35,388,36],[36,111,24],[36,111,71],[36,111,44],[36,133,56],[37,124,70],[37,124,40],[37,124,99],[37,151,50],[38,90,28],[39,62,92],[39,62,98],[39,110,38],[39,188,45],[39,188,68],[39,192,5],[39,192,72],[40,98,79],[40,111,24],[40,111,71],[40,111,44],[41,142,62],[42,279,43],[42,383,77],[43,173,83],[43,340,15],[43,357,17],[44,75,37],[45,299,48],[46,18,63],[46,88,63],[48,170,93],[49,89,11],[49,89,74],[49,89,32],[49,312,23],[49,312,97],[51,134,75],[52,64,30],[52,204,47],[52,204,69],[52,255,84],[52,385,30],[52,385,48],[53,195,57],[53,242,91],[54,329,46],[54,400,92],[55,287,47],[56,61,71],[57,60,42],[57,60,44],[57,165,88],[58,218,21],[58,218,92],[58,240,68],[58,361,62],[59,129,19],[59,318,46],[59,318,50],[60,330,96],[60,330,55],[61,62,92],[61,62,98],[61,199,31],[61,312,23],[61,312,97],[62,84,36],[62,84,72],[62,297,69],[63,189,74],[64,196,65],[64,218,21],[64,218,92],[65,137,73],[66,22,70],[67,89,11],[67,89,74],[67,89,32],[67,284,84],[68,204,47],[68,204,69],[69,29,26],[69,29,29],[70,292,8],[71,192,5],[71,192,72],[72,368,21],[73,25,89],[74,334,84],[75,13,22],[75,26,31],[75,26,60],[76,337,82],[77,145,91],[78,55,85],[79,111,24],[79,111,71],[79,111,44],[80,217,16],[80,217,45],[81,122,97],[81,360,2],[82,269,86],[82,365,96],[83,326,29],[85,387,3],[86,143,96],[86,193,87],[86,239,97],[87,134,75],[88,6,83],[88,156,60],[88,263,76],[88,263,31],[89,271,78],[90,68,19],[90,233,38],[91,317,100],[92,39,80],[92,39,81],[92,39,87],[93,29,26],[93,29,29],[93,167,41],[93,349,95],[94,131,8],[94,213,66],[94,213,74],[95,267,98],[95,318,46],[95,318,50],[96,331,24],[98,34,12],[98,34,18],[99,34,12],[99,34,18],[99,72,78],[100,45,94],[100,225,77]];

jitters = [100000,10000,50000,10000,20000,100000,10000,20000,20000,10000,100000,10000,20000,10000,10000,20000,20000,20000,10000,2000,20000,20000,1000,20000,10000,100000,1000,10000,100000,20000,10000,20000,10000,2000,50000,10000,50000,20000,10000,20000,2000,100000,100000,20000,10000,100000,20000,10000,100000,50000,20000,100000,100000,50000,10000,10000,100000,10000,20000,10000,20000,10000,100000,10000,10000,10000,100000,10000,100000,10000,10000,10000,10000,100000,20000,20000,10000,10000,20000,1000,20000,20000,100000,100000,10000,20000,20000,100000,10000,20000,100000,50000,100000,10000,20000,20000,20000,20000,50000,20000];

