NumChains = 15;
NumResources = 3;
NumRunnablesInChains = 51;
MemoryBoundOnResource = 1048576;
UtilizationBoundOnResource = 100;

numberOfTasksinChain = [3,7,3,5,5,7,5,3,7,7,7,7,7,7,7];

runnablesInChains = [54,42,83,41,40,15,16,41,81,44,59,12,37,47,51,82,89,5,78,9,43,20,39,92,43,48,11,94,28,61,47,13,93,59,74,60,53,48,80,97,100,99,34,71,34,49,19,70,1,95,86];

ProcessingTimesOfMessages = [[1,1,1,1,1],[1,1,1],[1,1,1],[1,1],[1,1,1,1],[1,1,1],[1,1,1,1,1,1],[1,1],[1,1,1,1,2,2],[1,1],[],[1,1,1,1,1,1],[1,1,1],[1,1,1],[1,1,1],[1,1,1,1,1],[1,1,1,1,1,1],[1],[1,1,1,1],[1,1,1,1],[1,1,1],[1],[1,1,1,1,1,1],[1,1],[1,1,1,1,1],[1,1,1,1,1,1,1,1],[1,1,1,1,1],[1,1,1,1],[1,1,1,1,1],[1,1,1,1,1,1],[1,1,1,2,2,1],[],[1,1],[1,1,1],[1,1],[1,1,1],[1,1,1,1],[1,1,1,1,1],[1,1,1],[1,1],[1,1,1,1],[1],[1],[1,1,1],[1,1,1],[],[],[1,1],[1,1],[1],[1,1],[1,1,1,1],[1,1,1],[1,1,1],[1,1,1],[1,1],[],[1,1],[1,1],[1],[1,1,1,1,1,1],[1,1,1,1],[],[1,1,1],[1,1,1],[1,1],[1,1],[1,1,1],[1,1,1],[1,1],[1,1,1],[1,1],[1],[1],[1,1],[1,1,1],[],[1,1,1],[1,1],[],[1,1],[1,1,1,1],[1],[1,1,1],[1,1,1],[],[1,1],[1,1],[1,1,1],[],[],[1,1,1,1],[1,1,1],[1,1,1],[1,1],[1],[1,1,1],[],[1],[1]];

processingTimesRunnables = [8,11,8,15,5,11,16,13,16,6,14,11,11,13,5,10,11,12,9,13,7,11,8,5,13,13,13,12,15,11,14,12,11,9,13,12,10,8,14,14,10,13,12,7,5,8,13,5,11,10,7,4,12,12,15,9,16,8,7,14,15,7,10,6,13,12,10,13,12,10,14,7,12,16,8,11,16,11,13,15,13,13,10,10,7,14,16,12,10,6,11,6,10,13,6,9,16,6,11,15];

periods = [100000,10000,100000,10000,20000,10000,10000,20000,20000,20000,20000,10000,10000,20000,10000,10000,20000,100000,20000,10000,20000,100000,100000,20000,5000,2000,100000,10000,50000,100000,20000,50000,20000,20000,10000,20000,10000,100000,10000,10000,10000,10000,20000,10000,10000,1000,10000,20000,20000,10000,20000,20000,20000,10000,10000,100000,10000,100000,10000,20000,10000,20000,10000,100000,100000,20000,20000,100000,100000,100000,20000,20000,100000,10000,2000,100000,2000,20000,10000,20000,10000,20000,10000,10000,100000,100000,20000,100000,20000,100000,10000,20000,10000,10000,100000,10000,20000,20000,20000,20000];

communicationTimeForOrderCriticalMessages = [1,1,1,1,1,1,1,1,1,1,1,1,1,1,1,1,1,1,1,1,1,1,1,1,1,1,1,1,1,1,1,1,1,1,1,1];

sizeOfRunnables = [798,1005,788,1415,488,1020,1593,1233,1563,538,1323,1095,1068,1283,473,983,1010,1185,835,1230,625,1060,790,465,1225,1278,1275,1155,1485,1053,1345,1193,1068,865,1270,1103,960,798,1388,1355,990,1248,1170,623,435,705,1210,453,1005,955,700,375,1178,1125,1405,810,1528,730,653,1383,1470,613,910,515,1293,1158,963,1285,1148,968,1318,648,1120,1573,775,1040,1503,1008,1300,1485,1258,1230,968,948,700,1305,1535,1200,955,558,1088,553,940,1220,573,880,1563,503,1030,1405];

SenderLabelReceiverOrderCriticalChains = [[54,53,0,0,42],[83,304,0,0,41],[41,351,0,0,40],[40,153,0,0,15],[16,337,0,0,41],[81,351,0,0,44],[44,225,0,0,59],[12,388,0,0,37],[37,134,0,0,47],[51,376,0,0,82],[82,320,0,0,89],[89,159,0,0,5],[78,312,0,0,9],[9,173,0,0,43],[20,230,0,0,39],[92,142,0,0,43],[43,301,0,0,48],[48,353,0,0,11],[94,130,0,0,28],[28,67,0,0,61],[61,173,0,0,47],[13,35,0,0,93],[93,82,0,0,59],[59,261,0,0,74],[60,37,307,0,53],[53,62,0,0,48],[48,299,0,0,80],[97,383,0,0,100],[100,114,0,0,99],[99,365,0,0,34],[71,297,0,0,34],[34,77,0,0,49],[49,147,0,0,19],[70,167,0,0,1],[1,142,0,0,95],[95,241,0,0,86]];

SenderLabelReceiverNonOrderCriticalChains = [[1,110,3],[1,142,43],[1,142,95],[1,242,6],[1,242,72],[2,206,7],[2,206,27],[2,392,91],[3,76,11],[3,368,18],[3,368,94],[4,20,46],[4,397,80],[5,102,8],[5,288,97],[5,370,80],[5,370,99],[6,218,81],[6,274,35],[6,274,57],[7,59,18],[7,274,35],[7,274,57],[7,297,34],[7,297,67],[7,297,73],[8,161,10],[8,162,14],[9,173,43],[9,173,47],[9,233,52],[9,233,57],[9,247,60],[9,247,10],[10,154,17],[10,375,11],[12,5,56],[12,5,81],[12,5,90],[12,275,11],[12,275,16],[12,388,37],[13,35,67],[13,35,93],[13,326,79],[14,82,59],[14,82,69],[14,120,36],[15,135,91],[15,393,81],[15,394,35],[16,10,37],[16,77,63],[16,77,49],[16,337,41],[16,337,90],[17,30,59],[17,30,75],[17,30,94],[17,38,19],[17,38,22],[17,298,6],[18,235,22],[19,94,33],[19,181,73],[19,181,78],[19,181,70],[20,179,75],[20,230,39],[20,395,50],[20,395,84],[21,1,49],[21,239,24],[21,239,89],[22,344,68],[23,90,14],[23,225,88],[23,225,59],[23,251,25],[23,261,74],[23,261,65],[24,187,88],[24,339,29],[25,46,64],[25,279,86],[25,297,34],[25,297,67],[25,297,73],[26,30,59],[26,30,75],[26,30,94],[26,71,33],[26,71,12],[26,275,11],[26,275,16],[26,354,74],[27,30,59],[27,30,75],[27,30,94],[27,214,90],[27,250,30],[28,67,61],[28,159,5],[28,159,22],[28,236,55],[29,130,28],[29,130,46],[29,232,32],[29,383,32],[29,383,100],[30,68,3],[30,68,86],[30,181,73],[30,181,78],[30,181,70],[30,317,68],[31,74,45],[31,74,62],[31,75,36],[31,247,60],[31,247,10],[31,284,71],[33,239,24],[33,239,89],[34,77,63],[34,77,49],[34,260,51],[35,233,52],[35,233,57],[36,285,52],[36,322,57],[36,322,60],[37,38,19],[37,38,22],[37,134,98],[37,134,47],[38,81,58],[38,134,98],[38,134,47],[38,289,4],[38,355,24],[39,104,42],[39,140,71],[39,310,44],[40,41,47],[40,153,15],[41,68,3],[41,68,86],[41,351,40],[41,351,44],[42,345,21],[43,301,48],[44,57,50],[44,225,88],[44,225,59],[45,172,47],[45,368,18],[45,368,94],[48,299,80],[48,353,11],[49,147,19],[49,302,18],[50,349,8],[51,376,82],[51,400,97],[52,242,6],[52,242,72],[52,322,57],[52,322,60],[53,37,60],[53,62,48],[53,119,72],[54,53,42],[54,262,66],[54,371,63],[55,124,79],[55,206,7],[55,206,27],[56,203,65],[56,283,73],[58,151,86],[58,267,51],[59,261,74],[59,261,65],[60,307,53],[61,32,96],[61,32,100],[61,173,43],[61,173,47],[61,395,50],[61,395,84],[62,21,71],[62,40,82],[62,321,77],[62,321,76],[64,74,45],[64,74,62],[64,366,54],[65,181,73],[65,181,78],[65,181,70],[66,169,87],[66,268,98],[67,254,98],[67,332,98],[68,86,96],[68,321,77],[68,321,76],[69,5,56],[69,5,81],[69,5,90],[70,167,1],[70,379,32],[71,297,34],[71,297,67],[71,297,73],[72,32,96],[72,32,100],[73,380,2],[74,377,69],[75,107,77],[75,237,77],[76,263,83],[76,277,72],[76,296,63],[78,312,9],[78,370,80],[78,370,99],[79,34,91],[79,227,83],[81,351,40],[81,351,44],[82,5,56],[82,5,81],[82,5,90],[82,320,89],[83,304,41],[84,35,67],[84,35,93],[84,80,93],[85,176,13],[85,358,55],[85,389,91],[87,24,92],[87,204,92],[88,337,41],[88,337,90],[89,159,5],[89,159,22],[89,329,2],[92,71,33],[92,71,12],[92,142,43],[92,142,95],[93,82,59],[93,82,69],[93,231,69],[94,130,28],[94,130,46],[94,229,21],[95,241,86],[95,300,87],[96,212,43],[97,42,46],[97,383,32],[97,383,100],[99,365,34],[100,114,99]];

jitters = [100000,10000,100000,10000,20000,10000,10000,20000,20000,20000,20000,10000,10000,20000,10000,10000,20000,100000,20000,10000,20000,100000,100000,20000,5000,2000,100000,10000,50000,100000,20000,50000,20000,20000,10000,20000,10000,100000,10000,10000,10000,10000,20000,10000,10000,1000,10000,20000,20000,10000,20000,20000,20000,10000,10000,100000,10000,100000,10000,20000,10000,20000,10000,100000,100000,20000,20000,100000,100000,100000,20000,20000,100000,10000,2000,100000,2000,20000,10000,20000,10000,20000,10000,10000,100000,100000,20000,100000,20000,100000,10000,20000,10000,10000,100000,10000,20000,20000,20000,20000];

