numChains = 15;

numberOfTasksinChain = [3,7,5,7,3,3,3,5,7,7,7,3,7,7,5];

runnablesInChains = [1,79,18,88,55,89,28,29,78,50,25,10,49,33,31,56,72,62,47,21,50,43,45,51,42,75,86,30,4,72,54,26,27,18,64,89,100,1,70,32,98,45,52,16,57,49,94];

processingTimesOfMessages = [[1,1,1,1,1],[1,1,1,1,1,1],[1,1],[1,1,1,1,1],[1,1,1,1,1],[1],[1,1,1,1,1],[1,1,1],[1,1],[1,1,1,1,1,1],[1,1,1],[1,1,1,1],[1],[1,1,1],[1,1,1,1,1,1],[1,1,1,1,1],[1,1],[1],[1,1,1],[1,1,1,1,1,1],[1,1,1,1,1],[1,1,1,1],[1,1,1,1],[1,1,1,1,1,1,1],[1,1],[1,1,1],[1,1,1],[1,1,1,1,1],[1,1,1,1],[1,1,1,1],[1,1,1,1],[1,1],[1],[],[1],[1,1,1,1],[1,1],[1,1],[1,1,1,1,1,1,1,1,1],[1,1],[1,1],[1,1,1,1],[1,1,1],[1,1,1],[1,1,1,1,1],[1,1,1,1],[1,1,1,1],[1,1,1,1,1],[1,1,1],[1,1,1],[1,1,1],[1,1],[1,1,1],[1,1],[1,1],[1,1,1],[1,1,1],[],[],[1,1],[],[1,1],[1],[1,1],[],[1,1,1],[],[1],[1,1,1,1,1,1],[1,1],[1],[],[1,1],[],[1],[1,1],[1,1],[1],[1,1],[],[],[1,1],[],[1],[1,1,1,1],[1,1],[],[1],[],[1,1,1,1],[1,1],[],[1,1,1],[],[1],[1],[1,1,1,1,1],[1,1],[1,1,1],[1]];

processingTimesRunnables = [12,16,16,7,8,8,16,21,21,19,16,12,21,21,6,17,17,18,17,14,16,17,15,14,17,10,18,16,15,7,10,16,15,17,14,13,9,18,18,15,19,17,15,13,17,8,19,19,16,8,9,15,13,20,21,7,10,6,16,11,15,13,13,12,10,21,16,9,13,13,10,15,14,20,13,21,19,14,13,14,16,8,11,13,14,20,15,15,21,6,16,15,10,15,20,16,18,19,10,13];

periods = [10000,20000,20000,20000,10000,1000,10000,20000,10000,100000,5000,20000,10000,10000,20000,10000,10000,100000,20000,2000,100000,20000,10000,20000,100000,100000,100000,20000,20000,20000,50000,10000,50000,20000,100000,20000,2000,1000,10000,20000,10000,10000,100000,20000,10000,100000,20000,10000,100000,100000,10000,10000,20000,100000,100000,20000,100000,10000,100000,10000,10000,20000,20000,100000,20000,20000,20000,10000,1000,10000,50000,20000,50000,1000,10000,1000,20000,20000,10000,20000,10000,10000,10000,5000,20000,20000,20000,100000,100000,20000,10000,10000,100000,100000,100000,2000,10000,10000,20000,10000];

communicationTimeForOrderCriticalMessages = [1,1,1,1,1,1,1,1,1,1,1,1,1,1,1,1,1,1,1,1,1,1,1,1,1,1,1,1,1,1,1,1];

sizeOfRunnables = [1,1,1,1,1,1,1,1,1,1,1,1,1,1,1,1,1,1,1,1,1,1,1,1,1,1,1,1,1,1,1,1,1,1,1,1,1,1,1,1,1,1,1,1,1,1,1,1,1,1,1,1,1,1,1,1,1,1,1,1,1,1,1,1,1,1,1,1,1,1,1,1,1,1,1,1,1,1,1,1,1,1,1,1,1,1,1,1,1,1,1,1,1,1,1,1,1,1,1,1];

senderLabelReceiverOrderCriticalChains = [[1,142,0,0,79],[18,262,0,0,88],[88,243,0,0,55],[55,41,0,0,89],[28,303,0,0,29],[29,362,0,0,78],[50,309,0,0,25],[25,166,0,0,10],[10,355,0,0,49],[33,265,375,0,31],[56,99,0,0,72],[62,70,226,0,47],[21,303,0,0,50],[50,90,0,0,43],[45,309,0,0,51],[51,43,0,0,42],[42,245,0,0,75],[86,339,0,0,30],[30,297,0,0,4],[4,114,0,0,72],[54,113,0,0,26],[26,104,0,0,27],[27,352,0,0,18],[64,396,0,0,89],[100,214,0,0,1],[1,133,0,0,70],[70,247,0,0,32],[98,355,0,0,45],[45,367,0,0,52],[52,379,0,0,16],[57,3,0,0,49],[49,36,0,0,94]];

senderLabelReceiverNonOrderCriticalChains = [[1,133,18],[1,133,93],[1,133,70],[1,142,79],[1,346,13],[2,119,3],[2,275,67],[2,275,81],[2,337,64],[2,396,19],[2,396,89],[3,370,8],[3,385,21],[4,114,72],[4,303,29],[4,303,50],[4,303,15],[4,400,48],[5,144,96],[5,144,72],[5,144,99],[5,177,9],[5,183,33],[6,105,38],[7,4,94],[7,174,41],[7,174,92],[7,205,40],[7,230,13],[8,145,12],[8,182,28],[8,182,65],[9,19,60],[9,19,68],[10,133,18],[10,133,93],[10,133,70],[10,355,45],[10,355,49],[10,392,89],[11,190,84],[11,208,84],[11,371,46],[12,56,62],[12,236,20],[12,236,77],[12,274,65],[13,324,14],[14,124,78],[14,178,17],[14,344,57],[15,22,68],[15,22,80],[15,96,53],[15,144,96],[15,144,72],[15,144,99],[16,135,65],[16,135,83],[16,322,70],[16,389,73],[16,389,17],[17,77,61],[17,203,92],[18,262,88],[19,171,11],[19,238,98],[19,238,40],[20,195,98],[20,195,54],[20,195,94],[20,267,73],[20,367,52],[20,367,37],[21,68,35],[21,260,71],[21,303,29],[21,303,50],[21,303,15],[22,95,44],[22,122,92],[22,122,25],[22,164,80],[23,116,51],[23,264,32],[23,365,89],[23,395,75],[24,7,64],[24,7,77],[24,7,80],[24,94,40],[24,248,41],[24,273,34],[24,273,71],[25,63,100],[25,166,10],[26,104,27],[26,181,35],[26,384,93],[27,14,50],[27,352,18],[27,352,62],[28,273,34],[28,273,71],[28,303,29],[28,303,50],[28,303,15],[29,49,44],[29,49,85],[29,321,63],[29,362,78],[30,266,34],[30,297,4],[30,389,73],[30,389,17],[31,53,71],[31,245,75],[31,245,82],[31,375,33],[32,87,76],[32,223,58],[33,265,31],[35,348,91],[36,62,61],[36,86,80],[36,268,57],[36,359,67],[37,155,96],[37,326,96],[38,139,74],[38,220,34],[39,22,68],[39,22,80],[39,122,92],[39,122,25],[39,195,98],[39,195,54],[39,195,94],[39,202,59],[39,202,56],[40,135,65],[40,135,83],[41,46,58],[41,249,60],[42,98,95],[42,172,28],[42,245,75],[42,245,82],[43,158,66],[43,315,59],[43,381,58],[44,25,91],[44,202,59],[44,202,56],[45,233,8],[45,309,51],[45,309,25],[45,367,52],[45,367,37],[46,7,64],[46,7,77],[46,7,80],[46,323,64],[47,133,18],[47,133,93],[47,133,70],[47,226,62],[48,7,64],[48,7,77],[48,7,80],[48,256,83],[48,374,81],[49,36,94],[49,36,9],[49,289,6],[50,90,43],[50,309,51],[50,309,25],[51,43,5],[51,43,42],[51,43,100],[52,123,61],[52,379,16],[53,20,67],[53,236,20],[53,236,77],[54,113,26],[54,364,88],[55,4,94],[55,41,89],[56,99,72],[56,182,28],[56,182,65],[57,3,49],[57,70,59],[57,70,47],[60,372,63],[60,397,19],[62,70,59],[62,70,47],[63,42,97],[64,396,19],[64,396,89],[66,9,9],[66,200,68],[66,293,87],[68,331,92],[69,19,60],[69,19,68],[69,88,95],[69,111,13],[69,111,74],[69,391,74],[70,64,3],[70,247,32],[71,84,81],[73,111,13],[73,111,74],[75,169,79],[76,132,87],[76,250,59],[77,49,44],[77,49,85],[78,10,87],[79,174,41],[79,174,92],[82,125,83],[82,162,97],[84,17,47],[85,36,94],[85,36,9],[85,275,67],[85,275,81],[86,334,90],[86,339,30],[88,243,55],[90,81,99],[90,144,96],[90,144,72],[90,144,99],[91,352,18],[91,352,62],[93,195,98],[93,195,54],[93,195,94],[95,325,86],[96,252,6],[97,43,5],[97,43,42],[97,43,100],[97,238,98],[97,238,40],[98,355,45],[98,355,49],[99,43,5],[99,43,42],[99,43,100],[100,214,1]];

