NumChains = 15;
NumResources = 3;
NumRunnablesInChains = 46;
MemoryBoundOnResource = 1048576;
UtilizationBoundOnResource = 100;

numberOfTasksinChain = [7,5,7,5,5,3,5,3,7,7,5,3,7,3,5];

runnablesInChains = [61,46,50,21,84,92,67,76,56,1,97,34,56,33,95,81,39,49,24,77,65,22,15,6,51,10,66,28,52,73,1,96,63,3,67,2,84,58,53,29,11,35,33,72,78,75];

ProcessingTimesOfMessages = [[1,1,1],[1,1,1,1],[1,1],[1,1,1],[1,1,1,1,1,1],[1,1],[1],[1,1,1,1],[1,1,1,1],[1,1,1,1,1],[1,1,1],[2,1,1,1],[1],[1,1],[1],[1,1,1],[1,1,1,1,1],[1,1,1],[1,1],[1],[1,1,1],[1],[1,1,1],[1,1,1],[1,1,1,1],[1,1],[],[1,1,1],[1,1,1],[1,1,1,1,1],[],[1,1,1,1,1],[1,1,1],[1,1,1,1,1],[1,1,1,1,1],[1,1,1],[1,1],[1,1],[1,1,1],[1,1],[1,1],[1,1,1],[],[1,1],[1,1,1],[1,1],[1,1,1,1],[1,1,1,1,1],[1,1,1],[1,1,1,1,1],[1,1,1,1,1],[1,1,1],[1,1,1],[1],[1,1,1],[1,1,1],[1,1,1,1,1],[1,1],[1,1,1,1,1],[1,1],[1,1],[],[1,1],[],[1,1],[1,1],[],[1,1],[1],[1],[1],[1,1,1,1,1],[1,1],[1,1,1,1],[],[1,1,1],[1],[1,1],[1],[1],[1],[1,1,1],[1,1],[1],[1,1,1,1,1,1],[1,1,1],[],[1,1,1],[1,1,1,1],[1],[1,1],[1],[1],[],[1],[1],[1,1],[1,1,1],[1],[1]];

processingTimesRunnables = [6,7,12,11,13,13,13,8,9,12,6,11,4,13,6,5,12,12,13,13,9,11,11,7,16,10,5,13,9,10,13,13,4,13,7,13,10,14,12,13,8,6,13,5,12,13,5,10,14,10,9,10,12,12,10,12,12,6,13,12,10,14,6,10,5,14,12,11,6,14,10,13,9,10,5,12,6,12,12,10,16,8,15,13,6,12,12,16,13,14,8,12,17,8,14,11,11,7,11,10];

periods = [100000,20000,20000,1000,50000,20000,20000,50000,10000,10000,10000,10000,20000,10000,20000,10000,20000,1000,10000,20000,100000,20000,20000,20000,10000,10000,10000,10000,10000,20000,10000,10000,100000,100000,100000,1000,1000,10000,10000,50000,10000,10000,20000,10000,20000,100000,2000,20000,20000,100000,10000,100000,10000,1000,10000,100000,100000,10000,50000,1000,100000,2000,20000,20000,20000,10000,20000,10000,1000,1000,2000,10000,100000,10000,10000,100000,20000,10000,10000,5000,10000,20000,20000,20000,10000,10000,20000,20000,10000,10000,10000,20000,10000,10000,10000,100000,100000,10000,100000,20000];

communicationTimeForOrderCriticalMessages = [1,1,1,1,1,1,1,1,1,1,1,1,1,1,1,1,1,1,1,1,1,1,1,1,1,1,1,1,1,1,1];

sizeOfRunnables = [533,685,1135,1090,1283,1248,1218,745,840,1140,595,1075,375,1253,598,420,1188,1143,1283,1248,858,1088,1083,648,1550,938,453,1233,873,903,1293,1245,398,1248,608,1283,993,1313,1140,1260,710,540,1218,453,1110,1215,445,978,1333,993,885,970,1195,1193,983,1148,1163,578,1268,1193,975,1368,555,923,475,1305,1173,1075,600,1308,910,1278,848,990,495,1193,563,1160,1125,975,1550,748,1415,1263,550,1180,1110,1513,1238,1393,770,1160,1610,765,1398,1088,1050,645,1043,955];

SenderLabelReceiverOrderCriticalChains = [[61,32,0,0,46],[46,144,0,0,50],[50,16,0,0,21],[84,244,0,0,92],[92,8,0,0,67],[76,94,0,0,56],[56,61,0,0,1],[1,285,0,0,97],[34,333,0,0,56],[56,124,0,0,33],[95,336,0,0,81],[81,291,0,0,39],[49,304,0,0,24],[77,88,0,0,65],[65,209,0,0,22],[15,17,0,0,6],[51,258,0,0,10],[10,150,0,0,66],[66,52,0,0,28],[52,186,0,0,73],[73,37,0,0,1],[1,375,0,0,96],[63,279,0,0,3],[3,210,0,0,67],[2,363,0,0,84],[58,240,0,0,53],[53,338,0,0,29],[29,31,0,0,11],[35,75,0,0,33],[72,4,339,0,78],[78,75,0,0,75]];

SenderLabelReceiverNonOrderCriticalChains = [[1,285,97],[1,375,98],[1,375,96],[2,91,6],[2,170,23],[2,327,3],[2,363,84],[3,210,62],[3,210,67],[4,64,71],[4,72,18],[4,89,69],[5,14,37],[5,14,57],[5,29,3],[5,123,27],[5,123,31],[5,287,8],[6,133,7],[6,147,64],[7,171,13],[8,299,40],[8,299,94],[8,376,70],[8,376,7],[9,160,27],[9,160,61],[9,254,26],[9,254,52],[10,71,31],[10,71,11],[10,150,41],[10,150,66],[10,175,26],[11,220,38],[11,220,64],[11,220,67],[12,70,14],[12,123,27],[12,123,31],[12,303,30],[13,155,22],[14,126,16],[14,134,94],[15,17,6],[16,158,78],[16,311,38],[16,400,42],[17,16,20],[17,16,21],[17,82,91],[17,106,67],[17,162,12],[18,234,54],[18,295,37],[18,329,8],[19,142,25],[19,218,74],[20,277,19],[21,103,61],[21,338,41],[21,338,29],[22,324,84],[23,63,43],[23,273,62],[23,321,77],[24,33,88],[24,166,43],[24,282,45],[25,24,28],[25,24,81],[25,379,31],[25,379,73],[26,183,36],[26,386,43],[28,71,31],[28,71,11],[28,236,44],[29,31,11],[29,310,7],[29,310,92],[30,150,41],[30,150,66],[30,237,84],[30,237,20],[30,237,69],[32,11,91],[32,237,84],[32,237,20],[32,237,69],[32,293,62],[33,110,90],[33,149,60],[33,149,25],[34,47,58],[34,220,38],[34,220,64],[34,220,67],[34,333,56],[35,32,96],[35,32,46],[35,75,33],[35,75,75],[35,130,61],[36,102,60],[36,121,37],[36,362,13],[37,149,60],[37,149,25],[38,13,55],[38,13,94],[39,143,35],[39,156,75],[39,288,53],[40,315,66],[40,316,13],[41,35,89],[41,35,15],[42,7,58],[42,20,34],[42,20,87],[44,187,51],[44,384,15],[45,220,38],[45,220,64],[45,220,67],[46,144,54],[46,144,50],[47,138,62],[47,184,71],[47,210,62],[47,210,67],[48,37,1],[48,37,63],[48,140,86],[48,217,82],[48,366,64],[49,26,92],[49,304,24],[49,323,29],[50,14,37],[50,14,57],[50,16,20],[50,16,21],[50,125,19],[51,197,93],[51,237,84],[51,237,20],[51,237,69],[51,258,10],[52,186,73],[52,216,15],[52,361,83],[53,338,41],[53,338,29],[53,395,95],[54,380,20],[55,66,90],[55,66,99],[55,355,79],[56,61,1],[56,124,9],[56,124,33],[57,346,77],[57,346,100],[57,346,40],[57,379,31],[57,379,73],[58,240,53],[58,318,47],[59,254,26],[59,254,52],[59,346,77],[59,346,100],[59,346,40],[60,160,27],[60,160,61],[61,32,96],[61,32,46],[63,233,27],[63,279,3],[65,209,22],[65,224,87],[66,52,28],[66,215,75],[68,22,46],[68,256,79],[69,131,70],[70,329,8],[71,371,4],[72,4,78],[72,167,81],[72,339,78],[72,375,98],[72,375,96],[73,37,1],[73,37,63],[74,24,28],[74,24,81],[74,40,69],[74,322,98],[76,94,56],[76,101,100],[76,173,87],[77,88,65],[78,75,33],[78,75,75],[79,23,94],[80,383,83],[81,291,39],[82,115,14],[82,310,7],[82,310,92],[83,20,34],[83,20,87],[84,244,92],[85,13,55],[85,13,94],[85,35,89],[85,35,15],[85,299,40],[85,299,94],[86,144,54],[86,144,50],[86,314,80],[88,124,9],[88,124,33],[88,347,59],[89,180,95],[89,342,93],[89,376,70],[89,376,7],[90,382,76],[91,66,90],[91,66,99],[92,8,67],[93,86,96],[95,336,81],[96,60,80],[97,257,99],[97,358,9],[98,346,77],[98,346,100],[98,346,40],[99,122,45],[100,182,68]];

jitters = [100000,20000,20000,1000,50000,20000,20000,50000,10000,10000,10000,10000,20000,10000,20000,10000,20000,1000,10000,20000,100000,20000,20000,20000,10000,10000,10000,10000,10000,20000,10000,10000,100000,100000,100000,1000,1000,10000,10000,50000,10000,10000,20000,10000,20000,100000,2000,20000,20000,100000,10000,100000,10000,1000,10000,100000,100000,10000,50000,1000,100000,2000,20000,20000,20000,10000,20000,10000,1000,1000,2000,10000,100000,10000,10000,100000,20000,10000,10000,5000,10000,20000,20000,20000,10000,10000,20000,20000,10000,10000,10000,20000,10000,10000,10000,100000,100000,10000,100000,20000];

