NumChains = 15;
NumResources = 3;
NumRunnablesInChains = 51;
MemoryBoundOnResource = 1048576;
UtilizationBoundOnResource = 100;

numberOfTasksinChain = [5,7,7,7,7,7,3,5,7,3,5,7,7,3,7];

runnablesInChains = [57,26,59,55,22,44,77,1,58,43,73,90,79,28,29,86,44,11,36,27,60,54,84,69,60,39,16,24,75,39,85,93,80,84,46,56,45,71,41,17,75,5,75,23,22,50,10,64,93,81,22];

ProcessingTimesOfMessages = [[1,1,1,1,1],[1,1,1,1,1],[1],[1,1,1,1,1,1,1],[1,1,1],[1,1,1,1,1,1,1],[1,1],[1,1],[1,1,1],[1,1],[1,1,1],[1,1,1],[1,1],[1,1],[1,1,1,1,1],[1,1,1,1,1],[1,1,1],[1,1],[1,1,1],[1,1,1,1,1,1],[],[1],[1,1,1],[1,1],[1,1,1],[1,1,1],[1],[1],[],[1,1,1],[1,1,1,1,1],[1,1,1,1],[1,1],[1],[1,1,1],[1,1,1],[1,1,1],[1,1,1,1],[1,1],[1],[1,1,1],[1,1,1,1,1],[1,1],[1,1],[1],[1,1,1],[1],[],[1,1],[1,1],[1,1,1,1,1],[1,1],[],[1,1],[1],[1],[1,1,1,1,1,1,1],[1,1],[1],[1],[],[1,1,1],[1,1,1,1,1,1],[1,1,1],[1,1,1],[1,1,1],[1,1,1],[1],[1],[1,1,1],[1,1,1,1,1],[1,1,1,1],[1],[1,2],[1,1,1],[1],[],[1,1],[2,1,1,1],[1,1,1,1],[1,1,1],[1,1,1],[1,1,1],[],[1,1,1],[1,1],[1,1,1,1],[1],[],[1,1,1],[],[1,1,1],[1,1],[1,1,1,1],[],[1,1],[1,1],[1,1],[1],[1,1,1]];

processingTimesRunnables = [11,15,13,13,11,14,11,9,7,11,12,11,11,11,5,10,10,12,6,5,5,11,13,12,12,10,6,5,6,13,15,13,7,9,16,11,17,5,10,6,12,13,15,13,13,12,12,7,5,9,12,5,12,12,13,10,13,14,12,10,10,13,7,8,12,16,15,13,14,10,9,11,10,13,16,6,12,12,10,5,7,17,12,7,14,11,16,12,10,11,12,11,5,13,12,13,10,5,13,14];

periods = [10000,20000,10000,100000,100000,1000,1000,20000,20000,10000,100000,10000,10000,10000,20000,100000,100000,100000,20000,20000,20000,100000,100000,100000,10000,50000,20000,10000,10000,20000,20000,20000,20000,20000,2000,100000,50000,100000,100000,10000,100000,100000,10000,100000,10000,10000,10000,100000,10000,10000,20000,100000,10000,20000,100000,10000,50000,10000,50000,20000,20000,20000,10000,100000,20000,10000,50000,100000,20000,5000,100000,20000,10000,20000,100000,1000,100000,10000,10000,20000,100000,2000,10000,20000,100000,100000,10000,10000,20000,10000,20000,100000,100000,20000,10000,100000,20000,10000,100000,2000];

communicationTimeForOrderCriticalMessages = [1,1,1,1,1,1,1,1,1,1,1,1,1,1,1,1,1,1,1,1,1,1,1,1,1,1,1,1,1,1,1,1,1,1,1,1];

sizeOfRunnables = [1083,1438,1208,1298,1015,1400,1088,813,608,1083,1173,1005,1068,1080,458,983,925,1163,565,473,420,1028,1210,1128,1105,903,570,460,580,1263,1405,1225,630,813,1523,1013,1615,445,1000,505,1133,1203,1480,1215,1215,1135,1198,690,458,880,1128,500,1110,1163,1238,960,1275,1393,1198,988,905,1203,608,728,1170,1583,1405,1298,1350,975,845,1008,993,1245,1578,570,1143,1125,1000,453,670,1615,1118,695,1393,1050,1550,1103,945,1013,1120,1075,460,1293,1125,1260,923,445,1293,1360];

SenderLabelReceiverOrderCriticalChains = [[57,165,0,0,26],[26,68,191,0,59],[55,397,0,0,22],[22,288,0,0,44],[44,36,0,0,77],[1,214,0,0,58],[58,105,0,0,43],[43,273,0,0,73],[90,66,218,0,79],[79,153,0,0,28],[28,314,0,0,29],[86,143,0,0,44],[44,156,0,0,11],[11,155,0,0,36],[27,14,0,0,60],[60,190,0,0,54],[54,271,0,0,84],[69,370,0,0,60],[39,8,0,0,16],[16,89,0,0,24],[75,211,0,0,39],[39,231,0,0,85],[85,192,0,0,93],[80,234,0,0,84],[46,93,0,0,56],[56,57,286,0,45],[71,269,0,0,41],[41,233,0,0,17],[17,356,0,0,75],[5,301,0,0,75],[75,373,0,0,23],[23,160,0,0,22],[50,291,0,0,10],[64,354,0,0,93],[93,301,0,0,81],[81,235,0,0,22]];

SenderLabelReceiverNonOrderCriticalChains = [[1,28,29],[1,101,3],[1,101,55],[1,214,87],[1,214,58],[2,48,69],[2,48,68],[2,55,8],[2,55,18],[2,55,39],[3,194,53],[4,55,8],[4,55,18],[4,55,39],[4,223,5],[4,284,5],[4,284,94],[4,284,3],[5,301,75],[5,301,81],[5,324,11],[6,19,7],[6,19,68],[6,200,97],[6,319,10],[6,319,36],[6,356,75],[6,356,13],[7,57,45],[7,57,99],[8,140,9],[8,363,69],[9,60,43],[9,60,47],[9,219,32],[10,197,14],[10,393,2],[11,155,36],[11,192,93],[11,192,24],[12,67,56],[12,325,28],[12,362,28],[13,51,85],[13,64,48],[14,221,25],[14,274,37],[15,168,34],[15,216,89],[15,248,45],[15,248,65],[15,382,21],[16,89,24],[16,201,47],[16,201,96],[16,267,4],[16,267,89],[17,292,55],[17,356,75],[17,356,13],[18,11,32],[18,378,64],[19,101,3],[19,101,55],[19,261,62],[20,34,21],[20,34,46],[20,65,61],[20,297,27],[20,373,23],[20,373,30],[22,288,44],[23,160,22],[23,160,54],[23,184,92],[24,125,40],[24,254,7],[25,137,55],[25,234,29],[25,234,84],[26,68,59],[26,68,96],[26,191,59],[27,14,60],[28,314,29],[30,34,21],[30,34,46],[30,258,70],[31,66,79],[31,66,61],[31,84,95],[31,84,76],[31,252,29],[32,199,14],[32,199,7],[32,248,45],[32,248,65],[33,146,26],[33,377,53],[34,294,74],[35,35,82],[35,165,80],[35,165,26],[36,79,77],[36,218,90],[36,218,98],[37,32,48],[37,126,52],[37,299,21],[38,121,21],[38,201,47],[38,201,96],[38,239,48],[39,8,16],[39,231,85],[40,203,89],[41,179,54],[41,193,42],[41,233,17],[42,284,5],[42,284,94],[42,284,3],[42,372,31],[42,372,52],[43,249,19],[43,273,73],[44,36,77],[44,156,11],[45,157,49],[46,7,97],[46,93,56],[46,318,50],[47,245,66],[49,42,67],[49,374,53],[50,291,10],[50,367,73],[51,26,91],[51,55,8],[51,55,18],[51,55,39],[51,74,61],[52,163,40],[52,246,9],[54,271,33],[54,271,84],[55,397,22],[56,286,45],[57,124,78],[57,165,80],[57,165,26],[57,242,76],[57,284,5],[57,284,94],[57,284,3],[58,83,73],[58,105,43],[59,355,2],[60,190,54],[62,267,4],[62,267,89],[62,345,88],[63,24,34],[63,198,18],[63,214,87],[63,214,58],[63,380,83],[63,380,95],[64,236,19],[64,354,93],[64,365,99],[65,107,91],[65,180,84],[65,279,72],[66,303,97],[66,372,31],[66,372,52],[67,160,22],[67,160,54],[67,346,84],[68,227,86],[69,370,60],[70,90,35],[70,199,14],[70,199,7],[71,241,77],[71,241,78],[71,269,41],[71,271,33],[71,271,84],[72,282,3],[72,282,40],[72,319,10],[72,319,36],[73,338,35],[74,129,91],[74,321,91],[75,211,39],[75,373,23],[75,373,30],[76,54,49],[78,31,71],[78,281,74],[79,120,17],[79,153,28],[79,218,90],[79,218,98],[80,234,29],[80,234,84],[80,282,3],[80,282,40],[81,61,51],[81,235,22],[81,270,1],[82,117,100],[82,117,48],[82,335,100],[83,84,95],[83,84,76],[83,135,68],[85,192,93],[85,192,24],[85,379,27],[86,133,93],[86,143,44],[87,206,98],[87,340,88],[87,380,83],[87,380,95],[88,360,82],[90,66,79],[90,66,61],[90,256,95],[92,68,59],[92,68,96],[92,77,13],[93,301,75],[93,301,81],[94,117,100],[94,117,48],[94,241,77],[94,241,78],[96,57,45],[96,57,99],[97,48,69],[97,48,68],[98,19,7],[98,19,68],[99,208,33],[100,60,43],[100,60,47],[100,353,8]];

jitters = [10000,20000,10000,100000,100000,1000,1000,20000,20000,10000,100000,10000,10000,10000,20000,100000,100000,100000,20000,20000,20000,100000,100000,100000,10000,50000,20000,10000,10000,20000,20000,20000,20000,20000,2000,100000,50000,100000,100000,10000,100000,100000,10000,100000,10000,10000,10000,100000,10000,10000,20000,100000,10000,20000,100000,10000,50000,10000,50000,20000,20000,20000,10000,100000,20000,10000,50000,100000,20000,5000,100000,20000,10000,20000,100000,1000,100000,10000,10000,20000,100000,2000,10000,20000,100000,100000,10000,10000,20000,10000,20000,100000,100000,20000,10000,100000,20000,10000,100000,2000];

