NumChains = 15;
NumResources = 3;
NumRunnablesInChains = 43;
MemoryBoundOnResource = 1048576;
UtilizationBoundOnResource = 100;

numberOfTasksinChain = [7,5,7,5,7,3,3,7,5,3,3,7,3,3,3];

runnablesInChains = [2,93,41,24,21,76,75,14,55,88,51,82,63,87,35,25,18,21,26,46,30,57,80,61,70,3,97,11,26,31,52,91,45,36,30,53,94,86,34,4,99,23,90];

ProcessingTimesOfMessages = [[1,1,1,1],[1,1,1,1],[1,1,1],[1],[1,1,1,1,1,1],[1,1,1,1],[1,1,1],[],[1,1],[1,1,1,1],[1,1,1,1,1,1],[1,1],[1,1,1,1,1],[1,1,1,1,1],[1],[1,1,1],[1],[1,1,1],[1,1,1],[1,1,1],[1],[1,1,1,1,1],[1,1],[1,1],[1],[1,1,1,1],[2,1,1,1],[1,1,1],[1,1,1,1,1,1],[1,1,1],[1,1,1],[1,1,1,1,1,1],[1,1,1,1],[],[1,1,1,1],[1,1,1,1],[1,1,1,1,1,1],[1,2],[1,1,1,1,1],[1,1,1],[1,1,1,1,1],[1,1],[1],[1,1,1],[1],[1,1],[1,1,1,1],[1,1],[1,1,1],[1,1,1,1],[1,1],[1,1,1],[1],[1,1,1],[1,1],[],[1],[1,1,1,1],[1],[1,1],[1,1,1],[1,1,1,1,1],[1,1],[1],[],[1,1,1],[1],[1,1,1,1],[1,1,1],[1],[1,1],[1,1],[],[1,1,1,1,1,1],[1,1,1],[1],[1,1],[1],[1],[1,1,1],[1,1,1],[1,1,1,1],[1,1,1],[1],[1,1,1],[1],[],[2],[1],[1,1],[1],[],[1],[1,1],[1,1,1],[1],[1,1],[1,1],[],[1]];

processingTimesRunnables = [9,11,12,13,11,5,8,12,12,13,12,7,8,6,16,5,12,13,11,13,11,12,13,13,15,13,11,17,17,13,9,16,6,15,10,13,9,14,14,13,10,11,13,6,10,13,10,12,4,13,15,13,13,12,15,15,13,12,5,7,4,11,12,11,10,10,11,9,11,11,13,11,14,15,13,12,5,12,15,6,5,12,14,5,10,11,13,6,15,16,12,13,7,14,5,14,11,11,11,6];

periods = [100000,20000,100000,100000,20000,10000,20000,10000,100000,100000,5000,20000,10000,10000,10000,100000,20000,100000,100000,20000,100000,100000,10000,20000,100000,5000,20000,10000,100000,10000,20000,100000,2000,10000,100000,10000,1000,10000,10000,10000,20000,20000,10000,10000,10000,5000,20000,20000,20000,20000,10000,20000,10000,20000,10000,100000,10000,10000,100000,1000,100000,50000,20000,20000,10000,20000,5000,100000,5000,100000,1000,1000,20000,20000,100000,100000,20000,100000,20000,100000,10000,20000,10000,10000,20000,10000,20000,10000,20000,10000,10000,100000,20000,10000,20000,5000,5000,20000,100000,50000];

communicationTimeForOrderCriticalMessages = [1,1,1,1,1,1,1,2,1,1,1,1,1,1,1,1,1,1,1,1,1,1,1,1,1,1,1,1];

sizeOfRunnables = [820,1043,1105,1203,1020,495,793,1188,1118,1270,1140,603,723,550,1508,460,1105,1215,1030,1275,1053,1185,1223,1238,1485,1263,1053,1605,1605,1248,825,1528,533,1485,990,1268,813,1350,1355,1208,970,1050,1215,588,985,1275,978,1150,393,1245,1425,1220,1243,1195,1498,1415,1260,1150,435,645,385,1088,1185,1075,990,948,1095,900,1080,1035,1283,1098,1388,1458,1215,1178,465,1180,1430,565,473,1158,1303,475,978,1013,1270,555,1463,1535,1105,1205,698,1303,483,1365,1028,1043,1015,533];

SenderLabelReceiverOrderCriticalChains = [[2,357,0,0,93],[93,217,0,0,41],[41,230,0,0,24],[21,109,0,0,76],[76,396,0,0,75],[14,29,0,0,55],[55,34,0,0,88],[88,42,0,0,51],[82,235,0,0,63],[63,75,0,0,87],[35,182,0,0,25],[25,329,0,0,18],[18,344,0,0,21],[26,82,0,0,46],[30,146,0,0,57],[80,170,0,0,61],[61,71,167,0,70],[70,364,0,0,3],[97,50,0,0,11],[11,235,0,0,26],[31,215,0,0,52],[91,26,0,0,45],[36,289,0,0,30],[30,141,0,0,53],[53,191,0,0,94],[86,19,0,0,34],[4,99,0,0,99],[23,242,0,0,90]];

SenderLabelReceiverNonOrderCriticalChains = [[1,15,19],[1,130,59],[1,327,69],[1,392,4],[2,84,94],[2,357,93],[2,365,7],[2,365,31],[3,111,9],[3,138,32],[3,274,4],[4,99,99],[5,206,87],[5,229,25],[5,229,71],[5,229,85],[5,292,56],[5,292,67],[6,24,13],[6,98,65],[6,98,91],[6,277,21],[7,135,95],[7,322,27],[7,324,20],[9,36,21],[9,122,10],[10,21,5],[10,46,22],[10,326,33],[10,326,42],[11,93,42],[11,93,63],[11,235,26],[11,235,63],[11,264,73],[11,264,9],[12,337,8],[12,348,51],[13,93,42],[13,93,63],[13,309,15],[13,309,66],[13,379,64],[14,29,55],[14,53,2],[14,53,30],[14,214,28],[14,214,33],[15,126,88],[16,158,18],[16,214,28],[16,214,33],[17,68,82],[18,344,21],[18,378,84],[18,378,73],[19,171,40],[19,174,81],[19,174,14],[20,61,42],[20,61,65],[20,342,76],[21,109,76],[22,54,17],[22,229,25],[22,229,71],[22,229,85],[22,356,68],[23,242,90],[23,263,19],[24,358,53],[24,358,27],[25,329,18],[26,78,6],[26,82,24],[26,82,46],[26,266,96],[27,59,8],[27,182,25],[27,182,49],[27,182,93],[28,125,65],[28,296,17],[28,371,34],[29,47,70],[29,47,59],[29,50,11],[29,50,35],[29,213,12],[29,361,56],[30,141,53],[30,141,51],[30,146,57],[31,215,52],[31,326,33],[31,326,42],[32,75,56],[32,75,87],[32,230,24],[32,230,52],[32,365,7],[32,365,31],[33,83,16],[33,83,57],[33,120,38],[33,120,34],[35,182,25],[35,182,49],[35,182,93],[35,252,59],[36,61,42],[36,61,65],[36,62,86],[36,289,30],[37,105,44],[37,105,86],[37,165,56],[37,205,60],[37,338,72],[37,338,35],[38,172,20],[38,339,99],[39,105,44],[39,105,86],[39,178,67],[39,198,60],[39,386,55],[40,58,12],[40,358,53],[40,358,27],[41,167,70],[41,167,48],[41,230,24],[41,230,52],[41,376,88],[42,325,47],[42,325,92],[43,52,81],[44,174,81],[44,174,14],[44,391,84],[45,384,46],[46,137,67],[46,177,69],[47,182,25],[47,182,49],[47,182,93],[47,253,63],[48,104,89],[48,107,54],[49,238,78],[49,238,89],[49,238,93],[50,183,94],[50,299,8],[50,309,15],[50,309,66],[51,53,2],[51,53,30],[52,229,25],[52,229,71],[52,229,85],[53,191,94],[54,87,23],[54,292,56],[54,292,67],[55,34,64],[55,34,88],[57,13,97],[58,116,90],[58,133,50],[58,133,86],[58,227,91],[59,6,40],[60,25,83],[60,272,71],[61,71,31],[61,167,70],[61,167,48],[62,40,100],[62,149,43],[62,152,43],[62,255,100],[62,255,80],[63,75,56],[63,75,87],[64,355,38],[66,80,77],[66,264,73],[66,264,9],[67,2,15],[68,238,78],[68,238,89],[68,238,93],[68,298,92],[69,18,73],[69,133,50],[69,133,86],[70,364,3],[71,207,72],[71,383,45],[72,34,64],[72,34,88],[74,30,79],[74,141,53],[74,141,51],[74,238,78],[74,238,89],[74,238,93],[75,142,8],[75,304,99],[75,398,78],[76,396,75],[77,72,79],[77,148,87],[78,209,92],[79,96,96],[80,170,61],[80,325,47],[80,325,92],[81,222,49],[81,378,84],[81,378,73],[82,235,26],[82,235,63],[82,338,72],[82,338,35],[83,98,65],[83,98,91],[83,387,90],[84,218,91],[85,175,45],[85,255,100],[85,255,80],[86,19,34],[88,42,51],[89,69,80],[90,82,24],[90,82,46],[91,26,45],[93,217,41],[94,83,16],[94,83,57],[95,47,70],[95,47,59],[95,275,98],[96,271,97],[97,50,11],[97,50,35],[98,249,92],[98,391,84],[100,279,55]];

jitters = [100000,20000,100000,100000,20000,10000,20000,10000,100000,100000,5000,20000,10000,10000,10000,100000,20000,100000,100000,20000,100000,100000,10000,20000,100000,5000,20000,10000,100000,10000,20000,100000,2000,10000,100000,10000,1000,10000,10000,10000,20000,20000,10000,10000,10000,5000,20000,20000,20000,20000,10000,20000,10000,20000,10000,100000,10000,10000,100000,1000,100000,50000,20000,20000,10000,20000,5000,100000,5000,100000,1000,1000,20000,20000,100000,100000,20000,100000,20000,100000,10000,20000,10000,10000,20000,10000,20000,10000,20000,10000,10000,100000,20000,10000,20000,5000,5000,20000,100000,50000];

