NumChains = 15;
NumResources = 3;
NumRunnablesInChains = 50;
MemoryBoundOnResource = 1048576;
UtilizationBoundOnResource = 100;

numberOfTasksinChain = [7,3,5,7,3,7,7,5,7,7,3,7,7,5,5];

runnablesInChains = [29,80,35,11,26,80,1,49,16,58,77,7,35,41,95,75,10,74,95,21,32,29,51,24,6,90,69,2,50,64,66,58,8,99,18,41,84,98,37,95,93,61,78,45,52,9,74,91,20,12];

ProcessingTimesOfMessages = [[1,1,1,1,1],[1,1,1,1],[1],[1,1,1,1,1],[1],[1,1,1,1,1,1],[1,1],[1,1,1,1,1],[1,1],[1,1,1],[1,1,1,1],[1,1,1],[1,1,1,1],[1,1,1,1],[1,1,1,1,1],[1,1,1],[1,1,1,1,1],[2,1],[1,1,1],[1,1],[1,1,1],[1],[1,1,1,1,1,1,1],[1,1,1,1,1,1,1,1,1,1],[1,1,1,1,1],[1,1,1,1,1],[1],[1,1],[1,1],[1],[1,1,1,1,1],[1,1],[1,1,1,1,1,1,1,1,1],[1,1,1],[1],[1,1,1,1],[1,1,2,2],[1,1,1],[1,1,1,1,1],[1,1],[1],[],[1,1],[1,1,1],[1,1],[1,1,1,1,1,1],[1,1],[1,1,1],[1,1,1,1,1],[1],[],[1,1,1],[1],[1,1,1,1,1],[1],[],[1,1,1],[1,1,1,1,1,1,1],[1,1],[1],[1,1],[1,1,1,1],[1],[],[1,1,1],[1,1,1,1],[1,1,1,1,1,1,1],[1,1,1,1,1],[1,1,1,1,1],[1,1],[1,1,1,1],[1],[1,1,1],[1,1],[1,1,1],[1,1],[1,1],[1,1],[1,1,2,2],[1,1],[1,1,1],[1,1,1],[1],[1],[1],[1],[],[1],[],[1],[1,1,1],[1,1,1],[1,1,1,1],[1],[],[1,1,1,1],[1],[1],[1],[1]];

processingTimesRunnables = [12,14,12,11,10,11,8,8,10,5,13,11,14,8,13,17,5,12,7,12,12,13,6,12,13,11,6,5,7,15,9,12,15,16,11,12,15,10,12,10,11,11,10,9,9,9,15,16,16,13,9,12,11,7,11,5,12,11,5,10,13,11,12,14,6,13,5,11,16,16,6,14,11,15,17,10,14,9,13,5,8,6,10,14,11,6,13,16,12,12,7,9,14,11,16,11,13,7,16,11];

periods = [10000,100000,100000,10000,100000,1000,10000,10000,20000,20000,10000,100000,50000,50000,100000,10000,20000,20000,20000,100000,10000,100000,100000,1000,10000,10000,50000,100000,10000,100000,20000,10000,2000,100000,10000,100000,20000,10000,100000,20000,20000,10000,20000,20000,100000,100000,100000,100000,10000,100000,10000,20000,20000,5000,100000,50000,10000,10000,20000,10000,100000,100000,100000,100000,20000,10000,10000,1000,100000,2000,1000,20000,100000,20000,20000,10000,10000,100000,20000,10000,20000,20000,50000,20000,20000,50000,100000,1000,20000,1000,100000,100000,100000,20000,20000,100000,100000,20000,10000,5000];

communicationTimeForOrderCriticalMessages = [1,1,1,1,1,1,1,1,1,1,1,1,1,1,1,1,1,1,1,1,1,1,1,1,2,1,1,1,1,1,1,1,1,1,1];

sizeOfRunnables = [1170,1328,1105,1053,998,1058,705,715,945,420,1248,1058,1303,798,1298,1610,460,1118,668,1178,1163,1268,525,1143,1218,1043,593,488,663,1425,878,1188,1430,1578,1075,1173,1430,945,1103,978,1015,1068,930,880,868,863,1485,1513,1583,1240,840,1183,1050,630,1020,488,1113,1030,415,990,1285,1060,1200,1328,595,1300,483,1028,1508,1540,600,1393,1030,1415,1610,993,1398,863,1253,495,760,515,938,1308,1073,518,1278,1560,1128,1198,678,825,1305,1065,1568,1035,1253,620,1550,1063];

SenderLabelReceiverOrderCriticalChains = [[29,57,0,0,80],[80,77,0,0,35],[35,141,0,0,11],[26,272,0,0,80],[1,117,0,0,49],[49,246,0,0,16],[58,399,0,0,77],[77,154,0,0,7],[7,385,0,0,35],[41,159,0,0,95],[75,173,0,0,10],[10,218,0,0,74],[74,92,0,0,95],[21,231,0,0,32],[32,95,0,0,29],[29,48,0,0,51],[24,69,0,0,6],[6,7,79,0,90],[69,188,0,0,2],[2,320,0,0,50],[50,131,0,0,64],[66,160,0,0,58],[58,297,0,0,8],[8,197,0,0,99],[18,44,0,0,41],[84,237,0,0,98],[98,354,0,0,37],[37,170,0,0,95],[93,8,0,0,61],[61,1,0,0,78],[78,340,0,0,45],[52,134,0,0,9],[9,189,0,0,74],[91,39,337,0,20],[20,185,0,0,12]];

SenderLabelReceiverNonOrderCriticalChains = [[1,117,49],[1,118,58],[1,294,4],[1,295,4],[1,295,93],[2,55,3],[2,320,50],[2,370,30],[2,370,55],[3,392,12],[4,53,22],[4,53,51],[4,53,77],[4,330,7],[4,330,96],[5,91,45],[6,53,22],[6,53,51],[6,53,77],[6,79,90],[6,279,22],[6,279,71],[7,368,59],[7,385,35],[8,69,74],[8,69,6],[8,69,28],[8,197,99],[8,250,60],[9,9,18],[9,189,74],[10,144,18],[10,144,17],[10,218,74],[11,226,25],[11,226,30],[11,226,82],[11,314,79],[12,172,15],[12,172,26],[12,219,69],[13,76,27],[13,202,87],[13,202,27],[13,212,11],[14,154,7],[14,154,30],[14,170,27],[14,170,95],[15,226,25],[15,226,30],[15,226,82],[15,272,50],[15,272,80],[16,115,81],[16,172,15],[16,172,26],[17,89,43],[17,92,79],[17,92,95],[17,124,19],[17,124,82],[18,44,41],[18,377,59],[19,291,65],[19,370,30],[19,370,55],[20,185,12],[20,337,91],[21,231,32],[21,360,44],[21,367,42],[22,259,55],[23,17,34],[23,39,20],[23,39,47],[23,102,19],[23,321,100],[23,321,86],[23,321,78],[24,31,88],[24,69,74],[24,69,6],[24,69,28],[24,127,68],[24,399,64],[24,399,76],[24,399,37],[24,399,70],[24,399,77],[25,53,22],[25,53,51],[25,53,77],[25,68,66],[25,68,29],[26,52,85],[26,52,20],[26,52,28],[26,272,50],[26,272,80],[27,341,38],[28,8,45],[28,8,61],[29,48,51],[29,57,80],[30,182,47],[31,135,41],[31,147,5],[31,234,40],[31,383,41],[31,383,60],[32,25,3],[32,95,29],[33,28,70],[33,296,42],[33,296,70],[33,299,56],[33,399,64],[33,399,76],[33,399,37],[33,399,70],[33,399,77],[34,152,39],[34,309,56],[34,373,35],[35,141,11],[36,23,72],[36,124,19],[36,124,82],[36,207,39],[37,170,27],[37,170,95],[37,395,85],[37,395,72],[38,58,42],[38,204,64],[38,220,55],[39,399,64],[39,399,76],[39,399,37],[39,399,70],[39,399,77],[40,150,84],[40,379,84],[41,159,95],[43,59,15],[43,84,52],[44,52,85],[44,52,20],[44,52,28],[45,188,53],[45,188,2],[46,69,74],[46,69,6],[46,69,28],[46,323,61],[46,348,48],[46,349,25],[47,202,87],[47,202,27],[48,45,63],[48,206,62],[48,305,56],[49,151,57],[49,173,10],[49,173,44],[49,173,51],[49,246,16],[50,131,64],[52,134,9],[52,297,72],[52,297,8],[53,286,83],[54,50,43],[54,173,10],[54,173,44],[54,173,51],[54,344,100],[55,238,83],[57,75,87],[57,383,41],[57,383,60],[58,297,72],[58,297,8],[58,399,64],[58,399,76],[58,399,37],[58,399,70],[58,399,77],[59,331,5],[59,342,89],[60,10,39],[61,1,73],[61,1,78],[62,1,73],[62,1,78],[62,252,92],[62,290,63],[63,276,92],[65,104,94],[65,208,75],[65,378,3],[66,144,18],[66,144,17],[66,160,58],[66,161,67],[67,19,77],[67,107,63],[67,399,64],[67,399,76],[67,399,37],[67,399,70],[67,399,77],[68,205,53],[68,226,25],[68,226,30],[68,226,82],[68,257,75],[69,188,53],[69,188,2],[69,321,100],[69,321,86],[69,321,78],[70,77,35],[70,77,91],[71,47,21],[71,47,80],[71,256,88],[71,256,94],[72,289,99],[73,295,4],[73,295,93],[73,324,87],[74,92,79],[74,92,95],[75,173,10],[75,173,44],[75,173,51],[76,47,21],[76,47,80],[77,154,7],[77,154,30],[78,35,14],[78,340,45],[79,68,66],[79,68,29],[79,395,85],[79,395,72],[80,77,35],[80,77,91],[81,155,89],[81,256,88],[81,256,94],[82,43,76],[82,296,42],[82,296,70],[83,333,86],[84,237,98],[85,352,89],[86,221,10],[88,312,90],[90,7,47],[91,39,20],[91,39,47],[91,193,97],[92,71,40],[92,330,7],[92,330,96],[93,8,45],[93,8,61],[93,168,98],[93,371,60],[94,33,95],[96,163,97],[96,321,100],[96,321,86],[96,321,78],[97,93,83],[98,354,37],[99,136,14],[100,325,9]];

jitters = [10000,100000,100000,10000,100000,1000,10000,10000,20000,20000,10000,100000,50000,50000,100000,10000,20000,20000,20000,100000,10000,100000,100000,1000,10000,10000,50000,100000,10000,100000,20000,10000,2000,100000,10000,100000,20000,10000,100000,20000,20000,10000,20000,20000,100000,100000,100000,100000,10000,100000,10000,20000,20000,5000,100000,50000,10000,10000,20000,10000,100000,100000,100000,100000,20000,10000,10000,1000,100000,2000,1000,20000,100000,20000,20000,10000,10000,100000,20000,10000,20000,20000,50000,20000,20000,50000,100000,1000,20000,1000,100000,100000,100000,20000,20000,100000,100000,20000,10000,5000];

