numChains = 15;

numberOfTasksinChain = [5,3,7,5,3,7,5,7,7,7,7,5,3,5,5];

runnablesInChains = [14,84,98,97,48,90,18,52,15,34,73,90,13,8,68,72,90,22,79,75,50,85,33,18,1,25,72,39,57,96,92,95,83,29,27,35,82,24,4,76,74,29,58,43,99,51,99,17];

processingTimesOfMessages = [[1,1],[1,1],[1,1,1,1,1],[1,1,1],[1,1,1,1],[1,1,1,1,1,1],[1,1,1],[1],[1,1,1,1,1],[1,1,1],[1],[1,1,1,1,1],[1,1,1,1],[1,1,1,1,1,1],[1],[1],[1,1],[1,1,1],[1,1,1,1,1,1,1],[1,1],[1,1,1,1,1,1,1],[1,1,1],[1,1,1,1,1,1],[1,1,1,1,1,1,1,1],[1,1,1,1],[1,1,1],[1],[1,1,1],[1,1,1,1,1],[1,1,1,1],[1,1,1,1],[1,1,1,1,1],[1,1,1],[1,1],[1,1,1],[1,1,1,1],[1],[1,1,1],[1,1],[1,1,1,1],[],[1],[1],[1,1,1,1],[1,1,1,1],[1,1,1,1,1,1],[1,1,1],[1,1,1],[1],[1,1,1],[1,1],[1,1,1,1,1],[1,1],[1,1],[],[1,1,1],[1,1,1],[1,1,1],[1,1,1],[1,1,1,1],[1,1],[1],[1,1],[1,1,1,1,1],[1,1],[1,1,1,1],[1,1,1],[1,1],[1,1],[1,1],[1,1],[1,1,1],[1,1,1,1],[1,1],[1,1],[],[1],[],[1,1],[],[1],[],[1,1],[1,1],[1,1,1],[1,1],[1,1,1],[1,1],[1,1,1,1],[1,1,1,1,1,1,1],[1,1],[1,1],[],[],[1],[1,1,1],[1],[],[1,1,1,1],[1]];

processingTimesRunnables = [18,16,15,11,20,15,18,14,9,16,16,21,10,20,13,15,9,21,12,9,17,17,20,13,17,16,20,16,15,15,16,16,8,16,16,15,16,19,20,18,12,18,21,14,19,13,7,19,15,18,18,15,20,16,14,16,18,14,16,18,16,20,17,10,15,17,21,17,13,12,12,14,15,6,12,16,21,16,17,14,16,17,16,15,19,14,17,15,10,16,14,16,19,16,14,17,13,15,8,9];

periods = [100000,100000,20000,20000,20000,100000,20000,10000,10000,20000,10000,1000,10000,20000,100000,50000,10000,100000,100000,10000,20000,100000,20000,20000,100000,100000,10000,10000,10000,20000,10000,20000,100000,100000,10000,2000,20000,10000,100000,1000,20000,10000,10000,5000,20000,20000,20000,10000,5000,20000,10000,100000,10000,5000,100000,10000,100000,10000,20000,100000,20000,20000,2000,10000,1000,20000,20000,100000,100000,20000,20000,100000,100000,10000,20000,20000,20000,100000,20000,1000,20000,10000,20000,20000,100000,10000,100000,20000,20000,100000,20000,20000,10000,100000,20000,20000,10000,20000,10000,10000];

communicationTimeForOrderCriticalMessages = [1,1,1,1,1,1,1,1,1,1,1,1,1,1,1,1,1,1,1,1,1,1,1,1,1,1,1,1,1,1,1,1,1];

sizeOfRunnables = [1,1,1,1,1,1,1,1,1,1,1,1,1,1,1,1,1,1,1,1,1,1,1,1,1,1,1,1,1,1,1,1,1,1,1,1,1,1,1,1,1,1,1,1,1,1,1,1,1,1,1,1,1,1,1,1,1,1,1,1,1,1,1,1,1,1,1,1,1,1,1,1,1,1,1,1,1,1,1,1,1,1,1,1,1,1,1,1,1,1,1,1,1,1,1,1,1,1,1,1];

senderLabelReceiverOrderCriticalChains = [[14,66,0,0,84],[84,151,0,0,98],[97,163,0,0,48],[90,182,0,0,18],[18,327,0,0,52],[52,247,0,0,15],[34,330,0,0,73],[73,150,0,0,90],[13,332,0,0,8],[68,149,0,0,72],[72,266,0,0,90],[90,300,0,0,22],[79,203,0,0,75],[75,128,0,0,50],[85,339,0,0,33],[33,14,0,0,18],[18,121,0,0,1],[25,249,0,0,72],[72,363,0,0,39],[39,71,0,0,57],[96,335,0,0,92],[92,385,0,0,95],[95,132,0,0,83],[29,182,0,0,27],[27,159,0,0,35],[35,276,0,0,82],[24,62,0,0,4],[4,169,0,0,76],[74,348,0,0,29],[58,74,0,0,43],[43,320,0,0,99],[51,273,0,0,99],[99,300,0,0,17]];

senderLabelReceiverNonOrderCriticalChains = [[1,82,2],[1,82,56],[2,176,68],[2,280,69],[3,95,71],[3,95,24],[3,154,4],[3,352,100],[3,352,53],[4,169,76],[4,181,27],[4,181,5],[5,13,84],[5,30,10],[5,292,7],[5,292,25],[6,147,15],[6,164,98],[6,357,50],[6,357,60],[6,359,65],[6,359,70],[7,110,8],[7,118,89],[7,171,95],[8,42,11],[9,22,69],[9,181,27],[9,181,5],[9,238,13],[9,317,11],[10,72,84],[10,268,31],[10,372,30],[11,137,79],[12,29,40],[12,102,34],[12,102,95],[12,359,65],[12,359,70],[13,324,26],[13,332,8],[13,385,27],[13,385,95],[14,34,42],[14,66,84],[14,107,97],[14,107,67],[14,240,21],[14,240,28],[15,35,26],[16,4,47],[17,363,39],[17,363,48],[18,121,1],[18,327,36],[18,327,52],[19,82,2],[19,82,56],[19,179,55],[19,179,3],[19,292,7],[19,292,25],[19,398,39],[20,227,83],[20,376,93],[21,162,46],[21,162,62],[21,247,62],[21,247,20],[21,247,15],[21,321,22],[21,321,47],[22,369,92],[22,369,37],[22,392,34],[23,116,81],[23,125,38],[23,185,11],[23,185,96],[23,329,91],[23,329,32],[24,62,4],[24,182,18],[24,182,27],[24,182,38],[24,300,22],[24,300,92],[24,300,17],[24,300,76],[25,211,60],[25,211,15],[25,235,8],[25,249,72],[26,247,62],[26,247,20],[26,247,15],[27,159,35],[28,16,49],[28,131,42],[28,170,97],[29,182,18],[29,182,27],[29,182,38],[29,257,43],[29,307,51],[30,25,96],[30,185,11],[30,185,96],[30,219,41],[31,142,35],[31,321,22],[31,321,47],[31,384,82],[32,76,66],[32,76,78],[32,104,89],[32,354,44],[32,354,49],[33,14,18],[33,270,55],[33,391,100],[34,330,73],[34,330,54],[35,276,94],[35,276,82],[35,390,86],[36,15,63],[36,15,74],[36,156,63],[36,175,1],[37,204,41],[38,168,54],[38,168,42],[38,280,69],[39,10,61],[39,71,57],[40,1,45],[40,47,16],[40,211,60],[40,211,15],[42,226,64],[43,320,99],[44,151,49],[44,151,98],[44,339,33],[44,339,81],[45,162,46],[45,162,62],[45,357,50],[45,357,60],[46,216,77],[46,216,85],[46,240,21],[46,240,28],[46,329,91],[46,329,32],[47,190,34],[47,352,100],[47,352,53],[48,89,53],[48,308,37],[48,308,94],[49,195,54],[50,102,34],[50,102,95],[50,289,59],[51,273,99],[51,399,26],[52,127,93],[52,169,76],[52,247,62],[52,247,20],[52,247,15],[53,15,63],[53,15,74],[54,308,37],[54,308,94],[56,179,55],[56,179,3],[56,254,41],[57,51,94],[57,184,68],[57,218,78],[58,74,43],[58,150,86],[58,150,90],[59,99,78],[59,304,70],[59,309,80],[60,216,77],[60,216,85],[60,276,94],[60,276,82],[61,221,77],[61,221,85],[62,275,16],[63,394,61],[63,394,99],[64,114,82],[64,335,92],[64,335,93],[64,394,61],[64,394,99],[65,97,80],[65,158,80],[66,95,71],[66,95,24],[66,155,79],[66,263,71],[67,2,58],[67,221,77],[67,221,85],[68,149,72],[68,342,87],[69,112,37],[69,295,45],[70,107,97],[70,107,67],[71,203,17],[71,203,75],[72,266,90],[72,363,39],[72,363,48],[73,76,66],[73,76,78],[73,150,86],[73,150,90],[74,348,29],[74,374,67],[75,128,50],[75,230,88],[77,20,82],[79,203,17],[79,203,75],[81,41,20],[83,330,73],[83,330,54],[84,151,49],[84,151,98],[85,208,91],[85,339,33],[85,339,81],[86,327,36],[86,327,52],[87,73,70],[87,168,54],[87,168,42],[88,87,16],[88,272,55],[89,300,22],[89,300,92],[89,300,17],[89,300,76],[90,182,18],[90,182,27],[90,182,38],[90,300,22],[90,300,92],[90,300,17],[90,300,76],[91,369,92],[91,369,37],[92,385,27],[92,385,95],[95,132,83],[96,157,1],[96,335,92],[96,335,93],[97,163,48],[99,300,22],[99,300,92],[99,300,17],[99,300,76],[100,54,98]];

