NumChains = 15;
NumResources = 3;
NumRunnablesInChains = 45;
MemoryBoundOnResource = 1048576;
UtilizationBoundOnResource = 100;

numberOfTasksinChain = [3,7,5,5,3,3,5,5,7,5,7,3,7,5,5];

runnablesInChains = [72,12,18,28,92,57,74,34,46,2,71,18,98,2,35,94,15,71,27,66,35,95,97,2,52,73,5,17,40,81,72,96,92,86,81,58,56,100,23,39,15,13,25,78,61];

ProcessingTimesOfMessages = [[1,1,1],[1,1],[1,1,1,1],[1,1,1,1,1,1],[1,1,1,1,1],[1,1,1,1,1,1],[1],[1,1,1,1,1,1,1,1],[1,1,1],[1,1,1,1],[1,1,1,1],[1,1,1,1],[],[1,1],[1,1,1,1],[1,1,1,1,1],[1,1,1],[1,1],[1,1,1],[1,1,1,1],[1,1,1,1,1,1],[1,1,1],[1],[1,1,1,1,1,1],[1,1],[1,1,1,1,1],[1,1],[1,1,1,1,1],[1,1,1,1,1],[1],[1,1,1,1],[1],[1,1,1,1],[1,1,1,1],[1,1,1,1,1,1],[1,1,1],[1,1],[1,1],[1,1,1,1,1,1,1],[1,1],[],[],[1,1,1],[1,1,1,1,1],[1,1,1,1,1],[1,1,1],[1,1,1,1,1,1],[1,1,1,1,1],[1,1,1,1,1],[1,1],[1,1,1,1],[1],[1,1,1,1],[1,1,1],[1,1],[1,1,1,1],[],[1,1,1,1,1,1],[1,1,1,1],[1,1,1],[1,1,1,1],[],[1,1],[1,1,1],[1],[1],[1,1],[],[1,1,1],[1,1,1],[1,1,1,1],[1,1,1],[1,1],[1,1,1],[],[1,1,1],[1,1],[1,1,1],[1],[1],[1,1],[1,1,1],[1],[],[1,1,1],[1,1],[1,1,1],[1,1],[],[1,1,1,1,1],[1],[1],[1,1],[1,1],[],[1],[1,1],[1,1],[1,1],[1,1,1]];

processingTimesRunnables = [12,12,12,13,9,14,11,7,13,11,9,11,13,15,12,9,6,5,11,15,5,11,13,11,10,12,16,12,15,16,6,13,10,8,6,16,11,12,13,13,13,17,13,12,14,13,15,12,13,11,5,10,6,10,5,14,10,13,10,11,13,15,10,7,15,12,13,13,6,14,15,14,12,13,12,13,14,9,10,9,8,5,10,8,6,11,7,12,11,14,16,12,12,14,11,6,13,11,13,7];

periods = [20000,100000,10000,5000,10000,50000,5000,10000,10000,20000,20000,100000,100000,10000,100000,10000,10000,100000,20000,20000,1000,10000,20000,2000,20000,20000,100000,100000,20000,10000,20000,20000,50000,100000,20000,20000,50000,20000,100000,10000,10000,10000,10000,50000,10000,100000,20000,10000,20000,20000,10000,100000,10000,20000,20000,20000,100000,20000,10000,10000,20000,10000,10000,50000,10000,20000,20000,5000,10000,20000,100000,100000,100000,100000,10000,20000,10000,20000,2000,10000,100000,20000,1000,20000,20000,100000,5000,20000,20000,10000,20000,100000,50000,20000,20000,100000,100000,100000,20000,20000];

communicationTimeForOrderCriticalMessages = [1,1,1,1,1,1,1,1,1,1,1,1,1,1,1,1,1,1,1,1,1,1,1,1,1,1,1,1,1,1];

sizeOfRunnables = [1103,1185,1135,1268,850,1335,1053,638,1255,1003,893,1095,1215,1448,1183,870,570,428,1060,1498,468,1073,1225,1065,948,1170,1583,1155,1470,1588,570,1260,968,730,503,1588,1090,1158,1270,1245,1248,1605,1203,1125,1328,1208,1405,1173,1238,1035,465,940,588,978,483,1400,985,1218,960,1035,1205,1470,1000,623,1498,1163,1223,1233,553,1303,1430,1398,1113,1285,1193,1270,1308,890,1000,863,715,450,930,760,558,1015,690,1140,1030,1398,1593,1113,1188,1388,1060,505,1210,1090,1248,623];

SenderLabelReceiverOrderCriticalChains = [[72,226,0,0,12],[18,161,0,0,28],[28,259,0,0,92],[92,229,0,0,57],[74,222,0,0,34],[34,275,0,0,46],[2,274,0,0,71],[71,126,0,0,18],[98,49,0,0,2],[35,202,0,0,94],[15,272,0,0,71],[71,324,0,0,27],[66,36,0,0,35],[35,141,0,0,95],[97,136,0,0,2],[2,59,0,0,52],[52,295,0,0,73],[5,5,0,0,17],[17,144,292,0,40],[81,219,0,0,72],[72,280,0,0,96],[96,182,0,0,92],[86,300,0,0,81],[58,346,0,0,56],[56,366,0,0,100],[100,46,0,0,23],[39,42,0,0,15],[15,217,0,0,13],[25,358,0,0,78],[78,85,185,0,61]];

SenderLabelReceiverNonOrderCriticalChains = [[1,2,20],[1,2,89],[1,213,10],[2,59,52],[2,274,71],[3,80,5],[3,96,18],[3,96,52],[3,273,62],[4,62,68],[4,62,91],[4,203,7],[4,312,11],[4,369,68],[4,369,40],[5,5,17],[5,96,18],[5,96,52],[5,297,91],[5,297,9],[6,49,2],[6,49,37],[6,166,33],[6,166,54],[6,226,12],[6,226,14],[7,71,42],[8,141,95],[8,141,9],[8,141,73],[8,141,76],[8,164,38],[8,261,86],[8,369,68],[8,369,40],[9,52,96],[9,144,40],[9,144,17],[10,218,11],[10,218,50],[10,373,32],[10,373,57],[11,124,19],[11,146,55],[11,146,81],[11,146,82],[12,39,19],[12,39,75],[12,157,13],[12,386,92],[14,15,22],[14,15,33],[15,217,13],[15,217,23],[15,272,71],[15,272,90],[16,168,32],[16,259,63],[16,259,77],[16,259,92],[16,317,22],[17,292,67],[17,292,40],[17,347,51],[18,161,28],[18,192,27],[19,64,23],[19,64,36],[19,322,79],[20,97,36],[20,97,37],[20,155,93],[20,155,47],[21,111,83],[21,111,66],[21,111,75],[21,126,18],[21,126,83],[21,221,57],[22,111,83],[22,111,66],[22,111,75],[23,363,29],[24,1,63],[24,61,78],[24,61,79],[24,102,88],[24,102,41],[24,287,41],[25,358,53],[25,358,78],[26,9,60],[26,26,41],[26,267,49],[26,393,87],[26,393,100],[27,57,42],[27,183,46],[28,259,63],[28,259,77],[28,259,92],[28,352,30],[28,352,93],[29,146,55],[29,146,81],[29,146,82],[29,371,59],[29,371,22],[30,160,70],[31,53,96],[31,249,89],[31,292,67],[31,292,40],[32,180,50],[33,217,13],[33,217,23],[33,352,30],[33,352,93],[34,128,10],[34,128,50],[34,128,69],[34,275,46],[35,114,55],[35,141,95],[35,141,9],[35,141,73],[35,141,76],[35,202,94],[36,30,89],[36,243,68],[36,243,84],[37,39,19],[37,39,75],[38,81,89],[38,268,85],[39,15,22],[39,15,33],[39,42,15],[39,141,95],[39,141,9],[39,141,73],[39,141,76],[40,366,100],[40,366,7],[43,358,53],[43,358,78],[43,383,13],[44,98,43],[44,98,37],[44,305,64],[44,305,75],[44,388,64],[45,121,62],[45,128,10],[45,128,50],[45,128,69],[45,184,62],[46,194,65],[46,373,32],[46,373,57],[47,146,55],[47,146,81],[47,146,82],[47,296,13],[47,296,95],[47,372,48],[48,64,23],[48,64,36],[48,238,65],[48,305,64],[48,305,75],[49,144,40],[49,144,17],[49,259,63],[49,259,77],[49,259,92],[50,166,33],[50,166,54],[51,148,62],[51,359,84],[51,359,66],[51,396,80],[52,295,73],[53,86,75],[53,102,88],[53,102,41],[53,314,76],[54,12,42],[54,94,94],[54,94,99],[55,296,13],[55,296,95],[56,260,28],[56,260,1],[56,366,100],[56,366,7],[58,61,78],[58,61,79],[58,346,56],[58,359,84],[58,359,66],[58,397,67],[59,56,29],[59,128,10],[59,128,50],[59,128,69],[60,162,54],[60,218,11],[60,218,50],[61,133,97],[61,185,84],[61,185,95],[61,271,85],[63,393,87],[63,393,100],[64,155,93],[64,155,47],[64,398,70],[65,195,66],[66,36,35],[67,297,91],[67,297,9],[69,111,83],[69,111,66],[69,111,75],[70,62,68],[70,62,91],[70,103,21],[71,126,18],[71,126,83],[71,324,43],[71,324,27],[72,226,12],[72,226,14],[72,280,96],[73,20,98],[73,342,42],[74,145,95],[74,222,34],[74,250,1],[76,2,20],[76,2,89],[76,380,74],[77,54,25],[77,309,80],[78,85,61],[78,185,84],[78,185,95],[79,120,30],[80,134,25],[81,55,14],[81,219,72],[82,94,94],[82,94,99],[82,364,3],[83,290,69],[85,87,6],[85,272,71],[85,272,90],[86,300,81],[86,327,49],[87,177,38],[87,324,43],[87,324,27],[88,113,94],[88,335,99],[90,141,95],[90,141,9],[90,141,73],[90,141,76],[90,207,7],[91,216,16],[92,229,57],[93,260,28],[93,260,1],[94,243,68],[94,243,84],[96,182,92],[97,117,98],[97,136,2],[98,49,2],[98,49,37],[99,98,43],[99,98,37],[100,46,23],[100,371,59],[100,371,22]];

jitters = [20000,100000,10000,5000,10000,50000,5000,10000,10000,20000,20000,100000,100000,10000,100000,10000,10000,100000,20000,20000,1000,10000,20000,2000,20000,20000,100000,100000,20000,10000,20000,20000,50000,100000,20000,20000,50000,20000,100000,10000,10000,10000,10000,50000,10000,100000,20000,10000,20000,20000,10000,100000,10000,20000,20000,20000,100000,20000,10000,10000,20000,10000,10000,50000,10000,20000,20000,5000,10000,20000,100000,100000,100000,100000,10000,20000,10000,20000,2000,10000,100000,20000,1000,20000,20000,100000,5000,20000,20000,10000,20000,100000,50000,20000,20000,100000,100000,100000,20000,20000];

