NumChains = 15;
NumResources = 3;
NumRunnablesInChains = 49;
MemoryBoundOnResource = 1048576;
UtilizationBoundOnResource = 100;

numberOfTasksinChain = [5,5,7,7,7,5,5,7,3,7,5,7,3,3,7];

runnablesInChains = [40,99,7,97,51,100,42,66,60,35,82,63,29,45,28,61,33,70,2,15,40,67,8,20,90,64,71,69,88,30,9,29,91,7,62,77,37,13,17,31,65,6,98,26,76,3,78,18,93];

ProcessingTimesOfMessages = [[1,1,1,1,1,1,1,1],[1,1,1,1,1],[1,1,1,1,1,1,1],[1,1,1,1,1],[1,1,1,1,1,1,1],[1,1,1,1,1,1],[1,1],[1,1],[1],[1,1,1,1],[1,1,1],[1,1,1,1],[1,1,1,1,1,1],[1,1],[1,1,1,1,1,1,1],[1],[1],[1],[1,1,1,1],[1,1,1,1,1],[1,1,1,1],[1,1,1],[1,1,1,2],[1,1,1,1],[1],[1,1,1,1,1],[1,1],[1,1,1,1],[1,1,1],[1,1,1],[1,1,1,1],[1,1,1,1],[1,1,1],[1,1],[1,1,1,1,1],[],[],[1,1,1,1,1,1],[1],[1,1,1],[1,1],[1,1,1,1],[1,1,1],[1,1,1],[],[1,1,1,1],[1,1],[1,1],[1,1,1],[1,1,1],[1,1,1],[],[1,1,1],[1,1,1],[1,1,1],[1],[1,1],[1],[1],[1],[1],[1,1],[1],[1,1,1,1,1,1],[1],[1,1,1],[1,1,1,1,1],[],[],[],[1,1,1,1,1,1],[1,1,1,1,1,1,1],[1,1],[1,1],[1,1,1,1,1],[],[1,1],[1],[],[1],[1,1,1,1,1],[1],[1],[1,1,1],[],[1,1],[1,1,1],[1,1,1,1,1],[],[1,1,1,1,1,1,1],[1,1],[1],[1],[],[],[1,1],[1],[],[1],[1,1]];

processingTimesRunnables = [13,15,9,15,12,12,12,13,16,13,5,8,13,16,9,10,10,13,8,14,6,13,12,7,10,11,11,13,5,5,12,11,10,14,6,13,12,13,12,14,12,10,16,15,12,12,11,10,12,13,15,8,11,8,8,10,11,15,9,13,8,16,8,10,15,7,11,10,12,10,11,5,15,13,14,12,6,7,6,9,12,8,11,11,7,13,13,12,10,14,7,6,11,5,10,6,11,13,13,14];

periods = [10000,100000,10000,20000,20000,10000,100000,10000,100000,20000,20000,20000,10000,20000,100000,100000,10000,10000,20000,10000,1000,1000,20000,2000,20000,100000,10000,10000,100000,20000,10000,2000,10000,100000,20000,2000,20000,50000,50000,100000,100000,20000,10000,100000,100000,100000,10000,10000,2000,100000,20000,100000,100000,20000,100000,20000,20000,100000,20000,20000,10000,20000,100000,10000,10000,20000,10000,100000,10000,10000,10000,1000,100000,2000,20000,100000,20000,10000,20000,10000,20000,100000,20000,20000,20000,20000,10000,20000,20000,10000,100000,20000,10000,20000,1000,10000,20000,10000,100000,20000];

communicationTimeForOrderCriticalMessages = [1,1,1,1,1,1,1,1,1,1,1,1,1,1,1,1,1,1,1,1,1,1,1,1,1,1,1,1,1,1,1,1,1,1];

sizeOfRunnables = [1280,1498,803,1470,1178,1105,1118,1230,1550,1203,435,758,1218,1513,880,985,990,1270,745,1333,555,1245,1195,630,953,1088,1013,1263,438,450,1200,1020,940,1388,580,1253,1143,1268,1148,1368,1170,933,1573,1453,1113,1183,1028,948,1135,1210,1470,775,1043,705,750,905,1088,1448,825,1210,765,1503,718,975,1425,640,1038,960,1120,990,1020,460,1448,1263,1333,1158,550,698,588,858,1120,788,1035,1013,618,1270,1225,1155,948,1313,615,585,1015,443,1000,555,1080,1300,1233,1323];

SenderLabelReceiverOrderCriticalChains = [[40,13,0,0,99],[99,163,0,0,7],[97,352,0,0,51],[51,360,0,0,100],[42,140,0,0,66],[66,71,0,0,60],[60,267,0,0,35],[82,247,0,0,63],[63,231,0,0,29],[29,224,0,0,45],[28,60,173,0,61],[61,21,0,0,33],[33,285,0,0,70],[2,301,0,0,15],[15,380,0,0,40],[67,46,0,0,8],[8,42,0,0,20],[90,179,0,0,64],[64,241,0,0,71],[71,198,0,0,69],[88,132,393,0,30],[9,87,0,0,29],[29,151,0,0,91],[91,245,0,0,7],[62,59,0,0,77],[77,314,0,0,37],[13,112,349,0,17],[17,338,0,0,31],[31,20,0,0,65],[6,283,0,0,98],[26,189,0,0,76],[3,217,0,0,78],[78,9,0,0,18],[18,64,0,0,93]];

SenderLabelReceiverNonOrderCriticalChains = [[1,66,8],[1,118,36],[1,118,91],[1,118,93],[1,142,63],[1,191,76],[1,191,80],[1,191,19],[2,46,46],[2,46,69],[2,46,8],[2,46,22],[2,301,15],[3,140,66],[3,140,33],[3,198,6],[3,198,52],[3,198,69],[3,217,78],[3,361,50],[4,19,25],[4,19,96],[4,29,27],[4,62,5],[4,183,83],[5,36,10],[5,36,95],[5,56,9],[5,56,62],[5,179,60],[5,179,24],[5,179,64],[6,118,36],[6,118,91],[6,118,93],[6,220,20],[6,283,98],[6,283,67],[7,166,16],[7,228,55],[8,42,20],[8,368,27],[9,87,29],[10,211,57],[10,274,54],[10,278,11],[10,278,40],[11,264,12],[11,299,21],[11,371,97],[12,23,92],[12,191,76],[12,191,80],[12,191,19],[13,112,17],[13,172,27],[13,191,76],[13,191,80],[13,191,19],[13,349,17],[14,105,79],[14,332,76],[15,198,6],[15,198,52],[15,198,69],[15,380,40],[15,390,37],[15,390,86],[15,390,52],[16,243,58],[17,338,31],[18,64,93],[19,49,83],[19,126,25],[19,152,36],[19,152,94],[20,19,25],[20,19,96],[20,237,50],[20,237,71],[20,237,63],[21,12,22],[21,343,51],[21,343,22],[21,343,39],[22,390,37],[22,390,86],[22,390,52],[23,56,9],[23,56,62],[23,100,37],[23,269,60],[24,55,14],[24,55,23],[24,101,49],[24,286,36],[25,257,56],[26,17,41],[26,17,73],[26,189,76],[26,278,11],[26,278,40],[27,283,98],[27,283,67],[28,41,47],[28,60,61],[28,158,26],[28,173,61],[29,151,91],[29,224,74],[29,224,45],[30,98,78],[30,393,74],[30,393,88],[31,20,65],[31,237,50],[31,237,71],[31,237,63],[32,121,12],[32,358,53],[32,393,74],[32,393,88],[33,61,32],[33,61,85],[33,285,70],[34,92,79],[34,210,70],[35,46,46],[35,46,69],[35,46,8],[35,46,22],[35,280,42],[38,59,77],[38,59,44],[38,268,39],[38,343,51],[38,343,22],[38,343,39],[39,333,18],[40,13,99],[40,132,30],[40,132,25],[41,89,92],[41,292,55],[42,33,45],[42,72,85],[42,140,66],[42,140,33],[43,75,70],[43,113,47],[43,242,69],[44,18,82],[44,123,18],[44,359,45],[46,77,16],[46,77,52],[46,136,56],[46,138,82],[47,348,30],[47,348,98],[48,8,65],[48,63,56],[49,80,14],[49,224,74],[49,224,45],[50,118,36],[50,118,91],[50,118,93],[51,342,34],[51,342,52],[51,360,100],[53,17,41],[53,17,73],[53,266,68],[54,152,36],[54,152,94],[54,233,99],[55,119,96],[55,348,30],[55,348,98],[56,82,79],[57,5,59],[57,153,58],[58,354,68],[59,95,48],[60,267,35],[61,21,33],[62,59,77],[62,59,44],[63,231,29],[64,15,49],[64,46,46],[64,46,69],[64,46,8],[64,46,22],[64,241,71],[65,388,36],[66,71,60],[66,344,68],[66,394,67],[67,39,94],[67,46,46],[67,46,69],[67,46,8],[67,46,22],[71,198,6],[71,198,52],[71,198,69],[71,390,37],[71,390,86],[71,390,52],[72,36,10],[72,36,95],[72,141,80],[72,141,95],[72,343,51],[72,343,22],[72,343,39],[73,133,76],[73,324,65],[74,141,80],[74,141,95],[75,115,38],[75,179,60],[75,179,24],[75,179,64],[75,252,95],[77,314,37],[77,347,9],[78,9,18],[80,124,87],[81,61,32],[81,61,85],[81,169,89],[81,342,34],[81,342,52],[82,247,63],[83,86,89],[84,376,97],[84,377,2],[84,398,97],[86,67,89],[86,70,73],[87,55,14],[87,55,23],[87,298,9],[88,11,98],[88,108,45],[88,108,62],[88,132,30],[88,132,25],[90,77,16],[90,77,52],[90,179,60],[90,179,24],[90,179,64],[90,225,57],[90,294,59],[91,238,94],[91,245,7],[92,83,21],[93,81,85],[96,108,45],[96,108,62],[97,352,51],[99,163,7],[100,193,53],[100,263,43]];

jitters = [10000,100000,10000,20000,20000,10000,100000,10000,100000,20000,20000,20000,10000,20000,100000,100000,10000,10000,20000,10000,1000,1000,20000,2000,20000,100000,10000,10000,100000,20000,10000,2000,10000,100000,20000,2000,20000,50000,50000,100000,100000,20000,10000,100000,100000,100000,10000,10000,2000,100000,20000,100000,100000,20000,100000,20000,20000,100000,20000,20000,10000,20000,100000,10000,10000,20000,10000,100000,10000,10000,10000,1000,100000,2000,20000,100000,20000,10000,20000,10000,20000,100000,20000,20000,20000,20000,10000,20000,20000,10000,100000,20000,10000,20000,1000,10000,20000,10000,100000,20000];

