NumChains = 15;
NumResources = 3;
NumRunnablesInChains = 82;
MemoryBoundOnResource = 1048576;
UtilizationBoundOnResource = 100;

numberOfTasksinChain = [7,9,13,9,7,7,9,7,13,13,13,13,7,9,13];

runnablesInChains = [27,71,58,1,7,73,40,19,13,20,36,30,99,31,61,74,56,88,30,95,31,98,95,37,79,19,84,22,91,18,79,66,85,44,6,87,20,32,2,43,89,27,83,65,24,27,17,24,46,15,68,86,90,76,78,59,64,58,63,36,19,49,88,18,99,75,38,32,56,36,29,47,9,48,57,38,66,22,44,13,75,25];

ProcessingTimesOfMessages = [[1,1],[1,1,1,1],[1,1,1,1,1],[1,1],[1,1,1,1],[1,1,1,1],[1,1,1,1],[1,1,1,1],[1,1],[1,1],[1,1],[1,1,1,1],[1,1],[1,1,1,1,1,1,1],[1,1],[],[1,1,1],[1,1,1,1],[1,1,1,1,1],[1,1],[1,1,1],[1,1,1],[1,1,1,1,1],[1,1],[],[1,1,1],[1,1,1,1],[1,1,1,1,1],[1,1,1],[1,1,1],[1],[1,1],[1,1],[1,1,1,1,1],[1,1,1],[1,1,1],[1,1],[1,1,1,1],[1,1],[1,1,1,1],[1],[1,1,1,1],[1,1,1,1],[1],[],[1,1,1],[1,1,1],[1,1],[1],[1],[1,1],[1,1,1,1,1,1],[],[1,1],[1,1],[1,1,1,1,1],[1],[1,1,1],[1,1],[1],[1],[],[],[1],[1,1,1,1,1],[1,1],[1,1,1,1,1,1,1],[1,1],[1,1,1],[1,1],[1],[1,1,1],[1,1,1,1],[1,1],[1],[1],[],[1,1],[1,1],[],[],[1,1,1,1],[1,1],[1,1,1,1],[1,1],[1],[1,1],[1,1,1,1,1],[1,1,1],[1],[1],[1,1,1,1],[],[1],[1,1,1],[1],[1,1,1],[1],[1,1,1],[1,1,1]];

processingTimesRunnables = [9,12,18,17,12,14,14,19,12,5,11,7,20,17,13,11,13,13,18,5,7,12,15,4,9,9,5,14,6,16,12,13,12,13,14,6,14,11,12,13,18,12,12,17,6,13,12,5,15,17,13,14,13,8,8,11,12,6,20,14,17,7,10,17,5,18,5,9,16,12,16,14,13,14,9,16,5,16,7,12,15,13,12,12,11,7,6,19,5,11,5,11,12,5,12,13,6,11,9,12];

periods = [20000,20000,20000,20000,20000,10000,10000,20000,20000,10000,20000,10000,10000,5000,20000,20000,20000,10000,10000,10000,20000,10000,1000,20000,10000,20000,20000,20000,20000,10000,10000,10000,20000,10000,1000,10000,10000,10000,5000,10000,1000,10000,20000,10000,20000,20000,20000,20000,10000,20000,20000,2000,5000,20000,20000,10000,20000,20000,20000,20000,10000,20000,20000,20000,20000,10000,5000,20000,10000,20000,20000,20000,10000,10000,10000,20000,20000,20000,10000,2000,1000,20000,20000,10000,10000,20000,10000,10000,20000,20000,10000,1000,1000,20000,10000,20000,1000,10000,10000,10000];

communicationTimeForOrderCriticalMessages = [1,1,1,1,1,1,1,1,1,1,1,1,1,1,1,1,1,1,1,1,1,1,1,1,1,1,1,1,1,1,1,1,1,1,1,1,1,1,1,1,1,1,1,1,1,1,1,1,1,1,1,1,1,1,1,1,1,1,1,1,1,1,1,1,1,1,1];

sizeOfRunnables = [1,1,1,1,1,1,1,1,1,1,1,1,1,1,1,1,1,1,1,1,1,1,1,1,1,1,1,1,1,1,1,1,1,1,1,1,1,1,1,1,1,1,1,1,1,1,1,1,1,1,1,1,1,1,1,1,1,1,1,1,1,1,1,1,1,1,1,1,1,1,1,1,1,1,1,1,1,1,1,1,1,1,1,1,1,1,1,1,1,1,1,1,1,1,1,1,1,1,1,1];

SenderLabelReceiverOrderCriticalChains = [[27,65,0,0,71],[71,183,0,0,58],[58,241,0,0,1],[7,386,0,0,73],[73,55,0,0,40],[40,116,0,0,19],[19,495,0,0,13],[20,17,0,0,36],[36,409,0,0,30],[30,483,0,0,99],[99,41,0,0,31],[31,343,0,0,61],[61,200,0,0,74],[56,193,0,0,88],[88,85,0,0,30],[30,31,116,0,95],[95,352,0,0,31],[98,31,0,0,95],[95,120,0,0,37],[37,160,0,0,79],[19,391,0,0,84],[84,263,0,0,22],[22,450,0,0,91],[18,307,0,0,79],[79,126,0,0,66],[66,424,0,0,85],[85,433,0,0,44],[6,79,0,0,87],[87,175,0,0,20],[20,238,0,0,32],[2,260,0,0,43],[43,120,0,0,89],[89,479,0,0,27],[27,215,0,0,83],[83,446,0,0,65],[65,87,446,0,24],[27,384,0,0,17],[17,101,0,0,24],[24,446,0,0,46],[46,284,0,0,15],[15,154,0,0,68],[68,304,0,0,86],[90,422,0,0,76],[76,143,0,0,78],[78,56,0,0,59],[59,353,0,0,64],[64,283,0,0,58],[58,215,0,0,63],[36,292,0,0,19],[19,348,0,0,49],[49,74,0,0,88],[88,401,0,0,18],[18,316,0,0,99],[99,435,0,0,75],[38,115,0,0,32],[32,206,0,0,56],[56,151,0,0,36],[29,51,0,0,47],[47,113,0,0,9],[9,338,0,0,48],[48,428,0,0,57],[38,385,0,0,66],[66,468,0,0,22],[22,370,0,0,44],[44,45,281,0,13],[13,45,0,0,75],[75,423,0,0,25]];

SenderLabelReceiverNonOrderCriticalChains = [[1,141,25],[1,253,2],[2,85,4],[2,85,30],[2,85,80],[2,260,43],[3,54,54],[3,233,86],[3,341,37],[3,341,40],[3,432,46],[4,191,21],[4,419,73],[5,38,20],[5,245,16],[5,257,9],[5,472,51],[6,79,87],[6,79,78],[6,160,7],[6,160,79],[7,376,32],[7,386,73],[7,410,81],[7,410,10],[8,3,62],[8,35,89],[8,80,16],[8,221,76],[9,338,48],[9,463,50],[10,305,61],[10,397,25],[11,140,62],[11,259,55],[12,341,37],[12,341,40],[12,409,81],[12,409,30],[13,45,75],[13,45,77],[14,180,53],[14,346,39],[14,346,79],[14,370,44],[14,370,53],[14,477,37],[14,477,76],[15,154,68],[15,229,75],[17,101,24],[17,204,90],[17,204,48],[18,177,100],[18,307,74],[18,307,79],[18,316,99],[19,348,49],[19,391,64],[19,391,84],[19,391,69],[19,495,13],[20,17,36],[20,238,32],[21,70,45],[21,181,33],[21,279,57],[22,370,44],[22,370,53],[22,450,91],[23,146,41],[23,213,93],[23,410,81],[23,410,10],[23,442,35],[24,446,65],[24,446,12],[26,176,29],[26,340,77],[26,340,80],[27,65,71],[27,215,83],[27,215,63],[27,384,17],[28,188,50],[28,303,70],[28,391,64],[28,391,84],[28,391,69],[29,51,47],[29,132,26],[29,132,6],[30,116,19],[30,116,95],[30,483,99],[31,343,61],[32,206,87],[32,206,56],[33,59,25],[33,400,93],[34,231,69],[34,231,72],[34,301,83],[34,477,37],[34,477,76],[35,406,10],[35,438,41],[35,478,28],[36,292,19],[36,409,81],[36,409,30],[37,160,7],[37,160,79],[38,115,32],[38,251,26],[38,385,66],[38,405,1],[39,164,17],[39,413,53],[40,116,19],[40,116,95],[40,231,69],[40,231,72],[41,429,81],[42,49,68],[42,204,90],[42,204,48],[42,249,97],[43,120,37],[43,120,89],[43,192,51],[43,192,49],[44,281,13],[46,284,15],[46,446,65],[46,446,12],[47,113,9],[47,346,39],[47,346,79],[48,13,60],[48,428,57],[49,74,88],[50,278,71],[51,401,18],[51,401,64],[52,15,80],[52,85,4],[52,85,30],[52,85,80],[52,340,77],[52,340,80],[54,63,55],[54,264,63],[55,456,60],[55,456,98],[56,87,96],[56,87,16],[56,87,24],[56,151,36],[56,193,88],[57,43,63],[58,215,83],[58,215,63],[58,241,1],[59,247,82],[59,353,64],[60,46,72],[61,200,74],[64,283,58],[65,45,75],[65,45,77],[65,87,96],[65,87,16],[65,87,24],[66,424,85],[66,468,22],[67,41,31],[67,41,77],[67,103,2],[67,132,26],[67,132,6],[67,479,27],[67,479,94],[68,155,12],[68,304,86],[69,290,57],[69,307,74],[69,307,79],[70,81,94],[70,395,94],[71,183,58],[72,79,87],[72,79,78],[72,441,96],[73,55,40],[73,87,96],[73,87,16],[73,87,24],[74,206,87],[74,206,56],[75,423,25],[76,143,78],[78,56,24],[78,56,59],[79,126,66],[79,126,93],[82,129,53],[82,391,64],[82,391,84],[82,391,69],[83,446,65],[83,446,12],[84,263,22],[84,374,4],[84,456,60],[84,456,98],[85,377,45],[85,433,44],[86,268,90],[87,175,20],[87,265,98],[88,85,4],[88,85,30],[88,85,80],[88,401,18],[88,401,64],[89,355,6],[89,479,27],[89,479,94],[90,422,76],[91,60,63],[92,126,66],[92,126,93],[92,134,62],[92,237,11],[94,195,91],[95,120,37],[95,120,89],[95,352,31],[96,381,34],[97,56,24],[97,56,59],[97,262,78],[98,31,95],[99,41,31],[99,41,77],[99,435,75],[100,192,51],[100,192,49],[100,475,45]];

jitters = [20000,20000,20000,20000,20000,10000,10000,20000,20000,10000,20000,10000,10000,5000,20000,20000,20000,10000,10000,10000,20000,10000,1000,20000,10000,20000,20000,20000,20000,10000,10000,10000,20000,10000,1000,10000,10000,10000,5000,10000,1000,10000,20000,10000,20000,20000,20000,20000,10000,20000,20000,2000,5000,20000,20000,10000,20000,20000,20000,20000,10000,20000,20000,20000,20000,10000,5000,20000,10000,20000,20000,20000,10000,10000,10000,20000,20000,20000,10000,2000,1000,20000,20000,10000,10000,20000,10000,10000,20000,20000,10000,1000,1000,20000,10000,20000,1000,10000,10000,10000];

