NumChains = 15;
NumResources = 3;
NumRunnablesInChains = 43;
MemoryBoundOnResource = 1048576;
UtilizationBoundOnResource = 100;

numberOfTasksinChain = [3,3,7,5,5,5,7,3,5,7,7,5,3,3,3];

runnablesInChains = [65,52,12,66,77,5,94,52,15,12,62,71,78,19,49,56,71,11,5,38,76,73,76,87,8,34,74,46,73,22,45,74,32,82,67,50,3,17,91,92,79,72,69];

ProcessingTimesOfMessages = [[1,1,1],[1,1,1,1,1],[1,1,1,1],[1,1],[1,1,1],[1,1,1,1],[1,1,1],[1,1,1,1],[1,1,1],[1,1,1,1],[1,1,1],[1,1,1],[1],[1,1,1,1],[1,1,1,1],[1,1],[1,1,1,1,1],[1,1],[1],[1,1,1,1],[1,1,1,1,1],[1],[1,1,1],[1,1,1,1,1],[1,1,1],[1,1,1,1],[1,1,1],[1,1,1,1,1],[1,1,1],[1],[1,1,1,1],[1,1,1,1],[1,1],[1,1],[1,1,1],[1],[1,1,1,1,1],[1,1,1,1],[1,1,1],[1,1,1,1,1,1],[1,1,1,1],[],[1,1,1],[1,1,1],[1,1,1],[1,1,1],[],[1,1],[1,1,1],[1],[1,1,1,1],[1],[1,1,1,1,1,1,1,1,1],[1,1,1,1],[1,1,1],[1,1],[1],[1],[1],[1],[1],[],[1,1,1,1,1,1],[],[1,1,1,1,1],[1,1,1,1],[1,1],[1],[],[],[1],[1,1,1],[1,1,1,1],[1,1,1],[1,1],[],[1],[1],[],[1,1],[1,1],[1,1],[1,1,1],[],[1,1,1,1],[1,1],[1,1,1],[1,1],[1],[],[1],[1,1],[],[1,1],[1],[1],[],[1,1,1,1,1],[],[1]];

processingTimesRunnables = [12,15,13,13,10,12,10,13,12,7,15,7,12,12,15,8,6,11,13,13,12,8,9,10,9,10,13,12,12,12,10,12,15,10,10,13,6,10,16,13,10,15,10,13,15,10,16,10,11,6,13,13,13,11,14,15,14,13,13,11,5,16,10,10,5,11,13,13,12,13,8,14,13,13,15,11,6,13,13,6,12,12,12,15,13,11,13,16,12,6,11,8,6,12,8,7,15,4,13,13];

periods = [20000,10000,20000,10000,100000,20000,20000,20000,20000,1000,100000,10000,20000,10000,10000,10000,10000,10000,20000,20000,100000,100000,10000,100000,10000,10000,10000,10000,20000,20000,100000,100000,100000,20000,20000,100000,10000,100000,20000,10000,100000,100000,20000,10000,100000,100000,10000,20000,20000,20000,50000,100000,20000,20000,20000,20000,10000,10000,2000,20000,20000,10000,10000,20000,100000,10000,20000,10000,50000,10000,20000,50000,100000,100000,2000,100000,100000,20000,1000,20000,10000,100000,1000,20000,10000,10000,20000,100000,10000,10000,10000,1000,10000,100000,10000,2000,10000,5000,20000,20000];

communicationTimeForOrderCriticalMessages = [1,1,1,1,1,1,1,1,1,1,1,1,1,1,1,1,1,1,1,1,1,1,1,1,1,1,1,1];

sizeOfRunnables = [1133,1415,1300,1285,970,1140,943,1253,1140,683,1405,650,1125,1128,1463,715,563,1020,1270,1233,1198,733,825,970,858,983,1260,1140,1173,1178,975,1188,1498,998,968,1240,543,918,1550,1268,945,1438,910,1275,1420,968,1503,978,1098,520,1253,1233,1263,1013,1365,1405,1313,1208,1293,1065,423,1508,948,960,405,1043,1248,1270,1193,1218,793,1400,1230,1218,1475,1043,540,1298,1275,515,1103,1193,1160,1475,1268,1073,1210,1513,1198,558,1015,743,593,1120,788,683,1405,375,1230,1275];

SenderLabelReceiverOrderCriticalChains = [[65,338,0,0,52],[12,167,0,0,66],[77,140,0,0,5],[5,138,0,0,94],[94,136,0,0,52],[15,63,78,0,12],[12,63,336,0,62],[71,198,0,0,78],[78,86,0,0,19],[49,250,0,0,56],[56,62,0,0,71],[11,158,0,0,5],[5,113,0,0,38],[38,250,0,0,76],[73,251,0,0,76],[87,44,0,0,8],[8,73,0,0,34],[74,315,0,0,46],[46,119,0,0,73],[73,262,0,0,22],[45,331,0,0,74],[74,275,0,0,32],[32,382,0,0,82],[67,70,0,0,50],[50,306,0,0,3],[17,248,0,0,91],[92,279,0,0,79],[72,138,0,0,69]];

SenderLabelReceiverNonOrderCriticalChains = [[1,292,84],[1,322,38],[1,327,13],[2,41,70],[2,217,4],[2,217,31],[2,282,28],[2,387,62],[3,146,6],[3,265,16],[3,307,69],[3,307,99],[4,15,25],[4,242,62],[5,113,38],[5,138,69],[5,138,94],[6,76,81],[6,107,8],[6,325,19],[6,325,84],[7,39,92],[7,39,55],[7,56,49],[8,73,34],[8,73,77],[8,185,44],[8,185,9],[9,47,54],[9,67,80],[9,269,13],[10,72,83],[10,217,4],[10,217,31],[10,221,65],[11,158,5],[11,215,20],[11,385,32],[12,78,15],[12,167,66],[12,336,62],[13,6,19],[14,171,93],[14,171,79],[14,335,18],[14,335,81],[15,63,12],[15,142,30],[15,171,93],[15,171,79],[16,137,25],[16,296,18],[17,42,90],[17,53,41],[17,248,45],[17,248,91],[17,390,46],[18,270,29],[18,319,37],[19,155,30],[20,126,99],[20,126,90],[20,214,97],[20,240,48],[21,180,22],[21,307,69],[21,307,99],[21,311,16],[21,377,42],[22,359,47],[23,5,39],[23,130,47],[23,261,77],[24,65,78],[24,97,36],[24,97,60],[24,279,96],[24,279,79],[25,185,44],[25,185,9],[25,354,57],[26,79,62],[26,79,70],[26,191,44],[26,237,57],[27,126,99],[27,126,90],[27,189,44],[28,16,90],[28,35,35],[28,118,29],[28,118,86],[28,118,60],[29,44,8],[29,44,43],[29,178,78],[30,365,35],[31,39,92],[31,39,55],[31,160,47],[31,170,33],[32,335,18],[32,335,81],[32,382,82],[32,382,61],[33,109,36],[33,349,96],[34,152,50],[34,272,27],[35,338,52],[35,338,36],[35,338,95],[36,52,57],[37,99,75],[37,128,64],[37,128,79],[37,248,45],[37,248,91],[38,120,59],[38,250,56],[38,250,61],[38,250,76],[39,11,64],[39,11,71],[39,192,61],[40,231,87],[40,252,96],[40,267,24],[40,338,52],[40,338,36],[40,338,95],[41,204,42],[41,262,22],[41,262,42],[41,262,67],[43,20,50],[43,194,49],[43,246,76],[44,118,29],[44,118,86],[44,118,60],[45,299,1],[45,331,95],[45,331,74],[46,119,73],[46,163,91],[46,163,7],[48,36,71],[48,355,80],[49,250,56],[49,250,61],[49,250,76],[50,306,3],[51,12,70],[51,71,69],[51,280,69],[51,323,72],[52,77,7],[53,118,29],[53,118,86],[53,118,60],[53,209,87],[53,229,58],[53,229,88],[53,262,22],[53,262,42],[53,262,67],[54,25,60],[54,208,99],[54,382,82],[54,382,61],[55,11,64],[55,11,71],[55,219,84],[56,62,71],[56,300,23],[57,374,58],[58,297,64],[59,135,75],[60,173,99],[61,268,84],[63,73,34],[63,73,77],[63,250,56],[63,250,61],[63,250,76],[63,399,73],[65,176,76],[65,236,97],[65,338,52],[65,338,36],[65,338,95],[66,87,89],[66,128,64],[66,128,79],[66,161,35],[67,70,50],[67,148,4],[68,115,70],[71,198,78],[72,102,79],[72,138,69],[72,138,94],[73,251,76],[73,262,22],[73,262,42],[73,262,67],[74,26,14],[74,275,32],[74,315,46],[75,172,13],[75,210,97],[77,140,5],[78,86,19],[80,259,63],[80,310,100],[81,203,93],[81,239,89],[82,220,88],[82,358,30],[83,57,92],[83,229,58],[83,229,88],[85,8,93],[85,48,95],[85,331,95],[85,331,74],[86,60,90],[86,174,91],[87,44,8],[87,44,43],[87,317,100],[88,325,19],[88,325,84],[89,273,39],[91,134,48],[92,279,96],[92,279,79],[94,136,52],[94,400,10],[95,330,59],[96,396,68],[98,97,36],[98,97,60],[98,163,91],[98,163,7],[98,281,68],[100,157,58]];

jitters = [20000,10000,20000,10000,100000,20000,20000,20000,20000,1000,100000,10000,20000,10000,10000,10000,10000,10000,20000,20000,100000,100000,10000,100000,10000,10000,10000,10000,20000,20000,100000,100000,100000,20000,20000,100000,10000,100000,20000,10000,100000,100000,20000,10000,100000,100000,10000,20000,20000,20000,50000,100000,20000,20000,20000,20000,10000,10000,2000,20000,20000,10000,10000,20000,100000,10000,20000,10000,50000,10000,20000,50000,100000,100000,2000,100000,100000,20000,1000,20000,10000,100000,1000,20000,10000,10000,20000,100000,10000,10000,10000,1000,10000,100000,10000,2000,10000,5000,20000,20000];

