NumChains = 15;
NumResources = 3;
NumRunnablesInChains = 86;
MemoryBoundOnResource = 1048576;
UtilizationBoundOnResource = 100;

numberOfTasksinChain = [11,11,13,13,7,9,13,11,9,13,11,7,9,7,13];

runnablesInChains = [12,52,3,27,75,17,98,22,73,60,97,68,85,74,17,64,16,94,10,42,100,72,46,43,71,56,84,96,77,29,30,100,71,56,86,26,40,57,19,20,13,24,64,36,94,80,7,67,4,24,97,53,90,38,53,48,15,81,55,58,51,77,82,50,9,18,57,37,90,87,68,48,2,45,81,28,15,6,45,65,36,32,18,66,8,16];

ProcessingTimesOfMessages = [[1,1,1,1],[1,1,1],[1,1,1],[1,1,1],[1],[1,1,1],[1,1,1,1,1],[1,1,1,1,1],[1,1],[1,1],[1],[1,1],[1,1,1],[1,1],[1,1],[1],[1,1],[1],[1],[1,1,1,1],[1,1],[1,1],[1,1],[1],[1,1,1,1,1],[1,1,1],[1,1,1],[1,1,1,1],[1],[1,1,1],[1,1],[1],[1],[1,1],[1],[1,1,1],[1,1],[1,1,1,1],[1,1,1],[1,1,1],[1,1],[1,1,1],[1],[1,1,1,1],[1],[1,1,1],[1,1,1],[1,1,1],[1,1],[1],[1,1,1,1],[1],[1,1,1],[1,1,1],[1,1],[1,1],[1,1,1,1],[1],[1,1],[1,1,1],[1,1,1],[1,1,1],[1,1],[1,1,1],[1,1,1],[1,1,1],[1,1],[1,1],[],[1],[1,1],[1,1,1],[1,1,1,1,1,1],[1,1],[1],[1],[1,1,1,1],[1,1,1],[1,1,1],[1],[1],[1,1],[1,1,1],[1],[1],[1,1],[1,1],[1,1],[1],[1],[],[],[1,1],[1,1,1,1],[1],[1],[1,1,1],[1,1],[],[1,1]];

processingTimesRunnables = [7,17,15,7,18,10,13,5,9,13,16,10,12,15,5,10,13,7,6,9,15,8,16,10,16,13,10,9,18,13,12,18,6,14,11,10,12,18,11,18,10,11,7,14,17,11,16,12,12,14,13,18,13,18,11,15,12,9,12,12,14,8,15,12,14,6,13,15,7,14,5,8,7,14,13,16,14,16,12,13,12,14,15,13,14,12,13,17,18,9,17,9,15,13,8,8,11,7,11,19];

periods = [20000,10000,20000,10000,2000,10000,20000,20000,20000,20000,20000,20000,10000,20000,10000,20000,20000,20000,10000,10000,20000,10000,10000,10000,5000,10000,20000,10000,20000,1000,5000,20000,5000,10000,20000,20000,10000,10000,20000,10000,20000,1000,1000,20000,10000,1000,2000,10000,20000,20000,20000,20000,10000,20000,10000,1000,10000,10000,5000,10000,20000,20000,5000,20000,20000,20000,20000,10000,20000,20000,1000,1000,10000,20000,20000,20000,20000,20000,20000,20000,10000,20000,2000,20000,20000,1000,10000,10000,10000,10000,20000,10000,10000,20000,20000,20000,10000,10000,20000,1000];

communicationTimeForOrderCriticalMessages = [1,1,1,1,1,1,1,1,1,1,1,1,1,1,1,1,1,1,1,1,1,1,1,1,1,1,1,1,1,1,1,1,1,1,1,1,1,1,1,1,1,1,1,1,1,1,1,1,1,1,1,1,1,1,1,1,1,1,1,1,1,1,1,1,1,1,1,1,1,1,1];

sizeOfRunnables = [1,1,1,1,1,1,1,1,1,1,1,1,1,1,1,1,1,1,1,1,1,1,1,1,1,1,1,1,1,1,1,1,1,1,1,1,1,1,1,1,1,1,1,1,1,1,1,1,1,1,1,1,1,1,1,1,1,1,1,1,1,1,1,1,1,1,1,1,1,1,1,1,1,1,1,1,1,1,1,1,1,1,1,1,1,1,1,1,1,1,1,1,1,1,1,1,1,1,1,1];

SenderLabelReceiverOrderCriticalChains = [[12,232,0,0,52],[52,226,0,0,3],[3,72,0,0,27],[27,328,0,0,75],[75,187,0,0,17],[98,271,0,0,22],[22,316,0,0,73],[73,27,0,0,60],[60,411,0,0,97],[97,101,0,0,68],[85,476,0,0,74],[74,142,0,0,17],[17,103,0,0,64],[64,390,0,0,16],[16,443,0,0,94],[94,132,0,0,10],[42,330,0,0,100],[100,375,0,0,72],[72,412,0,0,46],[46,128,0,0,43],[43,329,0,0,71],[71,51,105,0,56],[84,269,411,0,96],[96,249,0,0,77],[77,60,0,0,29],[30,478,0,0,100],[100,422,0,0,71],[71,51,105,0,56],[56,14,0,0,86],[26,215,0,0,40],[40,108,0,0,57],[57,436,0,0,19],[19,239,0,0,20],[20,373,0,0,13],[13,255,0,0,24],[64,126,0,0,36],[36,287,0,0,94],[94,95,0,0,80],[80,279,0,0,7],[7,494,0,0,67],[4,15,0,0,24],[24,331,0,0,97],[97,324,0,0,53],[53,131,0,0,90],[38,302,324,0,53],[53,173,0,0,48],[48,413,0,0,15],[15,200,0,0,81],[81,398,0,0,55],[55,366,0,0,58],[51,28,0,0,77],[77,287,0,0,82],[82,184,0,0,50],[50,130,0,0,9],[9,143,0,0,18],[57,228,0,0,37],[37,113,0,0,90],[90,234,0,0,87],[68,147,0,0,48],[48,89,0,0,2],[2,492,0,0,45],[45,393,0,0,81],[28,291,0,0,15],[15,17,0,0,6],[6,419,0,0,45],[65,164,0,0,36],[36,185,0,0,32],[32,493,0,0,18],[18,61,0,0,66],[66,89,0,0,8],[8,168,0,0,16]];

SenderLabelReceiverNonOrderCriticalChains = [[1,128,32],[1,128,95],[1,128,43],[1,244,18],[2,122,23],[2,473,4],[2,492,45],[3,72,27],[3,277,14],[3,374,90],[4,15,24],[4,167,37],[4,286,14],[5,450,47],[6,208,61],[6,350,5],[6,419,45],[7,111,52],[7,328,9],[7,328,75],[7,328,10],[7,494,67],[8,168,16],[8,274,27],[8,328,9],[8,328,75],[8,328,10],[9,143,18],[9,455,61],[10,25,11],[10,62,43],[11,276,85],[12,232,52],[12,232,88],[13,255,78],[13,255,24],[13,471,93],[14,60,29],[14,60,49],[15,17,6],[15,200,81],[16,443,94],[17,103,64],[17,346,21],[18,61,66],[19,239,20],[20,87,16],[20,87,88],[20,373,13],[20,373,99],[21,255,78],[21,255,24],[22,109,34],[22,316,73],[23,137,11],[23,199,5],[24,331,97],[25,353,33],[25,356,31],[25,390,13],[25,390,16],[25,470,33],[26,215,40],[26,268,12],[26,468,21],[27,328,9],[27,328,75],[27,328,10],[28,132,92],[28,132,10],[28,291,15],[28,458,92],[29,335,50],[30,112,46],[30,312,24],[30,478,100],[31,131,59],[31,131,90],[32,493,18],[33,282,89],[34,195,62],[34,365,89],[35,444,41],[36,185,32],[36,287,94],[36,287,82],[37,113,90],[37,388,98],[38,302,53],[38,324,58],[38,324,53],[38,354,79],[39,39,64],[39,171,84],[39,342,69],[40,108,57],[40,430,68],[40,438,92],[41,214,75],[41,499,84],[42,259,43],[42,330,100],[42,414,41],[43,329,71],[44,3,91],[44,95,69],[44,95,80],[44,133,67],[45,393,81],[46,128,32],[46,128,95],[46,128,43],[47,52,65],[47,273,83],[47,310,83],[48,89,2],[48,89,8],[48,413,15],[49,99,79],[49,289,78],[50,130,9],[51,28,77],[51,149,91],[51,165,19],[51,407,99],[52,226,3],[53,131,59],[53,131,90],[53,173,48],[54,59,45],[54,206,74],[54,284,70],[55,115,14],[55,366,58],[56,14,86],[56,453,66],[57,228,37],[57,373,13],[57,373,99],[57,436,19],[58,278,12],[59,190,63],[59,267,63],[60,411,84],[60,411,96],[60,411,97],[61,411,84],[61,411,96],[61,411,97],[62,38,80],[62,248,69],[62,248,59],[63,2,35],[63,315,35],[64,126,36],[64,390,13],[64,390,16],[65,102,70],[65,121,22],[65,164,36],[66,89,2],[66,89,8],[66,144,99],[67,232,52],[67,232,88],[68,147,48],[68,358,31],[70,247,26],[71,51,56],[71,105,56],[72,30,86],[72,412,46],[72,433,1],[73,27,27],[73,27,60],[73,27,82],[73,87,16],[73,87,88],[73,380,95],[74,142,17],[74,391,28],[75,187,17],[76,497,91],[77,60,29],[77,60,49],[77,287,94],[77,287,82],[78,411,84],[78,411,96],[78,411,97],[79,27,27],[79,27,60],[79,27,82],[80,279,7],[81,398,55],[82,48,60],[82,184,50],[83,27,27],[83,27,60],[83,27,82],[84,269,96],[85,476,74],[86,181,93],[86,427,76],[87,134,62],[87,151,89],[88,100,85],[88,313,29],[89,92,76],[90,234,87],[93,248,69],[93,248,59],[94,95,69],[94,95,80],[94,132,92],[94,132,10],[95,207,55],[96,249,77],[97,101,68],[97,324,58],[97,324,53],[98,271,22],[98,347,33],[100,375,72],[100,422,71]];

jitters = [20000,10000,20000,10000,2000,10000,20000,20000,20000,20000,20000,20000,10000,20000,10000,20000,20000,20000,10000,10000,20000,10000,10000,10000,5000,10000,20000,10000,20000,1000,5000,20000,5000,10000,20000,20000,10000,10000,20000,10000,20000,1000,1000,20000,10000,1000,2000,10000,20000,20000,20000,20000,10000,20000,10000,1000,10000,10000,5000,10000,20000,20000,5000,20000,20000,20000,20000,10000,20000,20000,1000,1000,10000,20000,20000,20000,20000,20000,20000,20000,10000,20000,2000,20000,20000,1000,10000,10000,10000,10000,20000,10000,10000,20000,20000,20000,10000,10000,20000,1000];

