NumChains = 15;
NumResources = 3;
NumRunnablesInChains = 49;
MemoryBoundOnResource = 1048576;
UtilizationBoundOnResource = 100;

numberOfTasksinChain = [3,7,7,5,5,7,5,5,5,5,7,3,7,5,7];

runnablesInChains = [59,57,22,29,56,100,89,90,65,25,99,70,4,63,21,18,40,25,53,7,19,32,85,43,76,67,69,84,3,47,25,55,11,3,6,79,72,42,28,16,21,54,12,17,33,38,68,65,83];

ProcessingTimesOfMessages = [[1,1,1,1,1],[1,1,1],[1,1],[1,1,1],[1,1,1],[1,1],[1,1,1],[1,1],[1,1,1],[1,1,1,1],[1,1,1],[1,1,1,1,1],[1,1],[1,1,1],[1,1,1,1,1],[1],[1,1],[1,1,1],[1,1],[1,1,1],[1,1,1],[1,1,1,1,1,1,1,1],[1,1,1,1,1,1],[1,1,1],[1,1],[1,1,1],[1,1,1],[1,1,1,1,1,1],[1,1,1,1],[1,1,1,1],[1,1,1,1],[1],[1,1],[1],[],[1,1],[1,1,1,1,1],[1,1,1,1,1,1,1],[1,1,1],[1,1,1,1,1,1],[1,1,1,1],[],[1,1,1,1],[1,1,1],[1,1,1],[1,1,1],[1,1,1],[],[1,1,1],[1],[1,1,1,1,1],[1,1,1],[1,1],[],[1,1,1],[1,1,1,1],[1,1,1],[1,1,1],[1,1,1,1,1],[1,1,1,1],[1],[1,1,1,1],[1],[1,1,1,1],[1,1],[1],[1,1,1],[1],[1,1,1,1],[1,1],[1,1,1],[1,1],[1,1,1],[1],[],[1],[],[1,1,1],[],[1,1,1,1],[1,1],[1],[1,1],[1,1,1],[1,1,1],[1,1],[1],[1,1,1,1,1],[1,1,1],[1],[1],[],[1],[1,1,1,1,1,1],[1,1],[1,1,1],[],[],[1],[1]];

processingTimesRunnables = [12,16,7,12,10,11,13,13,13,5,11,13,11,11,13,10,13,10,14,10,11,12,14,11,10,7,11,12,14,12,11,16,14,7,10,14,11,11,8,13,12,13,15,12,9,13,4,7,7,7,11,5,9,12,12,11,12,12,15,10,12,8,17,8,10,12,8,12,13,6,8,12,13,8,9,11,14,12,10,13,9,9,9,7,14,13,13,13,13,13,15,10,8,9,13,13,13,12,11,12];

periods = [1000,10000,100000,100000,50000,100000,20000,10000,100000,10000,100000,20000,10000,10000,10000,10000,20000,10000,10000,20000,10000,10000,10000,10000,20000,10000,100000,10000,10000,2000,10000,10000,20000,20000,100000,20000,20000,20000,20000,20000,100000,10000,20000,10000,50000,10000,20000,100000,100000,10000,20000,10000,20000,10000,20000,10000,20000,20000,20000,2000,10000,100000,10000,10000,20000,50000,20000,20000,100000,100000,10000,10000,10000,10000,10000,20000,100000,10000,100000,100000,10000,10000,20000,100000,10000,100000,100000,100000,20000,20000,20000,1000,5000,10000,10000,20000,20000,20000,100000,10000];

communicationTimeForOrderCriticalMessages = [1,1,1,1,1,1,1,1,1,1,1,1,1,1,1,1,1,1,1,1,1,1,1,1,1,1,1,1,1,1,1,1,1,1];

sizeOfRunnables = [1178,1555,660,1150,960,1028,1268,1283,1245,500,1045,1215,1020,1083,1295,908,1210,948,1305,938,1065,1143,1383,1095,983,698,1013,1170,1378,1140,1020,1513,1373,690,945,1388,1003,1015,748,1210,1178,1278,1463,1193,813,1283,400,663,698,700,1080,428,850,1193,1103,1050,1120,1143,1465,905,1195,793,1610,728,990,1118,705,1170,1268,548,735,1128,1290,715,893,1035,1308,1188,978,1230,880,878,858,603,1365,1240,1210,1245,1230,1263,1475,985,795,843,1270,1233,1300,1178,1013,1143];

SenderLabelReceiverOrderCriticalChains = [[59,9,0,0,57],[22,9,0,0,29],[29,30,34,0,56],[56,324,0,0,100],[89,179,0,0,90],[90,271,0,0,65],[65,217,0,0,25],[99,284,0,0,70],[70,157,0,0,4],[63,221,0,0,21],[21,71,0,0,18],[40,27,0,0,25],[25,25,0,0,53],[53,54,218,0,7],[19,337,0,0,32],[32,380,0,0,85],[43,52,0,0,76],[76,361,0,0,67],[69,175,0,0,84],[84,53,0,0,3],[47,34,0,0,25],[25,162,0,0,55],[11,249,0,0,3],[3,201,205,0,6],[6,343,0,0,79],[72,72,312,0,42],[28,247,390,0,16],[16,384,0,0,21],[21,52,0,0,54],[12,182,282,0,17],[17,92,0,0,33],[38,253,0,0,68],[68,287,0,0,65],[65,339,0,0,83]];

SenderLabelReceiverNonOrderCriticalChains = [[1,28,95],[1,28,97],[1,318,92],[1,360,23],[1,360,63],[2,1,63],[2,84,24],[2,99,8],[3,201,6],[3,205,6],[4,49,32],[4,49,49],[4,245,48],[5,62,45],[5,256,45],[5,383,34],[6,41,11],[6,343,79],[7,86,12],[7,253,68],[7,253,69],[8,299,100],[8,314,63],[9,67,62],[9,311,11],[9,334,77],[10,24,13],[10,141,35],[10,173,50],[10,173,66],[11,149,35],[11,149,83],[11,249,3],[12,163,60],[12,163,99],[12,163,34],[12,182,17],[12,282,17],[13,270,14],[13,270,98],[14,51,15],[14,258,54],[14,356,36],[15,30,56],[15,360,23],[15,360,63],[15,390,16],[15,390,72],[16,384,21],[17,92,33],[17,122,20],[18,54,7],[18,257,19],[18,378,54],[19,228,52],[19,337,32],[20,270,14],[20,270,98],[20,340,36],[21,52,54],[21,52,76],[21,71,18],[22,9,29],[22,9,57],[22,39,48],[22,39,49],[22,175,84],[22,175,31],[22,312,42],[22,312,72],[23,53,3],[23,53,27],[23,53,95],[23,118,50],[23,247,16],[23,247,81],[24,49,32],[24,49,49],[24,213,73],[25,25,53],[25,162,55],[26,20,42],[26,20,47],[26,95,44],[27,120,79],[27,353,35],[27,353,41],[28,42,80],[28,247,16],[28,247,81],[28,376,31],[28,390,16],[28,390,72],[29,33,46],[29,34,56],[29,34,25],[29,319,61],[30,163,60],[30,163,99],[30,163,34],[30,373,60],[31,20,42],[31,20,47],[31,72,42],[31,72,43],[32,380,85],[33,185,84],[33,266,98],[34,112,97],[36,172,83],[36,348,58],[37,109,76],[37,204,90],[37,204,77],[37,286,64],[37,286,91],[38,7,43],[38,7,51],[38,253,68],[38,253,69],[38,374,34],[38,374,33],[38,374,91],[39,107,68],[39,265,72],[39,305,16],[40,27,82],[40,27,25],[40,77,96],[40,244,13],[40,244,47],[40,345,8],[41,240,91],[41,240,87],[41,279,79],[41,358,84],[43,52,54],[43,52,76],[43,164,46],[43,164,53],[44,87,98],[44,363,61],[44,363,74],[45,106,66],[45,106,26],[45,110,77],[46,173,50],[46,173,66],[46,277,92],[47,34,56],[47,34,25],[47,352,93],[49,81,71],[49,204,90],[49,204,77],[50,369,95],[51,225,93],[51,244,13],[51,244,47],[51,353,35],[51,353,41],[52,139,20],[52,139,94],[52,331,74],[53,218,48],[53,218,7],[55,14,67],[55,149,35],[55,149,83],[56,324,100],[56,324,68],[56,363,61],[56,363,74],[57,46,13],[57,179,90],[57,179,77],[58,308,89],[58,324,100],[58,324,68],[59,9,29],[59,9,57],[59,183,76],[59,240,91],[59,240,87],[60,164,46],[60,164,53],[60,286,64],[60,286,91],[61,126,78],[62,38,86],[62,106,66],[62,106,26],[62,382,10],[63,221,21],[64,139,20],[64,139,94],[64,389,75],[64,389,85],[65,217,25],[65,339,83],[66,191,32],[67,129,4],[67,312,42],[67,312,72],[68,287,65],[69,175,84],[69,175,31],[69,215,99],[69,215,44],[70,26,86],[70,157,4],[71,35,75],[71,359,30],[71,359,27],[72,72,42],[72,72,43],[73,2,75],[73,218,48],[73,218,7],[74,177,82],[76,361,67],[78,147,85],[78,389,75],[78,389,85],[80,94,26],[80,198,87],[80,215,99],[80,215,44],[81,27,82],[81,27,25],[82,90,37],[83,39,48],[83,39,49],[84,53,3],[84,53,27],[84,53,95],[85,374,34],[85,374,33],[85,374,91],[86,142,92],[86,180,87],[87,328,81],[88,163,60],[88,163,99],[88,163,34],[88,165,1],[88,362,39],[89,124,2],[89,179,90],[89,179,77],[90,271,65],[91,255,97],[93,186,71],[94,53,3],[94,53,27],[94,53,95],[94,374,34],[94,374,33],[94,374,91],[95,359,30],[95,359,27],[96,28,95],[96,28,97],[96,224,81],[99,284,70],[100,302,58]];

jitters = [1000,10000,100000,100000,50000,100000,20000,10000,100000,10000,100000,20000,10000,10000,10000,10000,20000,10000,10000,20000,10000,10000,10000,10000,20000,10000,100000,10000,10000,2000,10000,10000,20000,20000,100000,20000,20000,20000,20000,20000,100000,10000,20000,10000,50000,10000,20000,100000,100000,10000,20000,10000,20000,10000,20000,10000,20000,20000,20000,2000,10000,100000,10000,10000,20000,50000,20000,20000,100000,100000,10000,10000,10000,10000,10000,20000,100000,10000,100000,100000,10000,10000,20000,100000,10000,100000,100000,100000,20000,20000,20000,1000,5000,10000,10000,20000,20000,20000,100000,10000];

