NumChains = 15;
NumResources = 3;
NumRunnablesInChains = 76;
MemoryBoundOnResource = 1048576;
UtilizationBoundOnResource = 100;

numberOfTasksinChain = [9,11,11,9,7,11,7,7,9,7,11,9,9,13,7];

runnablesInChains = [9,47,1,16,5,9,33,81,66,17,72,32,59,97,28,1,71,1,12,50,70,48,74,69,49,34,53,8,28,41,81,66,86,53,21,82,38,99,94,2,88,29,52,54,66,98,4,66,75,7,11,42,94,74,36,52,80,86,98,28,83,100,75,24,72,10,78,87,92,11,34,23,30,47,70,16];

ProcessingTimesOfMessages = [[1,1,1,1,1,1,1],[1,1],[1,1,1,1],[1,1,1,1,1,1,1],[1,1,1,1],[1,1,1,1,1],[1,1,1,1],[1,1,1,1,1,1],[1,1,1,1,1,1,1,1],[1,1,1,1,1,1],[1,1,1],[1,1,1,1],[1,1,1,1,1,1,1,1,1],[1,1],[1,1],[1],[1,1,1,1],[1,1,1,1,1,1,1],[1,1,1,1,1,1,1,1,1],[1,1,1],[1,1,1,1],[1,1,1],[1,1],[1,1],[1,1,1,1],[1,1,1,1],[1,1],[1,1],[1,1,1,1],[1,1,1,1,1],[1,1,1,1,1],[1,1,1],[1,1],[1,1,1,1],[1,1,1,1,1],[1,1,1,1,1,1,1],[1,1],[1,1,1,1,1],[1,1],[1,1,1,1],[1,1,1],[1,1,1,1,1],[1,1],[1,1,1,1,1],[1,1,1,1],[],[1,1,1,1],[1,1,1],[1,1,1,1],[1,1,1,1],[1,1,1,1],[1,1,1],[1,1],[1,1,1],[1,1,1,1,1],[1,1,1,1,1,1,1],[1],[1,1,1],[1,1],[1,1,1,1,1],[],[1,1,1,1],[1],[1],[1,1,1,1],[1,1,1,1],[1,1,1,1,1,1],[1,1],[1],[1,1,1],[1,1],[1,1,1],[1],[1,1,1,1,1,1,1,1],[1,1,1],[1],[1,1,1],[1,1],[1,1,1],[1,1],[1,1],[1,1],[1,1,1,1],[],[1,1,1,1,1,1,1],[1,1,1,1,1,1],[1,1],[1,1,1,1,1,1],[1,1,1,1],[],[1],[1,1],[1],[1,1],[1,1,1,1,1,1],[1,1,1],[1,1],[1,1,1,1,1,1],[1,1,1],[1]];

processingTimesRunnables = [7,14,17,12,17,8,12,12,7,14,14,6,16,12,8,9,9,15,6,14,14,16,9,10,15,13,16,10,14,10,8,10,6,9,12,12,8,12,8,13,18,16,19,11,7,12,11,9,7,15,8,18,6,13,11,6,16,5,9,12,17,14,13,7,9,14,12,5,9,14,9,12,7,16,11,17,13,15,18,5,13,19,12,10,13,6,10,11,10,9,8,6,6,10,12,15,6,11,9,16];

periods = [10000,20000,20000,10000,10000,10000,20000,10000,10000,20000,20000,10000,5000,2000,10000,10000,10000,20000,20000,20000,10000,5000,20000,10000,10000,20000,20000,10000,10000,10000,20000,10000,10000,20000,10000,20000,20000,20000,20000,20000,10000,20000,20000,20000,10000,5000,10000,10000,20000,10000,20000,10000,10000,10000,1000,20000,1000,1000,10000,1000,20000,20000,20000,5000,5000,10000,20000,20000,20000,10000,10000,10000,10000,20000,10000,10000,20000,20000,20000,10000,10000,10000,10000,20000,2000,10000,20000,10000,10000,10000,10000,20000,20000,20000,10000,2000,10000,10000,20000,10000];

communicationTimeForOrderCriticalMessages = [1,1,1,1,1,1,1,1,1,1,1,1,1,1,1,1,1,1,1,1,1,1,1,1,1,1,1,1,1,1,1,1,1,1,1,1,1,1,1,1,1,1,1,1,1,1,1,1,1,1,1,1,1,1,1,1,1,1,1,1,1];

sizeOfRunnables = [1,1,1,1,1,1,1,1,1,1,1,1,1,1,1,1,1,1,1,1,1,1,1,1,1,1,1,1,1,1,1,1,1,1,1,1,1,1,1,1,1,1,1,1,1,1,1,1,1,1,1,1,1,1,1,1,1,1,1,1,1,1,1,1,1,1,1,1,1,1,1,1,1,1,1,1,1,1,1,1,1,1,1,1,1,1,1,1,1,1,1,1,1,1,1,1,1,1,1,1];

SenderLabelReceiverOrderCriticalChains = [[9,360,0,0,47],[47,173,360,0,1],[1,43,0,0,16],[16,240,401,0,5],[9,118,0,0,33],[33,288,352,0,81],[81,430,496,0,66],[66,195,0,0,17],[17,325,0,0,72],[32,200,0,0,59],[59,411,0,0,97],[97,170,0,0,28],[28,279,0,0,1],[1,360,0,0,71],[1,207,0,0,12],[12,180,0,0,50],[50,192,0,0,70],[70,196,0,0,48],[74,176,0,0,69],[69,204,0,0,49],[49,242,0,0,34],[53,391,0,0,8],[8,72,0,0,28],[28,368,0,0,41],[41,352,0,0,81],[81,430,496,0,66],[86,162,0,0,53],[53,160,0,0,21],[21,121,0,0,82],[38,425,0,0,99],[99,265,0,0,94],[94,295,0,0,2],[88,415,0,0,29],[29,241,0,0,52],[52,477,0,0,54],[54,491,0,0,66],[98,360,0,0,4],[4,401,0,0,66],[66,187,0,0,75],[7,8,435,0,11],[11,8,0,0,42],[42,164,0,0,94],[94,244,0,0,74],[74,421,0,0,36],[52,88,0,0,80],[80,233,0,0,86],[86,18,0,0,98],[98,265,0,0,28],[83,454,0,0,100],[100,336,0,0,75],[75,374,0,0,24],[24,292,0,0,72],[10,418,0,0,78],[78,491,0,0,87],[87,251,0,0,92],[92,98,0,0,11],[11,431,0,0,34],[34,245,0,0,23],[30,101,0,0,47],[47,175,0,0,70],[70,343,0,0,16]];

SenderLabelReceiverNonOrderCriticalChains = [[1,43,16],[1,43,51],[1,207,12],[1,207,63],[1,360,4],[1,360,71],[1,360,47],[2,298,15],[2,298,87],[3,60,93],[3,454,100],[3,454,7],[3,454,23],[4,166,14],[4,315,5],[4,401,66],[4,401,16],[4,454,100],[4,454,7],[4,454,23],[5,188,6],[5,188,58],[5,401,66],[5,401,16],[6,26,76],[6,145,26],[6,227,91],[6,439,40],[6,439,75],[7,14,51],[7,337,20],[7,435,90],[7,435,11],[8,72,28],[8,333,9],[8,363,94],[8,398,43],[8,398,21],[8,398,41],[9,118,33],[9,136,63],[9,136,30],[9,345,18],[9,345,72],[9,360,4],[9,360,71],[9,360,47],[10,194,45],[10,194,27],[10,411,97],[10,411,18],[10,418,78],[10,469,64],[11,8,42],[11,329,23],[11,431,34],[12,134,73],[12,180,50],[12,212,84],[12,255,32],[13,194,45],[13,194,27],[13,265,22],[13,265,28],[13,265,94],[13,341,65],[13,358,46],[13,415,29],[13,415,46],[14,22,86],[14,163,52],[15,96,89],[15,330,59],[16,240,5],[17,89,78],[17,135,54],[17,301,2],[17,325,72],[18,64,20],[18,398,43],[18,398,21],[18,398,41],[18,417,10],[18,417,65],[18,417,83],[19,52,93],[19,52,37],[19,207,12],[19,207,63],[19,405,20],[19,405,14],[19,471,57],[19,471,32],[19,471,37],[20,90,60],[20,493,53],[20,493,40],[21,98,35],[21,98,11],[21,121,82],[21,354,25],[22,169,33],[22,335,46],[22,406,46],[23,93,27],[23,247,38],[24,292,72],[24,321,41],[25,9,83],[25,13,99],[25,273,64],[25,273,82],[26,185,78],[26,350,72],[26,371,48],[26,440,84],[27,61,78],[27,61,96],[28,279,1],[28,368,41],[29,184,73],[29,184,98],[29,241,52],[29,257,37],[30,101,47],[30,182,42],[30,182,61],[30,493,53],[30,493,40],[31,28,55],[31,96,89],[31,428,76],[31,428,89],[31,428,98],[32,59,14],[32,200,59],[32,462,97],[33,114,50],[33,288,81],[34,82,68],[34,245,23],[34,439,40],[34,439,75],[35,373,84],[35,421,39],[35,421,36],[35,421,44],[35,451,71],[36,52,93],[36,52,37],[36,195,17],[36,195,60],[36,195,30],[36,263,64],[36,483,83],[37,48,61],[37,181,69],[38,230,25],[38,312,82],[38,425,62],[38,425,96],[38,425,99],[39,199,43],[39,330,59],[40,43,16],[40,43,51],[40,237,69],[40,238,16],[41,54,91],[41,352,81],[41,352,33],[42,49,49],[42,164,94],[42,195,17],[42,195,60],[42,195,30],[43,74,55],[43,488,15],[44,165,46],[44,243,97],[44,352,81],[44,352,33],[44,389,92],[45,273,64],[45,273,82],[45,351,7],[45,351,27],[47,58,62],[47,173,1],[47,175,70],[47,175,93],[48,95,62],[48,435,90],[48,435,11],[49,111,61],[49,170,28],[49,170,61],[49,242,34],[50,192,70],[50,351,7],[50,351,27],[50,380,79],[51,45,59],[51,182,42],[51,182,61],[51,383,77],[52,88,80],[52,120,76],[52,477,54],[53,160,21],[53,391,8],[54,481,43],[54,491,87],[54,491,66],[55,190,57],[55,214,58],[55,471,57],[55,471,32],[55,471,37],[56,18,68],[56,18,98],[56,136,63],[56,136,30],[56,188,6],[56,188,58],[56,302,63],[57,186,45],[58,65,24],[58,143,3],[58,331,35],[59,411,97],[59,411,18],[60,27,3],[60,378,73],[60,417,10],[60,417,65],[60,417,83],[62,428,76],[62,428,89],[62,428,98],[62,455,92],[63,140,24],[64,51,5],[65,148,81],[65,425,62],[65,425,96],[65,425,99],[66,187,75],[66,195,17],[66,195,60],[66,195,30],[67,39,79],[67,219,68],[67,367,84],[67,398,43],[67,398,21],[67,398,41],[68,168,69],[68,459,95],[69,204,49],[70,113,19],[70,196,48],[70,343,16],[71,146,80],[71,156,31],[72,417,10],[72,417,65],[72,417,83],[73,441,90],[74,176,69],[74,421,39],[74,421,36],[74,421,44],[74,458,77],[74,471,57],[74,471,32],[74,471,37],[75,345,18],[75,345,72],[75,374,24],[76,419,65],[77,175,70],[77,175,93],[77,310,100],[78,491,87],[78,491,66],[79,298,15],[79,298,87],[79,388,90],[80,32,88],[80,233,86],[81,430,66],[81,496,66],[82,259,61],[82,322,99],[83,278,57],[83,454,100],[83,454,7],[83,454,23],[85,61,78],[85,61,96],[85,157,2],[85,294,59],[85,425,62],[85,425,96],[85,425,99],[86,18,68],[86,18,98],[86,162,53],[86,162,79],[86,405,20],[86,405,14],[87,251,92],[87,386,73],[88,99,90],[88,110,91],[88,162,53],[88,162,79],[88,415,29],[88,415,46],[89,142,31],[89,421,39],[89,421,36],[89,421,44],[91,403,3],[92,98,35],[92,98,11],[93,438,100],[94,244,74],[94,295,2],[95,184,73],[95,184,98],[95,284,2],[95,428,76],[95,428,89],[95,428,98],[96,304,48],[96,313,29],[96,433,56],[97,170,28],[97,170,61],[98,265,22],[98,265,28],[98,265,94],[98,360,4],[98,360,71],[98,360,47],[99,265,22],[99,265,28],[99,265,94],[100,336,75]];

jitters = [10000,20000,20000,10000,10000,10000,20000,10000,10000,20000,20000,10000,5000,2000,10000,10000,10000,20000,20000,20000,10000,5000,20000,10000,10000,20000,20000,10000,10000,10000,20000,10000,10000,20000,10000,20000,20000,20000,20000,20000,10000,20000,20000,20000,10000,5000,10000,10000,20000,10000,20000,10000,10000,10000,1000,20000,1000,1000,10000,1000,20000,20000,20000,5000,5000,10000,20000,20000,20000,10000,10000,10000,10000,20000,10000,10000,20000,20000,20000,10000,10000,10000,10000,20000,2000,10000,20000,10000,10000,10000,10000,20000,20000,20000,10000,2000,10000,10000,20000,10000];

