NumChains = 15;
NumResources = 3;
NumRunnablesInChains = 37;
MemoryBoundOnResource = 1048576;
UtilizationBoundOnResource = 100;

numberOfTasksinChain = [3,3,3,5,7,3,7,3,3,5,3,3,3,5,3];

runnablesInChains = [56,50,36,58,90,67,100,92,61,62,95,23,91,54,85,15,82,73,31,70,45,69,39,93,59,48,26,72,57,80,35,70,12,68,25,79,53];

ProcessingTimesOfMessages = [[1,1,1,1,1,1,1],[1,1,1,1],[1,1,1,1,1],[1,1,1,1],[1,1,1,1],[1,1,1],[1],[1,1,1,1],[1,1,1,1,1,1,1],[1,1],[1,1],[1,1],[1,1],[1,1,1,1],[1,1,1,1,1],[1,1,1,1],[1,1,1,1,1],[1],[1,1,1,1,1,1,1],[1],[1,1,1,1,1,1,1],[1,1,1,1,1,1,1],[1,1],[],[],[1,1,1],[1,1],[1,1,1,1,1],[1,1,1,1,1],[1,1,1,1],[1,1,1,1],[1,1],[1,1,1,1,1,1],[1,1,1,1,1,1,1,1],[1],[1],[1,1,1,1,1],[],[1,1,1],[1],[1,1,1,1],[1,1,1,1],[1,1],[1,1,1,1,1],[],[],[1,2],[1],[1,1,1],[1],[1,1,1,1],[1,1],[],[1],[1,1,1,1,1],[1,1,1],[1,1,1,1],[1],[1,1,1,1],[1,1],[],[1,1,1,1],[1,1,1],[1,1,1],[],[1,1],[],[1,1],[1,1,1,1,1],[1,1],[1],[1,1],[1,1,1,1],[],[1,1,1,1],[1],[1,1,1],[1],[1,1],[],[1],[1,1,1],[1,1],[],[1,1,1],[1,1,1,1],[1],[],[1,1,1,1],[1],[1,1],[1],[1,1,1],[1,1],[1],[],[],[1,1],[1,1,1],[1,1,1]];

processingTimesRunnables = [11,6,12,13,13,11,10,5,13,6,10,11,12,11,16,13,15,13,7,13,15,15,10,13,14,13,14,14,11,4,11,9,15,10,10,13,11,15,12,17,6,6,16,16,13,7,11,10,11,13,10,6,10,6,8,13,10,15,6,12,13,14,11,11,8,9,12,13,7,12,11,16,8,10,12,5,11,6,13,15,13,9,13,11,6,9,12,8,8,4,5,9,11,13,13,9,13,16,11,5];

periods = [20000,100000,20000,20000,10000,100000,20000,100000,50000,10000,50000,10000,10000,10000,10000,10000,100000,100000,100000,100000,1000,20000,10000,10000,10000,20000,1000,100000,1000,20000,10000,100000,10000,20000,100000,10000,100000,100000,20000,2000,100000,50000,100000,20000,100000,100000,100000,1000,20000,100000,10000,20000,10000,10000,20000,100000,5000,10000,1000,100000,20000,10000,10000,100000,100000,20000,20000,10000,20000,100000,1000,20000,10000,100000,10000,20000,10000,2000,10000,5000,20000,10000,10000,50000,10000,20000,20000,20000,100000,20000,10000,20000,1000,20000,10000,1000,20000,100000,10000,20000];

communicationTimeForOrderCriticalMessages = [1,1,1,1,1,1,1,1,1,1,1,1,1,1,1,1,1,1,1,1,1,1];

sizeOfRunnables = [1053,528,1135,1208,1263,1013,985,480,1220,580,945,1090,1170,1043,1600,1300,1495,1255,615,1215,1470,1475,953,1210,1398,1233,1355,1388,1043,400,1065,803,1480,930,915,1258,1025,1425,1195,1610,550,525,1595,1573,1283,678,1098,983,1035,1218,918,593,983,588,730,1290,963,1495,538,1135,1233,1365,1053,1088,723,813,1128,1285,653,1173,1015,1593,720,978,1118,443,1038,543,1278,1458,1275,895,1230,1010,535,873,1185,758,735,390,450,818,1090,1293,1233,813,1230,1513,1023,488];

SenderLabelReceiverOrderCriticalChains = [[56,21,0,0,50],[36,335,0,0,58],[90,353,0,0,67],[100,16,0,0,92],[92,153,0,0,61],[62,346,0,0,95],[95,306,0,0,23],[23,209,0,0,91],[54,358,0,0,85],[15,307,0,0,82],[82,278,0,0,73],[73,72,0,0,31],[70,85,0,0,45],[69,122,0,0,39],[93,241,0,0,59],[59,18,0,0,48],[26,210,0,0,72],[57,155,0,0,80],[35,208,0,0,70],[12,119,0,0,68],[68,130,0,0,25],[79,94,0,0,53]];

SenderLabelReceiverNonOrderCriticalChains = [[1,30,58],[1,30,77],[1,201,12],[1,201,77],[1,270,30],[1,278,46],[1,278,73],[2,283,98],[2,283,79],[2,283,18],[2,309,6],[3,48,50],[3,155,54],[3,155,80],[3,291,7],[3,393,27],[4,52,88],[4,88,80],[4,88,100],[4,341,17],[5,176,24],[5,176,78],[5,243,24],[5,302,83],[6,94,40],[6,94,53],[6,101,45],[7,14,29],[8,35,46],[8,182,18],[8,191,20],[8,312,51],[9,61,48],[9,61,94],[9,72,11],[9,72,31],[9,127,47],[9,127,11],[9,127,88],[10,224,24],[10,377,36],[11,111,15],[11,114,12],[12,119,68],[12,334,14],[13,146,65],[13,146,35],[14,134,21],[14,218,36],[14,325,25],[14,325,7],[15,22,16],[15,22,43],[15,30,58],[15,30,77],[15,307,82],[16,26,54],[16,49,53],[16,87,36],[16,87,27],[17,4,18],[17,51,45],[17,51,67],[17,85,22],[17,85,45],[18,92,20],[19,127,47],[19,127,11],[19,127,88],[19,297,49],[19,297,43],[19,304,65],[19,304,74],[20,313,32],[21,16,27],[21,16,70],[21,16,92],[21,87,36],[21,87,27],[21,247,63],[21,247,48],[22,127,47],[22,127,11],[22,127,88],[22,329,90],[22,329,54],[22,400,57],[22,400,23],[23,209,91],[23,374,25],[26,8,90],[26,210,72],[26,385,97],[27,176,24],[27,176,78],[28,121,2],[28,121,38],[28,121,39],[28,227,40],[28,337,56],[29,106,82],[29,106,49],[29,106,71],[29,291,7],[29,372,46],[30,146,65],[30,146,35],[30,185,2],[30,342,68],[31,97,35],[31,227,40],[31,346,95],[31,346,51],[32,131,74],[32,356,33],[33,106,82],[33,106,49],[33,106,71],[33,170,19],[33,325,25],[33,325,7],[34,51,45],[34,51,67],[34,121,2],[34,121,38],[34,121,39],[34,297,49],[34,297,43],[34,313,32],[35,208,70],[36,335,58],[37,84,88],[37,156,65],[37,217,45],[37,304,65],[37,304,74],[39,39,67],[39,39,10],[39,383,96],[40,50,13],[41,3,97],[41,201,12],[41,201,77],[41,365,92],[42,47,84],[42,142,84],[42,299,84],[42,321,76],[43,226,64],[43,228,71],[44,108,78],[44,184,38],[44,212,55],[44,212,87],[44,212,53],[47,12,80],[47,294,89],[48,399,71],[49,37,66],[49,37,74],[49,301,52],[50,53,74],[51,212,55],[51,212,87],[51,212,53],[51,236,44],[52,177,5],[52,340,92],[54,358,85],[55,61,48],[55,61,94],[55,329,90],[55,329,54],[55,369,81],[56,21,50],[56,190,60],[56,254,64],[57,15,76],[57,15,41],[57,155,54],[57,155,80],[58,99,79],[59,18,48],[59,20,10],[59,39,67],[59,39,10],[60,74,70],[60,280,61],[62,88,80],[62,88,100],[62,346,95],[62,346,51],[63,82,75],[63,400,57],[63,400,23],[64,16,27],[64,16,70],[64,16,92],[66,315,63],[66,386,62],[68,130,25],[68,367,4],[69,117,9],[69,122,39],[69,212,55],[69,212,87],[69,212,53],[70,85,22],[70,85,45],[71,13,96],[72,93,88],[72,120,94],[73,72,11],[73,72,31],[73,259,38],[73,357,81],[75,199,40],[75,283,98],[75,283,79],[75,283,18],[76,269,87],[77,106,82],[77,106,49],[77,106,71],[78,349,20],[79,94,40],[79,94,53],[81,71,86],[82,273,61],[82,278,46],[82,278,73],[83,384,95],[83,397,85],[85,121,2],[85,121,38],[85,121,39],[86,37,66],[86,37,74],[86,58,13],[86,205,100],[87,19,97],[89,283,98],[89,283,79],[89,283,18],[89,347,98],[90,353,67],[91,368,93],[91,378,95],[92,153,61],[93,133,99],[93,232,96],[93,241,59],[94,22,16],[94,22,43],[95,306,23],[98,247,63],[98,247,48],[99,15,76],[99,15,41],[99,138,47],[100,16,27],[100,16,70],[100,16,92]];

jitters = [20000,100000,20000,20000,10000,100000,20000,100000,50000,10000,50000,10000,10000,10000,10000,10000,100000,100000,100000,100000,1000,20000,10000,10000,10000,20000,1000,100000,1000,20000,10000,100000,10000,20000,100000,10000,100000,100000,20000,2000,100000,50000,100000,20000,100000,100000,100000,1000,20000,100000,10000,20000,10000,10000,20000,100000,5000,10000,1000,100000,20000,10000,10000,100000,100000,20000,20000,10000,20000,100000,1000,20000,10000,100000,10000,20000,10000,2000,10000,5000,20000,10000,10000,50000,10000,20000,20000,20000,100000,20000,10000,20000,1000,20000,10000,1000,20000,100000,10000,20000];

