NumChains = 10;
NumResources = 3;
NumRunnablesInChains = 58;
MemoryBoundOnResource = 1048576;
UtilizationBoundOnResource = 100;

numberOfTasksinChain = [13,11,13,13,7,11,9,7,11,11];

runnablesInChains = [20,12,35,43,26,1,21,21,17,19,42,38,3,4,8,50,29,14,25,36,29,11,39,9,15,28,14,50,11,45,25,13,8,14,6,16,45,9,48,16,18,36,2,25,36,41,6,48,16,2,22,36,1,34,42,30,38,23];

ProcessingTimesOfMessages = [[1,1,1,1,1],[1,1,1,1,1],[1,1,1,1,1,1,1,1],[1,1,1,1,1],[1,1,1,1,1,1,1,1],[1,1,1,1,1,1,1],[1,1,1,1,1,1],[1,1,1,1,1,1],[1,1,1,1,1,1,1],[1,1],[1,1,1,1,1,1,1],[1,1,1,1,1],[1,1,1],[1,1,1,1,1,1],[1,1,1,1,1],[1,1,1,1,1],[1,1,1,1,1,1,1,1,1],[1,1,1,1,1],[1,1,1,1,1,1,1,1],[1,1,1],[1,1,1,1],[1,1,1,1,1,1,1],[1,1],[1,1,1,1,1,1,1],[1,1,1,1,1,1],[1,1,1,1,1,1,1],[1,1,1,1,1,1],[1,1,1,1,1],[1,1],[1],[1,1,1,1,1,1],[1,1,1,1,1,1,1],[1,1,1,1],[1,1,1,1,1,1],[1,1],[1],[1,1,1,1,1,1],[1,1],[1,1,1,1],[1,1],[],[1,1],[1,1,1],[1],[1,1,1],[1,1],[1,1,1,1,1],[1,1,1],[1,1,1],[1,1,1,1]];

processingTimesRunnables = [18,13,11,11,12,14,17,5,10,6,15,16,11,14,7,14,16,8,18,14,16,11,19,12,15,16,18,13,8,12,6,17,13,8,16,18,11,11,12,8,5,18,10,12,12,14,10,12,12,8];

periods = [10000,20000,10000,20000,1000,20000,5000,20000,20000,5000,20000,10000,20000,20000,20000,20000,10000,20000,10000,10000,10000,20000,10000,2000,20000,10000,10000,20000,20000,10000,20000,1000,2000,10000,10000,20000,2000,10000,20000,10000,20000,10000,10000,10000,20000,1000,20000,20000,1000,20000];

communicationTimeForOrderCriticalMessages = [1,1,1,1,1,1,1,1,1,1,1,1,1,1,1,1,1,1,1,1,1,1,1,1,1,1,1,1,1,1,1,1,1,1,1,1,1,1,1,1,1,1,1,1,1,1,1,1];

sizeOfRunnables = [50000,50000,50000,50000,50000,50000,50000,50000,50000,50000,50000,50000,50000,50000,50000,50000,50000,50000,50000,50000,50000,50000,50000,50000,50000,50000,50000,50000,50000,50000,50000,50000,50000,50000,50000,50000,50000,50000,50000,50000,50000,50000,50000,50000,50000,50000,50000,50000,50000,50000];

SenderLabelReceiverOrderCriticalChains = [[20,25,0,0,12],[12,194,0,0,35],[35,24,0,0,43],[43,146,0,0,26],[26,45,0,0,1],[1,16,0,0,21],[21,147,0,0,17],[17,105,0,0,19],[19,8,196,0,42],[42,182,0,0,38],[38,208,0,0,3],[4,166,0,0,8],[8,152,0,0,50],[50,49,0,0,29],[29,158,0,0,14],[14,15,0,0,25],[25,100,105,0,36],[29,164,0,0,11],[11,19,0,0,39],[39,204,0,0,9],[9,22,105,175,15],[15,4,157,0,28],[28,162,0,0,14],[50,87,0,0,11],[11,138,0,0,45],[45,231,0,0,25],[13,206,0,0,8],[8,15,0,0,14],[14,66,0,0,6],[6,66,227,0,16],[16,184,0,0,45],[9,149,0,0,48],[48,61,199,0,16],[16,66,0,0,18],[18,35,0,0,36],[2,48,231,0,25],[25,100,105,0,36],[36,98,0,0,41],[6,94,0,0,48],[48,61,199,0,16],[16,66,0,0,2],[2,128,0,0,22],[22,203,0,0,36],[1,130,0,0,34],[34,53,0,0,42],[42,230,0,0,30],[30,140,0,0,38],[38,13,0,0,23]];

SenderLabelReceiverNonOrderCriticalChains = [[1,16,21],[1,16,38],[1,130,34],[1,156,3],[1,191,38],[2,48,25],[2,122,29],[2,128,22],[2,162,49],[2,162,14],[3,8,40],[3,8,42],[3,22,12],[3,22,15],[3,47,19],[3,166,8],[3,166,24],[3,166,26],[4,60,23],[4,115,29],[4,166,8],[4,166,24],[4,166,26],[5,25,46],[5,25,12],[5,75,6],[5,169,30],[5,169,46],[5,207,32],[5,226,46],[5,226,49],[6,45,18],[6,45,1],[6,45,33],[6,94,37],[6,94,48],[6,227,16],[6,227,47],[7,18,10],[7,42,27],[7,80,10],[7,113,10],[7,113,6],[7,228,10],[8,15,25],[8,15,34],[8,36,1],[8,36,41],[8,152,50],[8,152,20],[9,22,12],[9,22,15],[9,105,15],[9,105,19],[9,105,36],[9,149,48],[9,175,15],[10,152,50],[10,152,20],[11,19,39],[11,19,43],[11,77,4],[11,77,23],[11,138,45],[11,142,13],[11,142,28],[12,134,13],[12,177,23],[12,194,35],[12,194,36],[12,217,29],[13,167,5],[13,167,14],[13,206,8],[14,15,25],[14,15,34],[14,66,2],[14,66,6],[14,66,44],[14,66,18],[15,4,28],[15,157,47],[15,157,28],[15,227,16],[15,227,47],[16,66,2],[16,66,6],[16,66,44],[16,66,18],[16,184,45],[17,94,37],[17,94,48],[17,105,15],[17,105,19],[17,105,36],[17,215,27],[17,215,40],[17,236,35],[17,236,27],[18,35,36],[18,52,39],[18,55,7],[18,142,13],[18,142,28],[19,8,40],[19,8,42],[19,167,5],[19,167,14],[19,183,30],[19,183,20],[19,196,42],[19,196,48],[20,25,46],[20,25,12],[20,150,46],[21,147,17],[21,203,50],[21,203,36],[21,212,42],[22,135,20],[22,166,8],[22,166,24],[22,166,26],[22,203,50],[22,203,36],[22,211,21],[23,113,10],[23,113,6],[24,21,21],[24,34,33],[24,45,18],[24,45,1],[24,45,33],[24,172,37],[24,216,22],[25,100,36],[25,105,15],[25,105,19],[25,105,36],[25,204,9],[25,204,31],[26,45,18],[26,45,1],[26,45,33],[26,64,30],[26,163,40],[26,231,2],[26,231,25],[27,7,45],[27,66,2],[27,66,6],[27,66,44],[27,66,18],[27,173,40],[28,65,46],[28,65,23],[28,104,44],[28,162,49],[28,162,14],[29,158,14],[29,164,11],[30,140,38],[31,19,39],[31,19,43],[31,33,41],[31,36,1],[31,36,41],[31,178,39],[32,65,46],[32,65,23],[32,93,35],[32,171,49],[32,186,10],[32,196,42],[32,196,48],[33,38,37],[33,53,13],[33,53,42],[33,147,17],[34,53,13],[34,53,42],[34,214,4],[34,215,27],[34,215,40],[34,229,13],[35,24,43],[35,123,4],[36,98,41],[37,15,25],[37,15,34],[37,157,47],[37,157,28],[37,194,35],[37,194,36],[38,13,23],[38,208,3],[39,102,41],[39,144,45],[39,204,9],[39,204,31],[40,226,46],[40,226,49],[42,182,38],[42,230,30],[43,32,44],[43,146,26],[43,239,44],[44,170,33],[45,3,20],[45,231,2],[45,231,25],[46,236,35],[46,236,27],[47,16,21],[47,16,38],[47,101,40],[47,183,30],[47,183,20],[48,23,30],[48,61,16],[48,199,16],[49,77,4],[49,77,23],[49,189,41],[50,49,29],[50,87,11],[50,169,30],[50,169,46]];

jitters = [10000,20000,10000,20000,1000,20000,5000,20000,20000,5000,20000,10000,20000,20000,20000,20000,10000,20000,10000,10000,10000,20000,10000,2000,20000,10000,10000,20000,20000,10000,20000,1000,2000,10000,10000,20000,2000,10000,20000,10000,20000,10000,10000,10000,20000,1000,20000,20000,1000,20000];

