NumChains = 50;
NumResources = 3;
NumRunnablesInChains = 202;
MemoryBoundOnResource = 1048576;
UtilizationBoundOnResource = 100;

numberOfTasksinChain = [7,9,7,7,9,5,9,7,5,5,9,7,7,5,9,9,7,9,5,9,5,7,5,5,9,9,7,7,9,9,9,7,7,5,5,5,5,9,5,5,9,9,9,9,5,5,7,5,9,7];

runnablesInChains = [241,397,425,205,259,10,398,44,69,2,89,428,246,370,77,455,339,467,69,420,62,484,403,117,239,55,155,452,262,399,235,87,336,94,70,389,425,329,228,364,185,477,390,189,143,154,271,15,290,423,257,131,479,103,189,392,264,364,283,434,423,348,43,376,241,409,372,183,242,170,489,398,230,44,40,236,436,406,81,148,181,172,480,311,271,212,54,71,41,208,93,95,134,83,190,313,166,308,228,175,346,17,226,191,201,169,13,106,218,440,268,103,217,115,284,204,228,315,242,289,345,363,241,68,382,132,92,419,314,494,331,50,128,18,125,284,252,186,86,209,221,152,361,322,208,123,234,434,380,25,145,460,104,47,272,157,97,162,230,297,19,42,336,141,9,6,10,180,169,334,476,319,461,117,320,211,189,275,461,309,260,72,349,149,234,24,65,365,71,29,441,279,221,471,95,120,252,60,474,441,371,28];

ProcessingTimesOfMessages = [[1,1,1,1,1,1,1,1,1],[1,1,1,1,1,1,1,1,1,1],[1,1,1,1,1,1,1],[1,1,1,1,1,1,1,1],[1,1,1,1,1,1],[1,1,1,1,1,1,1,1],[1,1,1,1,1,1,1,1],[1,1,1,1],[1,1,1,1,1,1],[1,1,1,1,1,1,1,1],[1,1,1,1,1,1,1,1,1,1,1],[1,1,1,1,1,1,1,1,1,1,1,1],[1,1,1,1,1,1,1,1],[1,1,2,2,1,1,1,1,1],[1,1,1,1,1,1,1,1,1,1],[1,1,1,1,1,1,1,1,1,1,1],[1,1,1,1,1,1],[1,1,1,1,1,1,1,1,1],[1,1,1,1,1,1,1,1,1,1,1,1],[1,1,1,1,1],[1,1,1,1,1,1,1,1,1],[1,1,1,1,1],[1,1,1,1],[1,1,1,1,1,1,1,1,1],[1,1,1,1,1,1,1,1],[1,1,1,1],[1,1,1,1,1,1,1,1,1,1],[1,1,1,1],[1,1,1,1,1,1],[1,1,1,1,1],[1,1,1,1,1,1],[1,1,1,1],[1,1,1,1,1,1],[1,1,1,1,1,1,1,1,1,1],[1,1,1,1,1,1,1,1,1,1],[1,1,1,1,1,1,1,1,1,1,1],[1,1,1,1,1,1,1,1,1,1,1,1,1,1,1,1],[1,1,1,1,1,1,1,1],[1,1,1],[1,1,1,1,1,1,1],[1,1,1,1,1,1],[1,1,1,1,1,1,1,1,1,1,1],[1,1,1,1,1,1,1,1],[1,1,1,1],[1,1,1,1,1,1,1,1,1],[1,1,1,1,1],[1,1,1,1,1],[1,1,1,1,1,1,1,1],[1,1,1,1,1,1,1],[1,1,1,2],[1,1,1,1,1,1,1,1,1],[1,1,1,1,1,1],[1,1,1,1,1,1,1],[1,1,1,1,1,1,1,1,1,1,1],[1,1,1,1,1,1,1],[1,1,1,1,1,1,1,1,1,1,1,1],[1,1,1,1,1],[1,1,1,1,1,1,1,1],[1,1,1,1,1,1,1,1],[1,1,1,1,1,1,1],[1,1,1,1,1,1,1,1,1,1],[1,1,1,1],[1,1,1,1],[1,1,1,1,1,1,1,1,1],[1,1,1,1],[1,1,1,1,1,1,1,1,1,1,1],[1,1,1,1],[1,1,1,1,1,1],[1,1,1,1],[1,1,1,1],[1,1,1,1,1,1,1,1,1,1,1,1],[1,1,1,1,1,1,1,1,1,1],[1,1,1,1,1],[1,1,1,1,1,1,1,1,1,1,1],[1,1,1,1,1,1,1,1,1,1,1],[1,1,1,1,1,1,1,1],[1,1,1,1,1,1,1,1],[1,1,1,1,1,1,1,1,1,1,1],[1,1,1,1,1,1,1,1,1],[1,1,1,1],[1,1,1,1,1,1,1,1,1,1],[1,1,1,1,1,1,1,1],[1,1,1,1,1,1,1],[1,1,1,1,1,1,1],[1,1,1,1,1,1,1,1,1,1,1,1,1],[1,1,1,1,1],[1,1,1,1,1,1,1,1,1,1,1,1],[2,1,1,1,1,1,1],[1,1,1,1,1,1,1,1],[1,1,1,1,1,1],[1,1,1,1,1],[1,1,1,1,1],[1,1,1,1,1,1,1],[1,1,1,1,1],[1,1,1],[1,1,1,1,1,1,1,1,1],[1,1,1,1,1,1,1,1],[1,1,1],[1,1,1,1,1,1,1],[1,1,1,1,1,1,1,1,1,1],[1,1,1,1,1,1,1],[1,1,1,1,1,1,1,1],[1,1,1],[1,1,1,1,1,1],[1,1,1,1,1,1],[1,1,1,1,1,1,1],[1,1,1,1,1,1,1,1],[1,1,1,1,1,1,1],[1,1,1,1,1,1,1],[1,1,1],[1,1,1,1,1,1,1],[1,1,1,1],[1,1,1,1,1,1,1,1],[1,1,1,1,1,1,1,1,1],[1,1,1,1,1,1,1,1],[1,1,1,1,1,1,1,1],[1,1,1,1,1,1],[1,1,1,1,1,1,1,1],[1,1,1,1,1,1,1,1],[1,1,1,1,1,1,1,1,1],[1,1,1,1,1,1],[1,1,1,1,1,1,1],[1,1,1,1,1,1],[2,1,1,1,1,1,1,1],[1,1,1,1,1,1,1],[1,1,1,1,1,1,1,1,1,1,1],[1,1,1,1,1,1],[1,1,1],[1,2,1],[1,1,1,1,1,1,1,1],[1,1,1,1],[1,1,1,2,2,1,1,1,1],[1,1,1,1],[1,1,1,1,1,1,1,1,1,1],[1,1,1,1,1,1,1,1],[1,1,1,1,1,1,1],[1,1,1,1,1,1,1,1,1,1,1],[1,1,1,1,1],[1,1,1,1,1,1,1,1,1,1],[1,1,1,1,1,1,1,1,1,1,1],[1,1,1,1,1,1],[1,1,1,1,1,1,1],[1,1,1,1,1,1,1,1],[1,1,1,1],[1,1,1,1,1,1,1],[1,1,1,1,1,1,1,1],[1,1,1,1,1,1,1,1,1,1],[1,1,1,1,1,1,1],[1,1,1,1,1,1,1],[1,1,1,1,1],[1,1,1],[1,1,1,1,1,1,1,1],[1,1,1,1,1],[1,1,1,1,1],[1,1,1,1,1,1],[1,1,1,1,1,1,1,1],[1],[1,1,1,1,1,1,1,1,1],[1,1,1,1],[1,1,1,1,1],[1,1],[1,1,1],[1,1,1,1,1,1,1],[1,1,1,1,1,1],[1,1,1,1,1,1,1,1,1,1],[1,1,1,1,1,1,1,1,1,1],[1,1,1,1,1,1,1],[1,1,1,1,1,1,1,1,1,1,1,1],[1,1,1,1,1,1],[1,1,2,2,1,1,1],[1,1,1,1,1,1,1,1,1,1],[1,1,1,1],[1,1,1,1,1,1,1,1,1,1,1,1,1],[1,1,1,1,1,1,1,1,1],[1,1,1],[1,1,1,1],[1,1,1,1,1,1,1,1,1],[1,1,1,1],[1,1,1,1,1,1,1,1,1,1,1,1],[1,1,1,1,1],[1,1,1,1,1,1,1,1,1],[1,1,1,1,1,1,1,1],[1,1,1,1,1,1,1,1,1],[1,1,1,1,1],[1,1,1,1,1,1,1,1,1,1,1],[1,1,1,1,1,1,1,1,1,1,1,1,1,1],[1,1,1,1],[1,1],[1,1,1,1,1,1,1],[1,1,1,1,1],[1,1],[1,1,1,1,1],[1,1,1,1,1,1],[1,1,1,1,1],[1,1,1,1,1],[1,1,1,1],[1,1],[1,1,1,1,1,1,1,1,1,1],[1,1,1,1],[1,1,1,1,1],[1,1,1,1,1],[1,1,1,1,1],[1,1,1,1,1,1],[1,1,1,1,1,1,1,1],[1,1,1,1,1],[1,1,1,1,1,1,1,1,1,1],[1,1,1,1,1,1],[1,1],[1,1,1,1],[1,1,1,1,1,1,1,1,1],[1,1,1,1,1],[1,1,1,1,1,1,1,1],[1,1,1,1,1],[1,1,1,1,1,1],[1,1,1,1,1,1,1,1,2],[1,1,1,1,1],[1,1,1],[1,1,1,1],[1,1,1,1,1,1,1,1,1,1],[1,1,1,1,1],[1,1,1,1,1,1],[1,1,1,1,1,1],[],[1,1,1,1,1,1],[1,1,1,1,1],[1,1,1,1,1,1,1],[1,1,1,1,1,1,1,1],[1,1,1,1,1],[1,1,1,1,1],[1,1,1,1],[1,1,1,1,1,1,1],[1,1,1,1,1,1,1,1],[1,1,1,1,1,1],[1,1,1,1,1,1,1,1,1],[1,1,1,1],[1,1,1,1,1],[1,1,1,1],[1,1,1,1,1],[1,1],[1,1,1,1,1,1,1,1,1,1,1],[1,1,1,1,1,1,1,1,1,1],[1,1,1],[1,1,1,1,1],[1,1,1,1,1,1],[1,1,1,1,1,1],[1,1,1],[1,1,1,1,1,1],[1,1,1,1,1,1,1,1,1,1,1],[1,2,1,1,2,1,1],[1,1,1,1,1,1],[1,1,1,1,1],[1,1,1,1],[1,1,1,1,1],[1,1],[1],[1,1,1,1,1,1],[1,1,1,1,1,1,1],[1,1,1],[1,1,1,1,1,1,1,1,1,1,1],[1,1,1,1,1,1],[1,1,1,1],[1,1,1,1,1,1,1,1,2],[1,1],[1,1],[1,1,1,1,1,1,1,1,1,1,1,1],[1,1,1,1,1,1],[1,1,1,1,1,1,1,1],[1,1,1],[1,1,1,1,2],[1,1,1,1,1,1,1,1],[1,1,1,1,1],[1,1,1,1,1,1,1,1,1,1,1,1],[1,1,1,1],[1,1,1,1,1,1],[1,1,1,1,1],[1,1,1,1,1,1],[1,1,1,1,1,1,1,1,1,1],[1,1,1,2],[1,1,1,1,1],[1,1,1,1,1,1,1,1,1],[1,1,1,1,1],[1,1],[1,1,1,1,1,1],[1,1,1,1,1,1,1,1,1,1,1],[1,1,1],[1,1,1,1,1,1],[1,1,1,1,1],[1,1,1,1,1,1,1,1],[1,1,1,1,1,1],[1,1,1,1,1],[1,1,1],[1,1,1,1,1,1,1,1,1],[1,1,1,1,1,1,1,1],[1,1,1,1],[1,1,1,1,1,1],[1,1,1,1,1,1],[1,1,1],[1,1,1,1],[1,1,1,1,1],[1,1,1,1,1],[1,1,1,1],[1,1,1,1,1,1,1],[1,1,1,1],[1,1,1,1],[1,1,1,1],[1,1,1,1,1,1,1,1,1],[1,1,1,1,1,1,1,1,1,1],[1,1],[1,1],[1,1,1,1,1,1,1],[1,1,1,1,1,1],[1,1],[1,1,1,1,1,1],[1,1,1,1,1,1,1,1],[1,1,1,1,1],[1,1,1,1,1],[1,1,1],[1,1,1,1,1,1,1],[1,1,1,1,1],[1,1,1,1,1,1,1,1],[1,1,1],[1,1,1,1,1,1,1],[1,2,1,1],[1,1,1,1,1,1],[1,1,1,1,1,1],[1,1,1,1,1],[1,1,1,1,1,1],[1,1,1],[2,1,1,1,1],[1,1,1,1,1],[1,1,1,1,1,1,1],[1,1,1,1,1],[1,1,1,1,1,1,1,1],[1,1,1,1,1],[1,1,1,1,1],[1,1,1,1,1],[1,1,1,1,1],[1,1,1,1,1,1,1,1,1],[1,1],[1,1,1,1,1,1,1],[1],[1,1,1,1,1,1,1,1],[1,1,1,1,1,1,1,1,1,1],[1,1,1],[1,1,1],[1,1,1,1],[1,1,1],[1,1],[1,1,1],[1,1,1,1],[1,1],[1,1,1,1,1],[1,1,1,1],[1,1,1,1,1,1,1,1],[1,1,1,1],[],[1,1,1],[1,1,1,1,1],[1,1,1,1],[1,1,1,1,1],[1,1,1,1],[1,1,1,1,1],[1,1,1,1,1],[1,1,1,1,1,1,1,1],[1],[1],[1,1,1,1,1],[1,1,1,1,1],[1,1,1,1,1,1],[1,1,1],[1,1,1,1,1,1],[1,1,1,1,1],[1,1,1,1,1,1,1],[1,1,1,1,1,1,1,1,1],[1,1,1,1],[1,1,1,1,1,1,1,1,1],[1,1],[1,1,1],[1,1,1,1,1,1,1,1],[],[1,1,1,1,1,1],[1,1,1,1,1],[1,1,1,1,1,1],[1,1,1],[1,1,1,1,1,1,1,1],[1,1,1,1,1],[1,1,1,1,1,1,1],[],[1,1,1,1],[1,1,1,1,1,1],[1,1,1,1,1,1],[1,1,1,1],[1,1,1,1,1],[1,2,2,1,1],[1,1,1,1,1,1],[1,1,1,1,1,1],[1,1,1,1,1],[1,1,1,1],[1,1],[1,1,1,1,1,1,1],[1,1,1,1,1,1,1],[1,1,1,1,1,1],[1,1,1,1,1,1,1,1],[1,1,1,1],[1,1,1,1,1,1],[1,1],[1,1,1],[1],[1,1,1,1],[1,1,1],[1,1,1,1,1,1,1,1,1],[1,1,1,1,1],[1],[1,1,1,1,1],[1,1,1,1,1,1,1],[1,1,1],[1,1,1,1,1,1,1],[1,1,1,1,1,1,1],[1],[1,1],[1,1],[1,1,1,1,1,1,1],[1,1,1,1,1,1,1],[1],[1,1,1,1],[1,1],[1,1,1,1],[1,1,1],[1,1,1,1,1],[1,1,1,1,1],[1,1],[1,1,1,1,1,1],[1,1,1,1],[1,1,1,1],[1,1,1,1,1,1],[1,1,1],[1],[1,1,1],[1,1,1,1,1,1],[1,1],[1,1],[1],[1,1],[1,1],[],[1,1,1,1,1],[1,1,1],[1,1],[1,1,1,1,1,1],[1],[1,1],[1],[],[1,1,1],[1,1,1,1],[1],[1,1,1,1,1,1,1,1],[1,1,1,1,1],[1],[1,1],[1,1,1,1,1,1],[1,1,1,1,1],[1,1,1],[],[1,1,1,1,1,1],[1,1,1,1,1],[1,1,1,1,1],[1,1,1,1],[1],[1,1,1,1,1,1,1],[1,1,1,1],[1,1,1,1,1,1],[1,1],[1,1,1,1],[],[1,1,1,1,1,1,1],[1,1,1,1,1],[1,1,1,1,1,1,1,1],[1],[1,1,1],[1,1,1,1,1,1,1,1],[1,1,1,1,1],[1,1,1],[1,1,1,1,1,1,1,1],[1],[1],[1],[1,1,1,1],[1,1],[],[1,1,1,1,1,1],[1,1,1],[1],[1,1],[1],[1,1,1,1,1,1],[1,1,1,1,1,1,1,1],[],[],[1,1,1]];

processingTimesRunnables = [11,12,16,16,14,6,14,11,12,9,10,14,11,15,14,7,10,11,9,6,8,17,15,10,11,12,13,14,13,12,12,10,11,12,9,6,13,11,10,9,4,14,14,10,9,4,10,13,9,13,8,13,13,13,13,10,10,10,16,7,9,13,7,9,7,8,14,7,7,14,10,11,13,11,16,14,12,13,5,15,5,10,10,13,7,11,5,5,10,11,14,13,11,11,12,13,5,7,11,6,7,13,10,9,12,9,10,10,5,5,12,12,13,10,13,15,13,6,8,9,10,4,13,6,6,13,15,15,9,11,12,11,10,13,13,7,5,11,13,5,13,7,12,12,13,10,14,11,13,13,17,6,12,9,13,6,11,10,14,12,11,11,10,16,11,10,16,12,13,7,14,11,15,7,13,13,16,9,13,11,13,11,5,12,13,7,12,10,9,7,7,6,16,13,11,9,14,11,12,13,12,13,11,12,11,11,14,11,11,13,14,7,12,13,15,13,14,10,7,6,8,10,7,14,7,12,10,6,6,9,13,13,13,14,8,15,8,11,11,14,5,10,12,13,10,10,13,14,12,9,12,11,13,7,15,8,11,8,10,13,14,12,16,6,13,11,12,14,15,13,12,13,16,6,7,13,10,13,6,13,11,11,9,10,10,5,13,13,15,4,7,13,15,9,12,14,11,9,13,9,12,10,16,8,13,12,9,13,8,6,12,13,9,9,11,13,15,12,9,8,10,13,5,10,6,16,12,13,11,13,8,13,16,9,14,11,10,13,13,10,11,13,7,13,8,9,12,7,13,10,13,4,15,12,7,9,14,13,14,16,6,5,13,13,12,5,14,10,13,7,11,5,14,11,12,8,13,15,15,11,10,13,10,13,9,8,14,13,12,16,13,8,11,11,14,9,11,6,15,12,9,12,13,7,12,16,15,12,11,12,7,13,12,9,4,10,7,9,16,11,13,10,10,12,12,9,7,11,14,14,12,12,11,13,13,10,13,14,10,11,13,15,11,11,8,12,5,11,8,10,12,9,14,12,11,13,12,10,7,4,6,10,11,7,5,7,11,16,10,4,13,12,15,10,14,11,12,13,5,7,7,11,16,9,10,10,13,5,14,13,8,15,13,8,9,13,13,12,11,15];

periods = [100000,20000,10000,100000,10000,100000,20000,10000,2000,100000,10000,10000,10000,100000,20000,100000,100000,10000,2000,10000,100000,20000,100000,10000,5000,10000,20000,20000,10000,20000,20000,10000,10000,100000,100000,20000,100000,10000,20000,100000,10000,2000,100000,100000,50000,20000,5000,10000,20000,100000,20000,20000,10000,10000,10000,100000,20000,20000,20000,10000,10000,100000,10000,10000,10000,10000,20000,100000,100000,100000,10000,10000,100000,20000,20000,10000,50000,100000,1000,100000,10000,20000,10000,10000,10000,100000,2000,10000,20000,20000,10000,10000,10000,2000,10000,20000,10000,10000,20000,10000,1000,20000,20000,5000,10000,10000,10000,20000,1000,100000,20000,20000,20000,20000,20000,20000,20000,20000,20000,10000,100000,20000,10000,1000,10000,20000,100000,100000,20000,5000,10000,10000,1000,10000,1000,20000,100000,10000,100000,100000,2000,20000,20000,20000,5000,100000,100000,10000,10000,1000,20000,20000,20000,20000,10000,10000,10000,20000,20000,10000,10000,100000,100000,100000,20000,10000,20000,20000,100000,10000,100000,10000,10000,100000,10000,20000,50000,10000,10000,100000,10000,20000,10000,10000,20000,100000,100000,10000,20000,10000,100000,50000,1000,20000,100000,20000,100000,10000,10000,2000,100000,20000,100000,10000,100000,1000,100000,10000,100000,2000,20000,20000,10000,10000,100000,100000,20000,10000,100000,100000,20000,20000,20000,10000,20000,100000,100000,10000,50000,100000,1000,10000,20000,10000,2000,1000,20000,10000,20000,10000,100000,10000,20000,2000,1000,20000,100000,20000,100000,100000,20000,10000,100000,100000,10000,20000,10000,20000,100000,10000,100000,10000,10000,10000,50000,50000,10000,20000,100000,20000,20000,10000,100000,10000,20000,20000,20000,20000,20000,20000,1000,2000,10000,10000,100000,10000,2000,10000,100000,20000,100000,2000,20000,10000,100000,100000,100000,20000,5000,10000,20000,100000,50000,1000,10000,10000,20000,10000,20000,10000,20000,20000,10000,10000,10000,20000,20000,10000,20000,20000,20000,10000,10000,10000,20000,20000,100000,100000,10000,100000,100000,100000,100000,100000,20000,2000,20000,1000,50000,50000,20000,20000,20000,10000,100000,10000,100000,100000,10000,10000,20000,20000,1000,20000,100000,2000,2000,10000,20000,10000,20000,10000,100000,10000,10000,10000,20000,100000,20000,50000,20000,10000,10000,20000,20000,100000,20000,10000,10000,10000,20000,10000,10000,10000,1000,20000,20000,20000,100000,20000,100000,20000,100000,20000,20000,20000,100000,100000,10000,10000,20000,100000,20000,10000,10000,1000,100000,10000,100000,50000,10000,20000,100000,20000,10000,100000,20000,20000,10000,100000,10000,100000,10000,20000,100000,5000,50000,20000,5000,10000,10000,100000,10000,10000,20000,1000,100000,20000,1000,10000,20000,20000,10000,10000,20000,100000,10000,10000,20000,10000,10000,10000,100000,20000,50000,10000,20000,20000,5000,5000,20000,1000,10000,100000,100000,1000,100000,100000,10000,100000,10000,20000,20000,20000,100000,20000,20000,10000,10000,10000,100000,20000,20000,100000,20000,100000,10000,20000,100000,10000,10000,20000,100000,100000,20000,20000,100000,10000,20000,10000];

communicationTimeForOrderCriticalMessages = [1,1,1,1,1,1,1,1,1,1,1,1,1,1,1,1,1,1,1,1,1,1,1,1,1,1,1,1,2,1,1,1,1,1,1,1,1,1,1,1,1,1,1,1,1,1,1,1,1,1,1,1,1,1,1,1,1,1,1,1,1,1,1,1,1,1,1,1,1,1,1,1,1,1,1,1,1,1,1,1,1,1,1,1,1,1,1,1,1,1,1,1,1,1,1,1,1,1,1,1,1,1,1,1,1,1,1,1,1,1,1,1,1,1,1,1,1,1,1,1,1,1,1,1,1,1,1,1,1,1,1,1,1,1,1,1,1,1,1,1,1,1,1,1,1,1,1,1,1,1,1,1];

sizeOfRunnables = [1085,1163,1595,1573,1355,528,1345,1005,1165,890,978,1303,1053,1495,1368,625,983,1028,865,528,780,1615,1448,930,1020,1193,1248,1373,1220,1135,1160,1000,1065,1195,805,528,1248,1098,1000,813,378,1393,1335,948,880,385,990,1203,885,1283,760,1293,1230,1210,1220,998,955,930,1555,663,878,1278,663,855,660,793,1345,613,653,1368,968,1020,1223,1020,1523,1308,1188,1268,415,1448,450,925,960,1275,635,1073,443,458,953,1083,1373,1203,1043,1005,1140,1210,428,683,1020,515,698,1285,983,818,1140,825,948,955,458,423,1148,1200,1233,903,1203,1475,1240,565,733,895,955,390,1243,510,585,1230,1463,1453,858,1080,1140,1035,910,1205,1253,675,415,1095,1268,495,1203,625,1125,1180,1290,993,1400,1013,1298,1203,1605,555,1193,818,1258,585,1025,910,1308,1188,1100,1035,1000,1588,1058,933,1550,1135,1230,618,1308,1090,1458,668,1210,1248,1593,805,1293,1058,1218,1003,498,1128,1245,678,1160,960,825,618,650,593,1595,1203,1088,895,1305,1043,1170,1253,1120,1278,1043,1148,1010,1088,1308,1090,1090,1210,1368,610,1178,1278,1485,1225,1335,910,653,533,720,945,603,1340,638,1105,938,520,555,805,1245,1280,1210,1388,750,1485,738,1005,1025,1400,445,940,1198,1260,975,938,1203,1333,1170,835,1200,1065,1275,623,1448,795,1088,773,963,1258,1305,1113,1530,528,1270,1075,1105,1303,1495,1263,1105,1210,1523,573,640,1243,960,1238,573,1220,1068,1020,833,960,938,445,1280,1238,1498,400,670,1223,1470,810,1185,1308,1013,863,1280,855,1155,953,1530,758,1218,1165,850,1218,760,528,1148,1248,885,873,1038,1235,1453,1133,885,765,1000,1230,405,985,540,1563,1148,1218,1058,1283,730,1215,1528,880,1388,1015,933,1285,1255,993,1083,1253,653,1248,798,878,1173,663,1210,978,1255,393,1430,1128,698,825,1373,1218,1365,1595,548,415,1223,1248,1143,423,1305,1000,1268,663,1098,423,1378,1020,1105,795,1283,1465,1438,1045,960,1220,978,1285,858,758,1360,1235,1148,1578,1243,775,1030,1098,1308,853,1043,528,1463,1150,893,1180,1238,678,1170,1595,1420,1173,1095,1135,698,1238,1165,880,400,918,685,840,1563,1030,1300,998,938,1150,1173,863,675,1048,1318,1365,1158,1103,1005,1255,1270,998,1203,1378,975,1020,1248,1443,1065,1013,708,1195,405,1043,793,985,1118,820,1328,1163,1015,1285,1163,985,625,400,540,975,1050,623,478,608,1065,1583,983,393,1283,1195,1465,933,1308,1095,1170,1223,468,603,625,1095,1588,870,945,993,1233,478,1323,1240,758,1420,1215,768,845,1238,1255,1140,1020,1420];

SenderLabelReceiverOrderCriticalChains = [[241,312,0,0,397],[397,1327,0,0,425],[425,3302,0,0,205],[259,1636,0,0,10],[10,24,0,0,398],[398,160,0,0,44],[44,1017,0,0,69],[2,1035,0,0,89],[89,1443,0,0,428],[428,3608,0,0,246],[370,3715,0,0,77],[77,1744,0,0,455],[455,419,0,0,339],[467,3646,0,0,69],[69,3720,0,0,420],[420,353,0,0,62],[62,2975,0,0,484],[403,2574,0,0,117],[117,1152,0,0,239],[55,3592,0,0,155],[155,3384,0,0,452],[452,1270,0,0,262],[262,2796,0,0,399],[235,1475,3631,0,87],[87,3526,0,0,336],[336,1820,2582,0,94],[70,3637,0,0,389],[389,2508,0,0,425],[329,100,0,0,228],[228,3193,0,0,364],[185,2468,0,0,477],[477,2811,0,0,390],[390,3795,0,0,189],[189,979,0,0,143],[154,2246,0,0,271],[271,628,0,0,15],[15,3834,0,0,290],[423,1305,0,0,257],[257,2053,0,0,131],[131,2426,0,0,479],[103,2223,0,0,189],[189,792,0,0,392],[264,2421,0,0,364],[364,2271,0,0,283],[283,360,0,0,434],[434,2009,0,0,423],[348,3911,0,0,43],[43,2652,0,0,376],[376,3575,0,0,241],[241,1338,0,0,409],[372,3127,0,0,183],[183,3798,0,0,242],[242,3322,0,0,170],[489,2957,0,0,398],[398,2290,0,0,230],[230,427,0,0,44],[44,542,0,0,40],[236,473,0,0,436],[436,83,0,0,406],[81,2650,0,0,148],[148,2624,0,0,181],[181,1942,0,0,172],[172,3489,0,0,480],[311,1888,0,0,271],[271,347,0,0,212],[54,2917,0,0,71],[71,839,0,0,41],[41,582,0,0,208],[93,1199,0,0,95],[95,3316,0,0,134],[83,2934,0,0,190],[190,1205,0,0,313],[166,1909,0,0,308],[308,2527,0,0,228],[228,2233,0,0,175],[175,1459,0,0,346],[17,3559,0,0,226],[226,3517,0,0,191],[191,1854,0,0,201],[201,36,0,0,169],[13,2497,0,0,106],[106,1159,0,0,218],[218,3010,0,0,440],[268,3281,0,0,103],[103,3441,0,0,217],[217,2011,0,0,115],[284,778,0,0,204],[204,3222,0,0,228],[228,377,0,0,315],[315,2244,0,0,242],[289,3490,0,0,345],[345,920,0,0,363],[363,1510,0,0,241],[241,3681,0,0,68],[382,1993,0,0,132],[132,2956,0,0,92],[92,3920,0,0,419],[419,2181,0,0,314],[494,3658,0,0,331],[331,3067,0,0,50],[50,2980,0,0,128],[18,544,0,0,125],[125,3344,0,0,284],[284,3826,0,0,252],[186,429,0,0,86],[86,179,0,0,209],[221,3549,0,0,152],[152,2004,0,0,361],[322,2662,0,0,208],[208,107,0,0,123],[234,238,0,0,434],[434,600,0,0,380],[25,868,0,0,145],[145,2172,0,0,460],[460,3500,0,0,104],[104,3193,0,0,47],[272,3532,0,0,157],[157,1915,0,0,97],[162,2474,0,0,230],[230,603,0,0,297],[19,1829,0,0,42],[42,1593,0,0,336],[336,2355,0,0,141],[141,3827,0,0,9],[6,82,0,0,10],[10,530,0,0,180],[180,2513,0,0,169],[169,3533,0,0,334],[476,1300,0,0,319],[319,3534,0,0,461],[461,3450,0,0,117],[117,2270,0,0,320],[211,2937,0,0,189],[189,3718,0,0,275],[275,2248,0,0,461],[461,3555,0,0,309],[260,33,0,0,72],[72,2468,0,0,349],[149,1538,0,0,234],[234,875,0,0,24],[65,2734,0,0,365],[365,67,0,0,71],[71,778,0,0,29],[441,2239,0,0,279],[279,1401,0,0,221],[471,2206,0,0,95],[95,3360,0,0,120],[120,2879,0,0,252],[252,80,0,0,60],[474,1326,0,0,441],[441,484,0,0,371],[371,2658,0,0,28]];

SenderLabelReceiverNonOrderCriticalChains = [[1,108,51],[1,535,148],[1,535,444],[1,565,14],[1,565,187],[1,735,364],[1,983,207],[1,2525,201],[1,3050,6],[2,150,7],[2,150,128],[2,1035,89],[2,1035,493],[2,2110,449],[2,2209,421],[2,2209,151],[2,2977,388],[2,2977,393],[2,2977,239],[3,231,462],[3,291,5],[3,1539,103],[3,1991,323],[3,3136,143],[3,3136,175],[3,3604,417],[4,476,299],[4,476,16],[4,645,233],[4,2379,276],[4,2379,424],[4,3175,455],[4,3175,180],[4,3809,6],[5,188,8],[5,1769,399],[5,1769,118],[5,3155,97],[5,3299,471],[5,3996,92],[6,82,62],[6,82,307],[6,82,439],[6,82,10],[6,1094,146],[6,2557,17],[6,3101,261],[6,3409,155],[7,1260,20],[7,1260,384],[7,1338,409],[7,1338,422],[7,1338,341],[7,1602,336],[7,2189,201],[7,3650,308],[8,459,41],[8,650,11],[8,1997,172],[8,3597,81],[9,1101,367],[9,1101,94],[9,1838,200],[9,3965,19],[9,3974,327],[9,3974,393],[10,24,398],[10,530,180],[10,530,254],[10,910,273],[10,910,320],[10,1123,33],[10,1568,297],[10,2429,146],[11,427,44],[11,427,61],[11,994,12],[11,994,437],[11,994,209],[11,1597,488],[11,1597,197],[11,1597,54],[11,2435,180],[11,3558,95],[11,3558,229],[12,181,20],[12,181,86],[12,963,355],[12,963,415],[12,1295,490],[12,1295,176],[12,1386,83],[12,1386,303],[12,2101,478],[12,3558,95],[12,3558,229],[12,3666,274],[13,787,29],[13,1167,431],[13,1720,315],[13,2280,88],[13,2329,20],[13,2497,106],[13,2497,334],[13,3902,188],[14,895,256],[14,1054,347],[14,1291,195],[14,1291,329],[14,1525,192],[14,1547,468],[14,1547,150],[14,2641,213],[14,3053,34],[15,82,62],[15,82,307],[15,82,439],[15,82,10],[15,721,248],[15,1242,465],[15,1242,448],[15,2257,22],[15,3834,290],[15,3834,367],[16,368,63],[16,368,223],[16,368,327],[16,946,402],[16,2511,187],[16,2822,363],[16,2977,388],[16,2977,393],[16,2977,239],[16,3196,217],[16,3196,21],[17,1023,432],[17,1368,467],[17,1368,187],[17,1978,180],[17,3428,34],[17,3559,226],[18,132,16],[18,132,214],[18,544,125],[18,544,65],[18,589,257],[18,640,30],[18,640,437],[18,2568,60],[18,3612,138],[19,93,368],[19,179,209],[19,179,282],[19,1819,162],[19,1819,294],[19,1829,473],[19,1829,231],[19,1829,42],[19,3378,282],[19,3701,200],[19,3701,268],[19,3769,141],[20,676,434],[20,2164,379],[20,2243,33],[20,3773,53],[20,3773,149],[21,95,433],[21,524,46],[21,534,413],[21,2093,35],[21,2093,294],[21,2832,296],[21,2832,347],[21,3562,285],[21,3562,46],[22,800,27],[22,1811,270],[22,3572,325],[22,3658,263],[22,3658,331],[23,264,55],[23,1634,99],[23,2516,255],[23,3320,43],[24,153,218],[24,153,407],[24,668,399],[24,668,225],[24,1348,26],[24,1348,44],[24,1906,362],[24,3890,304],[24,3963,84],[25,743,246],[25,743,486],[25,868,145],[25,1955,47],[25,2562,459],[25,2592,47],[25,3308,39],[25,3308,238],[26,1214,400],[26,2042,29],[26,3460,305],[26,3790,157],[27,84,31],[27,834,82],[27,1321,446],[27,1321,329],[27,2486,114],[27,2512,152],[27,2512,245],[27,2512,345],[27,3094,420],[27,3627,352],[28,2982,480],[28,2982,83],[28,2982,483],[28,3345,39],[29,431,191],[29,1527,263],[29,1527,495],[29,1550,32],[29,3027,264],[29,3027,323],[30,965,466],[30,965,280],[30,1989,226],[30,2183,217],[30,3485,39],[31,1089,39],[31,1089,72],[31,1611,117],[31,1611,221],[31,3245,111],[31,3807,194],[32,601,380],[32,1264,175],[32,1894,426],[32,1894,41],[33,78,379],[33,1390,131],[33,2075,161],[33,3099,329],[33,3184,171],[33,3184,311],[34,383,399],[34,994,12],[34,994,437],[34,994,209],[34,1075,425],[34,2010,62],[34,3843,393],[34,3843,498],[34,3957,67],[34,3957,199],[35,683,168],[35,683,453],[35,1321,446],[35,1321,329],[35,1374,391],[35,1723,187],[35,2043,348],[35,2484,113],[35,2889,56],[35,2889,397],[36,849,324],[36,849,333],[36,1439,33],[36,1439,266],[36,1591,187],[36,1936,49],[36,2197,437],[36,2197,483],[36,2762,85],[36,3852,97],[36,3852,217],[37,674,70],[37,674,485],[37,952,110],[37,1338,409],[37,1338,422],[37,1338,341],[37,1582,50],[37,1582,254],[37,2821,494],[37,2977,388],[37,2977,393],[37,2977,239],[37,2984,199],[37,2984,106],[37,3942,358],[37,3942,368],[38,780,177],[38,833,28],[38,980,298],[38,2754,48],[38,2843,450],[38,2843,319],[38,3308,39],[38,3308,238],[39,1822,52],[39,3319,425],[39,3381,123],[40,171,171],[40,2008,260],[40,2008,276],[40,2415,43],[40,2582,489],[40,2582,336],[40,2582,458],[41,582,208],[41,727,490],[41,736,380],[41,1348,26],[41,1348,44],[41,3295,45],[42,25,461],[42,82,62],[42,82,307],[42,82,439],[42,82,10],[42,515,47],[42,700,292],[42,1087,94],[42,1087,424],[42,1593,336],[42,1593,73],[43,1558,62],[43,2652,360],[43,2652,376],[43,2835,473],[43,3259,4],[43,3259,50],[43,3971,63],[43,3971,81],[44,542,40],[44,542,377],[44,1017,69],[44,2675,65],[45,692,244],[45,1266,77],[45,1386,83],[45,1386,303],[45,1423,77],[45,1423,197],[45,2611,370],[45,3027,264],[45,3027,323],[46,443,58],[46,1417,125],[46,3189,457],[46,3224,117],[46,3747,328],[47,816,40],[47,1962,316],[47,1962,145],[47,2540,474],[47,2540,182],[48,61,194],[48,61,403],[48,805,127],[48,1393,176],[48,2509,211],[48,2509,491],[48,2997,252],[48,3573,55],[49,378,443],[49,542,40],[49,542,377],[49,646,223],[49,2354,205],[49,2627,50],[49,3411,342],[50,642,499],[50,642,139],[50,2980,128],[50,2985,121],[51,430,341],[51,435,264],[51,1597,488],[51,1597,197],[51,1597,54],[51,1884,335],[51,2232,264],[51,3023,57],[51,3569,367],[52,600,380],[52,600,441],[52,2138,297],[52,2303,56],[52,2428,445],[52,3594,57],[53,444,83],[53,977,63],[53,977,345],[53,1263,205],[53,1414,450],[53,1414,259],[53,3400,57],[54,368,63],[54,368,223],[54,368,327],[54,644,44],[54,653,157],[54,653,238],[54,1021,255],[54,1021,278],[54,1353,164],[54,1353,487],[54,2917,71],[55,739,175],[55,739,257],[55,2180,480],[55,2990,310],[55,3040,455],[55,3592,155],[55,3634,67],[56,499,453],[56,683,168],[56,683,453],[56,1832,375],[56,1832,387],[56,1832,398],[56,2040,408],[56,2040,73],[56,2465,339],[56,2465,86],[56,2465,457],[56,3267,153],[57,318,190],[57,318,74],[57,1046,117],[57,2267,32],[57,2267,74],[58,1250,266],[58,1250,48],[58,1259,332],[58,2053,131],[58,2053,144],[58,3750,252],[58,3750,280],[58,3750,306],[59,340,103],[59,1606,104],[59,1945,308],[59,2276,405],[59,2276,371],[59,2458,383],[59,2458,301],[59,3014,208],[60,544,125],[60,544,65],[60,1888,202],[60,1888,271],[60,3617,326],[60,3617,386],[60,3617,494],[61,3,64],[61,3,102],[61,1422,487],[61,1876,381],[61,1876,313],[61,3723,456],[61,3723,463],[61,3725,138],[61,3725,436],[61,3983,138],[62,2813,7],[62,2813,479],[62,2975,484],[62,3661,73],[63,408,98],[63,1863,252],[63,1863,196],[63,2640,286],[64,318,190],[64,318,74],[64,398,421],[64,1019,415],[64,1628,242],[64,2727,92],[64,2727,493],[64,2727,144],[64,3227,443],[65,404,401],[65,2734,365],[65,3677,285],[65,3888,95],[66,341,443],[66,1089,39],[66,1089,72],[66,1186,242],[66,1186,128],[66,1186,406],[66,1195,58],[66,2574,348],[66,2574,117],[66,3363,370],[66,3363,116],[67,225,1],[67,348,276],[67,2144,420],[67,3576,113],[68,631,481],[68,1533,273],[68,2119,96],[68,2688,407],[68,2688,448],[68,2793,159],[69,1575,70],[69,2798,9],[69,3492,398],[69,3720,420],[70,180,94],[70,2291,163],[70,3507,142],[70,3637,389],[71,778,204],[71,778,29],[71,778,359],[71,839,120],[71,839,41],[71,1327,425],[71,1327,84],[71,3120,407],[71,3120,195],[71,3120,366],[71,3450,117],[71,3450,131],[72,1260,20],[72,1260,384],[72,1861,88],[72,1861,436],[72,2419,80],[72,2419,223],[72,2468,477],[72,2468,349],[72,2528,218],[72,3936,225],[73,77,235],[73,77,118],[73,1806,205],[73,1806,484],[73,3649,128],[74,3,64],[74,3,102],[74,238,274],[74,238,434],[74,454,256],[74,1180,24],[74,3399,403],[74,3399,279],[74,3399,416],[74,3701,200],[74,3701,268],[75,130,454],[75,130,460],[75,407,82],[75,933,325],[75,933,356],[75,2015,374],[75,2465,339],[75,2465,86],[75,2465,457],[75,3197,388],[75,3989,230],[76,1656,125],[76,2016,92],[76,2648,120],[76,2843,450],[76,2843,319],[76,3431,399],[76,3431,208],[76,3503,382],[77,150,7],[77,150,128],[77,1744,455],[77,1744,475],[77,1935,5],[77,3399,403],[77,3399,279],[77,3399,416],[78,929,201],[78,929,312],[78,1471,185],[78,1471,136],[78,1649,52],[78,2109,392],[78,2109,490],[78,2454,330],[78,2454,2],[78,3061,269],[78,3763,80],[79,164,2],[79,164,372],[79,448,193],[79,453,209],[79,1297,101],[79,2735,405],[79,2735,304],[79,3199,436],[79,3475,135],[80,798,129],[80,798,402],[80,2891,134],[80,3814,89],[81,549,207],[81,549,330],[81,1152,153],[81,1152,239],[81,1963,90],[81,2650,355],[81,2650,148],[81,3173,433],[81,3173,49],[81,3328,283],[82,1037,90],[82,1037,410],[82,1234,151],[82,1234,216],[82,2049,159],[82,2117,194],[82,2514,4],[82,2857,246],[83,273,92],[83,273,475],[83,661,191],[83,1403,290],[83,2934,190],[83,3811,408],[83,3811,105],[84,166,99],[84,312,397],[84,312,218],[84,312,260],[84,1373,188],[84,1373,434],[84,3904,373],[85,212,264],[85,212,363],[85,1402,457],[85,1402,404],[85,1559,400],[85,1559,66],[85,1611,117],[85,1611,221],[85,3222,228],[85,3222,156],[85,3287,313],[85,3437,161],[85,3437,197],[86,179,209],[86,179,282],[86,1172,97],[86,1835,486],[86,2498,489],[87,380,287],[87,380,176],[87,691,94],[87,755,251],[87,755,356],[87,1491,459],[87,1491,210],[87,3526,336],[87,3631,235],[87,3681,31],[87,3681,68],[87,3681,310],[88,512,91],[88,1035,89],[88,1035,493],[88,1855,178],[88,2040,408],[88,2040,73],[88,3002,411],[89,950,406],[89,1427,96],[89,1443,428],[89,1753,23],[89,3259,4],[89,3259,50],[89,3599,422],[89,3599,446],[90,944,183],[90,972,196],[90,972,351],[90,1070,112],[90,3049,253],[90,3123,377],[91,739,175],[91,739,257],[91,1141,92],[91,1671,190],[91,2758,168],[92,1292,98],[92,1292,486],[92,3920,121],[92,3920,161],[92,3920,419],[93,1199,95],[93,2771,190],[93,3120,407],[93,3120,195],[93,3120,366],[93,3173,433],[93,3173,49],[94,2206,95],[94,2206,98],[94,2582,489],[94,2582,336],[94,2582,458],[95,2038,30],[95,3316,134],[95,3360,120],[96,641,119],[96,879,360],[96,879,159],[96,879,351],[96,2279,325],[96,2578,463],[96,2578,378],[96,3623,111],[96,3623,423],[97,2984,199],[97,2984,106],[97,3543,69],[97,3543,264],[97,3872,434],[97,3920,121],[97,3920,161],[97,3920,419],[98,2682,450],[98,2688,407],[98,2688,448],[99,307,396],[99,307,445],[99,1362,417],[99,1362,394],[99,1719,494],[99,1719,239],[99,2625,345],[100,518,426],[100,518,440],[100,1131,206],[100,1605,268],[100,3186,305],[100,3186,318],[100,3230,131],[100,3389,288],[100,3651,366],[100,3651,396],[101,1470,205],[101,1519,8],[101,1982,269],[101,2192,337],[101,3117,54],[101,3590,109],[101,3590,492],[102,1520,167],[102,1520,107],[102,1520,287],[102,2024,127],[102,3877,377],[102,3877,434],[102,3877,487],[102,3953,469],[103,2223,189],[103,2460,200],[103,3441,217],[104,1812,30],[104,1812,156],[104,3193,47],[104,3193,364],[104,3271,130],[104,3684,299],[105,839,120],[105,839,41],[105,2787,178],[105,3264,228],[105,3290,278],[105,3290,317],[106,1159,218],[106,2376,157],[106,2638,178],[106,2879,252],[106,2879,365],[106,2969,146],[106,3039,456],[107,88,260],[107,1194,408],[107,1194,419],[107,1794,139],[107,2454,330],[107,2454,2],[107,3427,275],[107,3528,333],[108,98,113],[108,277,418],[108,1658,129],[108,2293,392],[108,2293,192],[108,2596,474],[108,3005,225],[109,120,445],[109,1547,468],[109,1547,150],[109,1580,124],[109,2386,208],[109,3591,133],[109,3591,480],[110,2031,162],[110,3980,222],[110,3980,259],[111,460,492],[111,719,18],[111,759,114],[111,2107,497],[111,2107,66],[111,2396,77],[111,3850,70],[112,1488,184],[112,2137,144],[112,2314,178],[112,3742,154],[113,327,166],[113,327,203],[113,653,157],[113,653,238],[113,3084,209],[113,3321,263],[113,3980,222],[113,3980,259],[114,514,11],[114,514,267],[114,1812,30],[114,1812,156],[114,2727,92],[114,2727,493],[114,2727,144],[114,3538,313],[114,3759,154],[115,115,377],[115,137,458],[115,876,294],[115,2132,22],[115,2132,144],[115,3010,499],[115,3010,440],[115,3652,3],[116,53,185],[116,814,153],[116,814,175],[116,826,297],[116,879,360],[116,879,159],[116,879,351],[116,2457,154],[117,1152,153],[117,1152,239],[117,2270,494],[117,2270,320],[117,2348,138],[117,2348,181],[118,37,191],[118,306,65],[118,306,413],[118,772,140],[118,772,158],[118,925,474],[118,2804,202],[118,3494,237],[119,6,233],[119,6,319],[119,35,211],[119,35,254],[119,731,377],[119,1904,237],[119,1973,129],[119,3707,157],[120,1767,308],[120,1767,290],[120,2348,138],[120,2348,181],[120,2658,499],[120,2658,28],[120,2658,423],[120,2879,252],[120,2879,365],[121,375,404],[121,565,14],[121,565,187],[121,1987,464],[121,3620,217],[121,3620,409],[122,471,144],[122,1026,442],[122,1202,381],[122,1624,447],[122,3865,470],[122,3865,133],[122,3865,218],[123,132,16],[123,132,214],[123,1833,291],[123,1942,172],[123,1942,149],[123,2507,243],[124,1315,8],[124,1631,93],[124,1883,177],[124,1883,133],[124,2419,80],[124,2419,223],[124,2480,165],[124,2534,47],[125,1258,224],[125,1258,350],[125,1296,121],[125,1296,453],[125,3344,284],[125,3469,196],[125,3469,175],[126,133,445],[126,636,194],[126,636,460],[126,1024,301],[126,1120,98],[126,1120,382],[126,1294,222],[126,2035,453],[126,2401,279],[126,3469,196],[126,3469,175],[127,689,164],[127,777,416],[127,856,493],[127,3617,326],[127,3617,386],[127,3617,494],[128,819,296],[128,1434,250],[128,2381,230],[129,597,151],[129,1204,341],[129,1469,442],[130,594,439],[130,804,79],[130,1258,224],[130,1258,350],[130,1420,427],[130,1571,152],[130,1637,220],[130,3551,145],[131,1239,379],[131,2426,479],[131,2725,262],[131,2725,275],[132,1378,366],[132,1378,354],[132,1981,380],[132,2017,385],[132,2017,172],[132,2956,92],[132,2991,475],[132,2991,437],[132,3999,7],[133,388,38],[133,1171,206],[133,1171,11],[133,1603,135],[134,814,153],[134,814,175],[134,1125,305],[134,2938,138],[134,2938,452],[134,2938,332],[134,3195,280],[134,3395,28],[134,3738,242],[134,3738,420],[135,1184,353],[135,1186,242],[135,1186,128],[135,1186,406],[135,2470,150],[135,2826,150],[135,3725,138],[135,3725,436],[136,261,351],[136,311,237],[136,973,105],[136,1004,5],[136,1004,128],[136,1268,217],[136,2295,482],[137,429,86],[137,429,347],[137,466,291],[137,772,140],[137,772,158],[137,1234,151],[137,1234,216],[137,1962,316],[137,1962,145],[137,3156,167],[137,3748,226],[138,2717,400],[138,3431,399],[138,3431,208],[138,3811,408],[138,3811,105],[139,12,197],[139,1338,409],[139,1338,422],[139,1338,341],[139,1706,208],[139,2957,224],[139,2957,398],[139,3112,184],[139,3377,428],[139,3377,219],[140,247,347],[140,487,334],[140,948,496],[140,948,162],[140,1163,295],[140,2684,464],[140,2684,486],[140,2703,227],[140,2938,138],[140,2938,452],[140,2938,332],[141,363,235],[141,568,28],[141,1998,400],[141,1998,114],[141,1998,490],[141,3827,9],[142,1619,309],[142,1619,127],[142,1619,287],[142,1930,63],[142,2139,455],[142,2139,60],[142,3465,429],[143,458,167],[143,1518,396],[143,1518,239],[143,3642,388],[143,3744,464],[143,3744,271],[143,3869,233],[143,3937,321],[144,775,395],[144,775,8],[144,1776,337],[144,3527,211],[145,716,426],[145,1391,141],[145,2004,361],[145,2004,299],[145,2172,88],[145,2172,460],[145,2608,65],[146,368,63],[146,368,223],[146,368,327],[146,391,164],[146,995,251],[146,995,479],[146,2832,296],[146,2832,347],[147,526,335],[147,526,398],[147,846,241],[147,867,160],[147,1716,203],[147,1883,177],[147,1883,133],[147,2029,191],[147,2535,273],[147,2883,332],[148,1273,75],[148,1896,469],[148,1896,282],[148,2624,181],[148,2632,450],[148,2632,451],[148,2892,232],[149,327,166],[149,327,203],[149,1178,172],[149,1197,233],[149,1538,234],[149,3723,456],[149,3723,463],[150,255,236],[150,798,129],[150,798,402],[150,1460,395],[150,3821,206],[151,1044,91],[151,3479,293],[151,3531,361],[152,49,424],[152,1520,167],[152,1520,107],[152,1520,287],[152,2004,361],[152,2004,299],[152,2111,317],[152,3855,353],[153,1690,243],[153,1862,352],[153,2315,473],[153,2315,258],[153,3408,392],[154,1642,468],[154,1642,441],[154,1734,239],[154,2246,271],[154,3339,321],[155,282,198],[155,824,456],[155,1382,398],[155,3384,452],[155,3826,252],[155,3826,387],[156,1142,232],[156,1142,338],[156,1142,448],[156,1572,182],[156,2522,384],[156,2693,264],[156,3175,455],[156,3175,180],[157,1915,97],[158,113,84],[158,113,359],[158,385,168],[158,741,261],[158,741,458],[158,1255,160],[158,3132,335],[158,3211,279],[158,3211,270],[159,740,268],[159,869,125],[159,869,200],[159,2036,212],[160,422,238],[160,422,366],[160,1430,108],[160,2595,191],[160,2866,36],[161,1076,46],[161,2229,433],[162,1432,289],[162,1866,205],[162,2474,230],[163,561,467],[163,1493,330],[163,1966,366],[163,2797,328],[163,3333,493],[163,3804,308],[163,3815,207],[164,1777,493],[164,2067,122],[164,3006,499],[164,3006,412],[164,3032,169],[164,3107,360],[165,276,176],[165,276,498],[165,1086,176],[165,1296,121],[165,1296,453],[165,2026,468],[165,2026,216],[165,2093,35],[165,2093,294],[165,2784,169],[166,439,162],[166,1815,214],[166,1909,308],[166,2316,419],[166,2316,362],[166,2365,188],[166,2506,68],[166,3693,344],[166,3693,22],[166,3693,28],[167,979,143],[167,979,470],[167,1676,210],[167,1927,182],[167,2473,424],[167,3620,217],[167,3620,409],[168,1186,242],[168,1186,128],[168,1186,406],[168,1829,473],[168,1829,231],[168,1829,42],[168,1832,375],[168,1832,387],[168,1832,398],[168,1974,337],[168,2392,202],[168,2392,317],[169,96,129],[169,743,246],[169,743,486],[169,1523,174],[169,3533,334],[169,3533,368],[170,754,231],[170,768,70],[170,1291,195],[170,1291,329],[170,3312,443],[170,3375,352],[170,3788,199],[171,320,321],[171,320,209],[171,1240,71],[171,1240,327],[171,1240,367],[171,2949,348],[171,3186,305],[171,3186,318],[171,3489,480],[171,3489,348],[172,2167,297],[172,3489,480],[172,3489,348],[172,3712,421],[173,2,372],[173,2,483],[173,576,252],[173,576,272],[173,1334,255],[173,1425,255],[173,1615,214],[173,2674,308],[173,2880,374],[173,2880,198],[173,3750,252],[173,3750,280],[173,3750,306],[174,1135,452],[174,1305,227],[174,1305,257],[174,2106,483],[174,2106,324],[174,2902,247],[174,3268,363],[174,3737,269],[174,3758,330],[175,1459,346],[175,1459,361],[175,2251,362],[176,6,233],[176,6,319],[176,2880,374],[176,2880,198],[177,478,303],[177,899,192],[177,2739,229],[177,2739,464],[177,3580,339],[177,3782,196],[177,3782,266],[177,3852,97],[177,3852,217],[178,555,282],[178,840,184],[178,1185,188],[178,1996,224],[179,553,142],[179,660,204],[179,660,229],[179,1636,431],[179,1636,444],[179,1636,10],[179,1860,294],[179,2208,306],[179,2794,242],[179,3236,485],[179,3236,488],[179,3246,447],[180,331,327],[180,331,357],[180,521,371],[180,2490,348],[180,2513,169],[181,1684,349],[181,1942,172],[181,1942,149],[181,1990,305],[181,2088,324],[181,2145,281],[181,2145,399],[181,2836,213],[181,2836,230],[182,136,149],[182,136,225],[182,622,223],[182,1593,336],[182,1593,73],[182,2028,309],[182,3290,278],[182,3290,317],[183,1465,190],[183,1795,370],[183,1795,103],[183,1795,331],[183,2455,193],[183,3180,414],[183,3728,360],[183,3798,242],[183,3798,457],[184,262,486],[184,906,384],[184,1155,154],[184,1501,204],[184,3816,400],[185,1206,395],[185,1240,71],[185,1240,327],[185,1240,367],[185,2057,461],[185,2057,464],[185,2337,227],[185,2468,477],[185,2468,349],[185,3782,196],[185,3782,266],[186,153,218],[186,153,407],[186,429,86],[186,429,347],[186,1543,432],[186,1543,251],[186,1543,321],[186,1682,151],[186,2076,159],[186,3120,407],[186,3120,195],[186,3120,366],[186,3372,468],[186,3372,466],[187,52,203],[187,380,287],[187,380,176],[187,711,254],[188,1068,22],[188,2816,346],[189,792,392],[189,792,359],[189,979,143],[189,979,470],[189,3273,84],[189,3718,275],[189,3718,195],[190,1205,313],[190,1597,488],[190,1597,197],[190,1597,54],[190,3252,382],[191,1489,197],[191,1854,201],[192,660,204],[192,660,229],[192,1789,424],[192,1891,222],[192,2336,265],[193,1526,67],[193,2540,474],[193,2540,182],[193,2585,231],[193,3959,67],[193,3959,211],[194,97,124],[194,97,388],[194,3591,133],[194,3591,480],[194,3829,439],[195,554,387],[195,1319,375],[195,2716,361],[195,3330,73],[195,3330,236],[196,532,156],[196,3679,469],[196,3959,67],[196,3959,211],[197,1153,389],[197,3853,273],[198,962,196],[198,962,247],[198,1220,73],[198,1619,309],[198,1619,127],[198,1619,287],[198,3755,274],[198,3755,392],[198,3942,358],[198,3942,368],[199,182,350],[199,1801,232],[199,2692,288],[199,3948,474],[200,244,326],[200,596,131],[200,1095,107],[200,1095,210],[200,1303,235],[201,36,169],[201,1834,60],[201,1834,447],[201,2948,142],[201,3657,215],[202,337,338],[202,2564,44],[202,2678,212],[202,3690,485],[202,3792,445],[203,278,395],[203,463,390],[203,994,12],[203,994,437],[203,994,209],[203,3905,216],[204,1330,408],[204,1516,234],[204,1834,60],[204,1834,447],[204,2002,380],[204,2002,369],[204,3222,228],[204,3222,156],[205,2509,211],[205,2509,491],[205,2938,138],[205,2938,452],[205,2938,332],[206,1142,232],[206,1142,338],[206,1142,448],[206,1737,281],[206,1842,236],[206,1842,462],[206,1861,88],[206,1861,436],[206,3085,258],[206,3085,304],[207,1609,397],[207,1769,399],[207,1769,118],[207,1818,269],[207,3136,143],[207,3136,175],[208,107,123],[208,1413,314],[209,384,291],[209,1414,450],[209,1414,259],[209,1640,93],[210,77,235],[210,77,118],[210,493,356],[210,755,251],[210,755,356],[210,1520,167],[210,1520,107],[210,1520,287],[210,3687,91],[211,2267,32],[211,2267,74],[211,2823,237],[211,2937,189],[211,3031,452],[212,526,335],[212,526,398],[212,910,273],[212,910,320],[212,1629,488],[212,1629,53],[212,2448,207],[212,2448,357],[213,1,133],[213,569,104],[213,1537,338],[213,1693,311],[213,1693,214],[214,1176,216],[214,1176,378],[214,1651,396],[214,2060,419],[214,3651,366],[214,3651,396],[215,704,189],[215,704,155],[215,733,246],[215,1392,319],[215,2458,383],[215,2458,301],[215,2656,99],[215,3361,295],[215,3548,391],[216,403,220],[216,1607,298],[216,1850,304],[216,3523,430],[216,3523,112],[217,1919,351],[217,2011,115],[217,2011,23],[218,3010,499],[218,3010,440],[218,3364,23],[218,3520,112],[219,566,286],[219,1830,247],[219,1865,413],[219,2383,194],[219,2631,332],[219,2910,365],[219,2910,494],[219,2910,301],[219,3599,422],[219,3599,446],[220,372,192],[220,2355,141],[220,2355,254],[220,2898,170],[220,3607,151],[221,174,490],[221,271,270],[221,668,399],[221,668,225],[221,2200,91],[221,3549,152],[222,294,293],[222,2161,297],[222,2750,32],[222,2750,325],[222,2834,309],[222,3910,278],[224,101,239],[224,1739,378],[224,2869,388],[224,3196,217],[224,3196,21],[224,3775,263],[225,355,290],[225,1379,62],[225,2086,76],[225,2086,452],[225,2706,25],[226,2657,230],[226,3496,396],[226,3517,276],[226,3517,405],[226,3517,191],[226,3744,464],[226,3744,271],[227,1171,206],[227,1171,11],[227,2413,446],[227,2413,307],[227,3096,453],[227,3096,312],[227,3738,242],[227,3738,420],[228,377,315],[228,2233,175],[228,3193,47],[228,3193,364],[228,3359,365],[229,2582,489],[229,2582,336],[229,2582,458],[229,2836,213],[229,2836,230],[230,427,44],[230,427,61],[230,603,297],[230,603,386],[231,1224,353],[231,1236,500],[231,1288,436],[231,2512,152],[231,2512,245],[231,2512,345],[231,3369,246],[232,1215,344],[232,2910,365],[232,2910,494],[232,2910,301],[232,3818,450],[232,3877,377],[232,3877,434],[232,3877,487],[233,475,485],[233,850,243],[233,1021,255],[233,1021,278],[233,3437,161],[233,3437,197],[234,238,274],[234,238,434],[234,704,189],[234,704,155],[234,875,346],[234,875,24],[234,1113,78],[234,1280,96],[234,3142,238],[235,1475,87],[235,1553,198],[235,1564,244],[235,2400,282],[236,473,261],[236,473,436],[236,881,195],[236,1594,304],[236,3144,281],[237,872,343],[237,923,258],[237,1016,133],[237,2814,370],[238,1067,39],[238,1784,478],[238,1784,404],[238,3147,373],[238,3676,380],[239,199,268],[239,2761,253],[240,465,419],[240,964,300],[240,1320,323],[240,2748,286],[240,3750,252],[240,3750,280],[240,3750,306],[240,3843,393],[240,3843,498],[240,3903,136],[240,3903,432],[241,312,397],[241,312,218],[241,312,260],[241,1338,409],[241,1338,422],[241,1338,341],[241,2471,328],[241,3681,31],[241,3681,68],[241,3681,310],[242,928,255],[242,928,479],[242,3322,170],[243,2109,392],[243,2109,490],[243,2147,437],[243,2579,110],[243,3919,64],[244,342,442],[244,1559,400],[244,1559,66],[244,1921,356],[244,2447,282],[244,3447,292],[245,157,9],[245,395,329],[245,1839,414],[245,1839,346],[245,1839,424],[245,2918,262],[246,1013,266],[246,2427,312],[246,3656,381],[247,742,249],[247,742,439],[247,951,297],[247,975,389],[247,975,475],[247,2875,393],[248,87,483],[248,844,135],[248,844,464],[248,1423,77],[248,1423,197],[248,2002,380],[248,2002,369],[248,2347,473],[248,2367,298],[248,3611,445],[248,3611,271],[249,581,351],[249,1130,292],[249,2732,229],[249,2737,422],[249,2871,437],[249,3194,212],[249,3669,453],[250,859,420],[250,1638,101],[250,2091,165],[250,2091,347],[250,2936,375],[250,3825,254],[251,122,359],[251,1216,489],[251,1216,298],[251,2728,220],[251,3793,161],[252,80,60],[252,80,384],[252,2422,300],[252,2422,452],[253,741,261],[253,741,458],[253,1244,397],[253,1657,402],[253,2968,366],[254,129,25],[254,129,277],[255,284,349],[256,1353,164],[256,1353,487],[256,2351,340],[256,2847,426],[256,3242,80],[256,3242,335],[257,891,80],[257,891,498],[257,1958,366],[257,2053,131],[257,2053,144],[257,2382,263],[257,3889,430],[258,2349,378],[258,3899,162],[258,3918,309],[259,473,261],[259,473,436],[259,1039,465],[259,1039,462],[259,1636,431],[259,1636,444],[259,1636,10],[259,2197,437],[259,2197,483],[259,2269,409],[259,2746,285],[260,33,72],[260,2588,471],[260,2767,317],[260,2861,437],[260,3184,171],[260,3184,311],[261,619,408],[261,619,493],[261,619,416],[261,2711,57],[262,35,211],[262,35,254],[262,1998,400],[262,1998,114],[262,1998,490],[262,2796,399],[262,3242,80],[262,3242,335],[262,3540,324],[263,3623,111],[263,3623,423],[264,2421,364],[264,3856,404],[265,94,467],[265,138,404],[265,138,410],[265,138,377],[265,701,405],[265,1439,33],[265,1439,266],[265,2059,99],[265,2059,380],[265,3555,309],[265,3555,303],[265,3892,445],[266,1438,340],[266,1438,428],[266,1438,320],[266,2878,3],[266,3131,410],[266,3600,339],[267,178,284],[267,576,252],[267,576,272],[267,1057,356],[267,1653,59],[267,2792,250],[267,3562,285],[267,3562,46],[268,299,270],[268,808,377],[268,3281,103],[269,1752,57],[269,2739,229],[269,2739,464],[269,3266,331],[269,3297,409],[270,972,196],[270,972,351],[270,1142,232],[270,1142,338],[270,1142,448],[270,2209,421],[270,2209,151],[270,2893,441],[271,347,212],[271,347,447],[271,628,15],[271,695,278],[271,3108,477],[272,549,207],[272,549,330],[272,849,324],[272,849,333],[272,865,349],[272,1839,414],[272,1839,346],[272,1839,424],[272,3532,157],[272,3865,470],[272,3865,133],[272,3865,218],[273,1950,358],[273,2191,289],[273,2445,291],[273,3659,32],[274,879,360],[274,879,159],[274,879,351],[274,1061,324],[274,1107,456],[274,3143,358],[275,2,372],[275,2,483],[275,725,245],[275,2248,461],[275,3110,354],[276,1004,5],[276,1004,128],[276,1340,326],[276,2392,202],[276,2392,317],[276,3768,445],[277,694,321],[277,1438,340],[277,1438,428],[277,1438,320],[277,1514,110],[277,1514,495],[277,1514,442],[277,1767,308],[277,1767,290],[277,2933,482],[278,320,321],[278,320,209],[278,1688,403],[278,3502,449],[279,1336,412],[279,1401,330],[279,1401,221],[279,3294,109],[279,3296,354],[280,82,62],[280,82,307],[280,82,439],[280,82,10],[280,1685,359],[280,2413,446],[280,2413,307],[280,2820,253],[280,3870,285],[281,155,485],[281,2174,385],[281,2409,439],[281,2483,304],[281,3519,353],[282,344,32],[282,2698,342],[283,322,314],[283,360,434],[283,1780,286],[283,2054,375],[283,2800,388],[283,3486,433],[284,128,294],[284,778,204],[284,778,29],[284,778,359],[284,2432,355],[284,2432,383],[284,2432,300],[284,2667,380],[284,3327,469],[284,3826,252],[284,3826,387],[285,268,391],[285,469,291],[285,523,479],[286,1378,366],[286,1378,354],[286,3211,279],[286,3211,270],[286,3867,197],[286,3867,485],[287,39,148],[287,1350,263],[287,1372,255],[287,2663,356],[287,3090,357],[288,56,498],[288,71,451],[288,298,456],[288,298,500],[288,2059,99],[288,2059,380],[288,3305,102],[288,3332,315],[289,496,393],[289,1401,330],[289,1401,221],[289,2131,481],[289,2133,309],[289,3490,345],[290,1424,428],[290,2203,312],[290,3366,390],[290,3755,274],[290,3755,392],[291,697,374],[291,697,413],[291,1001,295],[292,313,450],[292,636,194],[292,636,460],[292,933,325],[292,933,356],[292,2350,226],[292,2350,471],[292,2350,441],[292,2589,356],[293,929,201],[293,929,312],[293,1190,123],[293,1868,361],[293,2302,431],[293,3537,254],[293,3537,433],[293,3874,453],[294,347,212],[294,347,447],[294,3718,275],[294,3718,195],[295,514,11],[295,514,267],[295,1939,376],[295,2550,485],[295,3314,348],[295,3606,302],[296,317,402],[296,1194,408],[296,1194,419],[296,2999,341],[296,3013,464],[296,3806,355],[297,1619,309],[297,1619,127],[297,1619,287],[298,1183,341],[298,2160,316],[298,2224,141],[298,2324,352],[299,1031,426],[299,1491,459],[299,1491,210],[299,3029,426],[299,3568,356],[300,181,20],[300,181,86],[300,2915,471],[300,3236,485],[300,3236,488],[301,1007,337],[301,1623,387],[301,2366,385],[301,2646,6],[302,147,345],[302,1768,345],[302,1957,368],[302,2057,461],[302,2057,464],[302,2712,489],[302,3310,468],[303,847,339],[303,1490,410],[303,1733,340],[303,2073,370],[304,1543,432],[304,1543,251],[304,1543,321],[304,2156,157],[305,981,405],[305,1828,319],[305,1969,433],[305,2005,379],[306,423,344],[306,1005,358],[306,1145,339],[306,2026,468],[306,2026,216],[306,2086,76],[306,2086,452],[306,2998,491],[306,2998,18],[307,138,404],[307,138,410],[307,138,377],[307,778,204],[307,778,29],[307,778,359],[307,1458,369],[307,1916,278],[307,1916,359],[307,3841,369],[308,1515,50],[308,2527,228],[309,3275,406],[309,3506,499],[310,697,374],[310,697,413],[310,1322,40],[310,1371,59],[310,1896,469],[310,1896,282],[310,3473,373],[311,290,418],[311,518,426],[311,518,440],[311,540,495],[311,1888,202],[311,1888,271],[312,732,442],[312,2828,412],[313,164,2],[313,164,372],[313,603,297],[313,603,386],[313,1223,321],[313,3225,116],[314,130,454],[314,130,460],[314,419,339],[314,419,341],[314,640,30],[314,640,437],[314,2533,382],[314,3585,344],[315,369,365],[315,476,299],[315,476,16],[315,2244,242],[315,3342,58],[316,124,367],[316,729,424],[316,2310,227],[316,2607,482],[316,3647,310],[317,845,449],[317,3219,341],[317,3285,495],[318,287,350],[318,1235,403],[318,1308,451],[318,1396,465],[318,1431,23],[318,1588,346],[318,2440,365],[319,963,355],[319,963,415],[319,1900,17],[319,3534,461],[319,3534,496],[320,917,244],[320,1139,274],[320,1139,475],[320,1292,98],[320,1292,486],[320,1543,432],[320,1543,251],[320,1543,321],[321,784,17],[321,2172,88],[321,2172,460],[322,1156,349],[322,1821,362],[322,2316,419],[322,2316,362],[322,2431,463],[322,2662,208],[322,2922,456],[323,361,421],[323,1944,440],[323,2204,312],[323,3885,419],[324,891,80],[324,891,498],[324,1176,216],[324,1176,378],[324,3543,69],[324,3543,264],[325,162,172],[325,422,238],[325,422,366],[325,1839,414],[325,1839,346],[325,1839,424],[326,212,264],[326,212,363],[326,1188,490],[326,3564,193],[326,3988,203],[327,480,487],[327,1693,311],[327,1693,214],[327,2632,450],[327,2632,451],[327,3887,328],[328,274,420],[328,425,431],[328,2281,9],[329,100,228],[329,1999,311],[329,2064,58],[329,3957,67],[329,3957,199],[330,119,45],[330,1795,370],[330,1795,103],[330,1795,331],[330,3645,322],[331,619,408],[331,619,493],[331,619,416],[331,880,492],[331,880,413],[331,2812,416],[331,3067,50],[332,1241,95],[332,1542,325],[332,1542,486],[332,1595,397],[332,3203,407],[333,838,435],[333,1022,61],[333,1048,26],[333,2512,152],[333,2512,245],[333,2512,345],[333,2650,355],[333,2650,148],[334,844,135],[334,844,464],[334,977,63],[334,977,345],[334,3182,122],[335,17,441],[335,1416,482],[335,2293,392],[335,2293,192],[335,2695,499],[336,1820,94],[336,2355,141],[336,2355,254],[336,2559,90],[336,3624,112],[337,116,26],[337,792,392],[337,792,359],[337,1954,127],[337,2238,454],[338,1863,252],[338,1863,196],[338,2326,497],[338,2697,317],[338,2697,213],[338,3664,256],[338,3693,344],[338,3693,22],[338,3693,28],[339,817,385],[339,2583,358],[340,783,427],[340,1037,90],[340,1037,410],[340,2139,455],[340,2139,60],[340,2258,296],[340,3079,63],[341,1892,4],[342,113,84],[342,113,359],[342,1165,474],[342,1518,396],[342,1518,239],[342,1726,171],[342,2725,262],[342,2725,275],[343,331,327],[343,331,357],[343,1459,346],[343,1459,361],[343,2375,472],[343,2998,491],[343,2998,18],[343,3424,405],[343,3474,495],[343,3616,482],[344,2176,419],[344,3560,328],[344,3805,109],[345,920,363],[345,920,480],[345,1455,2],[346,1694,102],[346,2578,463],[346,2578,378],[346,3390,251],[347,267,475],[347,875,346],[347,875,24],[348,1084,199],[348,3911,43],[349,1402,457],[349,1402,404],[349,3772,108],[350,3218,467],[350,3546,193],[350,3835,122],[350,3835,137],[351,914,442],[351,3691,476],[352,535,148],[352,535,444],[352,1252,334],[352,2254,53],[352,3917,323],[353,169,438],[353,742,249],[353,742,439],[353,822,326],[354,643,394],[354,1101,367],[354,1101,94],[354,2350,226],[354,2350,471],[354,2350,441],[354,2497,106],[354,2497,334],[355,2727,92],[355,2727,493],[355,2727,144],[355,2962,409],[357,1144,451],[357,2100,431],[357,2476,389],[358,138,404],[358,138,410],[358,138,377],[358,482,430],[358,2184,391],[359,1438,340],[359,1438,428],[359,1438,320],[359,2930,401],[360,298,456],[360,298,500],[360,968,229],[360,1444,444],[360,2757,456],[361,160,44],[361,160,394],[361,160,388],[361,3111,98],[362,1362,417],[362,1362,394],[362,1373,188],[362,1373,434],[362,2220,431],[363,1510,241],[363,2320,258],[363,2423,28],[363,3377,428],[363,3377,219],[364,1117,452],[364,2271,283],[364,2422,300],[364,2422,452],[364,2432,355],[364,2432,383],[364,2432,300],[364,2896,454],[365,67,71],[366,235,31],[367,160,44],[367,160,394],[367,160,388],[367,2410,416],[367,2410,435],[368,1719,494],[368,1719,239],[368,1908,301],[368,2965,440],[368,3343,407],[369,635,371],[369,959,495],[369,1095,107],[369,1095,210],[369,1897,476],[369,2862,476],[370,1494,105],[370,3715,77],[370,3940,311],[371,2465,339],[371,2465,86],[371,2465,457],[371,2658,499],[371,2658,28],[371,2658,423],[372,207,299],[372,236,500],[372,1355,440],[372,3127,183],[372,3914,104],[373,1274,378],[373,1329,429],[373,1876,381],[373,1876,313],[373,3571,243],[373,3571,289],[373,3990,316],[374,1240,71],[374,1240,327],[374,1240,367],[374,1360,435],[374,3835,122],[374,3835,137],[374,3920,121],[374,3920,161],[374,3920,419],[375,307,396],[375,307,445],[375,3397,26],[375,3397,20],[376,306,65],[376,306,413],[376,619,408],[376,619,493],[376,619,416],[376,659,388],[376,1139,274],[376,1139,475],[376,3575,241],[377,2009,121],[377,2009,423],[378,976,438],[378,3654,421],[378,3698,463],[379,1471,185],[379,1471,136],[379,1795,370],[379,1795,103],[379,1795,331],[379,1998,400],[379,1998,114],[379,1998,490],[381,303,29],[381,1193,491],[381,1895,186],[381,2628,355],[381,2697,317],[381,2697,213],[382,574,498],[382,1993,132],[382,3326,447],[382,3537,254],[382,3537,433],[383,1542,325],[383,1542,486],[383,2285,115],[383,2653,489],[383,2752,447],[383,2913,384],[384,1784,478],[384,1784,404],[384,2150,450],[385,40,294],[385,40,487],[385,1514,110],[385,1514,495],[385,1514,442],[385,2619,52],[385,2750,32],[385,2750,325],[386,30,412],[386,1468,394],[386,1621,406],[386,2571,454],[386,3879,488],[387,1087,94],[387,1087,424],[387,1870,496],[387,3091,161],[387,3399,403],[387,3399,279],[387,3399,416],[389,1368,467],[389,1368,187],[389,2508,425],[389,3198,454],[390,2801,438],[390,3232,300],[390,3590,109],[390,3590,492],[390,3795,98],[390,3795,189],[391,2278,453],[391,2864,493],[391,3903,136],[391,3903,432],[391,3974,327],[391,3974,393],[392,1573,80],[392,3206,472],[392,3523,430],[392,3523,112],[393,329,432],[393,1242,465],[393,1242,448],[393,2889,56],[393,2889,397],[394,227,438],[394,2017,385],[394,2017,172],[394,2330,479],[394,3098,499],[395,642,499],[395,642,139],[395,2105,492],[395,2136,412],[395,3867,197],[395,3867,485],[396,184,440],[396,184,401],[396,2658,499],[396,2658,28],[396,2658,423],[396,3208,105],[397,1011,142],[397,1327,425],[397,1327,84],[397,3363,370],[397,3363,116],[398,160,44],[398,160,394],[398,160,388],[398,2290,230],[399,2946,253],[399,3770,150],[400,2982,480],[400,2982,83],[400,2982,483],[400,3517,276],[400,3517,405],[400,3517,191],[400,3886,411],[401,91,414],[401,3223,473],[401,3330,73],[401,3330,236],[401,3508,315],[401,3611,445],[401,3611,271],[402,273,92],[402,273,475],[402,548,411],[402,548,413],[402,3924,286],[402,3924,361],[403,312,397],[403,312,218],[403,312,260],[403,975,389],[403,975,475],[403,2574,348],[403,2574,117],[403,3434,418],[404,276,176],[404,276,498],[404,505,258],[404,605,354],[405,1514,110],[405,1514,495],[405,1514,442],[405,3877,377],[405,3877,434],[405,3877,487],[406,1082,30],[406,3072,462],[407,2237,188],[407,2410,416],[407,2410,435],[408,2994,158],[409,3484,312],[409,3617,326],[409,3617,386],[409,3617,494],[410,966,427],[410,2149,427],[410,2307,427],[411,583,414],[411,995,251],[411,995,479],[411,1636,431],[411,1636,444],[411,1636,10],[411,1675,153],[411,1675,350],[411,2039,491],[412,1115,384],[412,1894,426],[412,1894,41],[412,2652,360],[412,2652,376],[413,3365,475],[414,623,458],[414,1956,448],[414,2037,477],[414,2106,483],[414,2106,324],[415,13,444],[415,145,416],[415,606,421],[415,1295,490],[415,1295,176],[415,3799,444],[415,3799,431],[416,1189,489],[416,2684,464],[416,2684,486],[417,1587,429],[417,2602,498],[417,2622,473],[417,3798,242],[417,3798,457],[417,3971,63],[417,3971,81],[418,40,294],[418,40,487],[418,54,110],[418,54,188],[418,1549,472],[418,2008,260],[418,2008,276],[419,2181,314],[420,353,62],[420,483,103],[421,3799,444],[421,3799,431],[422,365,42],[422,2044,94],[422,2379,276],[422,2379,424],[422,3397,26],[422,3397,20],[422,3842,38],[423,134,303],[423,1305,227],[423,1305,257],[423,1359,469],[423,1806,205],[423,1806,484],[423,3985,490],[424,1589,261],[425,323,60],[425,2991,475],[425,2991,437],[425,3302,205],[426,1452,460],[426,1751,459],[427,184,440],[427,184,401],[427,258,93],[427,3776,261],[428,803,157],[428,2802,492],[428,3608,246],[429,412,459],[429,1601,459],[429,1655,159],[429,2526,459],[429,2947,351],[430,144,256],[430,2813,7],[430,2813,479],[430,3732,68],[430,3986,443],[431,1582,50],[431,1582,254],[432,1062,371],[432,2107,497],[432,2107,66],[432,3096,453],[432,3096,312],[432,3884,232],[433,1366,357],[433,3517,276],[433,3517,405],[433,3517,191],[434,600,380],[434,600,441],[434,2009,121],[434,2009,423],[435,227,438],[435,674,70],[435,674,485],[435,1451,495],[435,2518,466],[435,3025,110],[436,83,406],[436,2304,15],[436,2598,176],[437,432,223],[438,1713,245],[438,3932,76],[438,3935,267],[439,1039,465],[439,1039,462],[439,1842,236],[439,1842,462],[439,3372,468],[439,3372,466],[440,572,342],[440,3464,448],[441,484,371],[441,2239,279],[442,110,160],[443,874,469],[443,3472,417],[444,1511,277],[444,2926,471],[446,254,475],[446,1744,455],[446,1744,475],[446,2072,375],[446,2810,465],[447,1250,266],[447,1250,48],[447,3056,221],[448,474,69],[448,2853,463],[449,548,411],[449,548,413],[449,1527,263],[449,1527,495],[449,1898,357],[449,2944,100],[450,3458,40],[451,2729,413],[451,3038,487],[452,1270,262],[454,810,93],[454,2315,473],[454,2315,258],[455,419,339],[455,419,341],[455,3795,98],[455,3795,189],[456,3760,245],[457,519,362],[457,965,466],[457,965,280],[457,1829,473],[457,1829,231],[457,1829,42],[457,2276,405],[457,2276,371],[458,424,13],[458,530,180],[458,530,254],[458,2011,115],[458,2011,23],[459,154,460],[460,159,261],[460,3500,104],[461,2867,213],[461,2884,21],[461,3450,117],[461,3450,131],[461,3555,309],[461,3555,303],[462,61,194],[462,61,403],[462,1819,162],[462,1819,294],[462,2553,102],[463,559,460],[463,920,363],[463,920,480],[465,1845,486],[465,2487,367],[465,3386,123],[465,3865,470],[465,3865,133],[465,3865,218],[466,1503,455],[466,2047,472],[466,2124,408],[466,2735,405],[466,2735,304],[467,406,223],[467,2006,132],[467,3085,258],[467,3085,304],[467,3646,69],[468,2919,119],[468,3693,344],[468,3693,22],[468,3693,28],[469,2299,386],[470,396,494],[470,1216,489],[470,1216,298],[470,1578,463],[470,2270,494],[470,2270,320],[470,3291,500],[471,1642,468],[471,1642,441],[471,2206,95],[471,2206,98],[472,1675,153],[472,1675,350],[472,2448,207],[472,2448,357],[472,3534,461],[472,3534,496],[473,3924,286],[473,3924,361],[474,54,110],[474,54,188],[474,55,331],[474,1326,441],[476,948,496],[476,948,162],[476,1100,161],[476,1300,319],[476,2982,480],[476,2982,83],[476,2982,483],[477,97,124],[477,97,388],[477,346,247],[477,1127,496],[477,2811,390],[478,129,25],[478,129,277],[478,928,255],[478,928,479],[478,1476,498],[478,2368,236],[478,3006,499],[478,3006,412],[479,2322,488],[480,726,487],[480,2247,333],[480,3800,500],[481,308,268],[481,2091,165],[481,2091,347],[481,2230,255],[481,3077,229],[481,3166,31],[481,3773,53],[481,3773,149],[482,869,125],[482,869,200],[482,2910,365],[482,2910,494],[482,2910,301],[483,2145,281],[483,2145,399],[483,2529,110],[484,111,494],[484,136,149],[484,136,225],[484,1644,489],[484,1832,375],[484,1832,387],[484,1832,398],[484,2370,418],[485,3514,86],[486,2262,372],[487,2240,129],[488,80,60],[488,80,384],[488,880,492],[488,880,413],[489,2957,224],[489,2957,398],[491,962,196],[491,962,247],[491,2432,355],[491,2432,383],[491,2432,300],[491,3593,116],[492,775,395],[492,775,8],[492,1129,496],[493,1878,451],[494,3658,263],[494,3658,331],[495,214,240],[496,1629,488],[496,1629,53],[496,2350,226],[496,2350,471],[496,2350,441],[496,3318,146],[497,1120,98],[497,1120,382],[497,1916,278],[497,1916,359],[497,2081,469],[497,3008,490],[497,3571,243],[497,3571,289],[500,2132,22],[500,2132,144],[500,2194,223]];

jitters = [100000,20000,10000,100000,10000,100000,20000,10000,2000,100000,10000,10000,10000,100000,20000,100000,100000,10000,2000,10000,100000,20000,100000,10000,5000,10000,20000,20000,10000,20000,20000,10000,10000,100000,100000,20000,100000,10000,20000,100000,10000,2000,100000,100000,50000,20000,5000,10000,20000,100000,20000,20000,10000,10000,10000,100000,20000,20000,20000,10000,10000,100000,10000,10000,10000,10000,20000,100000,100000,100000,10000,10000,100000,20000,20000,10000,50000,100000,1000,100000,10000,20000,10000,10000,10000,100000,2000,10000,20000,20000,10000,10000,10000,2000,10000,20000,10000,10000,20000,10000,1000,20000,20000,5000,10000,10000,10000,20000,1000,100000,20000,20000,20000,20000,20000,20000,20000,20000,20000,10000,100000,20000,10000,1000,10000,20000,100000,100000,20000,5000,10000,10000,1000,10000,1000,20000,100000,10000,100000,100000,2000,20000,20000,20000,5000,100000,100000,10000,10000,1000,20000,20000,20000,20000,10000,10000,10000,20000,20000,10000,10000,100000,100000,100000,20000,10000,20000,20000,100000,10000,100000,10000,10000,100000,10000,20000,50000,10000,10000,100000,10000,20000,10000,10000,20000,100000,100000,10000,20000,10000,100000,50000,1000,20000,100000,20000,100000,10000,10000,2000,100000,20000,100000,10000,100000,1000,100000,10000,100000,2000,20000,20000,10000,10000,100000,100000,20000,10000,100000,100000,20000,20000,20000,10000,20000,100000,100000,10000,50000,100000,1000,10000,20000,10000,2000,1000,20000,10000,20000,10000,100000,10000,20000,2000,1000,20000,100000,20000,100000,100000,20000,10000,100000,100000,10000,20000,10000,20000,100000,10000,100000,10000,10000,10000,50000,50000,10000,20000,100000,20000,20000,10000,100000,10000,20000,20000,20000,20000,20000,20000,1000,2000,10000,10000,100000,10000,2000,10000,100000,20000,100000,2000,20000,10000,100000,100000,100000,20000,5000,10000,20000,100000,50000,1000,10000,10000,20000,10000,20000,10000,20000,20000,10000,10000,10000,20000,20000,10000,20000,20000,20000,10000,10000,10000,20000,20000,100000,100000,10000,100000,100000,100000,100000,100000,20000,2000,20000,1000,50000,50000,20000,20000,20000,10000,100000,10000,100000,100000,10000,10000,20000,20000,1000,20000,100000,2000,2000,10000,20000,10000,20000,10000,100000,10000,10000,10000,20000,100000,20000,50000,20000,10000,10000,20000,20000,100000,20000,10000,10000,10000,20000,10000,10000,10000,1000,20000,20000,20000,100000,20000,100000,20000,100000,20000,20000,20000,100000,100000,10000,10000,20000,100000,20000,10000,10000,1000,100000,10000,100000,50000,10000,20000,100000,20000,10000,100000,20000,20000,10000,100000,10000,100000,10000,20000,100000,5000,50000,20000,5000,10000,10000,100000,10000,10000,20000,1000,100000,20000,1000,10000,20000,20000,10000,10000,20000,100000,10000,10000,20000,10000,10000,10000,100000,20000,50000,10000,20000,20000,5000,5000,20000,1000,10000,100000,100000,1000,100000,100000,10000,100000,10000,20000,20000,20000,100000,20000,20000,10000,10000,10000,100000,20000,20000,100000,20000,100000,10000,20000,100000,10000,10000,20000,100000,100000,20000,20000,100000,10000,20000,10000];

