NumChains = 50;
NumResources = 3;
NumRunnablesInChains = 263;
MemoryBoundOnResource = 1048576;
UtilizationBoundOnResource = 100;

numberOfTasksinChain = [7,13,7,9,9,7,9,7,13,7,9,9,11,9,9,13,13,13,9,11,7,9,11,9,11,9,13,7,7,11,13,13,13,13,11,7,11,7,7,7,7,9,9,7,9,11,9,7,7,11];

runnablesInChains = [426,106,112,80,68,365,44,306,78,97,487,243,108,437,74,130,85,81,265,52,64,425,366,299,151,261,470,479,386,217,273,145,55,279,102,368,239,62,299,152,197,414,151,224,100,192,132,369,241,461,26,253,187,413,248,356,37,314,417,103,476,489,467,371,43,107,303,65,43,52,148,345,87,212,417,110,121,66,393,344,394,78,387,240,107,476,101,12,147,147,134,430,220,162,349,245,420,232,274,380,50,175,156,235,237,25,456,252,236,364,254,304,36,430,286,20,85,284,330,103,176,4,110,44,452,182,490,95,13,363,454,146,500,424,215,24,469,86,36,469,180,254,159,81,281,325,13,278,182,438,328,402,154,468,72,163,424,290,220,107,432,295,168,129,476,313,217,35,357,18,149,453,484,391,453,464,75,388,352,446,14,371,235,381,22,180,290,342,70,78,150,40,454,150,298,244,234,216,469,133,398,225,237,493,232,327,120,109,181,38,163,9,30,2,62,266,9,305,218,397,55,17,58,316,121,347,500,205,96,44,185,399,488,61,42,417,347,13,380,32,327,34,382,223,248,87,26,296,347,188,468,443,129,405,3,435,91,303,318,443,304,33,83];

ProcessingTimesOfMessages = [[1,1,1,1,1,1],[1,1,1,1,1,1,1,1],[1,1,1,1,1,1,1,1,1,1],[1,1,1,1],[1,1,1,1,1,1],[1,1,1,1,1,1,1],[1,1,1,1,1,1,1,1,1],[1,1,1,1,1,1,1,1],[1,1,1,1,1],[1,1,1,1,1,1,1,1,1,1],[1,1,1,1,1,1,1,1,1,1,1,1,1],[1,1,1,1,1,1],[1,1,1,1,1,1],[1,1,1,1,1,1,1,1],[1,1,1,1,1,1,1,1],[1,1,1,1,1,1,1,1,1,1,1,1,1,1],[1,1,1,1],[1,1,1,1,1],[1,1,1,1,1,1,1,1,1],[1,1,1,1,1,1,1,1],[1,1,1,1,1],[1,1,1,1,1,1],[1,1,1,1,1,1,1],[1,1,1,1,1,1],[1,1,1,1,1,1,1,1],[1,1,1,1],[1,1,1,1,1,1,1],[1,1,1,1,1,1,1,1],[1,1,1,1,1,1,1],[1,1,1,1,1,1,1],[1,1,1,1,1,1,1,1,1],[1,1,1,1,1,1,1,1,1],[1,1,1,1,1,1,1,1],[1,1,1,1,1,1,1,1,1],[2,2,2,1,1,1,1,1],[1,1,1,1,1,1,1,1],[1,1,1,1,1,1,1],[1,1,1,1,1],[1,1,1,1,1,1,1,1],[1,1,1,1,1,1],[1,1,1,1,1,1,1,1,1],[1,1,1,1,1,1,1,1,1],[1,1,1,1,1,1,1,1,1],[1,1,1,1,1,1,1],[1,1,1,1,1,1,1,1,1,1],[1,1,1,1,1,1],[1,1,1,1,1,1,1,1,1,1],[1,1,1,1,1,1,1,1],[1,1,1,1,1,1],[1,1,1,1],[1,1,1,1,1,1],[1,1,1],[1,1,1,1,2,1,1,1],[1,1,1,1,1,1],[1,1,1,1,1,1],[1,1,1,1,1,1,1],[1,2,2,2,1,1,1],[1,1,1,1,1,1,1,1],[2,2,2,1,1,1,1],[1,1,1,1,1,1,1],[1,1,1,1,1,1,1,1],[1,1,1,1,1],[1,1,1,1,1,1],[1,1,1,1,1,1,1,1,1,1,1],[1,1,1,1,1,1,1],[1,1,1,1,1,1,1,1],[1,1,1,1,1,1,1],[1,1,1,1,1,1,1],[1,1,1,1,1],[2,1,1,1,1,1],[1,1,1,1,1,1,1,1,1,1,1,1,1],[1,1,1,1,1,1,1,1],[1,1,1,1,1,1,1],[1,1,1,1,1,1],[1,1,1,1,1],[2,1,1,1,1,1,1,1,1,1,1],[1,1,1,1,1,1,1,1,1],[1,2,1,1],[1,1,1,1],[1,1,1,1,1,1,1,1,1],[1,1,1,1,1],[1,1,1,1,1,1,1,1,1],[1,1,1],[1,1,1,1,1,1,1,1],[1,1,1,1,1,2,2],[1,1,1,1,1,1,1,1,1,1],[1,1,1,1,1,1,1],[1,1,1,1,1,1,1,1,1,1,1,1,1],[1,1,1,1,1,1,1,1,1],[1,1,1,1,1,1,1,1,1,1,1],[1,1,1,1,1],[1,1,2,1,1,1],[1,1,1,1,1],[1,2,1,1],[1,1,1,1,1,1],[1,1,1,1,1,1,1,1,1,1,1,1,1],[1,1,1,1,1,1,1],[1,1,1,1,1,1,1,1],[1,1,1,1,1,1],[1,1,1,1,1,1,1,1,1],[1,1,1,1],[1,1,1,1,1,1,1,1,1,1],[1,1,1,1,1],[1,1,1,1,1,1,1],[1,1,1,1,1,1,1],[1,1,1,1,1,1],[1,1,1,1,1,1],[1,1,1,1,1,1],[1,1,1,1,1,1,1],[1,1,1,1,1,1,1],[1,1,1,1],[1,1],[1,1,1,1,1],[1,1,1,1],[1,1,1,1,1,1,1,1],[1,1,1,1,1,1,1,1,1,1],[1,1,1,1,1,1,1,1],[1,1,1,1,1,1],[1,1,1,1,1,1,1,1,1],[1,1,1,1,1,1,1,1],[1,1,1,1,1,1,1],[1,1,1,1,1,1,1,1,1,1],[1,1,1,1,1,1],[1,1,1,1,1,1,1,1,1],[1,1,1,1,1,1,1,1,1],[1,1,1,1,1],[1,1,1,1,1,1,1,1],[1,1,1,1,1,1,1,1,1],[1,1,1,1,1,1,1,1],[1,1,1,1,1,1,1,1,1,1,1],[1,1,1,1,1,1,1],[1,1,1,1,1,1,1],[1,1,1,1,1,1],[1,1,1],[1,1,1,1,1,1,1],[1,1,1,1,1,1],[1,1,1,1,1,1,1,1],[1,1,1,1,1],[1,1,1,1],[1,1,1,1],[1,1,1,1,1],[1,1,1,1,1,1,1,1],[1,1,1,1,1,1,1,1,1],[1,1,1,1,1,1,1,1],[1,1,1,1,1,1],[1,1,1,1,1,1,1,1],[1,1,1,1,1,1,1,1],[1,1,1,1,1,1,1],[1,1,1,1],[1,1,1,1,1],[1,1,1,1],[1,1],[1,1,1,1,1,1],[1,1,1,1,1,1,1],[1,1,1],[1,1,1,1,1,1,1,1],[1,1,1,1,1,1],[1,1,1,1,1,1,1,1,1],[1,1,1,1,1,1],[1,1,1,1,1,1,1,1,1,1,1],[1,1,1,1,1,1,1,1,1,1,1],[1,1,1,1,1,1],[1,1,1,1,1,1,1,1,1],[1,1,1,1,1],[1],[1,1,1,1,1,1],[1,1,1,1,1,1],[1,1,1,1,1,1,1],[1,1,1,1,1,1],[1,1],[1,1,1,1,1],[1,1,1,1,1,1],[1,1,1,1,1,1],[1,1,1,1,1,1],[1,1,1,1,1,1,1],[1,1,1,1,1,1,1,1],[1,1,1,1,1],[1,1,1,1,1],[2,1,1,1,1,1,1],[1,1,1,1,1,1,1,1],[1,1,1,1,1],[1,1],[1,1,1,1,1],[1,1,1,1,1,1,1],[1,1,1,1,1],[1,1,1,1,1],[1,1,1,1,1,1,1],[1,1,1,1,1,1],[1,1,1,1,1,1,1,1,1,1],[1,1,1,1,1,1,1],[1,1,1,1],[1,1,1,1,1,1,1],[1,1,1,1,1,1],[1,1,1,1,1,1],[1,1,1,1,1],[1,1,1,1,1,1,1],[1,1,1,1,1,1],[1,1,1,1,1],[1,1,1,1,1,1,1],[1,1,1,1,1,1,1],[1,1,1,1,1],[1,1,1],[1,1,1,1,1,1,1,1,1,1,1,1,1,1],[1,1,1,1,1,1,1,1,1,1],[1,1,1,1,1,1,1,1,1,1,1],[1,1,1,1,1,1,1],[1,1,1,1,1,1,1,1,1,1,1,1,1,1],[1,1,1,1,1,1],[1,1,1,1,1,1,1,1],[1,1,1,1,1,1,1,1],[1,1,1,1,1,1,1,1],[1,1,1,1,1,1,1,1],[1,1,1,1,1],[1,1,1,1,1,1,1,1,1,1],[1,1,1,1,1,1,1],[1,1,1,1,1,1,1,1,1,1],[1,1,1,1,1,1,1],[1,1,1,1,1],[1,1,1,1,1,1,1,1,1],[1,1,1,1,1,1],[1,1,1,1,1,1,1,1,1],[1,1,1,1,1,1,1,1],[1,1,1,1,1],[1,1,1],[1,1,1,1,1,1,1,1],[1,1,1,1,1,1,2,2],[1,1,1,1,1,1],[1,1,1,1,1,1,1,1,1],[1,1,1,1,1],[1,1,1],[1,1,1,1,1,1,1,1,1,1,1,1,1],[1,1,1],[1,1,1,1,1,1,1,1],[1,1,1,1,1],[1,1,1,1,1,1,1],[1,1,1,1,1],[1,1,1,1],[1,1,1,1,1,1,1,1],[1,1,1,1,1],[1,1,1,1,1,1,1,1,1],[1,1,1,2,2],[1,1,1,1,1],[1,1,1,1,1,1,1,1,1],[1,1,1,1,1,1,1],[1,1,1,1,1],[1,1,1,1],[1,1,1,1,1,1,1,1,1,1,1],[1,1,1,1,1,1,1],[1],[1,1,1,1,1,1],[1,1,1,1],[1,1,1],[1,1,1,1,1,1,1],[1,1,1,1,1],[1,1,1,1,1,1,1,1,1,1],[1,1,1,1,1,1,1,1,1],[1,1],[1,1,1,1,1,1,1],[1,1,1,1,1,1,1],[1,1,1,1,1],[1,1,1,1],[1,1,1,1,1,1,1],[1,1,1,1,1],[1,1,1,1,1,1,1,1,1],[1,1,1,1],[1,1,1,1,1,1,1,1,1],[1,1,1,1,1],[1,1,1,1,1],[1,1,1,1,1,1],[1,1,1,1,1,1],[1,1,1,1,1,1,1],[1,1,1,1,1,1,1],[1,1,1,1,1,1,1],[1,1,1,1,1,1],[1,1,1,1,1,1],[1,1,1,1,1,1,1,1,1,1,1,1],[1,1,2,2,1,1],[1,1,1],[1,1],[1,1,1,1,1,1,1,1],[1,1,1,1,1,1],[1,1,1,1,1,1],[1,1,2,1,1,1],[1,1,1,1,1,1,1,1],[1,1,1,1,1,2],[1,1,1,1,1],[1,1,1,1,1,1,1],[1,1,1,1,1,1,1,1,1],[1,1,1,1,1,1,1,1,1,1,1],[1,1,1,1,1,1,1,1],[1,1,1,1,1],[1,1,1,1,1,1,1,1,1],[1,1],[1,1,1,1],[1,1,1,1,1,1,1,1,1],[1,1,2,1,1],[1,2,1,1,1],[2,1,1,1,1,1,1,1,1],[1,1,1,1,1],[1,1,1,1,1,1],[1,1,1,1,1,1,1,1,1],[1,1,1,1,1,1],[1,1,1,1],[1,1,1,1,1,1],[1,1,1,1],[1,1,1,1,1,1,1,1,1,1],[1,1,1,1,1,1,1],[1,1,1,1,1,1,1,1,1,1],[1,1],[1,1,1,1,1],[1,1,1,1,1],[1,1,1,1,1,1,1,1,1,1,1],[1,1,1],[1,1,1,1,1],[1,1,1,1,1,1,1],[1,1,1,1],[1,1,1,1,1,1,1,1,1],[1,1,1,1],[1,1,1,1,1,1,1],[1,1,1,1,2,2],[1,1,1,1,1,1],[1,1,1,1],[1,1,1,1,1,1,1,1],[1,1,1,1,1],[1,1,1,1,1],[1,1,1,1,1,1],[1,1,1,1,1,1],[1,1,1,1],[1,1,1,1,1,1,1,1],[1,1,1,1],[1,1,1,1,1,1,1,1,1,1,1],[1,1,1,1],[1,1,1,1,1],[1,1,1,1,1],[],[1,1,1,1,1,1],[1,1,1,1],[1,1,1,1,1,1],[1,1,1,1,1,1],[1,1,1],[1,1,1,1,1,1],[1,1,1,1,1,1,1],[1,1,1,1,1,1],[1],[1,1,1,1,1,1],[1,1,1,1,1,1,1,1,1,1,1,1,1],[1,1],[1,1,1,1,1],[1,1],[1,1,1,1,1,1,1],[1,1,1,1,1,1],[1,1],[1,1,1],[1,1,1,1,1,1,1],[1,1,1,1],[1,1,1,1,1,1,1],[1,1],[1,1,1,1],[1,1,1,1,1,1],[1,1,1,1,1],[1,1,1,1,1],[],[1,1,1,1,1],[1,1,1,1,1,1,1],[1,1,1,1],[1,1,1,1,1],[1,1],[1,1,1],[1,1,1,1,1,1,1,1,1,1],[1,1,1,1,1,1],[1,1,1,1,1,1,1,1],[1,1],[1,1],[1,1,1],[1,1],[1,1,1],[1,1,1],[1],[1,1,1,2,2,1,1],[1,1,1,1,1],[1,1,1,1,1,1,1],[1,1,1,1],[1,1,1,1,1,1,1],[1,1,1,1,1,1,1],[],[1,1,1],[1,1,1],[1,1,1,1,1,1,1],[1,1,1,1,1,1,1,1],[1,1,1],[1,1,1,1,1,1,1],[1,1,1,1,1],[1,1,1,1,1,1],[1,1,1,1,1,1],[1,1,1],[1,1,1,1,1,1],[1,1,1,1,1],[1,1,1,1,1,1,1,1],[1,1,1],[1,1],[1,1,1,1,1,1],[1,1],[1,1],[1,1,1,1],[1,1],[1,1,1,1,1,1,1],[1,1],[1,1,1,1],[],[1,1,1,1],[1,1,1,1,1,1,1,1,1,1],[],[1,1,1,1,1],[1,1,1],[1,1,1,1,1],[],[1,1,1,1],[1,1,1],[],[1,1,1],[1,1],[],[1,1,1,1,1,1],[1,1,2,1],[1,1,1,1,1,1,1,1],[1,1],[1],[1,1,1,1,1],[1,1,1],[1,1,1,1],[1,1,1,1,1,1],[1,1,1,1],[1],[1,1,1,1],[1,1,1,1],[1,1,1],[1,1,1,1,1,1,1,1],[1,1,1,1,1],[1,1,1,1,1,1,1,1],[1,1,1,1,1,1,1],[1,1,1,1,1,1,1,1,1,1],[1,1,1],[1,1],[1,1],[],[1,1,1],[1,1,1,1,1],[1,1,1],[1,1,1,1,1,1,1,2,2],[1,1],[],[1],[1,1],[1,1,1,1,1],[1,1,1,1],[1,1,1,1,1,1],[1,1,1,1,1],[1,1,1],[1,1,1],[1,1],[1,2,2,1,1],[1,1,1,1,1,1],[1,1],[1,1,1,1],[1,1,1],[1,1,1,1,1,1,1,1,1],[1,1],[1,1,1,1],[1,1,1,1,1,1],[1,1,1],[1],[1,1],[1,1],[1,1,1,1,1],[1,1,1,1,1],[1,1,1,1],[1,1,1,1],[1],[1,1],[1,1],[1],[1,1,1,1,1,1,1,1],[1],[],[1,1],[1],[1,1,1,1,1,1],[1,1],[1,1,1,1],[1,1,1,1,1],[1,1],[1],[1,1,1,1,1],[1],[1,1,1,2],[1],[1,1,1],[1,1,1,1],[1],[1,1,1,1]];

processingTimesRunnables = [16,13,14,11,7,9,9,12,7,13,9,16,11,5,9,13,13,16,14,12,13,14,7,13,13,11,12,13,11,9,16,16,11,14,15,10,8,7,13,17,16,10,12,12,7,11,12,6,13,12,14,16,5,5,11,4,8,11,8,13,9,13,15,6,16,6,13,5,10,10,11,8,10,13,13,12,9,7,12,10,5,11,13,12,12,11,9,16,6,14,12,10,11,13,17,5,14,11,11,13,15,10,6,8,12,11,12,10,10,9,7,14,9,13,5,10,12,15,10,9,13,10,14,11,13,5,7,10,11,7,8,5,11,13,8,16,12,9,15,13,15,14,8,12,12,6,10,11,10,8,12,13,11,14,10,13,5,6,7,16,14,13,12,5,7,10,14,5,5,9,11,11,8,10,8,13,13,5,13,12,12,4,16,11,11,9,14,10,13,5,10,11,12,6,14,15,12,11,14,12,16,12,13,6,12,12,13,13,12,5,13,16,5,13,15,13,11,13,13,10,11,9,15,11,8,7,5,10,10,12,11,9,8,7,11,15,10,15,11,13,11,10,16,13,7,10,13,12,6,11,8,15,7,9,14,12,12,11,12,13,13,13,11,16,9,6,9,11,5,13,11,10,11,10,11,10,13,14,11,5,13,13,9,14,11,13,12,14,11,13,10,6,10,7,13,15,9,5,6,12,13,13,12,12,12,12,9,5,11,13,11,13,13,14,13,11,16,16,6,12,13,12,9,15,10,10,12,8,11,11,16,4,9,12,11,9,6,12,6,6,10,11,14,11,15,10,10,5,10,7,13,16,5,12,9,9,10,13,13,13,10,11,11,11,9,12,16,10,12,16,11,13,15,6,13,11,7,17,7,12,9,7,6,13,15,11,11,8,12,7,15,7,5,16,14,9,13,6,9,8,4,9,6,12,5,12,9,13,11,10,7,11,13,12,11,5,13,13,12,8,9,10,11,16,12,6,17,13,13,14,9,13,13,10,4,12,7,11,6,12,5,12,9,9,12,11,4,10,13,16,14,13,15,11,10,10,10,13,12,10,7,11,10,12,10,8,7,13,7,11,14,5,7,11,13,5,11,12,8,5,13,11,12,6,8,13,12,16,9,11,13,10,10,6,14,16,12,7,5,11];

periods = [100000,10000,20000,100000,20000,20000,2000,20000,10000,10000,1000,100000,20000,100000,20000,10000,10000,10000,20000,100000,100000,100000,10000,100000,100000,20000,10000,10000,2000,10000,10000,1000,100000,1000,10000,100000,20000,100000,10000,20000,2000,20000,100000,20000,2000,100000,20000,10000,20000,1000,1000,100000,10000,10000,10000,20000,100000,10000,100000,10000,20000,10000,1000,50000,100000,20000,100000,20000,10000,20000,1000,100000,10000,10000,10000,10000,20000,20000,20000,10000,100000,20000,100000,1000,100000,100000,20000,10000,20000,20000,20000,10000,20000,100000,20000,20000,20000,10000,100000,50000,100000,10000,100000,100000,50000,10000,100000,10000,100000,20000,100000,10000,20000,20000,5000,10000,20000,100000,100000,1000,20000,20000,10000,1000,10000,10000,20000,10000,100000,100000,20000,10000,100000,100000,10000,20000,20000,20000,20000,10000,10000,2000,5000,20000,10000,20000,100000,20000,10000,20000,50000,50000,10000,20000,100000,100000,10000,20000,100000,100000,10000,100000,100000,10000,2000,100000,10000,100000,10000,100000,1000,2000,20000,20000,100000,100000,100000,10000,20000,100000,100000,20000,5000,10000,20000,100000,20000,100000,10000,20000,20000,10000,20000,100000,20000,20000,50000,20000,100000,100000,10000,100000,20000,10000,20000,10000,100000,20000,100000,20000,1000,20000,20000,10000,100000,100000,10000,10000,10000,100000,20000,20000,1000,50000,100000,2000,50000,20000,10000,10000,100000,1000,2000,20000,100000,100000,100000,10000,10000,100000,10000,100000,10000,20000,100000,10000,20000,20000,2000,100000,2000,100000,20000,100000,100000,10000,20000,20000,20000,10000,10000,20000,20000,50000,100000,10000,5000,20000,10000,10000,20000,10000,10000,1000,20000,20000,50000,20000,10000,100000,100000,10000,10000,100000,1000,100000,10000,10000,10000,100000,20000,5000,10000,20000,100000,20000,10000,20000,50000,100000,100000,100000,100000,100000,10000,20000,10000,20000,50000,100000,10000,20000,100000,20000,10000,10000,20000,100000,10000,10000,10000,20000,10000,100000,20000,20000,1000,20000,20000,100000,100000,10000,2000,10000,100000,20000,10000,10000,50000,10000,10000,20000,10000,20000,20000,10000,20000,100000,100000,1000,20000,10000,20000,10000,20000,20000,10000,10000,10000,20000,10000,10000,20000,100000,20000,50000,50000,10000,10000,10000,100000,2000,10000,100000,5000,20000,20000,20000,1000,1000,100000,1000,10000,20000,100000,10000,100000,10000,10000,2000,10000,20000,20000,20000,2000,20000,10000,100000,20000,10000,100000,20000,20000,1000,20000,10000,10000,10000,100000,100000,20000,20000,20000,50000,5000,100000,20000,5000,20000,1000,10000,20000,20000,100000,50000,10000,50000,10000,10000,100000,20000,100000,20000,100000,20000,10000,10000,20000,20000,1000,10000,100000,100000,10000,20000,10000,20000,10000,20000,20000,20000,20000,10000,20000,20000,100000,10000,1000,20000,10000,20000,10000,100000,10000,20000,10000,100000,100000,100000,10000,10000,20000,10000,100000,20000,100000,10000,20000,10000,10000,100000,10000,20000,10000,10000,20000,20000,20000,100000,20000,10000,20000,1000,20000,5000,20000,10000,10000,20000,20000];

communicationTimeForOrderCriticalMessages = [1,1,1,1,1,1,1,1,1,1,1,1,1,1,1,1,1,1,1,1,1,1,1,1,1,1,1,1,1,1,1,1,1,1,1,1,1,1,1,1,1,1,1,1,1,1,1,1,1,1,1,1,1,1,1,1,1,1,1,1,1,1,1,1,1,1,1,1,1,1,1,1,1,1,1,1,1,1,1,1,1,1,1,1,1,1,1,1,1,1,1,1,1,1,1,1,1,1,1,1,1,1,1,1,1,1,1,1,1,1,1,1,1,1,1,1,1,1,1,1,1,1,1,1,1,1,1,2,1,1,1,1,1,1,1,1,1,1,1,1,1,1,1,1,1,1,1,1,1,1,1,1,1,1,1,2,1,1,1,1,1,1,1,1,1,1,1,1,1,1,1,1,1,1,1,1,1,1,1,1,1,1,1,1,1,1,1,1,1,1,1,1,1,1,1,1,1,1,1,1,1,1,1,1,1,1,1,1,1,1,1,1,1];

sizeOfRunnables = [1503,1283,1308,1088,700,848,843,1140,645,1290,840,1560,1095,488,863,1225,1235,1600,1398,1193,1275,1350,625,1290,1293,1100,1103,1223,1005,848,1540,1530,1023,1365,1410,948,720,615,1225,1605,1518,990,1178,1180,635,1005,1173,543,1253,1140,1323,1588,473,488,1073,398,743,1043,773,1263,855,1215,1458,533,1550,533,1215,483,938,928,1028,755,960,1245,1223,1150,840,625,1193,925,495,1090,1248,1103,1195,1050,873,1503,570,1345,1170,945,1015,1225,1620,495,1308,1058,1038,1263,1498,998,558,773,1113,1020,1198,978,953,805,618,1340,893,1230,480,955,1193,1443,928,893,1210,940,1383,1088,1295,445,690,955,1088,640,780,468,1008,1253,718,1503,1163,815,1410,1225,1498,1368,780,1188,1148,550,990,1088,923,720,1155,1230,1095,1333,963,1275,413,585,660,1555,1345,1215,1200,475,640,955,1340,483,490,878,1083,1068,783,978,750,1295,1253,413,1203,1173,1118,390,1528,1043,1088,850,1308,970,1258,460,970,1020,1150,580,1378,1438,1183,1038,1323,1173,1588,1108,1203,543,1185,1193,1275,1290,1185,465,1225,1588,475,1233,1463,1203,1098,1215,1215,915,1035,880,1415,1020,750,690,438,978,918,1185,1075,863,758,685,1030,1415,918,1425,1065,1298,1085,978,1518,1270,625,963,1225,1148,538,1090,783,1433,668,865,1350,1188,1170,1013,1200,1238,1253,1248,1073,1508,873,595,835,1080,495,1238,1050,948,1020,940,1045,998,1300,1360,1073,463,1208,1225,818,1328,1090,1280,1188,1365,1058,1253,985,520,960,638,1260,1443,863,443,593,1133,1293,1240,1113,1193,1133,1105,828,428,1045,1225,1050,1215,1245,1378,1268,1098,1560,1503,513,1193,1210,1143,865,1485,938,948,1148,783,1065,1068,1560,390,835,1180,1005,840,600,1188,600,555,918,1098,1373,1030,1415,930,945,498,945,618,1275,1530,423,1165,880,865,945,1245,1243,1293,983,1080,1015,1015,803,1170,1568,970,1150,1583,1045,1260,1465,560,1293,1043,608,1620,700,1183,853,690,598,1275,1443,1030,1088,755,1150,668,1475,608,420,1540,1328,863,1293,573,888,728,385,850,573,1120,488,1118,803,1263,1043,940,678,1068,1248,1118,1050,438,1218,1280,1125,723,858,968,1095,1600,1155,525,1605,1245,1278,1303,858,1215,1295,978,390,1148,700,1030,588,1180,490,1165,813,843,1133,1050,383,978,1253,1583,1340,1243,1490,1058,970,960,978,1248,1173,955,698,1035,960,1150,918,770,648,1225,683,1095,1308,473,700,1058,1203,450,1060,1170,775,498,1223,1053,1103,558,715,1220,1173,1540,870,1005,1300,993,1000,565,1303,1568,1135,660,483,1073];

SenderLabelReceiverOrderCriticalChains = [[426,3587,0,0,106],[106,777,0,0,112],[112,1295,0,0,80],[68,3213,0,0,365],[365,450,0,0,44],[44,3423,0,0,306],[306,2545,0,0,78],[78,480,0,0,97],[97,1402,0,0,487],[243,1368,0,0,108],[108,3755,0,0,437],[437,3570,0,0,74],[130,1845,0,0,85],[85,2399,0,0,81],[81,1507,0,0,265],[265,2316,0,0,52],[64,3439,0,0,425],[425,1861,0,0,366],[366,169,0,0,299],[299,74,0,0,151],[261,1871,0,0,470],[470,1345,0,0,479],[479,657,0,0,386],[217,1038,0,0,273],[273,2735,0,0,145],[145,66,0,0,55],[55,2919,0,0,279],[102,1466,0,0,368],[368,3958,0,0,239],[239,1190,0,0,62],[299,3421,0,0,152],[152,3760,0,0,197],[197,2136,0,0,414],[414,2685,0,0,151],[151,2226,0,0,224],[224,1954,2175,3664,100],[192,1292,0,0,132],[132,1221,0,0,369],[369,643,0,0,241],[461,3049,0,0,26],[26,351,3892,0,253],[253,843,0,0,187],[187,828,0,0,413],[248,1375,0,0,356],[356,1243,0,0,37],[37,1594,0,0,314],[314,2708,0,0,417],[103,936,0,0,476],[476,2590,0,0,489],[489,3078,0,0,467],[467,3260,0,0,371],[371,371,0,0,43],[107,3953,0,0,303],[303,304,3946,0,65],[65,2199,0,0,43],[43,1595,0,0,52],[148,1869,0,0,345],[345,1960,0,0,87],[87,2518,3071,0,212],[212,1805,0,0,417],[110,1754,2943,0,121],[121,2347,0,0,66],[66,850,0,0,393],[393,975,0,0,344],[344,3148,0,0,394],[394,1034,0,0,78],[387,2313,0,0,240],[240,3253,0,0,107],[107,2904,0,0,476],[476,352,0,0,101],[101,3368,0,0,12],[12,497,0,0,147],[147,2311,0,0,134],[134,1624,0,0,430],[430,3512,0,0,220],[220,3005,0,0,162],[162,1551,0,0,349],[349,42,0,0,245],[420,3527,0,0,232],[232,1584,0,0,274],[274,3661,0,0,380],[380,2726,0,0,50],[175,1975,0,0,156],[156,1872,0,0,235],[235,2486,0,0,237],[237,2046,0,0,25],[25,3323,0,0,456],[252,2242,0,0,236],[236,1939,0,0,364],[364,3974,0,0,254],[304,1893,0,0,36],[36,2111,0,0,430],[430,2663,0,0,286],[286,386,0,0,20],[85,3844,0,0,284],[284,1084,0,0,330],[330,1135,0,0,103],[103,3650,0,0,176],[176,3152,0,0,4],[110,1039,0,0,44],[44,1551,0,0,452],[452,1533,0,0,182],[182,247,0,0,490],[95,3387,0,0,13],[13,2135,0,0,363],[363,488,0,0,454],[454,1304,0,0,146],[146,2115,0,0,500],[424,1884,0,0,215],[215,2819,0,0,24],[24,1272,0,0,469],[469,1571,0,0,86],[36,532,0,0,469],[469,2742,0,0,180],[180,142,0,0,254],[254,2975,0,0,159],[159,3139,0,0,81],[81,761,0,0,281],[325,706,0,0,13],[13,92,0,0,278],[278,1496,0,0,182],[438,2890,0,0,328],[328,612,0,0,402],[402,1344,0,0,154],[468,1212,0,0,72],[72,1021,0,0,163],[163,3198,0,0,424],[424,1214,0,0,290],[290,1612,0,0,220],[107,2658,0,0,432],[432,1,2942,0,295],[295,383,0,0,168],[168,3775,0,0,129],[129,545,0,0,476],[476,1887,0,0,313],[217,470,0,0,35],[35,1343,0,0,357],[357,3633,0,0,18],[18,3989,0,0,149],[149,2334,0,0,453],[453,2857,0,0,484],[391,1241,0,0,453],[453,1734,0,0,464],[464,2919,0,0,75],[75,2247,0,0,388],[388,1555,0,0,352],[352,2483,0,0,446],[14,2337,0,0,371],[371,2996,0,0,235],[235,3669,0,0,381],[381,1084,0,0,22],[22,2535,0,0,180],[180,3756,0,0,290],[342,1902,0,0,70],[70,1175,0,0,78],[78,1236,0,0,150],[150,1757,0,0,40],[40,546,0,0,454],[150,3882,0,0,298],[298,3041,0,0,244],[244,2870,0,0,234],[216,2950,0,0,469],[469,471,0,0,133],[133,3569,0,0,398],[398,375,0,0,225],[225,477,0,0,237],[493,2134,0,0,232],[232,554,0,0,327],[327,1937,0,0,120],[109,2682,0,0,181],[181,3725,0,0,38],[38,935,0,0,163],[9,1575,0,0,30],[30,1047,0,0,2],[2,3338,0,0,62],[266,1415,0,0,9],[9,3930,0,0,305],[305,3193,0,0,218],[397,1094,0,0,55],[55,3300,0,0,17],[17,3872,0,0,58],[58,3157,0,0,316],[121,195,0,0,347],[347,219,0,0,500],[500,534,0,0,205],[205,1061,0,0,96],[44,3618,0,0,185],[185,891,0,0,399],[399,2479,0,0,488],[61,2083,0,0,42],[42,3490,0,0,417],[417,2556,0,0,347],[347,745,0,0,13],[380,35,0,0,32],[32,1647,0,0,327],[327,3516,0,0,34],[34,2141,0,0,382],[382,1141,0,0,223],[248,3737,0,0,87],[87,3892,0,0,26],[26,2868,0,0,296],[296,543,0,0,347],[188,368,0,0,468],[468,2341,0,0,443],[443,674,0,0,129],[405,976,0,0,3],[3,3250,0,0,435],[435,2625,0,0,91],[303,2892,0,0,318],[318,2938,0,0,443],[443,338,0,0,304],[304,2666,0,0,33],[33,3674,0,0,83]];

SenderLabelReceiverNonOrderCriticalChains = [[1,128,453],[1,1117,188],[1,2718,477],[1,3125,432],[1,3829,391],[1,3971,4],[2,332,138],[2,1299,22],[2,1299,398],[2,1707,9],[2,1891,204],[2,1891,96],[2,3338,62],[2,3615,329],[3,217,79],[3,217,372],[3,217,455],[3,422,304],[3,422,459],[3,3250,448],[3,3250,330],[3,3250,435],[3,3482,416],[3,3482,5],[4,1465,99],[4,1495,12],[4,2285,353],[4,2662,52],[5,100,298],[5,801,6],[5,1249,75],[5,1249,392],[5,2201,423],[5,2710,218],[6,1907,117],[6,1974,465],[6,2309,463],[6,2376,153],[6,2524,94],[6,2982,494],[6,3939,8],[7,360,57],[7,1945,109],[7,1945,251],[7,2290,472],[7,3010,29],[7,3010,399],[7,3023,165],[7,3845,142],[7,3864,41],[8,2090,15],[8,2090,317],[8,3702,60],[8,3924,191],[8,3998,386],[8,3998,22],[8,3998,231],[8,3998,265],[9,903,10],[9,1575,30],[9,2531,112],[9,2566,60],[9,3930,305],[10,430,259],[10,430,365],[10,576,338],[10,576,416],[10,1791,304],[10,2343,17],[10,2343,193],[10,3726,214],[10,3726,244],[10,3726,352],[11,322,327],[11,1434,84],[11,1792,155],[11,1792,176],[11,1792,403],[11,3126,86],[11,3126,32],[11,3147,477],[11,3161,101],[11,3998,386],[11,3998,22],[11,3998,231],[11,3998,265],[12,497,147],[12,846,379],[12,1472,14],[12,1472,24],[12,1653,202],[12,3783,255],[13,92,278],[13,296,144],[13,296,272],[13,2135,363],[13,2237,257],[13,2557,15],[14,1001,21],[14,1001,338],[14,1800,52],[14,2337,371],[14,2950,72],[14,2950,469],[14,3186,221],[14,3309,360],[15,368,207],[15,368,275],[15,368,468],[15,828,413],[15,828,476],[15,898,405],[15,1772,26],[15,2529,483],[16,276,309],[16,276,365],[16,276,383],[16,276,385],[16,797,197],[16,797,281],[16,819,165],[16,819,23],[16,2288,436],[16,2441,105],[16,2790,246],[16,2790,440],[16,3654,31],[16,3654,480],[17,1271,231],[17,1271,35],[17,2171,28],[17,3872,58],[18,2048,58],[18,2179,202],[18,2179,63],[18,2929,39],[18,3989,149],[19,683,310],[19,1066,28],[19,1916,471],[19,1916,270],[19,2660,455],[19,2676,26],[19,2676,61],[19,3114,260],[19,3218,35],[20,389,92],[20,810,46],[20,810,346],[20,1957,236],[20,3998,386],[20,3998,22],[20,3998,231],[20,3998,265],[21,1635,65],[21,1756,438],[21,1896,380],[21,1896,433],[21,2961,38],[22,1690,46],[22,2122,474],[22,2283,46],[22,2283,310],[22,2535,180],[22,2559,107],[23,711,69],[23,908,29],[23,1208,484],[23,1237,340],[23,2594,479],[23,2968,459],[23,2968,474],[24,192,200],[24,1272,469],[24,1576,181],[24,1610,38],[24,1610,131],[24,1795,430],[25,612,402],[25,612,38],[25,2159,325],[25,2159,321],[25,3164,356],[25,3164,354],[25,3323,456],[25,3938,8],[26,351,253],[26,2016,44],[26,2868,296],[26,2868,396],[27,3,269],[27,1457,21],[27,1848,383],[27,2072,62],[27,2655,28],[27,3727,497],[27,3983,184],[28,1673,60],[28,2526,291],[28,3000,274],[28,3000,383],[28,3878,241],[28,3878,405],[28,3878,290],[28,3916,356],[29,553,41],[29,663,41],[29,1115,373],[29,1401,165],[29,2144,165],[29,3637,455],[29,3637,260],[30,598,208],[30,1047,2],[30,1047,10],[30,1347,426],[30,1374,251],[30,1482,53],[30,2217,169],[31,567,437],[31,1241,426],[31,1241,453],[31,1648,126],[31,1934,235],[31,1934,112],[31,2765,434],[31,2765,386],[31,2767,393],[32,647,368],[32,647,34],[32,1225,232],[32,1647,327],[32,1935,325],[32,1935,470],[32,2427,63],[32,2427,335],[32,2792,350],[33,34,222],[33,34,424],[33,947,311],[33,947,332],[33,1547,442],[33,2499,46],[33,3551,367],[33,3674,83],[34,395,48],[34,510,185],[34,510,350],[34,1633,58],[34,2004,177],[34,2004,249],[34,2004,84],[34,2141,229],[34,2141,382],[35,420,133],[35,420,380],[35,420,194],[35,940,246],[35,940,3],[35,1343,357],[35,1544,83],[35,3002,55],[36,454,335],[36,454,492],[36,532,469],[36,2111,430],[36,2111,458],[36,2897,427],[36,3157,316],[36,3157,52],[37,1594,314],[37,1594,486],[37,1777,66],[37,1777,135],[37,2433,328],[37,2556,198],[37,2556,347],[38,179,196],[38,935,163],[38,1897,102],[38,3973,83],[38,3973,112],[39,12,377],[39,1934,235],[39,1934,112],[39,2306,60],[39,3262,188],[39,3771,92],[39,3901,33],[39,3901,438],[40,546,433],[40,546,454],[40,704,244],[40,1131,49],[40,1226,309],[40,2689,452],[41,2088,245],[41,2793,45],[41,2793,404],[41,2793,366],[41,3068,232],[41,3068,95],[41,3385,125],[41,3764,2],[41,3764,200],[42,1267,56],[42,2010,367],[42,2085,192],[42,2085,79],[42,2085,445],[42,2196,409],[42,3305,381],[42,3305,415],[42,3490,417],[43,78,130],[43,776,216],[43,776,57],[43,1439,134],[43,1595,52],[43,2794,242],[43,3808,265],[43,3808,305],[43,3808,50],[44,1551,452],[44,1551,349],[44,2104,20],[44,2676,26],[44,2676,61],[44,3423,306],[44,3618,185],[45,215,500],[45,2083,42],[45,2083,165],[45,2467,396],[45,2467,353],[45,2766,91],[45,2766,440],[45,3183,372],[45,3745,172],[45,3745,474],[46,1140,335],[46,1438,166],[46,3657,93],[46,3657,183],[46,3887,182],[46,3887,210],[47,881,185],[47,881,224],[47,1158,45],[47,1158,317],[47,1389,376],[47,1499,215],[47,1499,188],[47,3049,426],[47,3049,26],[47,3849,278],[48,642,445],[48,798,8],[48,798,273],[48,1755,491],[48,2348,206],[48,2360,437],[48,2360,73],[48,2360,409],[49,2239,380],[49,2378,276],[49,2490,483],[49,2501,62],[49,3088,212],[49,3517,77],[50,922,281],[50,1103,171],[50,1188,458],[50,2032,51],[51,757,282],[51,869,291],[51,869,470],[51,2666,33],[51,2666,171],[51,3555,71],[52,2299,59],[52,3364,368],[52,3364,467],[53,578,108],[53,798,8],[53,798,273],[53,1022,74],[53,1489,112],[53,2384,57],[53,2449,47],[53,3729,149],[54,296,144],[54,296,272],[54,747,125],[54,1032,313],[54,1486,47],[54,2670,337],[55,1853,74],[55,1853,401],[55,2919,279],[55,2919,75],[55,3300,17],[55,3556,98],[56,275,21],[56,275,435],[56,1002,97],[56,1382,139],[56,2347,277],[56,2347,66],[56,3251,259],[57,387,119],[57,420,133],[57,420,380],[57,420,194],[57,3483,37],[57,3483,67],[57,3541,451],[58,721,145],[58,721,442],[58,1249,75],[58,1249,392],[58,1816,180],[58,2094,464],[58,3157,316],[58,3157,52],[59,420,133],[59,420,380],[59,420,194],[59,447,456],[59,925,162],[59,3480,135],[59,3480,202],[60,345,106],[60,2379,229],[60,3083,83],[60,3543,264],[60,3543,422],[60,3543,218],[60,3543,395],[61,672,392],[61,672,469],[61,1467,347],[61,1550,182],[61,2083,42],[61,2083,165],[61,3014,326],[61,3850,89],[62,1013,69],[62,1534,20],[62,1861,206],[62,1861,366],[62,3521,341],[63,596,285],[63,815,149],[63,1193,440],[63,1536,414],[63,3145,71],[63,3237,382],[64,86,414],[64,629,324],[64,629,141],[64,2356,103],[64,2356,197],[64,3343,463],[64,3343,224],[64,3354,152],[64,3354,106],[64,3439,65],[64,3439,425],[65,1232,410],[65,2199,326],[65,2199,43],[65,3250,448],[65,3250,330],[65,3250,435],[65,3834,310],[66,35,32],[66,35,92],[66,35,478],[66,76,68],[66,850,393],[66,2129,150],[66,3164,356],[66,3164,354],[67,368,207],[67,368,275],[67,368,468],[67,937,260],[67,2904,81],[67,2904,291],[67,2904,476],[68,746,67],[68,3213,365],[68,3276,79],[68,3430,296],[68,3568,126],[68,3606,489],[68,3606,461],[69,7,477],[69,1611,98],[69,1611,115],[69,3648,143],[69,3675,387],[70,60,263],[70,271,328],[70,1175,78],[70,3520,159],[70,3713,463],[70,3713,443],[71,913,124],[71,913,261],[71,1997,496],[71,1997,287],[71,3078,467],[71,3078,223],[71,3078,496],[71,3362,120],[71,3596,444],[71,3596,130],[71,3836,3],[71,3836,154],[71,3836,407],[72,591,85],[72,781,64],[72,1021,163],[72,2260,416],[72,2463,386],[72,2463,482],[72,2463,384],[72,2763,104],[73,1129,150],[73,1340,344],[73,1367,76],[73,1777,66],[73,1777,135],[73,3284,97],[73,3801,153],[74,506,407],[74,2152,80],[74,3036,157],[74,3036,475],[74,3439,65],[74,3439,425],[75,790,141],[75,1020,494],[75,1646,338],[75,2247,388],[75,3559,311],[76,441,126],[76,834,267],[76,834,421],[76,834,261],[76,1398,378],[76,1845,85],[76,1845,349],[76,1845,227],[76,2360,437],[76,2360,73],[76,2360,409],[77,123,81],[77,123,188],[77,177,138],[77,177,209],[77,1433,399],[77,2071,162],[77,2252,375],[77,3274,302],[77,3274,436],[78,480,97],[78,1236,150],[78,1821,99],[78,2776,326],[79,1612,422],[79,1612,200],[79,1612,220],[79,3468,93],[80,244,441],[80,244,320],[80,299,104],[80,834,267],[80,834,421],[80,834,261],[80,1160,233],[80,2572,362],[80,3513,408],[81,761,281],[81,1507,265],[81,1732,83],[81,2451,344],[81,2451,130],[82,348,159],[82,433,173],[82,451,372],[82,1885,428],[82,1885,113],[82,2021,165],[82,2021,359],[82,2021,270],[82,3859,488],[83,1451,156],[83,2147,306],[83,2147,330],[84,549,379],[84,549,467],[84,1403,223],[84,1403,495],[84,1911,269],[84,1911,219],[84,1911,59],[84,3318,379],[85,245,162],[85,245,289],[85,2399,81],[85,3013,348],[85,3844,284],[85,3899,303],[85,3899,494],[86,450,44],[86,450,381],[86,1555,134],[86,1555,352],[86,2451,344],[86,2451,130],[86,3671,107],[86,3982,103],[86,3982,185],[86,3982,453],[87,1139,496],[87,2518,212],[87,3071,487],[87,3071,212],[87,3071,170],[87,3892,253],[87,3892,26],[88,1472,14],[88,1472,24],[88,1739,153],[88,2422,1],[88,2422,281],[88,2432,393],[88,2432,464],[88,2432,471],[88,3198,398],[88,3198,424],[88,3455,254],[88,3570,239],[88,3570,74],[89,181,357],[89,181,353],[89,646,95],[89,881,185],[89,881,224],[89,891,396],[89,891,399],[89,2289,122],[89,3608,422],[90,136,405],[90,495,411],[90,495,121],[90,1866,499],[90,1866,131],[90,1866,140],[90,2079,358],[90,2793,45],[90,2793,404],[90,2793,366],[90,3248,486],[91,1628,113],[91,1708,344],[91,2013,110],[91,2411,420],[91,2960,409],[92,203,315],[92,1275,230],[92,2871,157],[92,3830,202],[92,3871,485],[92,3871,396],[93,3282,117],[93,3282,499],[93,3579,452],[93,3833,121],[93,3839,449],[94,1421,248],[94,1566,134],[94,1674,159],[94,2305,107],[95,181,357],[95,181,353],[95,1600,287],[95,2067,127],[95,3384,268],[95,3387,13],[96,753,163],[96,811,83],[96,811,499],[96,811,474],[96,2417,412],[96,2417,122],[96,2417,424],[96,2969,17],[96,2969,187],[96,3066,460],[96,3066,378],[96,3066,279],[96,3165,303],[97,186,247],[97,1222,433],[97,1402,487],[97,1689,114],[97,3919,79],[97,3919,179],[97,3919,343],[98,264,102],[98,276,309],[98,276,365],[98,276,383],[98,276,385],[98,2125,157],[98,2238,174],[98,3658,123],[99,14,155],[99,177,138],[99,177,209],[99,887,476],[99,1146,82],[99,1535,443],[100,187,172],[100,1700,105],[100,1954,224],[100,2996,218],[100,2996,235],[100,2996,425],[100,3312,186],[100,3312,151],[100,3664,224],[101,2356,103],[101,2356,197],[101,2469,255],[101,3368,12],[102,537,261],[102,911,4],[102,911,139],[102,911,472],[102,1334,111],[102,1466,452],[102,1466,368],[102,1466,309],[102,3620,340],[102,3620,453],[103,465,170],[103,465,234],[103,936,476],[103,2276,252],[103,3650,176],[104,771,133],[104,2314,409],[104,2314,466],[104,3119,166],[104,3132,177],[104,3312,186],[104,3312,151],[105,217,79],[105,217,372],[105,217,455],[105,615,224],[105,1393,151],[105,1774,152],[105,2143,382],[106,221,153],[106,777,112],[106,777,322],[106,1091,77],[106,1091,374],[106,2684,447],[107,2658,432],[107,2904,81],[107,2904,291],[107,2904,476],[107,3441,160],[107,3953,303],[108,622,466],[108,647,368],[108,647,34],[108,2898,178],[108,2898,273],[108,3755,437],[109,977,198],[109,2486,430],[109,2486,237],[109,2682,181],[109,2798,111],[109,3775,129],[109,3775,213],[110,972,108],[110,1039,44],[110,1754,425],[110,1754,121],[110,1894,117],[110,2943,245],[110,2943,121],[111,367,27],[111,2015,112],[111,3442,463],[111,3709,261],[112,1295,80],[112,1721,37],[113,699,127],[113,1050,449],[113,1050,299],[113,1431,305],[113,2516,344],[114,384,136],[114,1122,338],[114,1253,111],[114,3174,136],[115,175,375],[115,681,183],[115,719,267],[115,1805,417],[115,1805,418],[115,1805,410],[115,3496,407],[115,3496,143],[116,155,307],[116,606,148],[116,1397,485],[116,1397,431],[116,1514,397],[116,1514,424],[116,1725,270],[116,2732,12],[116,3128,436],[116,3128,492],[117,565,138],[117,760,190],[117,3482,416],[117,3482,5],[117,3590,401],[117,3982,103],[117,3982,185],[117,3982,453],[118,68,200],[118,193,143],[118,193,293],[118,3277,177],[118,3365,183],[118,3964,336],[119,982,443],[119,1370,155],[119,1378,193],[119,2097,249],[119,2097,350],[119,2097,373],[119,2212,148],[119,2898,178],[119,2898,273],[120,2793,45],[120,2793,404],[120,2793,366],[120,2815,420],[120,2998,171],[120,3348,124],[120,3973,83],[120,3973,112],[121,195,347],[121,195,497],[121,2050,191],[121,2050,447],[121,2347,277],[121,2347,66],[121,2842,4],[122,33,293],[122,33,349],[122,661,11],[122,661,138],[122,1098,85],[122,1098,471],[122,1118,255],[122,1492,436],[122,3512,126],[122,3512,220],[123,39,297],[123,393,368],[123,2091,128],[123,2933,428],[123,3358,388],[123,3358,134],[124,755,330],[124,755,285],[124,1896,380],[124,1896,433],[124,2988,463],[124,2988,223],[124,3525,228],[124,3525,30],[124,3525,379],[125,597,327],[125,1866,499],[125,1866,131],[125,1866,140],[125,2426,87],[125,2426,412],[125,2932,409],[125,3371,473],[125,3621,256],[126,2686,70],[126,2977,149],[126,3836,3],[126,3836,154],[126,3836,407],[127,85,187],[127,1610,38],[127,1610,131],[127,2569,477],[127,2569,465],[127,3291,402],[127,3414,489],[127,3797,181],[128,258,491],[128,716,190],[128,786,211],[128,786,21],[128,786,145],[128,976,132],[128,976,3],[128,3104,365],[128,3104,178],[129,545,244],[129,545,476],[129,1155,134],[129,2733,234],[129,2733,430],[129,3730,377],[129,3730,302],[129,3866,343],[130,123,81],[130,123,188],[130,1845,85],[130,1845,349],[130,1845,227],[130,2008,499],[130,2008,399],[130,2008,462],[130,2195,202],[130,2735,100],[130,2735,145],[131,1130,382],[131,1499,215],[131,1499,188],[131,2343,17],[131,2343,193],[131,2727,422],[131,2970,136],[132,905,164],[132,1221,369],[132,1675,270],[132,1675,474],[132,1945,109],[132,1945,251],[132,3412,452],[133,884,147],[133,1177,170],[133,1748,178],[133,1748,479],[133,2361,335],[133,3569,398],[134,1624,430],[134,1624,227],[134,2672,170],[135,505,263],[135,505,222],[135,1001,21],[135,1001,338],[135,1108,305],[135,1428,198],[135,3880,172],[136,2419,139],[136,2419,275],[136,3071,487],[136,3071,212],[136,3071,170],[136,3853,385],[137,190,48],[137,205,468],[137,341,146],[137,1076,132],[137,1264,247],[137,1264,262],[137,2729,228],[137,2729,138],[138,658,150],[138,1264,247],[138,1264,262],[138,3958,101],[138,3958,239],[139,2515,336],[139,3285,190],[139,3730,377],[139,3730,302],[140,1149,184],[140,2265,178],[140,2265,485],[140,2273,471],[141,206,242],[141,510,185],[141,510,350],[141,630,271],[141,3826,362],[142,276,309],[142,276,365],[142,276,383],[142,276,385],[142,1602,165],[142,2075,110],[142,3255,333],[142,3835,473],[143,288,370],[143,288,69],[143,834,267],[143,834,421],[143,834,261],[143,1518,183],[143,1637,241],[143,1807,152],[143,1807,435],[144,317,258],[144,317,54],[144,545,244],[144,545,476],[144,1840,375],[144,3604,465],[144,3717,179],[144,3717,186],[145,66,23],[145,66,412],[145,66,55],[145,732,410],[145,732,237],[145,2641,364],[146,475,291],[146,475,412],[146,1611,98],[146,1611,115],[146,1654,401],[146,1921,252],[146,2115,500],[146,2456,208],[147,562,430],[147,1217,26],[147,1217,432],[147,1749,156],[147,2311,134],[147,2311,266],[147,3210,126],[147,3210,9],[148,454,335],[148,454,492],[148,1144,268],[148,1869,345],[148,2814,325],[148,3070,443],[148,3563,268],[149,1244,305],[149,1629,246],[149,2334,453],[149,3828,157],[150,1540,18],[150,1540,345],[150,1757,40],[150,3882,367],[150,3882,298],[151,539,227],[151,1624,430],[151,1624,227],[151,2226,224],[152,459,366],[152,3760,197],[153,1320,297],[153,1510,229],[153,2773,269],[153,3726,214],[153,3726,244],[153,3726,352],[154,748,169],[154,748,350],[154,1104,423],[154,1932,308],[154,1932,450],[154,2188,403],[154,3178,158],[155,3195,364],[155,3451,152],[155,3451,496],[156,375,225],[156,375,236],[156,375,474],[156,1364,166],[156,1872,235],[156,2975,159],[156,2975,237],[156,3224,285],[157,2419,139],[157,2419,275],[157,3543,264],[157,3543,422],[157,3543,218],[157,3543,395],[158,286,174],[158,297,142],[158,1960,87],[158,1960,173],[158,2000,486],[158,2904,81],[158,2904,291],[158,2904,476],[158,3667,51],[159,252,194],[159,1567,354],[159,1567,168],[159,1903,387],[159,3139,230],[159,3139,81],[160,786,211],[160,786,21],[160,786,145],[160,1012,131],[160,1217,26],[160,1217,432],[160,1612,422],[160,1612,200],[160,1612,220],[160,2703,225],[160,3326,481],[161,174,460],[161,1803,219],[161,1843,94],[161,2141,229],[161,2141,382],[161,2397,358],[161,2527,293],[161,2527,418],[161,2803,422],[161,2803,5],[161,3749,144],[162,1551,452],[162,1551,349],[162,2905,175],[162,3878,241],[162,3878,405],[162,3878,290],[163,346,400],[163,2004,177],[163,2004,249],[163,2004,84],[163,2414,282],[163,2414,479],[163,2679,349],[163,3198,398],[163,3198,424],[164,40,224],[164,522,341],[164,1607,129],[164,2870,234],[164,2870,256],[165,3311,249],[166,689,335],[166,1415,9],[166,1415,175],[166,1415,300],[166,1668,412],[166,3935,250],[167,278,355],[167,691,352],[167,2879,113],[167,3107,189],[167,3130,88],[167,3130,170],[168,1112,175],[168,1143,313],[168,1525,364],[168,3587,106],[168,3587,218],[168,3775,129],[168,3775,213],[169,108,265],[169,1158,45],[169,1158,317],[169,2089,241],[169,2439,114],[169,3179,217],[170,1784,387],[170,2567,199],[171,1923,211],[171,2550,238],[171,2550,480],[171,3654,31],[171,3654,480],[172,71,390],[172,1618,233],[172,1618,297],[172,1657,409],[172,1657,233],[172,3595,226],[173,915,213],[173,2279,54],[173,2460,451],[173,2588,145],[173,3817,191],[173,3817,481],[174,1963,242],[174,2339,196],[174,2426,87],[174,2426,412],[174,2757,333],[174,3079,492],[175,1975,493],[175,1975,156],[175,2284,181],[175,2284,304],[175,2820,285],[175,2853,302],[175,2853,282],[176,405,269],[176,705,171],[176,705,95],[176,2168,201],[176,2422,1],[176,2422,281],[176,3140,142],[176,3152,4],[177,178,318],[177,178,353],[177,2797,217],[177,3522,303],[177,3576,284],[178,1909,372],[178,1909,446],[178,1909,210],[178,2753,362],[178,2838,337],[179,240,123],[179,269,328],[179,869,291],[179,869,470],[179,3184,347],[179,3774,195],[179,3774,387],[180,142,254],[180,2996,218],[180,2996,235],[180,2996,425],[180,3493,56],[180,3756,290],[180,3956,245],[180,3956,405],[181,158,483],[181,2605,140],[181,3135,155],[181,3135,185],[181,3725,38],[182,173,213],[182,247,490],[183,1069,415],[183,2060,128],[183,2943,245],[183,2943,121],[183,2954,267],[184,1627,252],[184,2062,332],[184,2326,375],[184,2874,330],[184,3135,155],[184,3135,185],[184,3540,418],[185,891,396],[185,891,399],[185,2930,213],[185,2969,17],[185,2969,187],[186,30,442],[186,1429,390],[186,1502,106],[186,2134,232],[186,2134,442],[187,334,405],[187,828,413],[187,828,476],[187,1134,308],[187,1570,36],[187,2511,392],[187,2511,263],[188,56,381],[188,56,459],[188,368,207],[188,368,275],[188,368,468],[188,3706,471],[189,1662,293],[189,2367,283],[189,2453,268],[189,2603,201],[189,2988,463],[189,2988,223],[189,3009,359],[189,3982,103],[189,3982,185],[189,3982,453],[190,1271,231],[190,1271,35],[190,2030,394],[190,2030,417],[190,2389,341],[190,2389,221],[190,2621,345],[191,518,257],[191,1376,195],[191,1745,362],[191,1745,370],[192,230,366],[192,1292,132],[192,2130,56],[192,2550,238],[192,2550,480],[192,2695,448],[192,2955,293],[193,574,111],[193,777,112],[193,777,322],[193,1397,485],[193,1397,431],[193,3557,284],[194,35,32],[194,35,92],[194,35,478],[194,449,395],[194,1553,150],[194,3927,265],[195,2353,115],[195,2413,447],[195,2723,402],[195,2991,377],[195,3329,345],[196,1186,334],[196,1315,459],[196,2622,194],[196,3561,226],[196,3561,155],[196,3892,253],[196,3892,26],[197,1007,313],[197,1007,201],[197,1007,193],[197,1050,449],[197,1050,299],[197,2136,414],[198,568,494],[198,3272,306],[198,3685,230],[198,3887,182],[198,3887,210],[199,135,191],[199,666,324],[199,997,278],[199,1853,74],[199,1853,401],[199,2074,416],[199,2887,293],[200,1911,269],[200,1911,219],[200,1911,59],[200,2829,182],[200,2829,304],[200,3461,232],[200,3461,209],[201,408,5],[201,1990,429],[201,2580,226],[201,2765,434],[201,2765,386],[202,468,272],[202,468,351],[202,3381,271],[203,56,381],[203,56,459],[203,66,23],[203,66,412],[203,66,55],[203,273,419],[203,276,309],[203,276,365],[203,276,383],[203,276,385],[203,1986,317],[203,2007,205],[203,2574,433],[203,2818,494],[204,275,21],[204,275,435],[204,888,357],[204,2595,259],[204,2804,230],[204,2804,191],[204,2804,368],[204,2829,182],[204,2829,304],[204,3970,15],[205,34,222],[205,34,424],[205,414,171],[205,1061,96],[205,1061,466],[205,1871,344],[205,1871,470],[205,3225,16],[205,3225,294],[205,3722,248],[205,3722,428],[206,813,480],[206,1722,158],[206,2446,196],[206,3022,238],[206,3086,239],[206,3661,370],[206,3661,380],[207,399,175],[207,399,352],[207,1100,50],[207,1100,307],[207,1100,419],[207,1736,485],[207,1736,286],[207,2494,385],[207,2917,216],[207,3143,250],[207,3143,446],[207,3808,265],[207,3808,305],[207,3808,50],[208,317,258],[208,317,54],[208,946,351],[208,1025,447],[208,2764,336],[208,2788,164],[209,430,259],[209,430,365],[209,776,216],[209,776,57],[209,917,284],[209,1989,254],[209,2197,195],[209,2909,139],[210,427,275],[210,629,324],[210,629,141],[210,1194,410],[210,1677,473],[210,3516,499],[210,3516,34],[210,3653,435],[211,2111,430],[211,2111,458],[211,3068,232],[211,3068,95],[211,3215,374],[211,3215,380],[211,3461,232],[211,3461,209],[212,344,279],[212,344,395],[212,1255,402],[212,1805,417],[212,1805,418],[212,1805,410],[212,2350,377],[212,3214,393],[213,232,378],[213,1746,296],[213,3647,407],[213,3956,245],[213,3956,405],[214,765,484],[214,1736,485],[214,1736,286],[214,2118,279],[214,2430,230],[214,2939,243],[214,2939,358],[214,3919,79],[214,3919,179],[214,3919,343],[215,101,303],[215,417,318],[215,1911,269],[215,1911,219],[215,1911,59],[215,2819,24],[215,3228,374],[216,1165,434],[216,1165,242],[216,1268,475],[216,1415,9],[216,1415,175],[216,1415,300],[216,2170,263],[216,2950,72],[216,2950,469],[216,3914,136],[217,470,35],[217,867,239],[217,1038,273],[217,1114,288],[217,1763,302],[217,1763,190],[217,2963,279],[218,819,165],[218,819,23],[218,2302,246],[218,2511,392],[218,2511,263],[219,870,140],[219,870,434],[219,870,362],[219,870,488],[219,1172,377],[219,1912,270],[219,2383,415],[219,2383,473],[219,3217,79],[220,929,348],[220,1053,348],[220,3005,162],[220,3131,286],[220,3131,441],[220,3505,169],[221,475,291],[221,475,412],[221,505,263],[221,505,222],[221,803,435],[221,2417,412],[221,2417,122],[221,2417,424],[221,2424,421],[222,502,271],[222,721,145],[222,721,442],[222,1111,294],[222,3809,451],[222,3809,458],[222,3945,314],[222,3945,414],[223,1650,274],[223,2368,204],[223,3354,152],[223,3354,106],[223,3747,351],[224,2175,100],[224,2175,478],[224,2175,24],[225,477,237],[225,890,236],[225,890,484],[225,890,20],[225,952,250],[225,996,409],[225,2370,240],[225,3246,460],[226,315,144],[226,315,251],[226,2742,180],[226,2742,421],[226,2742,251],[226,3206,390],[226,3287,352],[226,3287,249],[227,47,55],[227,1007,313],[227,1007,201],[227,1007,193],[227,1513,309],[227,3227,264],[228,416,363],[228,1835,219],[228,2410,438],[228,2410,391],[228,2467,396],[228,2467,353],[228,3726,214],[228,3726,244],[228,3726,352],[229,306,460],[229,1082,279],[229,1563,429],[229,1882,436],[229,3707,319],[230,4,311],[230,3464,389],[230,3950,497],[231,1084,22],[231,1084,296],[231,1084,330],[231,1084,451],[231,1084,480],[231,1288,93],[231,1288,493],[231,2234,167],[231,3044,238],[231,3525,228],[231,3525,30],[231,3525,379],[231,3736,318],[232,554,327],[232,1584,274],[232,3689,413],[233,1078,419],[233,1619,241],[233,1709,140],[233,2004,177],[233,2004,249],[233,2004,84],[233,3252,249],[233,3252,385],[234,641,118],[234,3139,230],[234,3139,81],[234,3259,378],[234,3560,445],[235,1764,245],[235,2486,430],[235,2486,237],[235,3486,355],[235,3486,279],[235,3542,252],[235,3669,381],[236,1712,403],[236,1712,164],[236,1939,364],[236,3803,172],[236,3803,445],[237,212,376],[237,1265,66],[237,2046,25],[237,2046,54],[238,810,46],[238,810,346],[238,1166,464],[238,1862,362],[238,1862,99],[238,2733,234],[238,2733,430],[238,3762,261],[239,1190,62],[239,1190,152],[239,1281,50],[239,1815,256],[239,2768,234],[240,667,410],[240,705,171],[240,705,95],[240,3208,252],[240,3252,249],[240,3252,385],[240,3253,107],[240,3620,340],[240,3620,453],[241,2860,451],[241,2860,288],[241,2860,337],[241,3287,352],[241,3287,249],[242,645,450],[242,984,258],[242,2417,412],[242,2417,122],[242,2417,424],[243,1368,108],[243,1444,280],[243,1520,391],[243,1520,338],[243,2395,291],[243,3219,375],[243,3602,179],[243,3602,300],[243,3767,89],[244,1100,50],[244,1100,307],[244,1100,419],[244,1811,393],[244,2038,324],[244,2870,234],[244,2870,256],[245,126,416],[245,811,83],[245,811,499],[245,811,474],[245,3852,489],[246,218,316],[246,1645,464],[246,2271,147],[246,3605,480],[247,543,262],[247,543,347],[247,2175,100],[247,2175,478],[247,2175,24],[247,2878,394],[247,3033,186],[247,3440,452],[247,3878,241],[247,3878,405],[247,3878,290],[248,1128,419],[248,1375,356],[248,1863,276],[248,3424,345],[248,3596,444],[248,3596,130],[248,3737,87],[249,1440,390],[250,301,284],[250,755,330],[250,755,285],[250,1070,371],[250,3554,434],[250,3554,494],[251,152,69],[251,312,395],[251,2158,376],[251,2180,333],[252,1030,403],[252,2242,236],[252,2614,374],[253,429,472],[253,429,322],[253,843,187],[253,1045,94],[253,1435,67],[253,2064,272],[253,3979,322],[254,1142,70],[254,2975,159],[254,2975,237],[254,3713,463],[254,3713,443],[255,467,314],[255,1007,313],[255,1007,201],[255,1007,193],[255,1577,220],[255,1577,123],[255,2274,481],[255,2860,451],[255,2860,288],[255,2860,337],[256,75,261],[256,178,318],[256,178,353],[256,1520,391],[256,1520,338],[256,1909,372],[256,1909,446],[256,1909,210],[256,2464,300],[257,805,396],[257,1695,320],[258,1682,236],[258,1682,391],[258,2099,356],[258,2314,409],[258,2314,466],[258,3644,373],[258,3644,499],[259,784,465],[259,808,151],[259,2008,499],[259,2008,399],[259,2008,462],[259,3364,368],[259,3364,467],[260,724,386],[260,913,124],[260,913,261],[260,1790,287],[260,2324,283],[261,1871,344],[261,1871,470],[261,3131,286],[261,3131,441],[262,752,355],[262,1569,140],[262,1964,415],[262,1964,462],[262,2241,328],[262,2694,422],[262,3170,397],[263,1568,422],[263,2428,483],[263,2498,307],[263,2498,322],[263,2598,445],[264,751,309],[264,907,299],[264,3126,86],[264,3126,32],[264,3320,367],[264,3728,242],[264,3728,319],[264,3882,367],[264,3882,298],[265,371,136],[265,371,43],[265,2316,52],[265,2336,335],[266,732,410],[266,732,237],[266,1415,9],[266,1415,175],[266,1415,300],[266,1426,323],[266,1567,354],[266,1567,168],[266,3064,407],[267,837,292],[267,2383,415],[267,2383,473],[267,3380,300],[267,3404,31],[268,504,342],[268,1278,384],[268,2002,211],[268,2569,477],[268,2569,465],[269,2872,477],[269,3043,288],[269,3057,493],[269,3808,265],[269,3808,305],[269,3808,50],[270,217,79],[270,217,372],[270,217,455],[270,728,458],[270,3155,250],[270,3155,339],[271,2085,192],[271,2085,79],[271,2085,445],[271,2203,347],[271,3225,16],[271,3225,294],[271,3681,403],[272,1836,417],[272,1836,115],[272,3630,352],[272,3998,386],[272,3998,22],[272,3998,231],[272,3998,265],[273,940,246],[273,940,3],[273,1289,37],[273,2498,307],[273,2498,322],[273,2735,100],[273,2735,145],[274,2507,420],[274,2507,478],[274,3506,40],[274,3661,370],[274,3661,380],[274,3925,17],[275,349,419],[275,429,472],[275,429,322],[275,531,336],[275,873,249],[275,3495,438],[276,748,169],[276,748,350],[276,870,140],[276,870,434],[276,870,362],[276,870,488],[276,1203,487],[276,1836,417],[276,1836,115],[276,1855,413],[276,2220,118],[276,2220,454],[277,300,367],[277,2568,427],[277,2891,25],[277,2891,87],[277,3815,398],[277,3883,339],[278,1323,39],[278,1323,329],[278,1496,182],[279,2147,306],[279,2147,330],[280,1299,22],[280,1299,398],[280,1514,397],[280,1514,424],[280,1810,258],[280,2284,181],[280,2284,304],[280,2895,398],[281,870,140],[281,870,434],[281,870,362],[281,870,488],[281,1675,270],[281,1675,474],[282,688,437],[282,1162,491],[282,1639,113],[282,3392,358],[282,3945,314],[282,3945,414],[283,335,193],[283,511,177],[283,1003,290],[283,1071,334],[283,2108,332],[283,3399,437],[284,1084,22],[284,1084,296],[284,1084,330],[284,1084,451],[284,1084,480],[284,2729,228],[284,2729,138],[284,3502,404],[285,443,326],[285,443,419],[285,2364,109],[285,2790,246],[285,2790,440],[285,3192,468],[286,386,20],[286,566,385],[286,794,257],[286,3035,385],[286,3484,18],[287,435,358],[287,1924,497],[287,2329,475],[287,2583,316],[287,2583,335],[287,3496,407],[287,3496,143],[288,244,441],[288,244,320],[288,864,170],[288,1165,434],[288,1165,242],[288,2233,315],[288,2432,393],[288,2432,464],[288,2432,471],[289,180,337],[289,324,310],[289,1618,233],[289,1618,297],[289,1706,455],[289,1805,417],[289,1805,418],[289,1805,410],[289,1891,204],[289,1891,96],[289,2962,319],[290,422,304],[290,422,459],[290,963,481],[290,1612,422],[290,1612,200],[290,1612,220],[290,2159,325],[290,2159,321],[291,151,374],[291,1792,155],[291,1792,176],[291,1792,403],[291,2592,76],[292,51,273],[292,1323,39],[292,1323,329],[292,1350,418],[292,1589,418],[292,1879,495],[292,2527,293],[292,2527,418],[292,2923,42],[293,1794,343],[293,3458,258],[294,542,353],[294,1252,447],[294,1326,353],[294,2178,447],[295,383,168],[295,650,371],[295,650,222],[295,1657,409],[295,1657,233],[295,2942,432],[295,3598,331],[295,3967,400],[295,3990,348],[296,543,262],[296,543,347],[296,1184,452],[296,2402,119],[296,2916,492],[297,172,334],[297,204,322],[297,1999,426],[297,2148,357],[297,2593,400],[298,77,451],[298,385,449],[298,2855,445],[298,3041,244],[298,3124,344],[298,3543,264],[298,3543,422],[298,3543,218],[298,3543,395],[299,74,151],[299,1423,339],[299,2317,316],[299,2791,309],[299,3421,152],[300,95,349],[300,1091,77],[300,1091,374],[300,3965,3],[300,3965,116],[300,3965,419],[301,564,384],[301,564,435],[301,570,409],[301,1369,424],[301,2352,498],[301,2360,437],[301,2360,73],[301,2360,409],[301,2654,373],[302,196,310],[302,196,483],[302,443,326],[302,443,419],[302,2843,399],[302,2875,249],[303,1958,461],[303,2892,318],[303,2892,160],[303,3946,65],[304,1100,50],[304,1100,307],[304,1100,419],[304,1893,36],[304,2666,33],[304,2666,171],[305,2255,61],[305,3024,36],[305,3024,108],[305,3193,218],[306,1466,452],[306,1466,368],[306,1466,309],[306,2545,427],[306,2545,135],[306,2545,78],[306,3554,434],[306,3554,494],[306,3901,33],[306,3901,438],[307,1462,461],[307,1523,441],[307,2860,451],[307,2860,288],[307,2860,337],[307,3728,242],[307,3728,319],[308,512,405],[308,1743,419],[308,2008,499],[308,2008,399],[308,2008,462],[308,2070,413],[308,2804,230],[308,2804,191],[308,2804,368],[308,3553,361],[309,304,65],[309,723,427],[310,33,293],[310,33,349],[310,2804,230],[310,2804,191],[310,2804,368],[311,1357,306],[311,1938,361],[311,2022,315],[311,2473,472],[311,2865,343],[312,400,362],[312,495,411],[312,495,121],[312,631,166],[312,943,459],[312,2463,386],[312,2463,482],[312,2463,384],[312,2520,118],[312,3305,381],[312,3305,415],[313,1601,385],[313,2586,141],[313,3721,192],[314,772,420],[314,1931,378],[314,2708,417],[314,2968,459],[314,2968,474],[315,2432,393],[315,2432,464],[315,2432,471],[315,2957,361],[315,2957,257],[315,3232,361],[315,3877,421],[316,1086,428],[316,2414,282],[316,2414,479],[316,3611,470],[317,66,23],[317,66,412],[317,66,55],[317,508,490],[317,783,360],[317,947,311],[317,947,332],[317,2803,422],[317,2803,5],[318,1017,331],[318,2938,443],[318,3215,374],[318,3215,380],[319,444,73],[319,444,354],[319,988,323],[319,2696,202],[319,3250,448],[319,3250,330],[319,3250,435],[320,122,334],[320,363,470],[320,690,357],[320,959,373],[320,2891,25],[320,2891,87],[321,919,484],[321,1101,332],[321,1331,444],[321,2114,323],[321,2480,473],[321,3355,444],[322,1095,445],[322,1095,260],[322,2140,340],[322,2298,451],[323,1504,480],[323,1763,302],[323,1763,190],[323,1851,407],[323,1851,370],[323,1904,400],[323,3143,250],[323,3143,446],[324,1616,414],[324,1885,428],[324,1885,113],[324,3210,126],[324,3210,9],[325,706,13],[325,1798,51],[325,3199,320],[325,3657,93],[325,3657,183],[326,129,420],[326,513,373],[326,2179,202],[326,2179,63],[326,3803,172],[326,3803,445],[327,921,78],[327,1937,120],[327,2046,25],[327,2046,54],[327,3516,499],[327,3516,34],[328,612,402],[328,612,38],[328,2507,420],[328,2507,478],[329,1682,236],[329,1682,391],[329,1913,361],[329,2508,267],[329,2508,472],[329,2560,342],[329,3486,355],[329,3486,279],[330,1135,103],[330,2813,348],[330,2813,481],[330,3562,91],[331,2021,165],[331,2021,359],[331,2021,270],[331,2080,377],[331,2583,316],[331,2583,335],[331,2959,416],[331,3543,264],[331,3543,422],[331,3543,218],[331,3543,395],[332,272,340],[332,2392,368],[332,2579,397],[332,2579,369],[333,260,18],[333,366,360],[333,1110,390],[333,3367,8],[333,3367,372],[334,741,359],[334,3056,389],[334,3367,8],[334,3367,372],[334,3369,451],[336,138,277],[336,277,215],[336,1540,18],[336,1540,345],[336,1964,415],[336,1964,462],[337,13,477],[337,1745,362],[337,1745,370],[337,2405,228],[338,870,140],[338,870,434],[338,870,362],[338,870,488],[338,1527,173],[338,3787,346],[339,283,376],[339,468,272],[339,468,351],[339,2315,427],[339,3774,195],[339,3774,387],[340,762,491],[340,2939,243],[340,2939,358],[341,600,281],[341,1500,312],[341,3903,271],[341,3903,325],[341,3974,485],[341,3974,254],[342,1355,426],[342,1748,178],[342,1748,479],[342,1902,70],[342,1932,308],[342,1932,450],[342,2667,412],[343,661,11],[343,661,138],[343,1333,104],[343,3060,448],[343,3722,248],[343,3722,428],[344,3148,394],[345,1210,48],[345,1960,87],[345,1960,173],[345,2463,386],[345,2463,482],[345,2463,384],[346,1851,407],[346,1851,370],[346,1909,372],[346,1909,446],[346,1909,210],[346,2021,165],[346,2021,359],[346,2021,270],[346,2579,397],[346,2579,369],[346,3036,157],[346,3036,475],[346,3931,406],[347,219,500],[347,745,13],[348,1508,432],[348,3128,436],[348,3128,492],[348,3343,463],[348,3343,224],[349,42,245],[349,1414,174],[350,1845,85],[350,1845,349],[350,1845,227],[350,2458,157],[350,2458,496],[350,3148,394],[350,3474,307],[351,288,370],[351,288,69],[351,868,433],[351,875,478],[351,3317,360],[351,3519,490],[352,2386,84],[352,2483,446],[353,2030,394],[353,2030,417],[353,3437,491],[354,209,406],[354,1760,365],[354,1760,491],[354,1940,34],[354,2410,438],[354,2410,391],[354,3279,280],[355,193,143],[355,193,293],[355,2675,162],[355,3137,164],[356,552,363],[356,1084,22],[356,1084,296],[356,1084,330],[356,1084,451],[356,1084,480],[356,1243,37],[357,3588,384],[357,3633,18],[358,1190,62],[358,1190,152],[358,2199,326],[358,2199,43],[359,58,408],[359,399,175],[359,399,352],[359,2163,114],[359,2946,93],[359,3547,453],[360,289,445],[360,1866,499],[360,1866,131],[360,1866,140],[360,3245,363],[361,391,446],[361,391,500],[361,2256,473],[361,3000,274],[361,3000,383],[363,488,17],[363,488,454],[363,1735,98],[363,2050,191],[363,2050,447],[364,665,102],[364,2090,15],[364,2090,317],[364,2853,302],[364,2853,282],[364,3974,485],[364,3974,254],[365,450,44],[365,450,381],[365,1968,450],[365,3469,376],[366,169,299],[366,1337,7],[366,1360,141],[366,3358,388],[366,3358,134],[367,1773,331],[367,3791,414],[368,1870,101],[368,3958,101],[368,3958,239],[369,375,225],[369,375,236],[369,375,474],[369,643,241],[369,2097,249],[369,2097,350],[369,2097,373],[369,3349,444],[369,3349,226],[369,3723,429],[370,127,400],[370,911,4],[370,911,139],[370,911,472],[370,3637,455],[370,3637,260],[371,371,136],[371,371,43],[371,2996,218],[371,2996,235],[371,2996,425],[371,3836,3],[371,3836,154],[371,3836,407],[372,1953,339],[372,3294,390],[373,1793,388],[373,1899,94],[374,488,17],[374,488,454],[374,2965,381],[375,620,495],[375,3670,197],[376,1993,378],[376,2868,296],[376,2868,396],[377,2085,192],[377,2085,79],[377,2085,445],[378,1752,280],[379,797,197],[379,797,281],[379,2437,404],[379,2506,340],[379,2506,493],[379,3130,88],[379,3130,170],[380,35,32],[380,35,92],[380,35,478],[380,1046,214],[380,2726,50],[381,1084,22],[381,1084,296],[381,1084,330],[381,1084,451],[381,1084,480],[381,3903,271],[381,3903,325],[382,1141,223],[382,1199,154],[382,1240,82],[382,1985,10],[383,1916,471],[383,1916,270],[383,2380,423],[383,3066,460],[383,3066,378],[383,3066,279],[383,3473,408],[384,576,338],[384,576,416],[384,672,392],[384,672,469],[384,1875,405],[384,2220,118],[384,2220,454],[386,1948,421],[386,3871,485],[386,3871,396],[387,302,481],[387,1006,257],[387,2313,240],[388,1004,406],[388,1555,134],[388,1555,352],[388,2742,180],[388,2742,421],[388,2742,251],[388,3687,387],[389,195,347],[389,195,497],[389,391,446],[389,391,500],[389,961,400],[389,1286,52],[389,1420,493],[389,3626,460],[390,1981,168],[390,2663,286],[390,2663,488],[391,176,301],[391,176,475],[391,176,467],[391,677,457],[391,1241,426],[391,1241,453],[391,3908,103],[392,444,73],[392,444,354],[392,3313,310],[392,3390,431],[392,3444,488],[393,786,211],[393,786,21],[393,786,145],[393,975,344],[393,1047,2],[393,1047,10],[394,890,236],[394,890,484],[394,890,20],[394,1034,78],[394,3282,117],[394,3282,499],[395,465,170],[395,465,234],[395,1766,402],[396,1712,403],[396,1712,164],[396,2311,134],[396,2311,266],[396,3010,29],[396,3010,399],[397,318,259],[397,1094,55],[397,2597,360],[397,2957,361],[397,2957,257],[398,375,225],[398,375,236],[398,375,474],[398,3483,37],[398,3483,67],[398,3525,228],[398,3525,30],[398,3525,379],[399,65,128],[399,735,324],[399,2479,488],[400,153,450],[400,2722,429],[401,571,489],[401,1532,19],[401,1760,365],[401,1760,491],[401,1827,198],[401,2304,294],[402,709,483],[402,1344,154],[403,2077,75],[403,2307,438],[404,146,59],[404,438,79],[404,2057,458],[404,2206,67],[405,976,132],[405,976,3],[406,134,470],[406,618,14],[406,618,355],[406,2766,91],[406,2766,440],[406,3006,460],[406,3692,457],[407,257,90],[407,928,431],[408,1080,301],[408,1446,208],[408,3129,84],[408,3388,436],[410,799,272],[410,1978,416],[410,3480,135],[410,3480,202],[411,823,186],[411,848,412],[411,1466,452],[411,1466,368],[411,1466,309],[411,1594,314],[411,1594,486],[411,3764,2],[411,3764,200],[411,3915,483],[413,965,455],[413,2981,109],[413,3155,250],[413,3155,339],[413,3169,478],[414,1754,425],[414,1754,121],[414,2685,151],[415,1287,64],[415,2404,315],[415,3965,3],[415,3965,116],[415,3965,419],[417,1095,445],[417,1095,260],[417,2556,198],[417,2556,347],[418,298,25],[418,2086,68],[418,3904,167],[420,932,272],[420,3527,232],[420,3831,114],[421,541,426],[421,3987,448],[423,1807,152],[423,1807,435],[423,2427,63],[423,2427,335],[423,2817,439],[423,3788,475],[424,793,485],[424,793,227],[424,1214,290],[424,1884,215],[425,1164,473],[425,1164,427],[425,1861,206],[425,1861,366],[425,2322,314],[425,2545,427],[425,2545,135],[425,2545,78],[426,3587,106],[426,3587,218],[427,2363,57],[428,249,329],[428,2283,46],[428,2283,310],[428,2372,371],[428,3565,294],[429,1097,86],[429,2611,480],[429,3185,137],[430,2663,286],[430,2663,488],[430,3512,126],[430,3512,220],[431,196,310],[431,196,483],[431,564,384],[431,564,435],[431,1546,433],[431,2026,487],[432,1,295],[432,2680,482],[432,2813,348],[432,2813,481],[433,3499,459],[434,951,76],[434,3561,226],[434,3561,155],[434,3651,467],[435,2545,427],[435,2545,135],[435,2545,78],[435,2625,91],[436,315,144],[436,315,251],[436,2018,395],[437,911,4],[437,911,139],[437,911,472],[437,1792,155],[437,1792,176],[437,1792,403],[437,3570,239],[437,3570,74],[438,2890,328],[438,3602,179],[438,3602,300],[438,3644,373],[438,3644,499],[439,493,450],[439,549,379],[439,549,467],[439,588,486],[439,1873,492],[439,2093,461],[439,2508,267],[439,2508,472],[440,352,458],[440,352,101],[440,452,105],[440,1975,493],[440,1975,156],[440,3809,451],[440,3809,458],[441,344,279],[441,344,395],[441,1084,22],[441,1084,296],[441,1084,330],[441,1084,451],[441,1084,480],[441,2458,157],[441,2458,496],[441,2948,446],[442,1729,319],[442,1867,124],[442,3719,444],[443,338,304],[443,674,129],[444,280,497],[444,478,462],[446,1164,473],[446,1164,427],[446,1988,482],[447,176,301],[447,176,475],[447,176,467],[447,1997,496],[447,1997,287],[448,2333,491],[448,2562,155],[448,2980,394],[449,2097,249],[449,2097,350],[449,2097,373],[449,3451,152],[449,3451,496],[449,3531,199],[449,3740,454],[449,3899,303],[449,3899,494],[450,1280,498],[450,2268,266],[452,1533,182],[453,1734,464],[453,2857,484],[454,533,446],[454,789,74],[454,1288,93],[454,1288,493],[454,1304,146],[455,1061,96],[455,1061,466],[455,2204,496],[455,3700,494],[456,176,301],[456,176,475],[456,176,467],[456,3106,468],[456,3745,172],[456,3745,474],[457,1556,456],[457,1878,278],[457,2250,484],[457,2548,471],[457,2772,139],[458,605,110],[458,650,371],[458,650,222],[459,811,83],[459,811,499],[459,811,474],[460,3349,444],[460,3349,226],[461,821,486],[461,2506,340],[461,2506,493],[461,3049,426],[461,3049,26],[462,863,479],[462,1098,85],[462,1098,471],[462,1935,325],[462,1935,470],[462,3074,411],[463,2602,481],[463,3773,332],[464,1865,90],[464,2919,279],[464,2919,75],[464,3886,278],[465,779,197],[465,1026,478],[465,3234,167],[466,59,471],[466,859,1],[466,890,236],[466,890,484],[466,890,20],[466,3488,498],[466,3919,79],[466,3919,179],[466,3919,343],[467,44,495],[467,3260,371],[468,1212,72],[468,2341,443],[468,3817,191],[468,3817,481],[469,471,133],[469,1498,49],[469,1571,86],[469,2742,180],[469,2742,421],[469,2742,251],[470,1345,479],[470,1403,223],[470,1403,495],[471,168,375],[472,2183,490],[472,3216,492],[473,1577,220],[473,1577,123],[474,618,14],[474,618,355],[474,3066,460],[474,3066,378],[474,3066,279],[475,1089,440],[475,1089,486],[475,3071,487],[475,3071,212],[475,3071,170],[476,352,458],[476,352,101],[476,1887,313],[476,2590,489],[477,118,101],[477,3965,3],[477,3965,116],[477,3965,419],[478,2069,490],[479,657,386],[479,3180,456],[480,2892,318],[480,2892,160],[481,250,221],[482,793,485],[482,793,227],[482,2265,178],[482,2265,485],[482,3377,484],[482,3389,484],[482,3606,489],[482,3606,461],[483,2907,335],[485,2389,341],[485,2389,221],[486,3952,456],[487,1980,194],[487,3078,467],[487,3078,223],[487,3078,496],[487,3401,499],[487,3434,266],[488,725,51],[488,1008,421],[489,2481,124],[489,3078,467],[489,3078,223],[489,3078,496],[490,1862,362],[490,1862,99],[490,2484,145],[490,3024,36],[490,3024,108],[491,3104,365],[491,3104,178],[492,1273,67],[493,2134,232],[493,2134,442],[493,2175,100],[493,2175,478],[493,2175,24],[494,1328,277],[495,281,59],[495,3274,302],[495,3274,436],[495,3324,182],[496,1951,467],[497,1089,440],[497,1089,486],[497,1933,498],[498,2121,200],[498,3717,179],[498,3717,186],[498,3757,254],[499,2213,211],[500,245,162],[500,245,289],[500,515,120],[500,534,205]];

jitters = [100000,10000,20000,100000,20000,20000,2000,20000,10000,10000,1000,100000,20000,100000,20000,10000,10000,10000,20000,100000,100000,100000,10000,100000,100000,20000,10000,10000,2000,10000,10000,1000,100000,1000,10000,100000,20000,100000,10000,20000,2000,20000,100000,20000,2000,100000,20000,10000,20000,1000,1000,100000,10000,10000,10000,20000,100000,10000,100000,10000,20000,10000,1000,50000,100000,20000,100000,20000,10000,20000,1000,100000,10000,10000,10000,10000,20000,20000,20000,10000,100000,20000,100000,1000,100000,100000,20000,10000,20000,20000,20000,10000,20000,100000,20000,20000,20000,10000,100000,50000,100000,10000,100000,100000,50000,10000,100000,10000,100000,20000,100000,10000,20000,20000,5000,10000,20000,100000,100000,1000,20000,20000,10000,1000,10000,10000,20000,10000,100000,100000,20000,10000,100000,100000,10000,20000,20000,20000,20000,10000,10000,2000,5000,20000,10000,20000,100000,20000,10000,20000,50000,50000,10000,20000,100000,100000,10000,20000,100000,100000,10000,100000,100000,10000,2000,100000,10000,100000,10000,100000,1000,2000,20000,20000,100000,100000,100000,10000,20000,100000,100000,20000,5000,10000,20000,100000,20000,100000,10000,20000,20000,10000,20000,100000,20000,20000,50000,20000,100000,100000,10000,100000,20000,10000,20000,10000,100000,20000,100000,20000,1000,20000,20000,10000,100000,100000,10000,10000,10000,100000,20000,20000,1000,50000,100000,2000,50000,20000,10000,10000,100000,1000,2000,20000,100000,100000,100000,10000,10000,100000,10000,100000,10000,20000,100000,10000,20000,20000,2000,100000,2000,100000,20000,100000,100000,10000,20000,20000,20000,10000,10000,20000,20000,50000,100000,10000,5000,20000,10000,10000,20000,10000,10000,1000,20000,20000,50000,20000,10000,100000,100000,10000,10000,100000,1000,100000,10000,10000,10000,100000,20000,5000,10000,20000,100000,20000,10000,20000,50000,100000,100000,100000,100000,100000,10000,20000,10000,20000,50000,100000,10000,20000,100000,20000,10000,10000,20000,100000,10000,10000,10000,20000,10000,100000,20000,20000,1000,20000,20000,100000,100000,10000,2000,10000,100000,20000,10000,10000,50000,10000,10000,20000,10000,20000,20000,10000,20000,100000,100000,1000,20000,10000,20000,10000,20000,20000,10000,10000,10000,20000,10000,10000,20000,100000,20000,50000,50000,10000,10000,10000,100000,2000,10000,100000,5000,20000,20000,20000,1000,1000,100000,1000,10000,20000,100000,10000,100000,10000,10000,2000,10000,20000,20000,20000,2000,20000,10000,100000,20000,10000,100000,20000,20000,1000,20000,10000,10000,10000,100000,100000,20000,20000,20000,50000,5000,100000,20000,5000,20000,1000,10000,20000,20000,100000,50000,10000,50000,10000,10000,100000,20000,100000,20000,100000,20000,10000,10000,20000,20000,1000,10000,100000,100000,10000,20000,10000,20000,10000,20000,20000,20000,20000,10000,20000,20000,100000,10000,1000,20000,10000,20000,10000,100000,10000,20000,10000,100000,100000,100000,10000,10000,20000,10000,100000,20000,100000,10000,20000,10000,10000,100000,10000,20000,10000,10000,20000,20000,20000,100000,20000,10000,20000,1000,20000,5000,20000,10000,10000,20000,20000];

