NumChains = 50;
NumResources = 3;
NumRunnablesInChains = 276;
MemoryBoundOnResource = 1048576;
UtilizationBoundOnResource = 100;

numberOfTasksinChain = [7,11,11,7,9,13,13,9,13,7,11,7,11,7,11,7,13,9,7,9,7,13,11,13,7,13,7,9,9,7,13,7,9,13,11,11,9,9,7,7,13,13,9,13,11,13,11,13,11,11];

runnablesInChains = [442,96,489,47,277,308,289,99,169,211,184,171,102,398,282,467,169,478,71,441,114,248,193,186,143,378,336,254,31,140,389,166,135,344,366,176,156,307,216,301,54,112,389,194,290,103,388,201,312,182,353,181,483,291,275,25,86,30,458,265,316,287,477,491,481,283,448,337,114,326,16,456,136,201,37,468,475,421,497,443,385,85,8,239,472,73,287,284,408,66,363,166,421,79,443,470,139,344,456,62,317,370,446,401,46,161,16,76,365,100,103,319,183,496,232,7,211,103,324,425,56,366,430,208,200,231,304,257,392,102,160,500,70,308,341,274,179,334,482,52,330,141,218,244,488,436,362,234,404,75,397,240,35,281,133,476,195,170,112,388,317,232,20,253,414,297,369,449,314,138,220,200,204,291,493,272,310,167,74,43,449,452,94,403,186,57,467,485,390,460,141,490,448,44,482,13,19,343,426,493,61,368,283,123,480,188,483,323,448,58,323,162,61,350,453,231,177,365,398,418,98,474,228,128,76,407,302,377,441,258,96,412,111,202,60,280,471,175,98,69,82,372,184,394,187,369,454,101,89,416,111,98,393,142,119,80,1,135,362,75,266,4,388,117,147,112,90,370,452,189,72,245,23,138,284,378];

ProcessingTimesOfMessages = [[1,1,1,1,1,1],[1,1,1,1,1,1,1,1,1],[1,1,1,1,1,1,1,1],[1,1,1,1,1,1,1,1,1],[1,1,1,1,1,1,1,1,1,1,1,1,1,1],[1,1,1,1,1,1,1,1,1],[1,1,1,1,1,1,1,1],[1,1,1,1,1,1,1,1,1,1,1],[1,1,1],[1,1,1,1,1],[1,1,1,1,1,1,1,1,1,1,1,1],[1,1,1,1],[1,1,2,1,1,1,1,1,1],[1,1,1,1,1,1,1],[1,1,1,1],[1,1,1],[1,1,1,1,1,1,1,1],[1,1,1,1,1,1,1,1,1],[1,1,1,1,1,1,1,1,1],[1,1,1,1,1,1],[1,1,1,1,1,1,1,1,1,1,1,1,1],[1,1,1,1,1,1,1,1,1],[1,1,1,1,1,1,1,1],[1,1,1,1],[1,1,1,1,1,1,1,1],[1,1,1,1,1,1,1,1],[1,1,1,1,1,1,1,1],[1,1,1,1,1,1,1,1,1,1,1,1,1],[1,1,1,1,1,1,1,1,1,1,1,1],[1,1,1,1,1,1,1],[1,1,1,1,1,1,1],[1,1,1,1,1,1,1,1,1],[1,1,1,1,1],[1,1,1,1,1,1,1,1,1],[1,1,1],[1,1,1,1,1,1,1,1],[1,1,1,1,1,1,1],[1,1,1,1,1,1,1,1,1],[1,1,1,1,1,1],[1,1,1,1,1,1,1],[1,1,1,1,1],[1,1,1,1,1,1,1],[1,1,1,1,1,1,1],[1,1,1,1,1,1,1,1,1],[1,1,1,1,1],[1,1,1,1,1,1],[1,1,1,1,1,1,1,1,1],[1,1,1,1,1,1,1],[1,1,1,1,1,1,1,1],[1,1,1,1,1,1,1],[1,1,1,1,1,1,1,1,1,1],[1,1,1,1,1,1,1,2],[1,1,1,1],[1,1,1,1,1,2,2,1],[1,1,1,1,1,1,1,1],[1,1,1,1,1],[1,1,1,1,1,1,1,1,1],[1,1,1,1,1,1,1],[1,1,1,1],[1,1,1,1,1],[1,1,1,1,1,1,1,1],[1,1,1,1,1,1,1],[1,1,1,1,1,1,1,1,1,1,1],[1,1,1,1,2,2,1,1],[1,1,1,1,1,1,1,1,1,1,1],[1,1,1,1,1,1,1,1,1,1],[1,1,1,1,1,1,1],[1,1,1,1,1,1],[1,1,1,1,1],[1,1,1,1,1,1,1,1],[1,1,1,1,1,1,1,1],[1,1,1,1,1],[1,1,1,1,1,1],[1,1,1,1,1,1,1],[1,1,1,1,1],[1,1,1,1,1,1,1,1,1],[1,1,1,1,1,1,1,1],[1,1,1,1,1],[1,1,1,1,1],[1,1,1,1,1,1],[1,1,1,1,1],[1,1,1,1,1,1,1,1,1,1],[1,1,1,1,1,1,1,1],[1,1,1,1,1,1,1,1,1],[1,1,1,1,1,1,1,1,1,1],[1,1,1,1,1,1,1],[1,1,1,1,1,1,1,1,1,1],[1,1,1,1,1,1,1,1,1],[1,1,1,1],[1,1,1,1,1],[1,1,1,1,1,1,1,1,1,1,1],[1,1,1,1,1,1,1,1],[1,1,1,1,1],[1,1,1,1,1,1,1,1,1],[1,1,1,1,1,1,1,1],[1,1,1,1,1,1],[2,1,1,1,1],[1,1,1,1,1,1,1,1],[1,1,1,1,1],[1,1,1,1],[1,1,1,1,1,1,1,1,1,1],[1,1,1],[1,1,1,1,1,1,1],[1,1],[1,1,1,1,1,1,1],[1,1,1,1,1,1,1],[1,1,1,1,1],[1,1,1,1,1,1,1,1],[1,1,1,1],[1,1,1,1,1,1,1,1],[1,1],[1,1,1,1,1],[1,1,1,1,1,1,1],[1,1,1,1,1,1,1,1,1],[1,1,1,1,1,1,1,1,1,1,1],[1,1,1,1],[1,1,1,1,1,1,1],[1,1,1,1,1,1,1],[1,1,1,1,1,1,1,1,1],[1,1,1,1,1,1],[1,1,1,1,1,1,1,1,1,1],[1,1,1,1,1,1,1,1],[1,1,1,1],[1,1],[1,1,1,1],[1,1,1,1,1],[1,1,1,1,1,1],[1,1,1,1,1,1,1],[1,1,1,1,1,1,1,1],[1,2,1,1],[1,1,1,1,1,1,1],[1,1,1,1,1,1],[1,1,1,1,1,1],[1,1,1,1,1,1,1,1,1],[1,1,1,1,1,1,1],[1,1,1,1,1,1,1,1,1],[2,2,2,1,1],[1,1,1,1],[1,1,1,1,1,1],[1,1,1,1,1,1,1,1],[1,1,1,1,1,1,1],[1,1,1,1,1,1,1],[1,1,1,1,1,1,1,1,1],[1,1,1],[1,1,1,1,1,1],[1,1,1,1,1],[1,1,1,1,1,1,1,1,1,1,1],[1,1,1,1,1,1,1,1],[1,1,1,1,1,1],[1,1,1,1,1,1,1],[1,1,1,1,1,1,1],[1,1,1,1,1,1,1,1],[1,1,1,1,1,1,1],[1,1,1,1,1],[1,1,1,1],[1,1,1,1,1,1],[1,1,1,1,1,1,1,1],[1,1,1,1,1,1,1,1,1,1,1,1,1],[1,1,1,1,1,1],[1,1,1,1,1,1,1],[1,1,1,1,1,1,1,1,1,1],[1,1,1,1,1,1,1,1],[1,1,1,1,1,1,1],[1,1,1,1,1,1,1],[1,1],[1,1,1,1,1,1,1],[1,1,1,1],[1,1,1,1,1,1,1,1],[1,1,1,1,1],[1,1,1,1,1,1,1,1],[1,1,1,1],[1,1,1,1,1,1],[1,1,1,1,1,1,1,1,1,1],[1,1,1,1,1,1,1],[1,1,1,1],[1,1,1,1,1,1,1],[1,1,1,1,1,1,1,1],[1,1,1,1,1,1,1,1,1,1,1,1,1],[1,1,1,1],[1,1,1,1,1,1,1,1],[1,1,1,1,1,1,1,1,1,1,1],[1,1,1,1,1,1,1],[1,1,1,1,1,1],[1,1,1,1,1],[1,1,1,1,1,1],[2,2,2,1,1],[1,1,1,1,1,1],[1,1,1,1,1],[1,1,1,1],[1,1,1,1,1],[1,1,1,1,1,1,1],[1,1,1,1,1,1],[1,1,1,1],[1,1,1,1,1,1,1],[1,1,1,1,1,1,1],[1,1,1,1,1,1,1,1,1,1,1],[1,1,1,1,1,1,1,1,1],[1,1,1,1,1,1],[1,1,1,1,1,1],[1,1,1,1,1],[1,1,1,1,1],[1,1,1],[1,1,1,1,1,1,1,1],[1,1,1,1,1,1,1,1,1,1],[1,1,1,1,1,1,1,1],[1,1,1,1,1,1,1],[1,1,1],[1,1,1,1,1],[1,1,1,1,1,1,1],[1,1,1],[1,1],[1,1,1,1,1],[1,1,1,1,1,1,1,1],[1,1,1,1,1,1],[1,1,1,1],[1,1,1,1,1,1,1,1,1],[1,1,1,1,1,1,1],[1,1,1,1,1,1,1],[1,1,1,1,1],[1,1,1,1],[1,1,1,1,1],[1,1,1,1],[1,1,1,1,1,1],[1,1,1,1,1,1,1,1],[1,1,1,1,1,1,1,1,1,1],[1,1,1,1,1,1,1,1,1,1,1,1],[1,1,1,1,1,1],[1,1,1,1,1,1,1,1],[1,1,1,1,1],[1,1,1,1,1,1],[1,1,1,1,1],[1,1,1,1,1,1],[1,1,1,1],[1,1,1,1,1,1,1],[1,1,1],[1,1,1,1,1,1],[1,1,1,1,1,1,1,1,1,1,1],[1,1,1,1,1,1],[1,1,1,1],[1,1,1,1],[1,1,1,1,1,1],[1,1,1],[1,1,1,1],[1,1,1,1,1],[1,1,1,1,1],[1,1,1],[1,1,1,1,1,1,1,1,1,1],[1,1,1,1,1,1,1,1,1],[1,1,1,1,1,1],[1,1,1,1,1,1,1,1,1,1,1,1],[1,1,1,1,1,1,1,1,1],[2,1,1,1,1],[1,1,1,1,1,1,1,1,1],[1,1,1,1,1],[1,1,1,1,1],[1,1,1],[1,1,1],[1,1,1,1,1,1,1],[1,1,1,1,1,1,1,1],[],[1,1,1,1,1,1,1],[1,1,1,1,1,1,1,1],[1,1,1,1,1,1],[1,1,1,1,1,1,1],[1,1,1,1,1,1],[1,1],[1,1,1,1,1,1,1,1,1,1],[1,1,1],[1,1,1,1,1,1,1,1,1,1,1],[1,1,1,1,1],[1,1,1,1,1,1,1,1,1],[1,1,1,1,1,1],[1,1,1,1,1,1,1,1,1],[1,1,1],[1,1,1,1,1,1],[1,1,1,1,1,1,1,1,1,1,1],[1,1,1,1,1],[1,1,1,1],[1,1,1,1,1,1,1,1,1,1],[1,1,1,1],[1,1,1,1,1,1,1,1,1,2,1],[1,1,1,1,1,1],[1,1,1,1,1,1],[1,1,1,1],[1,1,1,1,1,1,1,1,1,1],[1,1,1,1,1,1,1,1,1,1],[1,1,1],[1,1,1,1,1,1,1,1,1,1,1,1],[1,1,1,1,1],[1,1,1,1,1,1,1],[1,1,1],[1,1,1,1,1,1,1,1],[1,1,1],[1,1,1,1,1,1],[1,1,1,1,1,1],[1,1,1,1,1,1,1],[1,1,1,1,1],[1,1,1,1,1,1,1],[1,1,1,1,1],[1,1,1,1],[1,1,1,1,1,1,1],[1,1,1,1,1,1],[1,1,2,1,1,1],[1,1,1,1],[1,1,1,1,1,1,1],[1,1,1,1,1,1,1],[1,1],[1,2],[1,1,1,1,1],[1,1,1,1],[1,1,1,1,1,1,1,1],[1,1,1],[1,1,1],[1,1,1,1,1,1,1],[1,1,1],[1,1],[1,1],[1,1,1],[1,1,1,1],[1,1,1,1,1,1],[1,1],[1,1,1,1,1],[1,1,1,1,1],[1,1,1,1,1],[1,1,1,1,1,1,1,1,1],[1,1,1,1,1,1,1,1,1,1],[1,1,1,1,1],[1,1,1,1,1],[1,1,1],[1,1],[1,1,1],[1,1,1,1],[1,1],[1,1,1,1,1],[1,1],[1,1,1,1,1],[1,1,1,1,1],[1,1,1,1,1,1,1,1],[1,1,1,1,1,1,1,1],[1,1,1,1,1,1,1],[1,1,1,1,1,1],[1,1,1,1],[1,1,1,1],[1,1],[1,1,1,1,1],[1,1],[1,1],[1,1,1],[1,1,1,1,1,1,1,1],[1,1,1,1],[1,1,1,1,1,1,1,1,1,1,1,1],[1],[1,1,1],[1,1,1,1,1,1,1],[1,1],[1,1,1,1,1],[1,1,1,1],[1,2,2,2,1,1],[1,1,1,1,1,1],[1,1,1,1],[2,1],[1,1,1,1,1],[1,1,1,1,1,1],[1,1,1,1,1,1,1,1,1,1,1,1,1],[1,1,1,1,1,1,1,1],[1,1,1,1],[1,1,1,1,1,1,1],[1,1,1],[1,1,1,1,1,1],[1,1,1,1,1,1],[1,1,1,1,1,1],[1,1,1],[1,1,1,1],[1,1,1],[1,1,1],[1,1,1,1,1,1],[1,1,1],[1,1,1],[1,1,1,1,1,1,1],[1,1,1,1,1,1,1,1],[1],[1,1,1,1,1,1],[1,1,1],[1,1],[1,1,1,1,1,1,1],[1,1,1,1,1,1,1,1],[1,1],[1,1,1,1],[1,1,1,1,1,1,1],[1,1,1,1,1],[1,1,1,1,1,1,1,1],[1,1,1],[1,1],[1,1,1,1,1,1,1],[1,1,1,1,1,1,1,1],[1],[1,1,1,1,1,1,1],[1,1,1,1],[1,1,1,1,1,1,1],[1,1,1,1],[1,1,1,1],[1],[1,1,1,1,1,1],[1,1],[1,1,1,1],[1,1,1,1],[1,1,1,1,1,1],[1,1,1,1],[1,1],[1,1,1,1,1,1,1,1],[1,1],[1,1,1,1],[1,1,1,1,1],[1,1,1,1,1],[1,1,1,1,1,1,1,1,1,1,1],[1,1],[1,1,1,1],[1,1,1,1,1,1,1],[1,1,1],[1,1,1,1,1,1,1,1,1,1],[1,1,1,1,1],[1,1,1],[1,1,1,1,1,1],[1,1,1,1,1,1,1,1,1],[1,1,1,1,1],[1,1,1,1],[1,1,1],[1,1],[1,1,1,1,1,1],[1,1,1,1],[1,1],[1,1,1,1,1,1,1],[1,1],[1,1,1,1],[1,1,1,1,1],[1,1,1,1,1],[],[1,1,1,1,1,1],[1,1,1],[1,1,1,1,1],[1,1],[1,1,1,1],[1,1,1,1,1],[1,1,1,1,1,1,1,1],[1,1,1],[1,1,1,1],[1],[1,1,1,1,1,1,1,1],[1,1,1],[],[1,1,1,1,1,1],[1,1,1,1,1,1],[1,1,1],[1,1,1,1],[1,1,1,1,1,1],[1,1,1,1],[1],[1,1,1,1,1,1,1,1],[],[1,1,1],[1,1,1],[1,1,1],[1,1,1],[1,1],[],[1,1,1],[1,1,1],[1,1,1,1],[1,1],[1,1,1,1,1,1],[1,1,1],[1],[1,1,1],[1,1],[1,1,1,1,1],[1,1,1,1,1],[1,1,1,1],[1,1],[],[1,1],[1,1],[1,1,1,1],[1,1,1,1],[1,1,1,1],[1,1,1,1],[1,1,1,1,1],[1,1,1,1],[1,1],[1],[1,1,1],[1,1,1,1],[],[1,1,1,1,1],[1,1,1,1,1],[1,1,1,1,1],[1,1,1],[1,1,1,1],[1,1],[1,1,1,1,1,1],[1,1,1,1]];

processingTimesRunnables = [11,11,14,8,16,13,10,5,11,10,5,17,13,11,6,13,8,13,10,10,11,17,10,12,13,11,13,12,6,11,10,14,14,8,12,12,7,16,12,13,16,11,6,12,11,13,16,11,13,16,15,13,12,11,11,15,5,13,9,12,11,17,17,9,13,8,13,13,7,11,8,12,6,5,8,7,11,12,13,9,12,9,13,6,12,15,13,7,11,4,13,10,13,10,13,8,13,13,11,13,9,14,13,12,13,16,10,15,14,6,13,11,15,13,6,10,12,10,16,12,13,12,13,9,13,13,15,8,10,13,9,11,12,12,5,7,13,13,15,5,12,13,6,11,10,15,12,16,13,12,9,12,13,16,12,10,13,8,12,12,11,11,13,13,10,13,9,11,10,13,7,12,5,12,16,6,11,13,11,10,13,5,8,5,15,11,7,14,9,12,15,7,13,9,8,13,10,10,6,9,12,12,9,12,14,6,14,7,10,11,16,10,13,14,16,11,10,9,13,5,12,11,10,15,11,13,10,11,12,10,6,11,8,12,11,13,10,13,13,13,14,11,15,10,6,11,13,11,9,12,15,6,16,11,11,12,13,11,13,13,11,10,11,11,5,14,10,13,14,10,13,11,12,9,6,11,10,14,13,4,9,14,16,5,12,10,13,13,14,13,12,13,6,10,7,6,12,5,13,12,11,13,12,13,11,12,9,11,11,11,10,13,13,10,10,11,7,13,12,16,7,9,11,5,6,11,16,13,10,12,13,11,7,10,8,10,12,7,5,13,6,13,7,15,15,10,13,13,10,6,7,8,12,11,12,12,11,12,12,11,13,13,14,13,12,12,6,12,12,13,10,11,5,7,13,13,11,13,13,13,12,10,15,10,11,5,11,14,7,13,9,6,13,11,10,10,12,10,10,15,13,9,6,7,9,16,12,16,12,11,10,6,11,12,11,10,13,13,5,17,10,10,9,13,8,12,13,13,7,10,12,12,10,10,15,9,11,6,12,11,7,10,13,16,12,7,12,12,5,13,13,17,12,13,12,7,16,12,12,13,6,7,11,15,5,13,13,10,13,15,9,10,12,9,12,10,11,10,13,9,16,16,5,5,12,12,13,9,8,10,11,13,11,12,13,8,12,11,12,12];

periods = [20000,100000,10000,10000,10000,5000,10000,50000,100000,100000,2000,100000,20000,100000,10000,20000,1000,10000,20000,10000,20000,10000,100000,100000,2000,100000,100000,20000,10000,2000,100000,10000,10000,20000,10000,20000,10000,20000,50000,1000,100000,10000,100000,20000,100000,100000,10000,20000,20000,20000,100000,20000,20000,100000,50000,10000,20000,20000,10000,100000,20000,10000,100000,50000,20000,100000,100000,20000,20000,10000,10000,100000,100000,100000,10000,20000,2000,20000,5000,20000,20000,20000,10000,10000,50000,2000,100000,20000,100000,100000,20000,20000,50000,20000,20000,10000,20000,20000,10000,20000,100000,20000,10000,1000,10000,100000,10000,10000,20000,10000,100000,100000,100000,20000,50000,10000,10000,20000,20000,20000,20000,10000,20000,20000,100000,10000,20000,20000,1000,1000,20000,20000,10000,10000,10000,10000,20000,100000,5000,100000,20000,20000,20000,10000,20000,10000,100000,100000,20000,10000,20000,100000,5000,10000,10000,10000,20000,10000,2000,10000,100000,20000,100000,20000,20000,100000,100000,10000,10000,100000,20000,10000,20000,100000,100000,10000,20000,20000,20000,20000,20000,10000,10000,20000,50000,20000,100000,20000,100000,20000,10000,20000,20000,100000,100000,20000,20000,10000,100000,20000,10000,100000,20000,20000,100000,10000,50000,20000,100000,20000,10000,10000,10000,100000,100000,10000,10000,20000,20000,20000,20000,20000,10000,100000,10000,20000,20000,20000,20000,10000,20000,10000,1000,10000,20000,10000,10000,10000,50000,10000,2000,100000,10000,20000,100000,100000,10000,20000,100000,100000,100000,100000,10000,100000,50000,20000,20000,10000,20000,10000,10000,10000,10000,20000,2000,10000,1000,100000,10000,20000,1000,100000,10000,20000,20000,20000,10000,10000,10000,100000,10000,20000,20000,100000,10000,10000,100000,20000,10000,10000,20000,100000,20000,1000,10000,100000,10000,5000,50000,2000,100000,10000,10000,20000,100000,20000,10000,10000,100000,100000,10000,10000,50000,100000,50000,2000,10000,20000,10000,20000,20000,10000,20000,10000,50000,20000,10000,10000,20000,20000,100000,10000,100000,20000,100000,100000,20000,20000,100000,20000,20000,10000,20000,10000,100000,50000,20000,20000,10000,20000,100000,10000,10000,2000,10000,100000,10000,100000,20000,10000,10000,10000,100000,50000,20000,10000,1000,20000,100000,100000,50000,20000,10000,5000,10000,20000,10000,100000,10000,20000,10000,100000,100000,20000,5000,100000,50000,10000,100000,20000,100000,20000,20000,20000,100000,20000,10000,20000,20000,100000,100000,20000,20000,10000,100000,10000,20000,100000,100000,10000,10000,100000,20000,10000,20000,100000,10000,20000,100000,10000,5000,10000,100000,10000,10000,20000,10000,10000,10000,10000,20000,10000,50000,20000,10000,10000,10000,100000,10000,100000,10000,10000,5000,100000,20000,100000,20000,20000,100000,20000,20000,100000,20000,100000,50000,10000,1000,2000,100000,20000,100000,20000,10000,100000,100000,100000,20000,5000,100000,5000,100000,50000,20000,20000,5000,100000,100000,10000,20000,20000,100000,20000,20000,10000,20000,100000,2000,20000,10000,20000,100000,10000,20000,100000,50000,10000,5000,20000,10000,10000];

communicationTimeForOrderCriticalMessages = [1,1,1,1,1,1,1,1,1,1,1,1,1,1,1,1,1,1,1,1,1,1,1,1,1,1,1,1,1,1,1,1,1,2,1,1,1,1,1,1,1,1,1,1,1,1,1,1,1,1,1,1,1,1,1,1,1,1,1,1,1,1,1,1,1,1,1,1,1,1,1,1,1,1,1,1,1,1,1,1,1,1,1,1,1,1,1,1,1,1,1,1,1,1,1,1,1,1,1,1,1,1,1,1,1,1,1,1,1,1,1,1,1,1,1,1,1,1,1,1,1,1,1,1,1,1,1,1,1,1,1,1,1,1,1,1,1,1,1,1,1,1,1,1,1,1,1,1,1,1,1,1,1,1,1,1,1,1,1,1,1,1,1,1,1,1,1,1,1,1,1,1,1,1,1,1,1,1,1,1,1,1,1,1,1,1,1,1,1,1,1,1,1,1,1,1,1,1,1,1,1,1,1,1,1,1,1,1,1,1,1,1,1,1,1,1,1,1,1,1,1,1,1,1,1,1];

sizeOfRunnables = [1053,1095,1388,770,1508,1248,968,420,1090,998,413,1620,1275,1043,563,1268,775,1240,975,913,1013,1620,983,1188,1263,1060,1253,1128,558,1038,990,1368,1308,753,1180,1178,645,1600,1125,1300,1595,1043,533,1163,1050,1253,1518,1065,1218,1595,1475,1225,1155,1083,1048,1433,438,1298,805,1173,1058,1605,1620,813,1275,783,1253,1253,678,1023,768,1173,540,430,723,603,1053,1173,1225,825,1150,813,1238,513,1113,1425,1203,603,1008,385,1270,945,1253,963,1285,770,1270,1253,1013,1280,820,1318,1258,1170,1238,1535,955,1433,1378,503,1283,1030,1438,1218,535,948,1140,985,1508,1170,1238,1178,1275,878,1245,1233,1458,745,1000,1230,835,1090,1155,1165,420,608,1263,1270,1498,488,1173,1203,558,1015,993,1495,1103,1550,1203,1173,803,1103,1238,1528,1140,923,1253,705,1165,1158,1075,1053,1283,1243,910,1218,825,1053,993,1218,640,1178,413,1118,1588,515,1020,1300,1015,953,1270,468,715,408,1480,1065,630,1378,885,1183,1470,630,1210,890,723,1225,953,963,578,825,1185,1133,810,1188,1318,600,1350,670,985,1080,1508,945,1223,1350,1550,1020,993,820,1218,480,1183,1035,915,1470,1035,1238,945,1073,1120,978,520,1008,788,1128,1095,1290,963,1248,1238,1300,1383,1005,1463,985,573,1023,1238,1048,880,1128,1453,515,1588,1068,1053,1135,1268,1028,1300,1218,1098,990,1038,1080,495,1318,960,1218,1340,955,1243,1080,1133,885,515,1028,963,1400,1215,378,873,1383,1550,408,1193,945,1233,1260,1373,1253,1118,1285,595,975,603,525,1150,500,1208,1105,1023,1290,1113,1295,1068,1165,848,1005,1005,1005,933,1243,1253,983,953,1090,690,1203,1105,1555,660,840,1075,483,593,1023,1513,1210,960,1155,1285,1083,690,968,715,940,1140,695,450,1285,548,1298,623,1470,1415,975,1245,1218,998,595,615,723,1173,1035,1128,1188,1013,1155,1148,1003,1238,1295,1308,1268,1105,1133,555,1160,1165,1300,943,1073,483,670,1268,1240,1073,1218,1235,1255,1148,933,1463,990,1053,430,1053,1345,630,1263,895,520,1233,1008,1000,983,1195,960,983,1410,1248,870,598,603,878,1518,1173,1593,1125,1090,965,503,1038,1180,1043,983,1255,1263,408,1615,938,993,858,1245,798,1128,1238,1225,653,905,1118,1193,945,968,1420,880,1035,575,1148,1035,695,998,1240,1508,1185,630,1143,1140,480,1275,1220,1605,1148,1283,1140,625,1508,1195,1160,1260,565,663,1005,1438,498,1300,1285,1000,1255,1410,848,960,1178,850,1188,930,1030,903,1260,845,1578,1560,480,468,1113,1195,1300,825,790,975,1060,1253,1075,1193,1233,760,1158,1023,1128,1170];

SenderLabelReceiverOrderCriticalChains = [[442,3383,0,0,96],[96,2692,0,0,489],[489,2597,0,0,47],[277,3609,0,0,308],[308,1143,0,0,289],[289,3441,0,0,99],[99,2577,0,0,169],[169,1242,0,0,211],[184,1039,0,0,171],[171,1654,0,0,102],[102,2419,0,0,398],[398,3458,0,0,282],[282,192,0,0,467],[169,1006,0,0,478],[478,3570,0,0,71],[71,1179,0,0,441],[114,360,0,0,248],[248,2538,0,0,193],[193,2265,0,0,186],[186,3278,0,0,143],[378,2662,0,0,336],[336,1055,0,0,254],[254,824,0,0,31],[31,3998,0,0,140],[140,2423,0,0,389],[389,292,0,0,166],[135,2144,0,0,344],[344,1759,0,0,366],[366,2958,0,0,176],[176,409,0,0,156],[156,1600,0,0,307],[307,756,2971,0,216],[301,295,0,0,54],[54,2907,0,0,112],[112,1214,0,0,389],[389,2326,0,0,194],[290,2500,0,0,103],[103,1557,0,0,388],[388,1640,0,0,201],[201,1218,0,0,312],[312,241,0,0,182],[182,3076,0,0,353],[181,535,0,0,483],[483,3743,0,0,291],[291,415,3585,0,275],[25,240,1089,0,86],[86,3104,0,0,30],[30,3057,0,0,458],[458,2426,0,0,265],[265,1444,0,0,316],[287,1064,0,0,477],[477,788,0,0,491],[491,1323,0,0,481],[283,468,0,0,448],[448,705,0,0,337],[337,1496,0,0,114],[114,685,0,0,326],[326,273,0,0,16],[456,260,0,0,136],[136,2176,0,0,201],[201,2491,0,0,37],[468,3718,0,0,475],[475,152,0,0,421],[421,2308,0,0,497],[497,2400,0,0,443],[443,2687,3098,0,385],[85,2641,0,0,8],[8,2423,0,0,239],[239,3012,0,0,472],[73,697,0,0,287],[287,383,0,0,284],[284,266,0,0,408],[408,779,0,0,66],[66,2505,0,0,363],[363,1273,0,0,166],[421,689,0,0,79],[79,2934,0,0,443],[443,3096,0,0,470],[470,1083,0,0,139],[344,2780,0,0,456],[456,3737,0,0,62],[62,325,0,0,317],[370,3428,0,0,446],[446,2046,0,0,401],[401,1415,0,0,46],[46,1034,0,0,161],[16,2709,0,0,76],[76,1819,0,0,365],[365,2906,0,0,100],[103,2901,0,0,319],[319,1463,0,0,183],[183,3411,0,0,496],[496,2930,0,0,232],[232,2733,0,0,7],[7,2890,0,0,211],[103,1448,0,0,324],[324,3119,0,0,425],[425,549,0,0,56],[56,1004,0,0,366],[366,1390,0,0,430],[208,224,0,0,200],[200,884,0,0,231],[231,3891,0,0,304],[304,131,0,0,257],[257,3862,0,0,392],[392,2294,0,0,102],[160,2966,0,0,500],[500,59,0,0,70],[70,2170,3017,0,308],[341,919,0,0,274],[274,1374,0,0,179],[179,607,0,0,334],[334,1582,0,0,482],[482,3817,0,0,52],[52,606,0,0,330],[141,3978,0,0,218],[218,240,0,0,244],[244,701,0,0,488],[436,2235,0,0,362],[362,3953,0,0,234],[234,2842,0,0,404],[404,1232,0,0,75],[397,2036,0,0,240],[240,715,0,0,35],[35,3856,0,0,281],[281,2385,0,0,133],[476,69,0,0,195],[195,90,0,0,170],[170,1834,0,0,112],[388,2238,0,0,317],[317,2190,0,0,232],[232,396,0,0,20],[20,1951,0,0,253],[253,3175,0,0,414],[414,2235,0,0,297],[369,1517,0,0,449],[449,2563,0,0,314],[314,1634,0,0,138],[220,3600,0,0,200],[200,683,0,0,204],[204,680,0,0,291],[291,3585,0,0,493],[272,3688,0,0,310],[310,77,0,0,167],[167,1991,0,0,74],[74,1258,0,0,43],[43,604,0,0,449],[449,2771,0,0,452],[94,2430,0,0,403],[403,1990,0,0,186],[186,1365,0,0,57],[57,3599,0,0,467],[467,1341,0,0,485],[390,1530,0,0,460],[460,634,0,0,141],[141,3324,0,0,490],[490,3685,0,0,448],[448,3841,0,0,44],[482,3847,0,0,13],[13,3209,0,0,19],[19,800,0,0,343],[343,3675,0,0,426],[493,29,0,0,61],[61,2285,0,0,368],[368,181,0,0,283],[283,1765,0,0,123],[480,886,0,0,188],[188,2063,0,0,483],[483,363,0,0,323],[448,511,0,0,58],[58,3463,0,0,323],[323,3264,0,0,162],[61,2887,0,0,350],[350,2866,3493,0,453],[453,3704,0,0,231],[231,3648,0,0,177],[177,1659,0,0,365],[365,3442,0,0,398],[418,2151,0,0,98],[98,1393,0,0,474],[474,234,0,0,228],[228,658,0,0,128],[128,2088,0,0,76],[76,3072,0,0,407],[302,94,0,0,377],[377,2491,0,0,441],[441,2261,0,0,258],[258,1956,0,0,96],[412,3108,0,0,111],[111,3170,0,0,202],[202,1169,0,0,60],[60,2042,0,0,280],[280,3050,0,0,471],[471,3115,0,0,175],[98,2533,0,0,69],[69,1733,0,0,82],[82,2906,0,0,372],[372,2151,0,0,184],[184,14,0,0,394],[187,2194,0,0,369],[369,3958,0,0,454],[454,3443,0,0,101],[101,477,0,0,89],[89,837,0,0,416],[416,1585,0,0,111],[98,3427,0,0,393],[393,2881,0,0,142],[142,738,0,0,119],[119,711,0,0,80],[80,1381,0,0,1],[135,1450,0,0,362],[362,549,0,0,75],[75,840,0,0,266],[266,1728,0,0,4],[4,2991,0,0,388],[388,1649,0,0,117],[147,882,0,0,112],[112,922,0,0,90],[90,2531,0,0,370],[370,1611,0,0,452],[452,301,0,0,189],[72,2433,0,0,245],[245,2714,0,0,23],[23,1608,0,0,138],[138,3270,0,0,284],[284,1310,0,0,378]];

SenderLabelReceiverNonOrderCriticalChains = [[1,273,16],[1,273,12],[1,273,13],[1,1334,186],[1,1612,441],[1,3259,479],[2,307,207],[2,657,271],[2,898,458],[2,1553,9],[2,1609,416],[2,1753,268],[2,3657,305],[2,3657,147],[2,3657,493],[3,103,160],[3,805,260],[3,805,388],[3,845,223],[3,845,168],[3,1482,4],[3,2136,35],[3,2834,162],[4,164,68],[4,1610,22],[4,1853,260],[4,1853,213],[4,2718,318],[4,2991,388],[4,3104,30],[4,3104,423],[4,3104,36],[5,121,496],[5,170,90],[5,315,7],[5,1059,396],[5,2059,344],[5,2059,13],[5,2059,14],[5,2098,33],[5,2098,445],[5,2098,187],[5,3613,381],[5,3657,305],[5,3657,147],[5,3657,493],[6,585,319],[6,1719,426],[6,1719,496],[6,1719,185],[6,2716,229],[6,2848,79],[6,3480,385],[6,3480,406],[6,3593,385],[7,538,366],[7,682,377],[7,2218,242],[7,2218,15],[7,2228,375],[7,2890,211],[7,3503,32],[7,3503,290],[8,1271,39],[8,1929,15],[8,2031,280],[8,2031,132],[8,2423,239],[8,2423,389],[8,2874,162],[8,3203,325],[8,3203,174],[8,3203,411],[8,3910,477],[9,484,10],[9,946,254],[9,1133,319],[10,2899,478],[10,2990,12],[10,3326,309],[10,3920,352],[10,3920,305],[11,591,316],[11,2243,286],[11,2243,221],[11,2243,347],[11,2243,491],[11,2270,77],[11,2270,405],[11,3115,25],[11,3115,175],[11,3131,30],[11,3276,316],[11,3276,489],[12,559,250],[12,630,459],[12,1770,89],[12,1927,115],[13,264,394],[13,759,164],[13,778,16],[13,3183,277],[13,3183,81],[13,3183,327],[13,3209,245],[13,3209,19],[13,3209,102],[14,1090,246],[14,1090,127],[14,1384,348],[14,2909,24],[14,3117,335],[14,3117,413],[14,3943,495],[15,1147,94],[15,1147,27],[15,2833,18],[15,3721,57],[16,970,256],[16,2469,21],[16,2709,76],[17,178,263],[17,1962,40],[17,2567,104],[17,2726,130],[17,2726,68],[17,3876,96],[17,3876,246],[17,3876,371],[18,1072,187],[18,1072,450],[18,1810,375],[18,1810,463],[18,2443,278],[18,2669,37],[18,3198,80],[18,3198,243],[18,3939,303],[19,800,343],[19,1111,396],[19,1522,129],[19,1522,369],[19,1748,292],[19,1748,44],[19,1748,119],[19,2798,393],[19,3367,123],[20,1951,253],[20,2326,33],[20,2326,194],[20,3089,329],[20,3842,476],[20,3850,247],[21,1552,221],[21,1552,376],[21,1783,28],[21,1783,293],[21,3104,30],[21,3104,423],[21,3104,36],[21,3527,148],[21,3527,165],[21,3562,260],[21,3562,78],[21,3562,470],[21,3803,219],[22,1147,94],[22,1147,27],[22,1284,373],[22,2029,107],[22,2029,32],[22,2318,42],[22,2427,302],[22,2886,361],[22,3789,61],[23,1549,152],[23,1549,457],[23,1608,138],[23,1608,232],[23,2118,446],[23,3035,409],[23,3035,321],[23,3035,387],[24,615,46],[24,718,132],[24,1583,277],[24,1583,466],[25,240,244],[25,240,86],[25,1089,86],[25,1201,30],[25,1201,273],[25,1700,24],[25,2052,159],[25,3311,30],[26,495,338],[26,495,478],[26,1024,112],[26,1516,405],[26,2070,469],[26,3076,353],[26,3076,419],[26,3280,66],[27,60,202],[27,413,478],[27,927,63],[27,1474,167],[27,1474,93],[27,2371,223],[27,2371,363],[27,3725,138],[28,784,145],[28,2670,393],[28,2670,34],[28,2753,10],[28,2753,333],[28,2810,382],[28,2810,72],[28,2810,396],[28,2810,361],[28,2810,452],[28,3032,69],[28,3763,434],[28,3763,460],[29,707,280],[29,707,362],[29,1034,398],[29,1034,161],[29,1034,220],[29,1187,212],[29,1510,436],[29,2583,177],[29,3186,319],[29,3186,332],[29,3503,32],[29,3503,290],[30,90,77],[30,90,170],[30,90,484],[30,618,59],[30,2368,498],[30,2368,422],[30,3057,458],[31,839,41],[31,920,20],[31,2262,331],[31,2302,54],[31,2999,444],[31,3998,266],[31,3998,140],[32,205,295],[32,277,56],[32,277,60],[32,465,322],[32,557,416],[32,641,362],[32,3819,45],[32,3819,496],[32,3819,60],[33,1488,111],[33,1511,35],[33,2142,206],[33,3289,415],[33,3734,234],[34,84,390],[34,709,373],[34,714,460],[34,2187,112],[34,3235,81],[34,3589,330],[34,3589,408],[34,3878,222],[34,3878,329],[35,2634,287],[35,3234,42],[35,3856,281],[36,151,48],[36,250,330],[36,461,78],[36,1772,121],[36,1848,187],[36,2943,35],[36,2943,469],[36,2959,42],[37,650,322],[37,853,71],[37,853,169],[37,853,227],[37,1412,489],[37,3418,16],[37,3418,103],[38,443,434],[38,985,118],[38,1797,49],[38,2177,165],[38,2177,180],[38,2948,252],[38,2948,476],[38,2963,315],[38,2965,311],[39,246,55],[39,660,278],[39,738,119],[39,738,344],[39,3464,150],[39,3768,488],[40,286,104],[40,467,267],[40,3232,104],[40,3290,233],[40,3290,155],[40,3836,58],[40,3836,308],[41,189,246],[41,607,334],[41,607,54],[41,3029,466],[41,3217,89],[42,1500,141],[42,1725,473],[42,1725,320],[42,2374,51],[42,3203,325],[42,3203,174],[42,3203,411],[43,604,449],[43,604,338],[43,1438,334],[43,1438,6],[43,1830,89],[43,3906,59],[43,3906,63],[44,201,331],[44,273,16],[44,273,12],[44,273,13],[44,378,413],[44,2779,307],[44,3219,453],[44,3219,280],[44,3951,50],[45,1413,442],[45,1413,304],[45,1441,81],[45,1800,327],[45,1800,331],[46,1034,398],[46,1034,161],[46,1034,220],[46,1746,172],[46,2051,48],[46,2087,301],[47,1377,107],[47,1377,313],[47,2071,182],[47,3154,375],[47,3154,397],[47,3567,137],[47,3567,449],[47,3680,270],[47,3680,213],[48,1146,53],[48,1661,329],[48,1661,480],[48,3251,78],[48,3730,179],[48,3784,142],[48,3784,173],[49,507,329],[49,1356,332],[49,1356,359],[49,3427,76],[49,3427,393],[49,3432,50],[49,3631,430],[49,3631,407],[50,147,124],[50,147,423],[50,303,151],[50,1498,62],[50,2303,262],[50,2726,130],[50,2726,68],[51,322,214],[51,322,333],[51,418,344],[51,418,378],[51,3016,408],[51,3067,208],[51,3067,82],[51,3072,407],[51,3072,358],[51,3401,245],[52,133,109],[52,375,23],[52,551,397],[52,606,330],[52,1748,292],[52,1748,44],[52,1748,119],[52,2787,393],[53,1145,402],[53,3260,199],[53,3614,120],[53,3938,262],[54,1581,137],[54,1581,202],[54,2346,382],[54,2346,45],[54,2346,358],[54,2907,255],[54,2907,112],[54,3977,352],[55,429,197],[55,429,64],[55,1697,239],[55,1697,450],[55,3500,239],[55,3738,335],[55,3758,297],[55,3758,472],[56,1004,120],[56,1004,366],[56,1197,422],[56,1197,217],[56,2961,155],[57,130,372],[57,922,90],[57,922,264],[57,2184,398],[57,2184,149],[57,3431,23],[57,3431,325],[57,3446,80],[57,3599,467],[58,576,68],[58,1034,398],[58,1034,161],[58,1034,220],[58,3463,323],[58,3907,443],[58,3925,218],[59,140,353],[59,466,117],[59,2424,72],[59,3622,71],[60,54,437],[60,519,455],[60,519,106],[60,1983,483],[60,2042,280],[61,1435,208],[61,1435,461],[61,1829,102],[61,2285,368],[61,2870,451],[61,2887,379],[61,2887,193],[61,2887,350],[62,325,317],[62,964,238],[62,964,475],[62,1921,84],[62,1921,167],[62,2009,499],[62,2143,373],[63,371,148],[63,371,72],[63,2170,308],[63,2170,220],[63,2210,398],[63,2887,379],[63,2887,193],[63,2887,350],[63,3209,245],[63,3209,19],[63,3209,102],[64,136,185],[64,886,315],[64,886,188],[64,1032,313],[64,2907,255],[64,2907,112],[64,3315,472],[64,3710,79],[65,572,91],[65,572,9],[65,589,348],[65,914,372],[65,914,347],[65,2331,488],[65,3132,144],[65,3132,187],[65,3820,82],[65,3820,326],[65,3903,386],[66,69,195],[66,69,224],[66,224,199],[66,224,200],[66,1503,294],[66,2505,334],[66,2505,363],[66,2505,441],[66,3015,67],[66,3015,332],[67,49,18],[67,1199,195],[67,2096,459],[67,3203,325],[67,3203,174],[67,3203,411],[67,3623,111],[68,442,142],[68,573,361],[68,774,449],[68,3183,277],[68,3183,81],[68,3183,327],[69,1402,207],[69,1402,94],[69,1402,273],[69,1733,82],[69,2209,127],[70,1083,83],[70,1083,139],[70,1989,425],[70,2170,308],[70,2170,220],[70,2591,96],[70,3017,308],[70,3088,256],[71,1027,259],[71,1179,441],[71,2086,368],[71,2086,172],[71,2476,355],[71,2476,455],[71,3198,80],[71,3198,243],[72,188,224],[72,1571,296],[72,2433,245],[72,2947,73],[72,3371,318],[73,561,409],[73,697,287],[73,1324,90],[73,3237,246],[73,3757,257],[73,3757,422],[74,1258,43],[74,1298,374],[74,1985,363],[74,2199,377],[74,2199,194],[74,2484,336],[74,2484,498],[75,196,155],[75,196,299],[75,840,266],[75,1931,147],[75,3189,150],[76,910,129],[76,1819,365],[76,1819,155],[76,1819,9],[76,2381,100],[76,3072,407],[76,3072,358],[76,3820,82],[76,3820,326],[77,1149,306],[77,1149,6],[77,1765,100],[77,1765,86],[77,1765,123],[77,2153,316],[77,2659,219],[77,2659,316],[78,1611,124],[78,1611,452],[78,3372,364],[78,3372,463],[78,3465,485],[79,3,3],[79,1714,139],[79,2914,139],[79,2934,443],[79,3693,271],[80,637,97],[80,1031,289],[80,1303,367],[80,1381,1],[80,1381,205],[80,3210,149],[81,632,92],[81,1286,330],[81,2021,471],[81,2021,60],[81,2105,171],[82,28,293],[82,1861,236],[82,1861,329],[82,1861,228],[82,2073,114],[82,2692,260],[82,2692,489],[82,2906,100],[82,2906,372],[82,2906,375],[83,779,427],[83,779,66],[83,1732,485],[83,2430,435],[83,2430,291],[83,2430,403],[83,2786,317],[83,2786,131],[84,458,492],[84,1274,212],[84,1785,133],[84,1819,365],[84,1819,155],[84,1819,9],[84,1960,279],[84,1960,460],[84,3005,283],[85,437,93],[85,1748,292],[85,1748,44],[85,1748,119],[85,2641,8],[85,2641,404],[85,3506,95],[85,3506,296],[85,3771,311],[85,3771,377],[86,1,300],[86,2425,87],[86,2739,159],[86,3104,30],[86,3104,423],[86,3104,36],[86,3810,159],[87,1090,246],[87,1090,127],[87,1427,111],[87,1427,417],[87,2459,471],[87,2731,140],[87,2731,116],[87,3192,113],[87,3340,29],[87,3340,299],[88,631,105],[88,631,455],[88,1332,387],[88,1332,476],[88,2359,106],[88,2835,336],[88,2835,491],[88,3739,312],[88,3753,324],[89,837,416],[89,1846,90],[89,2092,190],[89,2092,266],[90,2531,370],[90,3411,496],[90,3411,235],[90,3506,95],[90,3506,296],[91,1402,207],[91,1402,94],[91,1402,273],[91,1849,177],[91,1849,457],[91,2815,372],[91,3067,208],[91,3067,82],[91,3242,347],[91,3632,154],[91,3745,179],[92,158,270],[92,830,137],[92,830,251],[92,2010,95],[92,2010,370],[92,2072,246],[92,2846,188],[92,3362,264],[93,214,472],[93,2730,346],[93,3445,364],[93,3445,407],[93,3445,77],[94,229,465],[94,1373,204],[94,1694,384],[94,2430,435],[94,2430,291],[94,2430,403],[94,3013,144],[94,3013,109],[94,3941,156],[95,2091,378],[95,2365,203],[95,2371,223],[95,2371,363],[95,2454,126],[95,3784,142],[95,3784,173],[95,3917,243],[96,397,123],[96,2390,362],[96,2692,260],[96,2692,489],[96,3807,144],[96,3807,116],[97,520,210],[97,1615,180],[97,2754,472],[97,2754,412],[97,3078,140],[98,1393,474],[98,2533,69],[98,2541,180],[98,2541,483],[98,2674,17],[98,2962,201],[98,3427,76],[98,3427,393],[99,593,134],[99,1348,108],[99,2577,169],[99,3306,150],[99,3548,85],[100,1954,402],[100,2416,42],[100,3263,445],[100,3814,403],[101,477,89],[101,477,479],[101,477,270],[101,1102,418],[101,1583,277],[101,1583,466],[101,1788,358],[101,1788,113],[101,2339,254],[101,2898,195],[102,812,227],[102,1425,291],[102,2419,398],[103,652,197],[103,652,475],[103,1448,249],[103,1448,324],[103,1557,388],[103,2901,319],[103,3637,108],[104,2301,233],[104,3397,116],[105,314,463],[105,820,361],[105,875,274],[105,1318,286],[105,1318,69],[105,2826,366],[105,2917,353],[106,47,138],[106,47,488],[106,1136,252],[106,1803,202],[106,2270,77],[106,2270,405],[106,3981,480],[107,2384,347],[107,2731,140],[107,2731,116],[107,3605,214],[107,3605,388],[108,1630,311],[108,1630,322],[108,1630,455],[108,3240,97],[108,3240,399],[108,3657,305],[108,3657,147],[108,3657,493],[109,1590,303],[109,1590,118],[109,1947,407],[109,2627,275],[110,285,360],[110,514,243],[110,745,116],[110,1452,434],[110,1724,124],[110,1805,361],[110,2811,222],[110,2811,191],[111,2163,214],[111,3170,202],[112,874,38],[112,874,125],[112,922,90],[112,922,264],[112,1214,389],[113,815,314],[113,815,212],[113,923,295],[113,1108,137],[113,1356,332],[113,1356,359],[113,3691,400],[114,360,248],[114,360,312],[114,685,326],[114,685,341],[114,1004,120],[114,1004,366],[114,1672,24],[114,2605,458],[114,2676,475],[115,869,256],[115,869,313],[115,925,220],[115,1323,481],[115,1323,185],[115,1323,464],[115,1323,329],[115,2135,346],[115,3209,245],[115,3209,19],[115,3209,102],[116,771,275],[116,1757,388],[116,3546,182],[116,3683,144],[117,51,386],[117,165,375],[117,479,332],[117,1409,135],[117,3013,144],[117,3013,109],[117,3529,352],[118,166,143],[118,604,449],[118,604,338],[118,3028,318],[118,3119,125],[118,3119,425],[118,3968,221],[119,711,80],[119,1390,430],[119,1390,326],[119,1581,137],[119,1581,202],[119,1758,314],[119,2372,131],[119,3570,71],[119,3570,472],[120,707,280],[120,707,362],[120,1783,28],[120,1783,293],[120,2734,193],[120,3180,386],[121,92,340],[121,1155,123],[121,1186,222],[121,1186,447],[121,1429,128],[121,2306,476],[121,2856,242],[121,2856,310],[121,3883,450],[121,3883,255],[122,20,56],[122,20,258],[122,669,236],[122,1113,240],[122,1451,381],[122,2075,373],[122,2895,126],[122,3595,414],[123,741,304],[123,2774,229],[123,3204,273],[123,3204,353],[124,2063,365],[124,2063,483],[125,233,35],[125,1625,254],[125,2278,393],[125,2278,124],[126,304,384],[126,831,182],[126,1283,277],[126,2521,303],[126,2600,207],[127,579,208],[127,602,402],[127,602,479],[127,617,492],[127,2082,125],[127,3526,132],[128,602,402],[128,602,479],[128,753,450],[128,2088,76],[128,2507,141],[128,3469,498],[128,3469,239],[129,783,130],[129,2980,198],[129,2980,391],[129,3140,233],[129,3231,154],[129,3231,130],[129,3466,59],[129,3466,417],[130,291,233],[130,1826,93],[130,2559,103],[130,3639,271],[131,58,289],[131,1739,484],[131,2691,493],[131,2691,171],[131,2691,244],[131,2950,212],[131,3681,196],[132,527,367],[132,527,136],[132,1909,146],[132,2448,398],[132,3668,41],[132,3668,402],[133,346,135],[133,952,342],[133,2395,312],[133,2766,172],[133,3758,297],[133,3758,472],[134,319,136],[134,1626,293],[134,1626,243],[134,1626,481],[134,3276,316],[134,3276,489],[134,3296,160],[134,3345,328],[134,3894,206],[135,320,437],[135,1084,104],[135,1450,384],[135,1450,362],[135,2144,344],[135,3807,144],[135,3807,116],[136,221,460],[136,221,158],[136,388,41],[136,388,494],[136,1243,307],[136,2176,201],[136,2176,308],[136,3231,154],[136,3231,130],[137,1018,405],[137,1018,457],[137,1018,347],[137,3531,376],[137,3531,165],[138,713,194],[138,1852,166],[138,3270,284],[138,3270,317],[139,141,153],[139,494,298],[139,884,374],[139,884,231],[139,1525,268],[139,1527,153],[140,1591,346],[140,1591,440],[140,2423,239],[140,2423,389],[140,3643,459],[140,3706,242],[140,3949,202],[140,3949,370],[141,652,197],[141,652,475],[141,989,170],[141,1592,481],[141,1592,282],[141,3324,490],[141,3978,218],[142,373,179],[142,738,119],[142,738,344],[142,1514,348],[142,2094,419],[142,2094,167],[142,2161,171],[143,1960,279],[143,1960,460],[143,2814,431],[143,2908,49],[143,2908,374],[143,2908,474],[143,3118,297],[143,3118,166],[143,3394,477],[144,2568,160],[144,3520,201],[144,3979,308],[145,1711,185],[145,1778,426],[145,2177,165],[145,2177,180],[145,2391,330],[145,3625,54],[146,403,176],[146,1651,147],[146,2222,411],[146,2349,437],[146,2892,181],[147,853,71],[147,853,169],[147,853,227],[147,882,112],[147,882,450],[147,882,381],[147,1242,419],[147,1242,211],[147,1398,346],[147,1398,68],[147,1426,259],[148,921,335],[148,1586,315],[148,1749,377],[148,2031,280],[148,2031,132],[148,2199,377],[148,2199,194],[148,3563,174],[149,896,403],[149,1489,309],[149,1489,338],[149,2279,212],[149,3771,311],[149,3771,377],[150,1415,172],[150,1415,46],[150,1632,46],[150,1744,243],[150,3409,377],[150,3409,436],[150,3409,198],[151,1276,24],[151,2565,188],[151,2565,216],[151,3390,291],[151,3390,484],[151,3561,262],[151,3561,16],[152,1177,437],[152,1300,310],[152,2221,163],[152,2221,500],[152,2856,242],[152,2856,310],[152,3243,261],[152,3286,481],[153,978,53],[153,2045,421],[153,2061,20],[153,2061,321],[153,2580,385],[153,2603,272],[153,3434,470],[154,93,396],[154,495,338],[154,495,478],[154,645,165],[154,2461,330],[155,658,45],[155,658,128],[155,3226,299],[155,3226,207],[156,1075,247],[156,1079,237],[156,1530,492],[156,1530,460],[156,1600,307],[156,3139,402],[157,1299,223],[157,1299,447],[157,1606,228],[157,1969,399],[157,2186,500],[157,2867,15],[157,3539,390],[157,3705,283],[158,138,262],[158,138,414],[158,757,465],[158,853,71],[158,853,169],[158,853,227],[158,2179,129],[158,2179,439],[158,2682,383],[158,2792,203],[158,2792,83],[158,3329,143],[158,3329,183],[159,893,241],[159,1866,300],[159,2336,107],[159,2738,477],[159,2738,16],[159,3313,97],[160,2483,168],[160,2966,500],[160,3271,302],[160,3562,260],[160,3562,78],[160,3562,470],[160,3764,441],[161,169,186],[161,429,197],[161,429,64],[161,1299,223],[161,1299,447],[161,1314,198],[161,1316,163],[161,1316,284],[161,1542,240],[161,1542,167],[162,262,414],[162,1053,413],[162,1053,342],[162,1971,190],[162,2750,227],[162,3035,409],[162,3035,321],[162,3035,387],[163,1268,333],[163,1507,307],[163,1813,321],[163,2218,242],[163,2218,15],[163,2738,477],[163,2738,16],[164,381,74],[164,447,427],[164,1513,37],[164,1513,208],[164,2337,154],[164,3317,226],[164,3357,195],[165,1547,99],[165,3272,264],[166,694,209],[166,1647,405],[166,2098,33],[166,2098,445],[166,2098,187],[166,2670,393],[166,2670,34],[167,1116,291],[167,1991,74],[167,2560,392],[167,2560,209],[168,775,239],[168,775,202],[168,1789,240],[168,2305,206],[168,2822,229],[168,2916,425],[168,2916,278],[168,3422,170],[169,1006,478],[169,1242,419],[169,1242,211],[169,2195,191],[169,2998,463],[170,1293,245],[170,1293,210],[170,1834,112],[170,2573,98],[170,2806,231],[170,2806,492],[170,2806,189],[170,2860,65],[171,1654,102],[171,2659,219],[171,2659,316],[171,2772,437],[172,1765,100],[172,1765,86],[172,1765,123],[172,3409,377],[172,3409,436],[172,3409,198],[173,1861,236],[173,1861,329],[173,1861,228],[173,2129,392],[173,2288,260],[173,2288,183],[173,2761,199],[173,2761,303],[173,2978,445],[173,2978,495],[174,609,47],[174,609,175],[174,1591,346],[174,1591,440],[174,2864,417],[174,2864,274],[174,3871,215],[175,546,224],[175,1868,78],[175,2637,454],[175,2673,176],[176,409,156],[176,974,235],[176,974,457],[176,1254,277],[176,1282,19],[176,3467,372],[176,3467,378],[177,572,91],[177,572,9],[177,1106,257],[177,1659,365],[177,1659,219],[177,1990,186],[177,1990,340],[177,3075,487],[178,1130,413],[178,1800,327],[178,1800,331],[178,1892,221],[178,2243,286],[178,2243,221],[178,2243,347],[178,2243,491],[178,2438,23],[178,3146,156],[178,3155,401],[178,3329,143],[178,3329,183],[179,607,334],[179,607,54],[179,1458,190],[179,3851,83],[180,758,218],[180,933,491],[180,3058,115],[180,3372,364],[180,3372,463],[180,3445,364],[180,3445,407],[180,3445,77],[181,417,184],[181,535,483],[181,900,172],[181,1819,365],[181,1819,155],[181,1819,9],[181,1916,12],[181,1916,210],[181,3443,283],[181,3443,101],[181,3608,244],[182,448,298],[182,2086,368],[182,2086,172],[182,3076,353],[182,3076,419],[182,3274,428],[182,3274,382],[183,193,277],[183,531,101],[183,2035,333],[183,2227,28],[183,3411,496],[183,3411,235],[184,14,394],[184,14,480],[184,1039,171],[184,1295,423],[184,3596,451],[185,1162,87],[185,1916,12],[185,1916,210],[185,2211,171],[185,3226,299],[185,3226,207],[186,1018,405],[186,1018,457],[186,1018,347],[186,1365,57],[186,3278,143],[187,2029,107],[187,2029,32],[187,2194,369],[187,2948,252],[187,2948,476],[187,3211,346],[188,176,233],[188,819,192],[188,2063,365],[188,2063,483],[188,2321,200],[189,425,209],[189,1050,400],[189,1745,309],[189,1745,387],[190,405,238],[190,1315,417],[190,1315,418],[190,2097,229],[190,2831,235],[191,882,112],[191,882,450],[191,882,381],[191,2059,344],[191,2059,13],[191,2059,14],[191,3984,120],[192,867,321],[192,1316,163],[192,1316,284],[192,1461,447],[192,3393,203],[192,3460,46],[193,2265,186],[193,2626,45],[193,3261,275],[193,3760,474],[194,475,401],[194,475,302],[194,874,38],[194,874,125],[194,997,145],[194,2181,151],[194,3825,351],[195,90,77],[195,90,170],[195,90,484],[195,1402,207],[195,1402,94],[195,1402,273],[195,3347,205],[196,1071,426],[196,2076,73],[196,2076,230],[196,3035,409],[196,3035,321],[196,3035,387],[196,3219,453],[196,3219,280],[196,3379,337],[196,3380,493],[196,3934,330],[197,1186,222],[197,1186,447],[197,1238,210],[197,1526,222],[197,1822,453],[197,1822,387],[197,2689,287],[197,3878,222],[197,3878,329],[198,930,268],[198,1092,213],[198,1212,211],[198,1212,323],[198,2940,193],[198,3449,328],[199,1054,416],[199,2178,209],[199,2178,24],[199,2251,410],[199,2251,446],[199,3097,339],[200,364,473],[200,683,204],[200,884,374],[200,884,231],[200,1152,493],[201,846,404],[201,1218,312],[201,2491,441],[201,2491,37],[201,2530,211],[202,1169,60],[202,1381,1],[202,1381,205],[203,295,54],[203,295,376],[203,1008,256],[203,3819,45],[203,3819,496],[203,3819,60],[203,3866,380],[203,3866,389],[204,680,1],[204,680,291],[204,816,219],[204,1221,122],[204,1828,135],[204,1858,272],[204,1858,9],[204,2785,482],[204,2785,248],[204,2785,363],[205,30,466],[205,489,280],[205,489,459],[205,500,246],[205,2434,328],[205,2699,409],[205,2699,449],[205,3645,242],[206,726,249],[206,1398,346],[206,1398,68],[206,1686,355],[206,1686,149],[206,2159,454],[206,3353,297],[207,1095,313],[207,3006,125],[207,3707,456],[208,224,199],[208,224,200],[208,1154,323],[208,3781,428],[208,3781,445],[209,343,391],[209,343,478],[209,1203,287],[209,1203,427],[209,1203,491],[209,2717,371],[209,2717,474],[210,44,359],[210,881,270],[210,2586,274],[211,2762,127],[211,2979,422],[212,549,75],[212,549,217],[212,549,56],[212,1849,177],[212,1849,457],[213,1580,430],[213,1590,303],[213,1590,118],[213,1750,319],[213,1750,357],[213,1861,236],[213,1861,329],[213,1861,228],[214,453,126],[214,1448,249],[214,1448,324],[214,3344,267],[214,3344,356],[214,3646,369],[215,113,416],[215,806,211],[215,1048,310],[215,1695,92],[216,756,491],[216,756,307],[216,953,458],[216,1455,11],[216,1455,452],[216,1818,230],[216,1926,322],[216,2786,317],[216,2786,131],[217,418,344],[217,418,378],[217,1159,352],[217,1449,278],[217,1584,442],[217,2241,53],[217,2702,344],[218,240,244],[218,240,86],[218,552,285],[218,552,471],[218,2178,209],[218,2178,24],[218,3403,306],[219,160,266],[219,1566,473],[219,2708,215],[219,3270,284],[219,3270,317],[220,154,289],[220,2480,225],[220,3600,200],[220,3703,255],[221,685,326],[221,685,341],[221,1465,275],[221,1465,295],[221,3300,2],[222,526,347],[222,3757,257],[222,3757,422],[222,3802,93],[223,1473,345],[223,1473,321],[223,1731,463],[223,2571,332],[223,2824,189],[223,3020,261],[224,335,331],[224,756,491],[224,756,307],[224,830,137],[224,830,251],[224,2207,310],[224,2563,356],[224,2563,314],[225,23,311],[225,1251,261],[225,1478,109],[225,1478,357],[225,1478,404],[225,1817,427],[225,2430,435],[225,2430,291],[225,2430,403],[225,2939,174],[226,292,166],[226,292,301],[226,292,359],[226,600,431],[226,1719,426],[226,1719,496],[226,1719,185],[226,2243,286],[226,2243,221],[226,2243,347],[226,2243,491],[226,2763,163],[227,137,231],[227,203,434],[227,258,347],[227,3962,368],[227,3962,431],[227,3962,404],[228,577,466],[228,658,45],[228,658,128],[228,972,270],[228,1279,353],[228,2806,231],[228,2806,492],[228,2806,189],[229,1883,350],[229,2505,334],[229,2505,363],[229,2505,441],[229,3690,395],[230,1473,345],[230,1473,321],[230,2007,260],[230,2794,236],[230,3651,384],[230,3677,344],[231,1397,59],[231,2116,306],[231,3648,177],[231,3891,492],[231,3891,304],[232,396,20],[232,1072,187],[232,1072,450],[232,1352,366],[232,2733,7],[232,2745,235],[233,2343,70],[233,3344,267],[233,3344,356],[233,3387,118],[234,1438,334],[234,1438,6],[234,2770,25],[234,2842,450],[234,2842,404],[234,3068,317],[234,3545,278],[235,801,43],[235,1446,238],[235,2146,323],[236,344,378],[236,1522,129],[236,1522,369],[236,1984,355],[236,3437,262],[236,3932,286],[237,798,462],[237,1595,209],[237,2092,190],[237,2092,266],[237,2095,356],[237,2810,382],[237,2810,72],[237,2810,396],[237,2810,361],[237,2810,452],[237,3288,349],[238,1149,306],[238,1149,6],[238,1601,360],[238,2167,174],[238,3186,319],[238,3186,332],[239,1745,309],[239,1745,387],[239,2994,255],[239,3012,472],[240,715,35],[240,1923,462],[240,2288,260],[240,2288,183],[241,5,300],[241,776,265],[241,1418,265],[241,3720,222],[241,3720,260],[241,3826,45],[242,1679,238],[242,2264,244],[242,3316,408],[243,725,269],[243,1838,200],[243,1838,313],[243,2879,355],[244,499,494],[244,701,488],[244,1000,490],[244,1661,329],[244,1661,480],[245,2324,251],[245,2714,431],[245,2714,23],[245,3102,260],[245,3578,212],[246,1858,272],[246,1858,9],[246,1894,491],[247,858,478],[247,1220,349],[247,2691,493],[247,2691,171],[247,2691,244],[247,2864,417],[247,2864,274],[247,3408,345],[247,3499,381],[247,3499,492],[248,815,314],[248,815,212],[248,1592,481],[248,1592,282],[248,2538,193],[248,2675,318],[248,2735,283],[248,3720,222],[248,3720,260],[249,342,454],[249,1485,384],[249,1544,459],[249,1544,419],[249,1945,39],[249,2132,230],[250,1659,365],[250,1659,219],[250,1788,358],[250,1788,113],[250,1822,453],[250,1822,387],[250,2565,188],[250,2565,216],[250,2697,469],[250,2859,288],[250,3920,352],[250,3920,305],[251,358,370],[251,358,282],[251,1872,309],[251,2467,305],[251,3019,454],[251,3019,367],[251,3019,442],[251,3117,335],[251,3117,413],[252,1565,115],[252,2216,336],[252,3123,287],[252,3785,335],[252,3794,431],[253,568,319],[253,765,192],[253,2047,290],[253,2047,432],[253,2880,120],[253,2880,426],[253,3175,414],[253,3603,203],[253,3662,263],[254,510,173],[254,824,31],[254,1257,107],[254,2238,317],[254,2238,149],[255,1598,315],[255,3284,132],[255,3284,433],[255,3431,23],[255,3431,325],[256,739,380],[256,2278,393],[256,2278,124],[257,1339,312],[257,3440,107],[257,3862,392],[258,445,495],[258,947,189],[258,951,352],[258,1956,96],[258,3183,277],[258,3183,81],[258,3183,327],[259,47,138],[259,47,488],[259,1386,268],[259,1696,263],[259,1725,473],[259,1725,320],[259,2761,199],[259,2761,303],[261,509,404],[261,3338,414],[261,3817,348],[261,3817,52],[261,3962,368],[261,3962,431],[261,3962,404],[262,1301,221],[262,2810,382],[262,2810,72],[262,2810,396],[262,2810,361],[262,2810,452],[262,3946,446],[262,3946,324],[263,423,93],[263,908,381],[263,1321,436],[263,1321,411],[263,2458,498],[263,2458,406],[264,477,89],[264,477,479],[264,477,270],[264,854,393],[264,2169,10],[264,2169,402],[264,3594,241],[265,732,354],[265,792,300],[265,792,437],[265,1444,316],[265,2875,300],[265,3349,150],[266,1728,4],[266,2213,55],[267,832,215],[267,2562,294],[267,2887,379],[267,2887,193],[267,2887,350],[267,2906,100],[267,2906,372],[267,2906,375],[267,3567,137],[267,3567,449],[268,1935,331],[268,3398,234],[268,3591,88],[269,1435,208],[269,1435,461],[269,1719,426],[269,1719,496],[269,1719,185],[269,1934,252],[269,2528,355],[269,3154,375],[269,3154,397],[269,3638,484],[269,3838,435],[270,1831,78],[270,1831,304],[270,3444,379],[270,3906,59],[270,3906,63],[271,527,367],[271,527,136],[271,1119,264],[271,1313,411],[271,1313,294],[271,1718,146],[271,3019,454],[271,3019,367],[271,3019,442],[272,40,100],[272,1423,378],[272,3050,296],[272,3050,471],[272,3327,351],[272,3688,310],[273,574,402],[273,574,353],[273,1053,413],[273,1053,342],[273,3019,454],[273,3019,367],[273,3019,442],[273,3781,428],[273,3781,445],[274,1374,179],[274,2662,306],[274,2662,336],[275,3584,328],[275,3584,462],[275,3585,482],[275,3585,493],[275,3994,195],[275,3994,263],[276,149,412],[276,1212,211],[276,1212,323],[276,2053,461],[276,2388,343],[276,2506,337],[276,2560,392],[276,2560,209],[276,2755,293],[276,3535,384],[276,3535,479],[277,2120,169],[277,2120,314],[277,3274,428],[277,3274,382],[277,3609,308],[278,1372,130],[278,2624,334],[278,3204,273],[278,3204,353],[279,764,89],[279,764,499],[279,764,479],[279,1156,151],[279,1272,451],[279,1450,384],[279,1450,362],[279,1999,124],[279,3891,492],[279,3891,304],[280,3050,296],[280,3050,471],[280,3113,335],[280,3716,151],[281,1318,286],[281,1318,69],[281,1465,275],[281,1465,295],[281,2243,286],[281,2243,221],[281,2243,347],[281,2243,491],[281,2385,133],[281,2658,1],[281,3827,317],[282,192,467],[282,1626,293],[282,1626,243],[282,1626,481],[282,2032,480],[282,3378,368],[283,468,448],[283,1765,100],[283,1765,86],[283,1765,123],[283,2176,201],[283,2176,308],[284,266,408],[284,849,369],[284,1310,378],[284,2055,258],[285,603,333],[285,950,428],[285,2810,382],[285,2810,72],[285,2810,396],[285,2810,361],[285,2810,452],[285,3376,489],[285,3581,359],[285,3684,373],[286,343,391],[286,343,478],[286,1630,311],[286,1630,322],[286,1630,455],[286,3205,290],[286,3466,59],[286,3466,417],[286,3531,376],[286,3531,165],[287,383,284],[287,1064,477],[287,3085,108],[288,14,394],[288,14,480],[288,511,58],[288,511,480],[288,678,267],[288,1768,403],[288,2307,433],[288,2307,304],[288,3240,97],[288,3240,399],[288,3535,384],[288,3535,479],[289,1345,106],[289,3441,374],[289,3441,99],[289,3499,381],[289,3499,492],[290,138,262],[290,138,414],[290,475,401],[290,475,302],[290,537,307],[290,2500,103],[290,2554,40],[291,415,275],[291,3585,482],[291,3585,493],[292,469,395],[292,1437,389],[292,1901,184],[292,2400,443],[292,2400,386],[292,2667,409],[292,2995,450],[292,3254,296],[293,1780,343],[293,1879,431],[293,2545,155],[294,37,367],[294,37,486],[294,3340,29],[294,3340,299],[294,3418,16],[294,3418,103],[295,869,256],[295,869,313],[295,2257,179],[295,2516,327],[295,2811,222],[295,2811,191],[296,492,498],[296,492,56],[296,1489,309],[296,1489,338],[296,1652,339],[296,2094,419],[296,2094,167],[297,643,21],[297,2346,382],[297,2346,45],[297,2346,358],[297,2927,294],[298,211,155],[298,871,421],[298,1065,474],[298,2828,374],[298,3114,192],[298,3919,435],[298,3919,468],[299,1056,387],[299,2307,433],[299,2307,304],[299,2539,433],[299,3728,346],[300,1313,411],[300,1313,294],[300,3884,435],[300,3884,17],[301,295,54],[301,295,376],[301,729,408],[301,768,266],[301,2221,163],[301,2221,500],[301,2713,471],[302,94,377],[302,787,414],[302,924,10],[302,2541,180],[302,2541,483],[302,2727,429],[303,360,248],[303,360,312],[303,1760,360],[303,2169,10],[303,2169,402],[303,3082,137],[304,83,322],[304,131,257],[304,1315,417],[304,1315,418],[305,611,461],[305,1250,419],[305,1544,459],[305,1544,419],[305,3561,262],[305,3561,16],[305,3588,383],[306,1377,107],[306,1377,313],[306,1407,399],[306,2785,482],[306,2785,248],[306,2785,363],[306,2827,392],[307,877,51],[307,2971,216],[308,1143,289],[308,1623,14],[309,528,63],[309,528,333],[309,3212,464],[309,3992,268],[309,3992,405],[310,77,167],[310,700,69],[310,700,75],[310,2022,84],[311,882,112],[311,882,450],[311,882,381],[311,1478,109],[311,1478,357],[311,1478,404],[311,2251,410],[311,2251,446],[312,241,182],[312,941,235],[312,3660,342],[313,2304,273],[313,3841,44],[313,3841,447],[314,1203,287],[314,1203,427],[314,1203,491],[314,1634,497],[314,1634,138],[314,1853,260],[314,1853,213],[315,1809,465],[315,2504,325],[315,3914,343],[316,1267,320],[316,1430,175],[317,2190,232],[317,3247,272],[318,390,169],[318,3883,450],[318,3883,255],[319,1463,183],[319,2059,344],[319,2059,13],[319,2059,14],[320,1012,469],[320,1323,481],[320,1323,185],[320,1323,464],[320,1323,329],[320,3343,453],[321,1920,334],[321,3173,467],[322,1750,319],[322,1750,357],[322,3580,411],[322,3580,293],[322,3900,410],[323,845,223],[323,845,168],[323,1115,468],[323,3264,472],[323,3264,162],[324,560,429],[324,1668,274],[324,2502,327],[324,3119,125],[324,3119,425],[325,519,455],[325,519,106],[325,843,433],[325,1630,311],[325,1630,322],[325,1630,455],[325,3255,387],[325,3284,132],[325,3284,433],[326,273,16],[326,273,12],[326,273,13],[326,2039,456],[326,2641,8],[326,2641,404],[326,2687,443],[326,2687,241],[326,3441,374],[326,3441,99],[327,449,352],[327,1645,161],[327,2076,73],[327,2076,230],[327,3358,49],[328,3106,425],[328,3819,45],[328,3819,496],[328,3819,60],[328,3954,374],[329,322,214],[329,322,333],[329,601,448],[330,3994,195],[330,3994,263],[331,1643,412],[331,2334,492],[331,2534,56],[332,608,499],[332,1427,111],[332,1427,417],[332,2236,355],[333,1003,218],[333,1546,400],[334,1582,482],[334,2458,498],[334,2458,406],[334,2753,10],[334,2753,333],[335,1264,469],[335,1904,345],[336,147,124],[336,147,423],[336,386,48],[336,1055,462],[336,1055,254],[337,392,467],[337,1496,114],[337,1773,368],[337,2310,255],[337,2310,482],[338,2,213],[338,371,148],[338,371,72],[338,1263,37],[338,3445,364],[338,3445,407],[338,3445,77],[338,3830,379],[339,259,358],[339,1508,225],[339,2650,64],[339,3653,389],[339,3732,318],[339,3732,437],[339,3946,446],[339,3946,324],[340,914,372],[340,914,347],[340,1475,172],[340,1880,482],[340,2441,346],[340,2484,336],[340,2484,498],[341,238,488],[341,666,390],[341,919,274],[341,1219,279],[341,3467,372],[341,3467,378],[342,574,402],[342,574,353],[342,717,27],[342,3761,164],[343,1038,390],[343,2792,203],[343,2792,83],[343,3675,426],[344,1759,366],[344,2780,456],[345,1022,401],[345,2010,95],[345,2010,370],[345,2496,356],[345,3230,109],[346,446,371],[346,446,497],[347,528,63],[347,528,333],[348,2699,409],[348,2699,449],[348,3798,350],[349,1141,50],[349,1349,357],[349,2946,440],[349,3631,430],[349,3631,407],[349,3668,41],[349,3668,402],[349,3782,394],[350,146,447],[350,2286,400],[350,2866,453],[350,3493,453],[351,428,465],[351,1323,481],[351,1323,185],[351,1323,464],[351,1323,329],[351,1392,350],[351,2160,428],[351,2346,382],[351,2346,45],[351,2346,358],[351,3982,427],[351,3982,459],[352,2201,39],[353,720,438],[353,1686,355],[353,1686,149],[354,1126,487],[354,2173,128],[354,3264,472],[354,3264,162],[354,3686,237],[354,3942,479],[354,3942,499],[355,627,294],[355,3112,420],[356,1982,490],[356,1982,464],[356,2778,383],[356,3227,395],[356,3333,383],[357,1105,406],[357,3666,55],[357,3866,380],[357,3866,389],[358,197,446],[358,1018,405],[358,1018,457],[358,1018,347],[358,3290,233],[358,3290,155],[359,177,12],[359,572,91],[359,572,9],[359,764,89],[359,764,499],[359,764,479],[360,355,381],[360,3373,11],[360,3992,268],[360,3992,405],[361,979,406],[361,2406,199],[362,549,75],[362,549,217],[362,549,56],[362,3518,320],[362,3953,234],[363,1198,411],[363,1198,324],[363,1273,166],[363,1273,360],[363,3949,202],[363,3949,370],[364,292,166],[364,292,301],[364,292,359],[364,1608,138],[364,1608,232],[364,1964,242],[364,2368,498],[364,2368,422],[364,2476,355],[364,2476,455],[364,3876,96],[364,3876,246],[364,3876,371],[365,1148,352],[365,2198,467],[365,2906,100],[365,2906,372],[365,2906,375],[365,3428,446],[365,3428,396],[365,3442,398],[366,1390,430],[366,1390,326],[366,2958,176],[366,3386,67],[367,974,235],[367,974,457],[367,1549,152],[367,1549,457],[367,2237,493],[367,2237,137],[367,3127,457],[368,181,283],[368,3998,266],[368,3998,140],[369,358,370],[369,358,282],[369,1517,449],[369,1831,78],[369,1831,304],[369,3958,454],[370,1611,124],[370,1611,452],[370,2018,444],[370,3160,409],[370,3428,446],[370,3428,396],[371,631,105],[371,631,455],[371,866,26],[371,1266,486],[371,3153,487],[371,3869,125],[372,1216,485],[372,2151,98],[372,2151,184],[373,3390,291],[373,3390,484],[373,3732,318],[373,3732,437],[374,1975,31],[374,3680,270],[374,3680,213],[375,1533,133],[375,1533,145],[375,2853,410],[376,35,297],[376,1466,281],[376,1466,340],[376,2360,464],[376,3081,489],[376,3709,85],[377,2491,441],[377,2491,37],[377,3612,43],[378,2662,306],[378,2662,336],[378,3619,173],[379,1197,422],[379,1197,217],[379,2412,428],[379,3469,498],[379,3469,239],[379,3480,385],[379,3480,406],[380,592,447],[380,2499,462],[380,2714,431],[380,2714,23],[380,3132,144],[380,3132,187],[380,3944,154],[380,3944,450],[381,712,363],[382,439,320],[382,1203,287],[382,1203,427],[382,1203,491],[382,2977,165],[382,2977,447],[383,1026,449],[383,1158,409],[383,2508,134],[384,542,85],[384,1531,113],[385,55,226],[385,1881,468],[385,2687,443],[385,2687,241],[385,3562,260],[385,3562,78],[385,3562,470],[386,764,89],[386,764,499],[386,764,479],[386,2719,416],[386,2980,198],[386,2980,391],[386,3919,435],[386,3919,468],[387,1209,433],[387,1499,215],[388,1640,201],[388,1649,117],[388,2238,317],[388,2238,149],[389,292,166],[389,292,301],[389,292,359],[389,609,47],[389,609,175],[389,2326,33],[389,2326,194],[390,1530,492],[390,1530,460],[390,2449,108],[390,3118,297],[390,3118,166],[391,1994,421],[391,2235,297],[391,2235,477],[391,2235,362],[391,2330,97],[391,2943,35],[391,2943,469],[391,3892,342],[392,2294,102],[392,2481,473],[392,3310,462],[393,2280,41],[393,2881,142],[394,1273,166],[394,1273,360],[394,2024,490],[394,2308,497],[394,2308,299],[394,2547,26],[394,2935,399],[395,616,320],[395,1042,464],[395,2021,471],[395,2021,60],[395,2908,49],[395,2908,374],[395,2908,474],[395,3194,400],[396,1196,467],[397,723,489],[397,1060,406],[397,1838,200],[397,1838,313],[397,2036,240],[397,3126,341],[397,3126,441],[398,277,56],[398,277,60],[398,3458,282],[398,3458,436],[399,1311,418],[399,2310,255],[399,2310,482],[399,2903,481],[399,3962,368],[399,3962,431],[399,3962,404],[400,37,367],[400,37,486],[400,1128,423],[400,1556,144],[401,1415,172],[401,1415,46],[401,2350,342],[401,3197,75],[402,2232,191],[403,72,152],[403,492,498],[403,492,56],[403,1990,186],[403,1990,340],[403,2387,73],[404,311,251],[404,1232,75],[405,399,229],[405,399,439],[405,2184,398],[405,2184,149],[406,1327,478],[406,2061,20],[406,2061,321],[406,2128,420],[407,446,371],[407,446,497],[407,1533,133],[407,1533,145],[407,2842,450],[407,2842,404],[408,779,427],[408,779,66],[408,2156,469],[408,2520,227],[409,1542,240],[409,1542,167],[410,566,396],[410,1634,497],[410,1634,138],[410,2066,442],[410,2505,334],[410,2505,363],[410,2505,441],[410,3552,315],[411,2551,484],[411,3778,184],[412,1019,486],[412,1671,438],[412,2611,471],[412,3108,111],[413,463,90],[413,2880,120],[413,2880,426],[413,3763,434],[413,3763,460],[414,1321,436],[414,1321,411],[414,2235,297],[414,2235,477],[414,2235,362],[415,477,89],[415,477,479],[415,477,270],[415,1028,480],[415,1538,485],[415,1697,239],[415,1697,450],[415,2019,146],[415,2977,165],[415,2977,447],[415,3103,479],[416,1585,111],[416,3492,104],[417,1474,167],[417,1474,93],[417,1997,53],[417,2191,407],[418,221,460],[418,221,158],[418,353,40],[418,1055,462],[418,1055,254],[418,2151,98],[418,2151,184],[419,1182,379],[419,1655,354],[419,2854,33],[420,90,77],[420,90,170],[420,90,484],[420,399,229],[420,399,439],[420,792,300],[420,792,437],[420,794,432],[420,1807,439],[420,2140,424],[421,689,79],[421,1062,461],[421,1470,131],[421,2308,497],[421,2308,299],[422,2106,186],[422,2916,425],[422,2916,278],[423,1332,387],[423,1332,476],[423,1893,480],[423,3876,96],[423,3876,246],[423,3876,371],[424,288,313],[424,789,442],[424,1093,439],[424,1378,427],[424,2030,429],[424,2754,472],[424,2754,412],[424,3982,427],[424,3982,459],[425,549,75],[425,549,217],[425,549,56],[425,690,259],[425,1244,432],[426,638,473],[426,2098,33],[426,2098,445],[426,2098,187],[427,892,67],[427,3459,210],[427,3459,461],[428,3658,345],[428,3849,418],[429,1478,109],[429,1478,357],[429,1478,404],[429,2333,257],[429,3456,383],[429,3839,466],[430,1720,435],[430,3126,341],[430,3126,441],[430,3336,309],[431,1982,490],[431,1982,464],[432,460,88],[432,460,124],[432,3458,282],[432,3458,436],[432,3481,463],[432,3884,435],[432,3884,17],[433,887,102],[433,3320,274],[434,2791,108],[434,3129,336],[434,3584,328],[434,3584,462],[435,1810,375],[435,1810,463],[435,3409,377],[435,3409,436],[435,3409,198],[436,2235,297],[436,2235,477],[436,2235,362],[436,2896,190],[436,3080,439],[438,1466,281],[438,1466,340],[438,2345,465],[438,3417,464],[438,3425,83],[438,3592,465],[439,1217,489],[439,1552,221],[439,1552,376],[440,348,466],[440,1198,411],[440,1198,324],[440,1968,465],[440,2952,461],[441,336,66],[441,2261,258],[442,772,14],[442,1455,11],[442,1455,452],[442,3383,96],[443,964,238],[443,964,475],[443,2558,487],[443,3096,470],[443,3098,385],[444,110,469],[444,489,280],[444,489,459],[444,552,285],[444,552,471],[444,822,476],[444,3459,210],[444,3459,461],[445,128,457],[445,2067,412],[445,2751,430],[446,2046,401],[446,3580,411],[446,3580,293],[446,3971,256],[447,1121,138],[448,511,58],[448,511,480],[448,705,337],[448,2785,482],[448,2785,248],[448,2785,363],[448,3841,44],[448,3841,447],[449,2563,356],[449,2563,314],[449,2771,452],[451,623,498],[451,1118,15],[451,2240,422],[451,2276,479],[451,2717,371],[451,2717,474],[452,301,189],[452,1626,293],[452,1626,243],[452,1626,481],[452,2013,459],[452,2013,123],[453,1761,77],[453,3498,110],[453,3704,231],[454,2260,81],[454,3443,283],[454,3443,101],[454,3508,62],[455,1142,358],[455,1664,382],[455,2179,129],[455,2179,439],[455,3944,154],[455,3944,450],[456,260,136],[456,751,111],[456,795,69],[456,3737,62],[457,407,360],[458,700,69],[458,700,75],[458,2426,265],[458,2908,49],[458,2908,374],[458,2908,474],[458,3605,214],[458,3605,388],[460,634,141],[460,1825,354],[460,3959,47],[461,388,41],[461,388,494],[461,1642,348],[462,2120,169],[462,2120,314],[462,3167,211],[463,29,15],[463,29,61],[463,29,321],[464,460,88],[464,460,124],[466,1265,357],[466,1293,245],[466,1293,210],[467,1341,485],[467,2835,336],[467,2835,491],[468,2555,437],[468,2666,470],[468,3275,240],[468,3718,475],[469,20,56],[469,20,258],[470,196,155],[470,196,299],[470,1083,83],[470,1083,139],[470,1624,475],[470,3477,497],[471,2277,17],[471,3115,25],[471,3115,175],[472,1195,165],[473,377,490],[473,3942,479],[473,3942,499],[474,234,228],[474,1281,488],[475,29,15],[475,29,61],[475,29,321],[475,152,421],[475,1907,99],[476,69,195],[476,69,224],[476,2047,290],[476,2047,432],[476,2342,105],[477,788,491],[477,1812,109],[477,3015,67],[477,3015,332],[478,3570,71],[478,3570,472],[480,886,315],[480,886,188],[481,3468,1],[481,3501,486],[482,2855,494],[482,3817,348],[482,3817,52],[482,3847,13],[483,341,214],[483,363,323],[483,3351,191],[483,3743,291],[484,2462,124],[484,2806,231],[484,2806,492],[484,2806,189],[485,45,189],[485,2691,493],[485,2691,171],[485,2691,244],[486,775,239],[486,775,202],[486,2013,459],[486,2013,123],[486,2027,104],[487,487,52],[487,1973,361],[487,3589,330],[487,3589,408],[488,1201,30],[488,1201,273],[489,2597,47],[490,2237,493],[490,2237,137],[490,3685,448],[491,1323,481],[491,1323,185],[491,1323,464],[491,1323,329],[493,29,15],[493,29,61],[493,29,321],[493,1921,84],[493,1921,167],[494,270,341],[494,2978,445],[494,2978,495],[494,3836,58],[494,3836,308],[495,680,1],[495,680,291],[495,2556,61],[495,2804,494],[495,3729,58],[496,749,220],[496,2768,207],[496,2930,232],[497,2400,443],[497,2400,386],[497,2444,459],[497,3282,405],[498,3527,148],[498,3527,165],[499,1413,442],[499,1413,304],[499,1513,37],[499,1513,208],[499,2453,74],[499,2744,175],[500,59,70],[500,1013,440],[500,2147,9],[500,2196,43]];

jitters = [20000,100000,10000,10000,10000,5000,10000,50000,100000,100000,2000,100000,20000,100000,10000,20000,1000,10000,20000,10000,20000,10000,100000,100000,2000,100000,100000,20000,10000,2000,100000,10000,10000,20000,10000,20000,10000,20000,50000,1000,100000,10000,100000,20000,100000,100000,10000,20000,20000,20000,100000,20000,20000,100000,50000,10000,20000,20000,10000,100000,20000,10000,100000,50000,20000,100000,100000,20000,20000,10000,10000,100000,100000,100000,10000,20000,2000,20000,5000,20000,20000,20000,10000,10000,50000,2000,100000,20000,100000,100000,20000,20000,50000,20000,20000,10000,20000,20000,10000,20000,100000,20000,10000,1000,10000,100000,10000,10000,20000,10000,100000,100000,100000,20000,50000,10000,10000,20000,20000,20000,20000,10000,20000,20000,100000,10000,20000,20000,1000,1000,20000,20000,10000,10000,10000,10000,20000,100000,5000,100000,20000,20000,20000,10000,20000,10000,100000,100000,20000,10000,20000,100000,5000,10000,10000,10000,20000,10000,2000,10000,100000,20000,100000,20000,20000,100000,100000,10000,10000,100000,20000,10000,20000,100000,100000,10000,20000,20000,20000,20000,20000,10000,10000,20000,50000,20000,100000,20000,100000,20000,10000,20000,20000,100000,100000,20000,20000,10000,100000,20000,10000,100000,20000,20000,100000,10000,50000,20000,100000,20000,10000,10000,10000,100000,100000,10000,10000,20000,20000,20000,20000,20000,10000,100000,10000,20000,20000,20000,20000,10000,20000,10000,1000,10000,20000,10000,10000,10000,50000,10000,2000,100000,10000,20000,100000,100000,10000,20000,100000,100000,100000,100000,10000,100000,50000,20000,20000,10000,20000,10000,10000,10000,10000,20000,2000,10000,1000,100000,10000,20000,1000,100000,10000,20000,20000,20000,10000,10000,10000,100000,10000,20000,20000,100000,10000,10000,100000,20000,10000,10000,20000,100000,20000,1000,10000,100000,10000,5000,50000,2000,100000,10000,10000,20000,100000,20000,10000,10000,100000,100000,10000,10000,50000,100000,50000,2000,10000,20000,10000,20000,20000,10000,20000,10000,50000,20000,10000,10000,20000,20000,100000,10000,100000,20000,100000,100000,20000,20000,100000,20000,20000,10000,20000,10000,100000,50000,20000,20000,10000,20000,100000,10000,10000,2000,10000,100000,10000,100000,20000,10000,10000,10000,100000,50000,20000,10000,1000,20000,100000,100000,50000,20000,10000,5000,10000,20000,10000,100000,10000,20000,10000,100000,100000,20000,5000,100000,50000,10000,100000,20000,100000,20000,20000,20000,100000,20000,10000,20000,20000,100000,100000,20000,20000,10000,100000,10000,20000,100000,100000,10000,10000,100000,20000,10000,20000,100000,10000,20000,100000,10000,5000,10000,100000,10000,10000,20000,10000,10000,10000,10000,20000,10000,50000,20000,10000,10000,10000,100000,10000,100000,10000,10000,5000,100000,20000,100000,20000,20000,100000,20000,20000,100000,20000,100000,50000,10000,1000,2000,100000,20000,100000,20000,10000,100000,100000,100000,20000,5000,100000,5000,100000,50000,20000,20000,5000,100000,100000,10000,20000,20000,100000,20000,20000,10000,20000,100000,2000,20000,10000,20000,100000,10000,20000,100000,50000,10000,5000,20000,10000,10000];

