NumChains = 50;
NumResources = 3;
NumRunnablesInChains = 207;
MemoryBoundOnResource = 1048576;
UtilizationBoundOnResource = 100;

numberOfTasksinChain = [9,7,5,7,7,9,7,9,7,7,5,5,9,7,9,7,9,7,9,5,5,7,9,7,7,7,7,5,9,5,9,9,9,5,9,9,7,7,9,7,7,7,9,9,9,7,5,5,7,5];

runnablesInChains = [18,491,304,350,104,274,21,184,195,446,96,457,487,365,110,138,440,243,424,90,135,36,264,486,483,293,40,292,108,417,440,373,90,132,236,312,119,323,229,327,187,167,444,349,153,69,198,426,123,197,334,200,219,278,122,182,21,398,231,180,81,116,329,287,118,127,70,401,180,124,475,23,429,359,204,460,66,489,30,96,472,350,191,366,190,262,389,212,224,312,157,123,307,428,232,337,174,184,211,495,202,241,447,111,429,3,474,464,135,342,251,250,96,452,220,417,406,90,478,497,392,434,265,144,483,400,269,210,25,223,434,170,248,101,33,105,305,353,348,81,256,378,483,38,227,481,117,279,1,316,233,126,30,388,300,81,151,280,194,397,158,179,66,39,464,259,205,254,489,360,389,425,392,276,241,414,297,222,399,381,192,189,102,40,137,383,169,355,345,330,339,39,271,65,275,92,383,309,239,194,409,53,184,216,77,163,464];

ProcessingTimesOfMessages = [[1,1,1,1,1,1,1,1,1],[1,1,1,1,1,1,1,1,1,1],[1,1,1,1,1,1,1],[1,1,1,1,1,1,1,1,1,1,1,1],[1,1,1,1,1,1,1,1,1,1],[1,1,1,1,1,1,1,1,1],[1,1,1,1,1,1,1,1],[1,1,1,1,1,1,1],[1,1,1,1,1,1,1,1,1,1],[1,1,1,1,1,1,1,1,1,2],[1,1,1,1,1,1],[1,1,1,1,1,1,1,1,1],[1,1,1,1,1,1,1,1,1],[1,1,1,1,1],[1,1,1,1,1,1,1],[1,1,1],[1,1,1,1,1,1,1],[1,1,1,1,1,1,1,1,1],[1,1,1,1,1,1,1,1,1,1,1],[1,1,1,1,1,1,1,1],[1,1,1,1,1,1],[1,1,1,1,1,1,1,1],[1,1,1,1,1,1,1,1],[1,1,1,1,1,1,1,1,1,1,1],[1,1,1,1,1,1,1,1,1,1],[1,1,1,1,1],[1,1,1,1,1],[1,1,1,1,1,1,1,1],[1,1,1,1,1,1,1,1,1,1],[1,1,1,1,1,1,1,1,1,1],[1,1,1,1,1,1,1,1,1],[1,1,1,1,1,1],[1,1,1,1,1,1],[1,1,1,1,1,1,1,1,1,1,1,1],[1,1,1,1,1,1,1,1,1,1,1],[1,1,1,1],[1,1,1,1,1,1,1],[1,1,1,1],[1,1,1,1,1,1,1,1,1],[1,1,1,1,1,1],[1,1],[1,1,1,1,1,1],[1,1,1,1,1,1,1,1,1,1,1,1,1,1,1],[1,1,1,1,1,1,1],[1,1,1,1,1,1,1,1,1,1],[1,1,1,1],[1,1,1,1,1,1,1],[1,1,1,1,1,1,1],[1,1,1,1,1,1,1,1,1],[1,1,1,1,1,1,1,1,1],[1,1,1,1,1,1,1],[1,1,1,1,1,1],[1,1,1,1,1,1,1,1],[1,1,1,1,1,1,1,1,1,1],[1,1,1,1,1,1,1,1,1,1],[1,1,1,1,1,1,1,1,1],[1,1,1,1,1,1,1,1,1,2],[1,1,1,1],[1,1,1,1,1,1,1,1,1,1],[1,1,1,1,1,1],[1,1,1,1,1,1,1,1,1,1],[1,1,1,1,1,1],[1,1,1,1,1,1,1],[1,1,1],[1,1,1,1,1,1],[1,1,1,1,1],[1,1,1,1,1,1,1,1,1,1,1,1],[1,1,1,1,1,2,2,1],[1,1,1,1,1,1,1,1],[1,1,1,1,1,1,1,1,1,1],[1,1,1,1],[1,1,1,1,1,1,1],[1,1,1,1],[1,1,1,1,1,1,1,1,1],[1,1,1,1,1,1],[1,1,1,1,1],[1,1,1,1,1,1,1],[1,1,1,1,1,1,1,1,1,1,1,1,1,1],[1,1,1,1,1,1,1,1,1,1,1,1,1,1],[1,1,1,1,1,1,1],[1,1,1,1,1,1,1],[1,1,1,1,1,1,1,1,1,1,1,1],[1,1,1,1,1,1,1,1],[1,1,1],[1,1,1,1,1,1,1,1,1,1,1],[1,1,1,1,1,1,1,1],[1,1,1,1,1,1],[1,1,1,1,1,1,1,1,1],[1,1,1,1,1,1,1],[1,1,1,1,2],[1,1,1,1,1,1],[1,1,1,1,1,1,1],[1,1,1,1,1],[1,1,1,1],[1,1,1,1,1,1],[1,1,1,1,1,1,1,1],[1,1,1,1,1],[1,1,1,1,1,1,1],[1,1,1,1,1,1,1],[1,1,1,1,1,1,1],[1,1,1,1,1,1],[1,1,1,1,1,1,1,1,1],[1,1,1,2,2,1,1],[1,1,1,1,1,1,1,1],[1,1,1,1,1,1],[1,1,1,1,1,1,1,1,1],[1,1,1,1,1],[1,1,1,1,1,1,1],[1,1,1,1],[1,1,1,1,1,1],[1,1,1,1,1,1,1,1],[1,1,1,1,1],[1,1,1,1,1,1],[1,1,1,1,1],[1,1,1,1,1,1,1,1,1,1],[1,1,1,1],[1,1,1,1,1,1,1],[1,1,1,1,1,1],[1,1,1,1,1,1,1,1,1],[1,1,1,1,1,1,1,1,1,1,1,1,1],[1,1,1],[1,1,1,1],[1,1,1,1,1,1,1],[1,1,1,1,1,1,1,1,1,1,1,1,1],[1,1,1,1,1],[1,1,1,1,1,1,1,1],[1,1,1,1,1,1,1,1,1,1],[1,1,1,1,1,1,1],[1,1,1,1,1,1],[1,1,1,1,1,1,1,1],[1,1,1,1],[1,1,1,1,1],[1,1,1,1,1,1],[],[1,1,1,1,1,1],[1,1,1,1,1,1,1,1],[1,1,1,1,1,2,2,2],[1,1],[1,1,1,1,1,1],[1,1,1,1,1,1],[1,1,1],[1,1,1,1,1],[1,1,1,1,1,1,1,1,1,1,1,1,1,1],[1,1,1,1,1,1,1,1,1,1],[1,1,1,1,1,1,1],[1,1,1,1,1,1,1,1,1,1],[1,1,1,1,1,1,1,1,1],[1,2,1,1,1,1,1,1,1,1],[1,1,1,1],[1,1,1,1,1,1,1,1,1,1,1,1,1],[1,1,1,1,1,1],[1,1,1,1,1,1,1],[1,1,1,1,1,1],[1,1,1,1],[1,1,1,1,1,1,1,1],[1,1,1,1,1,1,1],[1,1,1,1,1,1,1],[1,1,1,1,1,1,1,1,1],[1,1,1,1,1],[1,1,1,1,1,1,1,1,1,1,1],[1,1,1],[1,1,1,1,1,1,1],[1,1,1,1,1],[1,1,1,1,1,1,1,1,1,1],[1,1],[1,1],[1,1,1,1,1,1],[1,1,1,1,1],[1,1,1,1],[1,1,1,1,1,1,1,1],[1,1,1,1,1,1,1],[1,1,1,1,1,1,1,1,1],[1,1,1,1,1,1,1,1,1,1,1],[1,1,1,1,1],[1,1,1,1,1,1,1,1],[1,1,1],[1,1,1,1,1,1,1,1,1,1],[1,1,1,1,1,1,1,1],[1,1,1,1,1,1,1],[1,1,1,1,1],[1,1,1,1,1,1,1,1,1,2],[1,1,1,1],[1,1,1,1,1,1,1,1],[1,1,1,1,1,1],[1,1,1,1,1,1,1,1,1,1,1,1,1,1,1],[1,1,1,1,1,1,1,1,1],[1,1,1,1],[1,1,1,1,1],[1,1,1],[1,1,1,1,1,1,1,1,1],[1,1,1,1,1,1],[1,1,1,1,1,1,1],[1,1,1,1],[1,1,1,1,1,1,1,1,1,1],[1,1],[1,1,1],[1,1,1,1,1,1,1,1],[1,1,1,1],[1,1,1,1,1,1,1,1],[1,1,1,1,1,1,1,1],[1,1,1,1,1,1,1,1,1],[1,1,1,1,1,1,1,1,1,1,1],[1,1,1,1,1],[1,1,1,1,1,1,1,1,1,1],[1,1,1,1,1,1,1,1],[1,1,1,1,1,1,1,1,1,1],[1,1],[1,1,1,1,1,1,1,1],[1,1,1,1,1,1,1],[1,1,1,1,1,1],[1,1,1,1,1],[1,1,1,1,1,1,1],[1,1,1,1,1,1],[1,1,1,1,1,1],[1,1,1,1,1,2,1,1,1,1,1,1],[1,1,1,1,1,1,1,1],[1,1,1,1,1,1,1,1],[1,1,1,1,1,1,1,1,1,1,1,1],[1,1,1,1,1,1],[1,1,1,1,1],[1,1,1,1,1,1],[1,1,1,1],[1,1],[1,1,1,1,1],[1,1],[1,1,1],[1,1,1,1,1,1,1,1,1],[1,1,1,1],[2,1,1,1,1,1,1,1],[1,1,1,1,1,1],[1,1,1,1,1,1,1,1],[1,1,1,1,1],[1,1,1,1,1,1,1,1],[1,1,1,1,1,1,1,1,1,1,1,1,1],[1,1,1,1],[1,1,1,1,1,1,1],[1,1,1,1,1,1,1,1],[1,1,1,1,1,1,1,1,1],[1,1,1],[1,1,1,1,1],[1,1,1,1,1],[1,1,1,1,1,1],[1,1,1,1,1,1,1],[1,1,1,1,1,1,1,1,1],[1,1,1,1,1],[1,1,1,1],[1,1,1,1],[1,1,1,1,1,1,1],[1,1,1],[1,1,1,1,1,1,1,1,1],[1,1],[1,1,1,1,1,1,1,1],[1,1,1,1,1,1],[1,1,1,1],[1,1,1,1,1,1,1,1],[1,1,1,1,1,1,1,1,1],[1,1,1,1,1],[1,1,1,1,1,1,1,1,1,1],[1,2,2,1,1],[1,1,1,1,1],[1,1,1,1,1,1,1],[],[1,1,1,1,1,1,1,1],[1,1,1,1,1,1,1,1,1],[1,1,1,1,1,1],[1,1,1,1,1,1],[1,1,1,1],[1,1,1,1,1,1],[1,1,1,1,1,1,1,1,1],[1,1,1,1,1,1,1,1,1],[1,1,1],[1,1,1,1,1,1,1,1],[1,1,1,1,1],[1,1,1,1,1,1,1,1,1,1,1],[1,1,1,1,1,1,1],[1,1,1,1,1,1,1,1],[1,1,1,1,1,1,1,1,1],[1,1,1,1,1],[1,1,1,1,1,1,1],[1,1,1,1,1],[1,1,1,1],[1,1,1,1,1,1,1,1,1,1,1],[1,1,1,1,1],[1,1,1,1,1],[1,1,1,1,1,1,1,1,1],[1,1,1,1,1,1,1],[1,1,1,1],[1,1,1,1,1,1,1,1,1],[1,1,1,1],[1,1,1,1,1,1,1,1],[1,1,1,1,1,1,1],[1,1,1,1,1],[1,1,1,1,1,1,1,1,1,1,1],[1,1,1],[1,1,1,1,1],[1,1,1],[1,1,1,1],[1,1,1,1,1,1,1],[1,1,1,1,1,1,1,1],[1,1,1,1,1,1,1,1],[1,1,1,1,1,2,2,2,1],[1],[1,1,1,1,1],[1,1,1,1,1,1,1],[1,1],[1,1,1,1,1,1,1,1,1],[1,1,1,1,1],[1,1,1,1,1,1,1,1],[1,1,1,1,1,1,1,1],[1,1,1,1],[1,1,1,1,1,1,1,1,1,1,1,1,1,1],[1,1,1,1],[1,1,1,1,1,1,1,1,1,1],[1,1,1,1],[1,1,1,1,1],[1,1],[1,1,1],[1,1,1,1],[1,1,1,1],[1,1,1,1,1],[1,1,1,1,1],[1,1,1,1],[1,1,1,1,1,1,1],[1,1,1,1,1],[1,1,1,1,1],[1,1,1,1,1,1,1,1,1,1,1],[1,1,1,1,1,1,1,1,1],[1,1,1,1,1,1,1,1],[1,1,1,1,1,1,1],[1,1,1],[1,1,1,1,1,1,1,1,1],[1,1],[1,1],[1,1,1],[1,1,1,1,1,1,1],[1,1,1,1,1,1,1,1,1,1,1,1,1,1],[1,1,1,1,1,1],[1,1,1,1,1],[1,1,1,1,2,1,1,1,1],[1,1,1,1,1,1,1,1,1,1,1],[1,1],[1,1,1,1],[1,1,2,2,2,1],[1,1],[1,1,1],[1,1,1],[1,1,1,1],[1,1,1,1,1],[1,1,1,1],[1,1],[1,1,1,1,1],[1,1,1,1,1,1,1,1,1,1,1,1],[1,1,1,1,1,1,1],[1,1,1,1,1,1,1],[1,1,1,1,1,1,1],[1,1,1,1,1,1,1,1],[1,1,1],[1],[1,1,1],[1,1,1,1,1],[1,1,1,1,1,1,1],[],[1,1,1,1,1,1,1],[1],[1,1,1],[1,1,1,1,1,1,1],[1,1,1,1,1],[1,1,1,1,1,1,1,2,2],[1,1,1,1,1,1,1,1],[1,1],[1,1],[1,1,1,1,1],[1,1,1,1,1,1],[1,1,1,1,1,1,1,1],[1,1,1,1],[1,1,1,1,1,1,1,1],[],[1,1,1],[1,1,1,1,1,1,1],[1,1,1],[1,1,1,1],[1,1,1,1,1,1,1],[1,1,1,1,1,1],[1,1,1,1,1,2,1],[1,1,1,1,1],[1,1,1,1],[1,1,1],[1],[1,1,1,1,1,1,1,1],[1,1,1,1],[2,1],[1,1,1,1,1,1],[1,1,1,1,1,1,1],[1,1,1,1,1,1,1,1,1],[1,1,1],[1,1],[1],[1,1,1,1,1,1],[1,1,1,1,1],[1,1],[1,1,1],[1,1,1,1,1],[1,1,1,1,1],[1,1,1],[1,1,2,2],[1,1],[1,1],[1,1,1,1],[1,1],[1,1,1,1,1,1],[1,1,1],[1,1,1,1,1,1,1],[1,1,1,1],[1,1,1,1],[1,1,1],[1],[1,1,1,1,1],[1,1,1,1,1],[1,1],[1,1,1,1,1],[1,1],[1,1,1,1],[1,1,1,1],[1,1,1,1],[1,1,1,1,1,1,1,1],[1,1],[1,1],[1,1],[1,1,1],[1,1,1,1,1],[1,1,1,1,1],[1,1],[1,1,1],[1,1,1],[1,1,1,1,1,1],[1,1,1],[1,1,1,1,1,1],[1,1,1],[1,1,1],[1,1,1,1,1],[1,1],[1,1,1,1,1,1,1],[1,1],[1,1],[1,1,1,1,1,1,1,1],[1,1,1,1,1,1],[1,1,1],[1,1,1,1],[1,1],[1,1],[1,1,2],[2,1,1,1],[1],[1,1,1],[1,1,1,1,1,1,1,1,1],[1,1,1,1,1,1,1,1],[1,1,1,1],[1,1,1],[],[1,1,1,1,1,1],[1,1],[1,1,1,1,1,1,1],[1,1],[1,1,1,1,1,1],[1],[1,1,1],[],[1,1,1],[1,1,1,1],[1,1],[1,1],[1,1,1,1,1,1,1,1,1,1],[1],[1,2,1],[1,1,1,1],[1,1,1,1],[],[1],[1,1,1,1,1,1],[2,2],[1,1,1],[1],[1,1,1,1,1,1],[],[1,1,1,1,1,1],[1,1,1],[1,1,1,1],[1,1,1,1,1],[1,1,1],[1,1],[1,1,1],[1],[1,1,1,1],[1],[1,1],[1,1,1,1],[1,1,1,1],[1,1],[2],[1,1,1,1]];

processingTimesRunnables = [10,13,14,7,5,9,16,9,16,13,13,16,8,17,9,12,9,6,11,11,8,8,6,16,4,13,11,13,10,13,13,9,11,14,13,14,17,13,7,15,10,16,8,10,16,9,11,15,13,11,12,9,10,16,10,7,15,13,16,7,7,11,12,6,15,11,5,12,10,12,12,12,10,13,5,13,17,13,16,4,13,10,14,12,6,9,13,12,14,12,12,7,10,13,7,13,16,12,15,14,6,12,5,15,13,5,14,12,6,9,10,12,7,7,7,14,10,12,14,10,8,14,11,11,9,11,11,8,5,13,12,10,6,10,8,7,7,6,11,10,12,11,10,6,13,12,11,10,10,5,12,11,14,15,11,8,12,6,15,13,11,16,13,13,10,11,6,13,10,8,7,5,10,5,14,6,16,11,13,6,13,11,6,13,6,7,17,6,7,12,12,5,12,11,12,11,11,10,6,6,13,14,13,13,9,15,15,14,10,10,13,13,12,7,11,7,11,5,7,14,11,15,9,9,13,10,14,11,8,12,13,15,15,10,13,7,16,12,13,9,13,13,11,13,13,13,17,12,6,13,13,12,11,4,7,15,13,11,10,5,10,13,13,15,8,12,12,15,12,13,5,11,7,13,11,10,11,10,6,8,7,16,14,10,9,6,7,12,14,13,11,9,9,12,9,11,5,9,9,16,12,15,10,11,7,10,15,14,12,17,7,13,15,13,13,8,16,12,15,8,11,11,12,5,8,12,11,13,6,13,12,15,13,11,12,14,11,5,13,4,12,12,7,6,8,7,11,4,13,10,11,9,13,6,12,11,13,9,7,6,8,12,8,9,10,9,11,13,13,11,12,13,13,12,6,7,7,12,6,11,11,6,8,5,13,12,13,16,13,11,6,13,14,14,15,11,7,5,12,12,12,7,11,8,13,13,11,13,6,12,14,10,6,7,14,13,7,13,7,9,16,4,16,13,13,7,13,11,11,12,14,10,7,12,7,8,15,8,8,13,4,16,8,6,14,10,12,6,15,16,14,5,11,11,8,5,9,11,11,13,13,12,13,8,10,12,6,7,12,16,13,8,12,7,5,9,13,6,16,5,16,11,7,9,13,5,13,4,7,11,13,11,16,11,10,14,12,12,10,15];

periods = [20000,10000,10000,1000,20000,100000,20000,100000,10000,100000,10000,10000,20000,20000,5000,10000,20000,10000,5000,10000,20000,10000,10000,20000,10000,5000,20000,100000,2000,100000,20000,10000,10000,20000,10000,100000,1000,100000,100000,50000,20000,20000,20000,50000,100000,100000,20000,10000,100000,10000,10000,20000,20000,10000,20000,10000,10000,10000,10000,20000,10000,100000,20000,20000,100000,100000,1000,10000,20000,20000,10000,10000,20000,20000,5000,100000,100000,2000,20000,10000,20000,20000,100000,20000,10000,20000,10000,20000,20000,1000,100000,20000,20000,20000,20000,100000,10000,100000,10000,100000,10000,50000,20000,10000,10000,10000,10000,50000,100000,10000,10000,10000,10000,20000,100000,20000,20000,100000,100000,10000,10000,20000,10000,20000,10000,100000,100000,100000,100000,100000,20000,1000,100000,10000,100000,20000,50000,10000,10000,10000,20000,10000,100000,100000,2000,10000,20000,10000,20000,5000,20000,100000,20000,100000,10000,20000,10000,100000,100000,20000,10000,10000,100000,100000,10000,1000,20000,20000,20000,10000,10000,10000,100000,20000,50000,10000,10000,20000,100000,20000,50000,20000,20000,20000,10000,10000,20000,50000,50000,100000,10000,50000,10000,100000,20000,20000,10000,20000,20000,10000,10000,10000,100000,10000,100000,50000,20000,10000,10000,10000,20000,100000,10000,10000,50000,20000,20000,2000,10000,1000,20000,20000,10000,100000,10000,100000,100000,10000,20000,100000,20000,10000,100000,10000,20000,100000,2000,20000,100000,10000,10000,10000,1000,20000,20000,10000,20000,10000,10000,100000,100000,20000,2000,100000,10000,100000,100000,10000,100000,20000,100000,100000,100000,100000,100000,100000,10000,10000,100000,100000,100000,10000,100000,20000,20000,10000,100000,20000,20000,20000,100000,20000,10000,20000,2000,100000,100000,10000,20000,20000,10000,50000,50000,20000,10000,2000,20000,10000,100000,20000,10000,50000,20000,10000,10000,20000,10000,10000,100000,100000,100000,100000,10000,100000,10000,20000,2000,20000,20000,5000,100000,2000,100000,10000,100000,20000,20000,20000,100000,20000,2000,10000,20000,10000,20000,100000,20000,100000,100000,20000,50000,100000,10000,10000,20000,100000,100000,20000,20000,10000,10000,5000,20000,1000,20000,20000,10000,10000,10000,100000,5000,20000,20000,20000,10000,100000,20000,10000,20000,100000,10000,10000,1000,100000,5000,20000,10000,100000,10000,20000,20000,10000,20000,20000,10000,20000,20000,100000,100000,20000,10000,10000,10000,10000,20000,2000,100000,20000,20000,100000,20000,10000,50000,10000,20000,1000,50000,100000,20000,20000,10000,2000,20000,20000,20000,100000,1000,10000,100000,100000,10000,20000,10000,1000,10000,20000,20000,10000,10000,10000,10000,20000,100000,10000,20000,10000,10000,10000,10000,1000,20000,100000,10000,20000,2000,100000,10000,100000,20000,10000,10000,100000,10000,50000,50000,100000,100000,5000,20000,100000,100000,100000,10000,100000,100000,10000,20000,20000,20000,10000,10000,10000,100000,10000,20000,2000,20000,1000,100000,10000,20000,5000,100000,20000,5000,100000,10000,20000,100000,10000,10000,10000,100000,10000,10000,20000,10000,20000,20000,100000];

communicationTimeForOrderCriticalMessages = [1,1,1,1,1,1,1,1,1,1,1,1,1,1,1,1,1,1,1,1,1,1,1,1,1,1,1,1,1,1,1,1,1,1,1,1,1,1,1,1,1,1,1,1,1,1,1,1,1,1,1,1,1,1,1,1,1,1,1,1,1,1,1,1,1,1,1,1,1,1,1,1,1,1,1,1,1,1,1,1,1,1,1,1,1,1,1,1,1,1,1,1,1,1,1,1,1,1,1,1,1,1,1,1,1,1,1,1,1,1,1,1,1,1,1,1,1,1,1,1,1,1,1,1,1,1,1,1,1,1,1,1,1,1,1,1,1,1,1,1,1,1,1,1,1,1,1,1,1,1,1,1,1,1,1,1,1];

sizeOfRunnables = [918,1255,1335,675,428,815,1528,843,1563,1270,1210,1535,733,1610,858,1128,828,550,1028,1065,748,738,520,1583,378,1253,1083,1268,985,1285,1278,843,1075,1308,1270,1345,1620,1255,618,1415,983,1555,765,940,1508,900,1008,1465,1248,1028,1163,895,928,1560,998,618,1453,1215,1563,648,675,1060,1105,570,1448,1035,475,1158,938,1128,1145,1148,915,1298,490,1210,1605,1258,1555,390,1240,945,1350,1120,555,885,1245,1133,1365,1155,1135,670,910,1270,608,1300,1560,1125,1458,1308,555,1165,465,1410,1270,483,1318,1120,555,810,1000,1158,700,678,685,1305,918,1143,1333,923,713,1308,1060,1073,808,1095,1088,745,483,1225,1128,978,600,960,730,645,615,533,1005,983,1143,1053,985,540,1268,1173,1085,948,933,498,1135,1065,1373,1453,1075,715,1120,528,1470,1210,1023,1560,1210,1300,968,1065,593,1300,998,705,678,428,960,450,1373,525,1523,1030,1235,595,1253,1043,535,1225,595,675,1610,505,670,1143,1110,423,1148,1083,1163,1065,1090,955,560,510,1300,1383,1238,1253,843,1458,1425,1393,953,965,1293,1245,1110,690,1058,638,1023,438,623,1308,1080,1465,865,808,1285,978,1378,1043,705,1110,1203,1495,1443,910,1230,640,1508,1140,1295,863,1248,1203,1030,1253,1280,1270,1615,1163,570,1293,1215,1180,1080,385,695,1430,1245,1020,968,460,903,1220,1218,1453,705,1103,1155,1425,1113,1255,473,1068,700,1218,1098,990,1028,990,550,748,603,1583,1400,915,810,550,618,1143,1303,1215,1015,868,865,1148,878,1030,443,815,863,1600,1155,1425,933,1080,685,908,1465,1350,1120,1615,683,1280,1495,1293,1290,728,1528,1125,1448,730,1098,1075,1118,458,773,1155,1095,1215,505,1253,1103,1463,1233,1040,1165,1345,1045,443,1253,378,1198,1173,698,555,720,683,1043,385,1275,925,1015,878,1245,558,1195,1073,1268,855,610,513,758,1180,705,880,978,873,1060,1248,1230,1043,1120,1248,1240,1128,535,618,608,1128,593,1085,1083,578,765,420,1263,1105,1210,1560,1263,1068,548,1220,1368,1340,1443,1038,610,480,1118,1188,1143,645,1028,743,1253,1233,1005,1253,533,1178,1345,948,543,623,1383,1218,658,1223,603,890,1588,398,1508,1253,1240,618,1255,1028,1028,1140,1345,955,630,1110,633,708,1475,783,788,1300,375,1550,750,525,1383,993,1188,570,1480,1523,1368,408,1050,1058,760,488,835,1023,1005,1290,1300,1128,1240,793,948,1113,520,698,1163,1568,1275,783,1195,650,488,885,1280,525,1563,468,1545,1090,663,818,1248,428,1220,375,625,1095,1285,1098,1555,1068,963,1388,1133,1155,983,1498];

SenderLabelReceiverOrderCriticalChains = [[18,2939,0,0,491],[491,1914,0,0,304],[304,2271,0,0,350],[350,1315,0,0,104],[274,199,0,0,21],[21,2880,0,0,184],[184,2908,0,0,195],[446,2093,0,0,96],[96,2814,0,0,457],[487,2604,0,0,365],[365,2270,0,0,110],[110,3040,0,0,138],[440,1034,0,0,243],[243,3910,0,0,424],[424,1278,0,0,90],[135,3022,0,0,36],[36,939,0,0,264],[264,1615,0,0,486],[486,3424,0,0,483],[293,316,0,0,40],[40,1407,0,0,292],[292,645,0,0,108],[417,2034,0,0,440],[440,3928,0,0,373],[373,1437,0,0,90],[90,456,1376,0,132],[236,1086,0,0,312],[312,2493,0,0,119],[119,1710,0,0,323],[229,1998,0,0,327],[327,3843,0,0,187],[187,185,0,0,167],[444,2433,0,0,349],[349,2370,0,0,153],[69,354,0,0,198],[198,1100,0,0,426],[123,1921,0,0,197],[197,693,0,0,334],[334,3589,0,0,200],[200,137,0,0,219],[278,3671,0,0,122],[122,2722,0,0,182],[182,3421,0,0,21],[398,3599,0,0,231],[231,3808,0,0,180],[180,2761,0,0,81],[81,3091,0,0,116],[329,1805,0,0,287],[287,2470,0,0,118],[118,3618,0,0,127],[70,3392,0,0,401],[401,466,0,0,180],[180,3806,0,0,124],[124,3491,0,0,475],[23,2841,0,0,429],[429,1080,0,0,359],[359,2445,0,0,204],[460,2232,0,0,66],[66,2353,0,0,489],[489,2720,0,0,30],[30,1953,0,0,96],[472,3374,0,0,350],[350,3699,0,0,191],[366,3167,0,0,190],[190,817,0,0,262],[389,832,0,0,212],[212,839,0,0,224],[224,1180,0,0,312],[157,1898,0,0,123],[123,1872,0,0,307],[307,19,0,0,428],[428,321,0,0,232],[337,3007,0,0,174],[174,1235,0,0,184],[184,3263,0,0,211],[495,1172,0,0,202],[202,897,0,0,241],[241,609,0,0,447],[111,162,0,0,429],[429,1789,0,0,3],[3,1782,0,0,474],[464,799,0,0,135],[135,3610,0,0,342],[342,3539,0,0,251],[250,954,0,0,96],[96,2986,0,0,452],[220,2361,2518,0,417],[417,2453,0,0,406],[406,3285,0,0,90],[90,3280,0,0,478],[497,847,0,0,392],[392,463,0,0,434],[265,3597,0,0,144],[144,2446,0,0,483],[483,2291,0,0,400],[400,2241,0,0,269],[210,280,0,0,25],[25,3667,0,0,223],[223,118,0,0,434],[434,946,0,0,170],[248,279,0,0,101],[101,3644,0,0,33],[33,2247,0,0,105],[105,2658,0,0,305],[353,3373,0,0,348],[348,694,0,0,81],[256,3600,0,0,378],[378,2576,0,0,483],[483,1530,0,0,38],[38,180,0,0,227],[481,2193,0,0,117],[117,2465,0,0,279],[279,565,0,0,1],[1,1829,0,0,316],[233,3433,0,0,126],[126,591,0,0,30],[30,3225,0,0,388],[300,3801,0,0,81],[81,1613,0,0,151],[151,1879,0,0,280],[194,859,0,0,397],[397,3474,0,0,158],[158,233,0,0,179],[179,3663,0,0,66],[39,297,0,0,464],[464,2476,0,0,259],[259,2558,0,0,205],[254,2604,0,0,489],[489,875,0,0,360],[360,803,0,0,389],[425,2340,0,0,392],[392,790,0,0,276],[276,1439,0,0,241],[414,3134,0,0,297],[297,579,0,0,222],[222,2008,0,0,399],[399,645,0,0,381],[192,999,0,0,189],[189,2719,0,0,102],[102,1089,0,0,40],[40,1778,0,0,137],[383,1884,0,0,169],[169,271,0,0,355],[355,1734,0,0,345],[345,1241,3717,0,330],[339,1255,0,0,39],[39,182,0,0,271],[271,2573,0,0,65],[275,3391,0,0,92],[92,2755,0,0,383],[309,3434,0,0,239],[239,3752,0,0,194],[409,3696,0,0,53],[53,1173,0,0,184],[184,330,0,0,216],[77,3263,0,0,163],[163,2831,0,0,464]];

SenderLabelReceiverNonOrderCriticalChains = [[1,488,467],[1,1162,333],[1,1752,283],[1,1752,385],[1,1752,347],[1,1829,134],[1,1829,316],[1,2277,13],[1,3395,441],[2,1561,3],[2,1561,289],[2,1926,209],[2,1926,498],[2,1998,93],[2,1998,327],[2,2401,470],[2,2779,433],[2,3703,304],[2,3703,200],[3,526,276],[3,1771,47],[3,1771,309],[3,1782,320],[3,1782,474],[3,2159,105],[3,2727,16],[4,13,310],[4,13,420],[4,89,67],[4,89,110],[4,89,166],[4,89,292],[4,242,295],[4,242,144],[4,340,37],[4,1359,320],[4,1709,362],[4,3359,37],[5,244,254],[5,258,140],[5,595,266],[5,595,426],[5,1858,7],[5,1896,338],[5,2075,107],[5,2075,222],[5,2395,50],[5,3065,162],[6,169,119],[6,169,305],[6,294,8],[6,930,453],[6,1922,77],[6,2303,179],[6,2316,485],[6,3578,393],[6,3633,36],[7,963,180],[7,2065,14],[7,2537,380],[7,2537,257],[7,2803,222],[7,2803,392],[7,3941,274],[7,3941,313],[8,647,325],[8,649,11],[8,693,334],[8,693,49],[8,1228,476],[8,2080,28],[8,2112,249],[9,600,451],[9,1000,11],[9,1000,356],[9,2170,122],[9,3069,364],[9,3612,106],[9,3612,168],[9,3612,393],[9,3716,134],[9,3716,112],[10,1029,141],[10,1476,392],[10,2632,96],[10,2785,419],[10,2928,131],[10,2928,409],[10,2928,425],[10,3587,445],[10,3700,46],[10,3814,35],[11,743,341],[11,743,48],[11,1107,142],[11,1107,254],[11,1236,382],[11,1966,22],[12,207,80],[12,1814,468],[12,1827,203],[12,1827,288],[12,2622,162],[12,2722,182],[12,2722,453],[12,3672,16],[12,3754,487],[13,604,41],[13,604,77],[13,604,395],[13,825,177],[13,825,33],[13,1392,278],[13,1717,461],[13,2593,442],[13,2593,27],[14,919,387],[14,1234,408],[14,2038,482],[14,2118,277],[14,2403,17],[15,424,389],[15,1050,19],[15,1494,458],[15,2314,75],[15,2314,86],[15,2668,191],[15,2879,352],[16,2054,83],[16,3929,32],[16,3929,54],[17,662,71],[17,805,239],[17,805,31],[17,1317,27],[17,1857,282],[17,2208,386],[17,3345,328],[18,602,134],[18,1332,60],[18,1332,266],[18,1710,323],[18,1710,366],[18,2026,20],[18,2070,388],[18,2070,445],[18,2939,491],[19,154,26],[19,273,347],[19,1182,471],[19,1182,26],[19,1192,395],[19,1192,498],[19,1441,482],[19,1782,320],[19,1782,474],[19,2199,321],[19,2199,352],[20,384,450],[20,1677,64],[20,1677,466],[20,2004,368],[20,2004,426],[20,2585,23],[20,2585,490],[20,3932,101],[21,1424,64],[21,2042,41],[21,2811,120],[21,2880,184],[21,2880,199],[21,3975,245],[22,485,165],[22,485,439],[22,489,117],[22,489,214],[22,1518,111],[22,1830,33],[22,3340,200],[22,3340,296],[23,97,383],[23,1749,453],[23,2841,319],[23,2841,429],[23,3348,495],[23,3704,300],[23,3704,25],[23,3775,423],[24,25,122],[24,25,297],[24,25,328],[24,1498,403],[24,1498,488],[24,2010,63],[24,2203,84],[24,2203,122],[24,2203,18],[24,2426,26],[24,3924,130],[25,272,33],[25,2626,240],[25,2626,496],[25,3105,66],[25,3607,125],[25,3607,409],[25,3667,223],[25,3667,473],[25,3853,240],[25,3853,303],[26,1062,63],[26,1062,137],[26,2541,345],[26,2541,435],[26,3545,75],[27,1608,284],[27,2206,94],[27,2397,228],[27,2459,31],[27,3982,189],[28,1214,497],[28,1303,196],[28,1303,209],[28,2081,49],[28,2610,77],[28,2743,76],[28,2743,329],[28,2938,320],[29,988,377],[29,1240,253],[29,1705,317],[29,2704,165],[29,2704,230],[29,2843,84],[29,2843,296],[29,2904,317],[29,3232,317],[29,4000,106],[30,67,144],[30,67,166],[30,67,333],[30,578,36],[30,1776,285],[30,1776,295],[30,1953,96],[30,3225,255],[30,3225,388],[30,3586,38],[31,604,41],[31,604,77],[31,604,395],[31,689,414],[31,689,24],[31,1446,196],[31,1605,140],[31,3329,131],[31,3329,250],[32,964,50],[32,1177,31],[32,1332,60],[32,1332,266],[32,3342,357],[32,3342,470],[33,188,443],[33,2247,105],[33,3892,316],[33,3892,48],[33,3892,406],[33,3892,429],[34,683,191],[34,1141,467],[34,1684,218],[34,1684,268],[34,2299,151],[34,2314,75],[34,2314,86],[34,2404,41],[34,2404,263],[34,2467,213],[34,2467,32],[34,2467,130],[35,392,59],[35,517,36],[35,517,479],[35,517,425],[35,813,435],[35,813,11],[35,1696,296],[35,1880,426],[35,2466,380],[35,2466,248],[35,2655,442],[36,939,264],[36,1145,62],[36,1145,212],[36,2089,334],[37,64,132],[37,694,81],[37,694,243],[37,1209,417],[37,2148,207],[37,2148,373],[37,3826,220],[38,180,227],[38,1292,222],[38,1471,46],[38,3021,317],[39,182,22],[39,182,343],[39,182,271],[39,297,464],[39,1107,142],[39,1107,254],[39,2278,261],[39,2278,312],[39,2582,287],[40,1168,175],[40,1407,292],[40,1778,250],[40,1778,137],[40,2708,265],[40,3619,44],[41,3064,444],[41,3114,53],[42,368,166],[42,368,355],[42,460,136],[42,814,361],[42,2703,103],[42,3084,63],[43,89,67],[43,89,110],[43,89,166],[43,89,292],[43,321,232],[43,321,338],[43,1561,3],[43,1561,289],[43,2721,303],[43,2834,333],[43,3003,174],[43,3003,446],[43,3757,55],[43,3757,9],[43,3998,295],[44,1293,68],[44,1730,454],[44,1730,192],[44,2302,454],[44,3582,407],[44,3818,356],[44,3818,125],[45,8,84],[45,191,22],[45,933,162],[45,1465,262],[45,1487,225],[45,1487,42],[45,1487,312],[45,2190,170],[45,2190,60],[45,2390,9],[46,86,453],[46,86,408],[46,2497,450],[46,3744,459],[47,463,60],[47,463,383],[47,463,434],[47,2228,233],[47,2228,398],[47,2880,184],[47,2880,199],[48,9,72],[48,9,45],[48,1839,190],[48,1839,494],[48,2044,488],[48,2419,495],[48,2587,52],[49,779,116],[49,779,263],[49,2046,243],[49,2046,489],[49,3095,65],[49,3095,316],[49,3095,315],[49,3837,239],[49,3837,444],[50,713,176],[50,2471,283],[50,3254,279],[50,3254,289],[50,3845,294],[50,3845,76],[50,3953,421],[50,3953,444],[50,3974,85],[51,1120,99],[51,1120,135],[51,1397,398],[51,1447,382],[51,2636,199],[51,2636,423],[51,3904,57],[52,117,187],[52,1755,441],[52,1811,64],[52,2224,335],[52,3468,18],[52,3609,367],[53,466,180],[53,466,58],[53,1173,184],[53,1604,495],[53,1604,178],[53,1604,397],[53,1912,114],[53,2187,345],[54,942,159],[54,1381,427],[54,2063,71],[54,2063,72],[54,2621,68],[54,2621,250],[54,3277,342],[54,3277,149],[54,3331,397],[54,3846,56],[55,45,243],[55,472,73],[55,472,330],[55,1887,497],[55,1887,498],[55,2541,345],[55,2541,435],[55,2973,169],[55,3808,149],[55,3808,180],[56,809,351],[56,994,71],[56,2506,315],[56,3029,194],[56,3029,216],[56,3386,265],[56,3386,103],[56,3901,357],[56,3901,365],[57,450,324],[57,1089,40],[57,1089,180],[57,1379,284],[57,1379,145],[57,1859,178],[57,1859,448],[57,2612,104],[57,3055,395],[57,3863,305],[58,6,471],[58,532,248],[58,2836,99],[58,3931,225],[59,184,94],[59,184,367],[59,972,201],[59,1053,363],[59,1053,139],[59,2120,105],[59,2711,377],[59,3565,385],[59,3717,330],[59,3717,391],[60,928,330],[60,1379,284],[60,1379,145],[60,1598,134],[60,1598,73],[60,3014,63],[61,76,80],[61,76,494],[61,551,97],[61,551,116],[61,1360,39],[61,2234,105],[61,2234,481],[61,2312,221],[61,2312,434],[61,3311,87],[62,2199,321],[62,2199,352],[62,2533,88],[62,3017,391],[62,3042,310],[62,3042,287],[63,206,95],[63,206,213],[63,1677,64],[63,1677,466],[63,2928,131],[63,2928,409],[63,2928,425],[64,480,401],[64,1356,393],[64,1920,89],[65,67,144],[65,67,166],[65,67,333],[65,225,66],[65,225,323],[65,2432,341],[66,492,128],[66,492,231],[66,1499,100],[66,1499,448],[66,2353,489],[67,443,190],[67,443,446],[67,443,425],[67,617,224],[67,617,390],[67,802,428],[67,2231,87],[67,3057,243],[67,3892,316],[67,3892,48],[67,3892,406],[67,3892,429],[68,984,107],[68,1155,21],[68,1155,23],[68,2831,418],[68,2831,464],[68,2980,465],[68,2980,351],[68,3269,447],[69,354,198],[69,472,73],[69,472,330],[69,742,226],[69,2928,131],[69,2928,409],[69,2928,425],[69,3779,336],[70,1462,465],[70,2096,345],[70,2755,463],[70,2755,383],[70,2755,474],[70,3145,181],[70,3392,401],[70,3612,106],[70,3612,168],[70,3612,393],[71,541,368],[71,1534,87],[71,1534,405],[71,2343,249],[72,440,99],[72,440,161],[72,1233,238],[72,3447,295],[72,3806,124],[72,3806,276],[72,3996,402],[73,489,117],[73,489,214],[73,2326,116],[73,2373,195],[74,934,163],[74,1130,228],[74,1130,372],[74,1130,260],[74,1510,85],[74,1941,169],[74,1941,480],[74,3239,278],[74,3835,134],[75,425,388],[75,425,458],[75,1578,375],[75,3023,443],[75,3023,266],[75,3129,115],[76,940,152],[76,3314,457],[76,3431,388],[76,3431,161],[76,3497,471],[77,309,477],[77,1592,83],[77,2634,446],[77,3163,223],[77,3263,211],[77,3263,259],[77,3263,163],[78,747,322],[78,1312,73],[78,1312,372],[78,1478,145],[78,1951,90],[78,2515,361],[78,2748,396],[78,3022,36],[78,3022,253],[78,3606,355],[78,3606,97],[78,3606,165],[78,3606,232],[78,3606,322],[79,334,51],[79,442,89],[79,1884,169],[79,1884,415],[79,1884,86],[79,1884,150],[79,1956,268],[79,1956,484],[79,2430,290],[79,2430,134],[79,2452,76],[79,2452,484],[79,3845,294],[79,3845,76],[80,499,448],[80,499,321],[80,499,430],[80,1629,235],[80,1722,208],[80,2075,107],[80,2075,222],[81,1218,353],[81,1218,375],[81,1613,151],[81,3091,138],[81,3091,116],[81,3624,321],[81,3624,221],[82,76,80],[82,76,494],[82,546,271],[82,873,168],[82,2321,475],[82,2366,41],[82,2366,469],[82,2463,121],[82,2463,346],[82,2463,406],[82,3870,230],[82,3870,482],[83,722,119],[83,1549,378],[83,1549,309],[83,1964,2],[83,1964,168],[83,3353,203],[83,3417,109],[83,3417,472],[84,2782,331],[84,2782,410],[84,3317,103],[85,319,358],[85,425,388],[85,425,458],[85,514,240],[85,514,335],[85,1134,97],[85,3606,355],[85,3606,97],[85,3606,165],[85,3606,232],[85,3606,322],[86,517,36],[86,517,479],[86,517,425],[86,569,479],[86,1718,174],[86,3137,131],[86,3137,459],[86,3413,89],[87,2451,240],[87,2679,350],[87,2996,153],[87,3428,209],[87,3980,80],[87,3980,134],[88,249,281],[88,249,167],[88,993,426],[88,2697,93],[88,2697,483],[88,2807,93],[88,3426,330],[88,3426,207],[88,3888,498],[89,496,450],[89,978,465],[89,978,111],[89,3172,94],[89,3599,231],[89,3599,322],[89,3599,364],[90,456,132],[90,1376,132],[90,3280,478],[90,3280,252],[90,3489,429],[91,1706,246],[91,3157,296],[91,3157,337],[91,3201,160],[91,3201,246],[91,3525,203],[92,723,195],[92,1720,369],[92,1720,381],[92,2755,463],[92,2755,383],[92,2755,474],[92,3973,28],[93,234,72],[93,234,500],[93,1566,110],[93,1566,426],[93,2753,134],[94,822,356],[94,822,116],[94,2298,113],[94,3515,449],[95,333,274],[95,1523,359],[95,1523,142],[95,1523,226],[95,1910,196],[95,2464,135],[96,109,385],[96,109,391],[96,109,47],[96,109,381],[96,1272,109],[96,2814,457],[96,2814,277],[96,2986,452],[97,170,375],[97,170,325],[97,635,437],[97,1229,172],[97,1480,100],[98,1279,133],[98,1542,100],[98,1734,444],[98,1734,173],[98,1734,345],[98,3626,142],[98,3626,271],[99,980,48],[99,980,94],[99,1252,463],[99,1566,110],[99,1566,426],[99,2190,170],[99,2190,60],[100,35,109],[100,230,41],[100,2278,261],[100,2278,312],[100,2404,41],[100,2404,263],[100,3724,401],[101,1385,334],[101,2035,125],[101,2035,353],[101,2035,371],[101,2223,467],[101,3644,33],[102,1089,40],[102,1089,180],[102,1654,108],[102,1654,114],[102,1752,283],[102,1752,385],[102,1752,347],[102,3229,58],[102,3443,293],[103,829,114],[103,1531,319],[103,1812,184],[103,3297,75],[103,3297,387],[103,3363,16],[103,3363,60],[104,359,244],[104,3417,109],[104,3417,472],[104,3457,334],[104,3459,284],[104,3570,437],[104,3570,107],[104,3855,418],[105,2658,294],[105,2658,204],[105,2658,305],[105,2697,93],[105,2697,483],[105,3579,113],[106,22,188],[106,22,358],[106,22,444],[106,1303,196],[106,1303,209],[106,2613,122],[106,2613,482],[106,2670,235],[106,2875,359],[107,821,305],[107,2525,232],[107,2525,262],[107,2946,92],[107,2946,488],[108,1109,81],[108,1730,454],[108,1730,192],[108,1793,82],[108,1793,93],[108,2934,341],[108,3763,11],[109,282,401],[109,980,48],[109,980,94],[109,3349,314],[110,797,112],[110,1949,405],[110,1949,350],[110,3040,138],[110,3040,272],[110,3393,406],[111,162,429],[111,385,283],[111,1469,127],[111,1469,202],[111,2502,461],[111,2502,113],[111,3040,138],[111,3040,272],[112,1648,121],[112,1829,134],[112,1829,316],[112,1877,95],[112,2407,214],[113,567,164],[113,1941,169],[113,1941,480],[113,2463,121],[113,2463,346],[113,2463,406],[114,916,129],[114,1517,141],[114,2734,290],[114,3362,358],[114,3362,496],[115,135,371],[115,1255,133],[115,1255,39],[115,1459,381],[115,1793,82],[115,1793,93],[115,2710,118],[115,3563,370],[115,3563,422],[115,3563,196],[116,12,174],[116,614,349],[116,3225,255],[116,3225,388],[117,941,433],[117,941,383],[117,2465,27],[117,2465,279],[117,2901,196],[117,2901,494],[117,2945,414],[118,307,254],[118,729,108],[118,2097,262],[118,3123,251],[118,3478,386],[118,3618,127],[119,1707,388],[119,1710,323],[119,1710,366],[119,3053,198],[119,3053,483],[119,3263,211],[119,3263,259],[119,3263,163],[119,3650,113],[120,443,190],[120,443,446],[120,443,425],[120,724,193],[120,855,382],[120,855,329],[120,2946,92],[120,2946,488],[120,3326,177],[120,3326,246],[120,3615,404],[120,3716,134],[120,3716,112],[121,2752,219],[121,3483,165],[121,3992,395],[122,2691,461],[122,2722,182],[122,2722,453],[122,3894,183],[123,1300,288],[123,1872,307],[123,1921,44],[123,1921,197],[123,2073,291],[123,2073,399],[123,2487,83],[124,413,142],[124,413,327],[124,413,494],[124,1330,145],[124,1330,414],[124,1330,258],[124,3491,475],[124,3521,358],[124,3563,370],[124,3563,422],[124,3563,196],[124,3953,421],[124,3953,444],[125,1063,396],[125,1063,248],[125,1063,166],[125,1063,241],[125,2221,161],[126,523,377],[126,591,30],[126,796,226],[126,2013,389],[126,2754,158],[126,3612,106],[126,3612,168],[126,3612,393],[127,415,400],[127,415,410],[127,415,471],[127,549,179],[127,1157,372],[127,1487,225],[127,1487,42],[127,1487,312],[127,2430,290],[127,2430,134],[128,2467,213],[128,2467,32],[128,2467,130],[128,2621,68],[128,2621,250],[128,2758,374],[128,2850,129],[129,327,53],[129,1612,380],[129,1612,133],[129,2278,261],[129,2278,312],[129,3219,311],[130,242,295],[130,242,144],[130,349,163],[130,890,307],[130,890,254],[130,1819,287],[130,1819,291],[130,3532,286],[131,511,153],[131,2113,121],[131,3698,378],[131,3698,407],[132,316,40],[132,316,417],[132,1205,354],[132,1205,396],[132,1394,449],[133,678,308],[133,1180,312],[133,1180,338],[133,1482,349],[133,2348,273],[133,2571,273],[135,142,147],[135,1188,389],[135,3022,36],[135,3022,253],[135,3486,117],[135,3610,342],[136,1088,183],[136,1088,112],[136,1139,279],[136,1636,183],[136,2806,444],[136,3346,451],[136,3346,477],[136,3697,484],[137,11,454],[137,80,292],[137,166,188],[137,1658,16],[137,1747,302],[137,3328,431],[137,3328,175],[137,3328,494],[138,1836,197],[138,3498,140],[139,137,199],[139,137,219],[139,1918,333],[139,2818,421],[139,3223,230],[139,3223,382],[140,405,214],[140,405,415],[140,1086,312],[140,1086,428],[140,3580,219],[140,3580,62],[141,2006,185],[141,2084,343],[141,2256,182],[142,182,22],[142,182,343],[142,182,271],[142,1618,331],[142,3761,157],[143,193,152],[143,193,366],[143,1698,218],[143,1849,154],[143,2707,242],[143,2707,149],[143,2707,431],[143,2707,227],[143,2707,376],[143,2761,81],[143,2761,97],[143,2788,169],[143,2788,111],[143,3583,456],[144,494,139],[144,2242,250],[144,2242,384],[144,2446,483],[144,2446,445],[144,2446,308],[144,3374,117],[144,3374,350],[144,3374,154],[144,3916,84],[145,3340,200],[145,3340,296],[145,3599,231],[145,3599,322],[145,3599,364],[145,3651,262],[145,3651,38],[146,104,377],[146,991,246],[146,991,450],[146,1330,145],[146,1330,414],[146,1330,258],[146,1628,210],[146,1974,348],[146,1974,247],[146,2750,240],[147,25,122],[147,25,297],[147,25,328],[147,639,386],[147,751,279],[147,795,409],[147,3201,160],[147,3201,246],[147,3246,461],[148,1112,155],[148,2047,365],[148,2215,442],[148,2215,176],[148,2981,464],[148,3078,225],[148,3078,209],[148,3078,312],[148,3078,392],[148,3856,351],[149,344,3],[149,344,477],[149,1975,310],[149,3156,176],[150,89,67],[150,89,110],[150,89,166],[150,89,292],[150,595,266],[150,595,426],[150,852,320],[150,960,375],[150,1388,102],[150,1388,459],[150,1388,214],[150,2613,122],[150,2613,482],[151,1879,46],[151,1879,280],[151,3493,168],[151,3493,233],[151,3679,486],[151,3811,244],[152,346,350],[152,617,224],[152,617,390],[152,801,482],[152,908,203],[152,3432,451],[152,3643,225],[153,1879,46],[153,1879,280],[153,2033,495],[153,3435,257],[153,3493,168],[153,3493,233],[154,194,171],[154,210,265],[154,481,280],[154,1294,400],[155,407,157],[155,2177,180],[155,2214,481],[155,2214,166],[155,2788,169],[155,2788,111],[155,2975,165],[155,3798,226],[156,506,229],[156,1179,113],[156,1193,449],[156,3025,235],[156,3126,200],[156,3614,184],[156,3635,182],[157,99,204],[157,1533,447],[157,1898,123],[157,3046,378],[157,3046,68],[157,3154,333],[157,3366,199],[158,233,179],[158,233,355],[158,1598,134],[158,1598,73],[158,1977,73],[158,2505,159],[158,3780,73],[158,3929,32],[158,3929,54],[159,1098,398],[159,1346,257],[159,1988,494],[159,2379,230],[159,2444,460],[160,669,302],[160,669,478],[160,1350,138],[160,1612,380],[160,1612,133],[160,1813,228],[160,2817,301],[160,3673,183],[160,3989,15],[160,3989,316],[160,3989,441],[161,40,333],[161,653,241],[161,3403,466],[162,126,365],[162,1828,341],[162,2709,253],[162,3078,225],[162,3078,209],[162,3078,312],[162,3078,392],[163,62,226],[163,2116,94],[163,2642,324],[163,2831,418],[163,2831,464],[164,386,420],[164,2304,493],[164,2366,41],[164,2366,469],[164,2911,175],[164,3192,109],[164,3192,420],[164,3410,121],[164,3410,105],[164,3410,473],[165,896,449],[165,2300,259],[166,2474,272],[166,3282,220],[167,490,186],[167,650,466],[167,1414,171],[167,2763,410],[167,2763,443],[167,2793,390],[168,808,245],[168,808,398],[168,1827,203],[168,1827,288],[168,2661,182],[169,271,419],[169,271,355],[169,2268,140],[169,3259,98],[170,786,46],[170,1130,228],[170,1130,372],[170,1130,260],[170,3508,432],[170,3989,15],[170,3989,316],[170,3989,441],[171,867,202],[171,880,436],[171,1087,210],[171,2093,411],[171,2093,96],[171,2294,263],[171,2318,301],[172,178,430],[172,623,263],[172,1419,491],[172,1419,471],[172,1553,336],[172,2035,125],[172,2035,353],[172,2035,371],[172,2110,461],[173,249,281],[173,249,167],[173,499,448],[173,499,321],[173,499,430],[173,1821,346],[173,1821,397],[173,2071,281],[173,2071,232],[173,2638,438],[173,3816,146],[174,365,208],[174,365,371],[174,1235,184],[174,2695,207],[174,3034,409],[175,743,341],[175,743,48],[175,1615,486],[175,1615,188],[175,1882,247],[175,2475,452],[175,2475,454],[175,2736,268],[176,550,234],[176,1442,273],[176,2053,285],[177,709,315],[177,709,258],[177,1987,159],[177,2467,213],[177,2467,32],[177,2467,130],[177,2543,49],[177,3362,358],[177,3362,496],[177,3571,310],[178,90,121],[178,634,294],[178,1171,207],[178,2718,459],[178,3426,330],[178,3426,207],[178,3757,55],[178,3757,9],[179,1069,224],[179,1378,419],[179,2838,242],[179,2838,415],[179,3223,230],[179,3223,382],[179,3663,66],[180,1084,142],[180,2761,81],[180,2761,97],[180,3806,124],[180,3806,276],[181,216,292],[181,1361,7],[181,1433,170],[181,1433,186],[181,2663,188],[181,2900,189],[181,3410,121],[181,3410,105],[181,3410,473],[181,3554,407],[182,1153,468],[182,1723,498],[182,1993,326],[182,3421,21],[183,1384,139],[183,2148,207],[183,2148,373],[183,3772,260],[183,3892,316],[183,3892,48],[183,3892,406],[183,3892,429],[184,330,216],[184,2908,195],[184,2908,234],[184,3263,211],[184,3263,259],[184,3263,163],[185,1187,379],[185,1342,328],[185,1342,419],[185,1342,344],[185,2218,377],[185,2228,233],[185,2228,398],[185,2707,242],[185,2707,149],[185,2707,431],[185,2707,227],[185,2707,376],[185,3095,65],[185,3095,316],[185,3095,315],[186,1283,344],[186,1401,429],[186,2502,461],[186,2502,113],[186,3078,225],[186,3078,209],[186,3078,312],[186,3078,392],[186,3825,318],[187,185,167],[187,1540,280],[187,2198,340],[187,2659,478],[188,1021,441],[188,1021,341],[188,1096,387],[188,1940,220],[188,1940,218],[189,2719,102],[189,3161,403],[189,3824,69],[190,817,433],[190,817,249],[190,817,262],[190,884,388],[190,1523,359],[190,1523,142],[190,1523,226],[190,2062,194],[190,3762,370],[191,790,276],[191,790,377],[191,2320,471],[191,3330,223],[191,3758,305],[191,3758,371],[192,897,206],[192,897,251],[192,897,241],[192,999,189],[192,1311,358],[192,3030,247],[192,3036,292],[193,29,325],[193,1062,63],[193,1062,137],[193,3935,255],[194,367,251],[194,367,411],[194,859,124],[194,859,397],[194,897,206],[194,897,251],[194,897,241],[194,911,370],[194,1044,476],[194,1044,408],[195,716,362],[195,3959,334],[196,1850,493],[196,2115,415],[196,3369,138],[197,53,390],[197,693,334],[197,693,49],[197,923,298],[197,1940,220],[197,1940,218],[197,3000,187],[197,3708,131],[198,401,376],[198,687,207],[198,1100,426],[198,3240,340],[199,1797,222],[199,1797,307],[199,1797,412],[199,1914,337],[199,1914,304],[199,2192,499],[199,2192,422],[199,2902,465],[200,137,199],[200,137,219],[200,209,189],[200,209,205],[200,517,36],[200,517,479],[200,517,425],[200,577,434],[201,447,163],[201,1616,128],[201,1838,480],[201,2446,483],[201,2446,445],[201,2446,308],[201,2914,443],[201,3120,436],[201,3547,145],[202,174,228],[202,626,400],[202,626,447],[202,897,206],[202,897,251],[202,897,241],[202,1684,218],[202,1684,268],[202,2658,294],[202,2658,204],[202,2658,305],[203,779,116],[203,779,263],[203,1399,431],[203,2071,281],[203,2071,232],[204,817,433],[204,817,249],[204,817,262],[204,1797,222],[204,1797,307],[204,1797,412],[204,2787,478],[204,3075,314],[204,3075,278],[204,3344,255],[205,170,375],[205,170,325],[205,854,425],[205,2279,406],[205,3293,138],[205,3651,262],[205,3651,38],[205,3827,251],[206,133,65],[206,1781,292],[206,2601,141],[206,3448,391],[206,3448,15],[206,3448,92],[206,3572,407],[206,3572,344],[206,3572,210],[206,3972,362],[207,1513,62],[207,3150,217],[208,455,454],[208,1587,62],[208,2699,337],[208,3053,198],[208,3053,483],[208,3194,491],[208,3593,365],[208,3593,486],[209,55,47],[209,55,423],[209,2305,490],[209,2838,242],[209,2838,415],[209,3031,377],[209,3031,384],[210,280,25],[210,991,246],[210,991,450],[210,1470,249],[210,1929,227],[210,2003,307],[211,410,222],[211,763,367],[211,1232,138],[211,1232,412],[211,3961,294],[212,839,224],[212,878,270],[212,878,316],[212,878,440],[212,990,262],[212,2275,251],[212,2311,323],[213,827,343],[213,2814,457],[213,2814,277],[213,3665,447],[213,3758,305],[213,3758,371],[214,408,49],[214,1366,487],[214,1839,190],[214,1839,494],[214,2008,223],[214,2008,399],[215,38,13],[215,89,67],[215,89,110],[215,89,166],[215,89,292],[215,389,364],[215,1130,228],[215,1130,372],[215,1130,260],[215,2389,195],[215,3364,91],[215,3711,341],[216,1604,495],[216,1604,178],[216,1604,397],[216,2262,348],[216,2524,130],[216,2819,422],[216,2819,238],[216,3778,405],[217,128,459],[217,552,332],[217,978,465],[217,978,111],[217,1704,58],[217,1950,275],[217,3137,131],[217,3137,459],[218,1734,444],[218,1734,173],[218,1734,345],[218,1776,285],[218,1776,295],[218,1884,169],[218,1884,415],[218,1884,86],[218,1884,150],[218,3170,128],[218,3910,20],[218,3910,424],[219,2265,423],[219,2310,391],[219,2929,310],[219,3024,463],[219,3901,357],[219,3901,365],[220,1472,193],[220,1676,354],[220,2361,417],[220,2518,492],[220,2518,417],[221,626,400],[221,626,447],[221,1297,370],[221,3621,404],[221,3689,235],[221,3871,247],[222,2008,223],[222,2008,399],[222,3254,279],[222,3254,289],[223,118,434],[223,2608,313],[224,798,400],[224,1180,312],[224,1180,338],[224,2425,195],[224,2486,225],[225,1336,491],[225,2255,248],[226,225,66],[226,225,323],[226,2332,336],[227,608,489],[227,2463,121],[227,2463,346],[227,2463,406],[227,2525,232],[227,2525,262],[227,2955,360],[227,2964,266],[227,2964,496],[228,2553,416],[228,2553,491],[228,2583,324],[228,3685,359],[229,245,107],[229,1144,306],[229,1520,291],[229,1520,428],[229,1998,93],[229,1998,327],[229,2574,170],[229,2835,456],[230,168,489],[230,1974,348],[230,1974,247],[230,2841,319],[230,2841,429],[230,3907,448],[231,1,327],[231,1116,318],[231,1323,367],[231,1949,405],[231,1949,350],[231,3522,91],[231,3808,149],[231,3808,180],[232,1329,302],[232,1534,87],[232,1534,405],[232,1796,258],[232,2578,349],[233,885,264],[233,1884,169],[233,1884,415],[233,1884,86],[233,1884,150],[233,2301,415],[233,2357,249],[233,3433,126],[234,22,188],[234,22,358],[234,22,444],[234,169,119],[234,169,305],[234,492,128],[234,492,231],[234,689,414],[234,689,24],[234,2313,350],[234,3448,391],[234,3448,15],[234,3448,92],[235,238,469],[235,1804,363],[235,3818,356],[235,3818,125],[236,1086,312],[236,1086,428],[236,1524,477],[236,1738,161],[236,2203,84],[236,2203,122],[236,2203,18],[237,203,375],[237,558,412],[237,1232,138],[237,1232,412],[237,2812,285],[237,3431,388],[237,3431,161],[237,3985,245],[238,70,303],[238,70,500],[238,1160,441],[238,1160,447],[238,1498,403],[238,1498,488],[238,1760,361],[238,3755,380],[238,3755,337],[239,3249,185],[239,3567,346],[239,3752,194],[240,2035,125],[240,2035,353],[240,2035,371],[240,3400,92],[240,3737,36],[241,609,447],[241,1885,91],[241,1885,296],[241,3124,217],[241,3899,151],[242,950,487],[242,1038,358],[242,2901,196],[242,2901,494],[242,3523,255],[242,3714,438],[243,2930,84],[243,2930,277],[243,3910,20],[243,3910,424],[243,3989,15],[243,3989,316],[243,3989,441],[244,22,188],[244,22,358],[244,22,444],[244,463,60],[244,463,383],[244,463,434],[244,1092,273],[244,2106,260],[244,2839,247],[245,1565,225],[245,3602,290],[245,3832,362],[245,3980,80],[245,3980,134],[246,890,307],[246,890,254],[246,2378,385],[246,3674,332],[247,246,26],[247,1668,284],[247,3031,377],[247,3031,384],[248,279,101],[248,1490,393],[248,1490,455],[248,2665,421],[248,2665,79],[248,3252,416],[248,3252,405],[249,157,425],[249,1231,453],[249,3466,415],[250,67,144],[250,67,166],[250,67,333],[250,941,433],[250,941,383],[250,954,96],[250,954,399],[250,2063,71],[250,2063,72],[251,3694,281],[251,3759,262],[252,878,270],[252,878,316],[252,878,440],[252,956,481],[252,1137,397],[252,1794,52],[252,1794,451],[252,3564,422],[253,1794,52],[253,1794,451],[253,1852,396],[253,1885,91],[253,1885,296],[253,2375,396],[254,1282,110],[254,1282,166],[254,2604,365],[254,2604,489],[255,1063,396],[255,1063,248],[255,1063,166],[255,1063,241],[255,1419,491],[255,1419,471],[255,1943,283],[255,3997,64],[256,13,310],[256,13,420],[256,992,456],[256,1340,264],[256,2742,452],[256,2937,317],[256,3189,416],[256,3283,383],[256,3600,378],[257,365,208],[257,365,371],[257,533,335],[257,770,325],[257,2532,271],[258,82,267],[258,109,385],[258,109,391],[258,109,47],[258,109,381],[258,1538,351],[258,1538,74],[258,2213,195],[258,3202,451],[258,3202,458],[259,2558,205],[259,2980,465],[259,2980,351],[259,3089,490],[259,3807,265],[260,440,99],[260,440,161],[260,744,33],[260,3329,131],[260,3329,250],[261,329,456],[261,652,457],[261,652,298],[261,969,416],[261,3101,70],[261,3593,365],[261,3593,486],[263,193,152],[263,193,366],[263,708,125],[263,708,69],[263,708,37],[263,3023,443],[263,3023,266],[263,3678,188],[264,815,242],[264,815,481],[264,903,287],[264,1433,170],[264,1433,186],[264,1439,374],[264,1439,241],[264,1615,486],[264,1615,188],[265,1487,225],[265,1487,42],[265,1487,312],[265,1576,428],[265,3537,269],[265,3597,144],[266,870,299],[266,1243,360],[266,1563,191],[266,3563,370],[266,3563,422],[266,3563,196],[267,111,371],[267,111,430],[267,1701,439],[267,2878,470],[268,5,344],[268,33,109],[268,1911,192],[268,2550,169],[268,2550,343],[268,2982,156],[269,25,122],[269,25,297],[269,25,328],[269,2109,475],[269,2109,167],[269,2109,347],[269,2556,41],[269,2784,486],[269,3688,469],[270,856,397],[270,2427,400],[270,2550,169],[270,2550,343],[270,2930,84],[270,2930,277],[270,3197,419],[270,3768,172],[270,3768,271],[271,145,56],[271,1780,112],[271,2573,65],[272,50,390],[272,217,308],[272,415,400],[272,415,410],[272,415,471],[272,2290,436],[272,2312,221],[272,2312,434],[273,1585,346],[273,1585,448],[273,1771,47],[273,1771,309],[273,3365,162],[274,199,21],[274,1001,427],[274,1021,441],[274,1021,341],[274,3078,225],[274,3078,209],[274,3078,312],[274,3078,392],[274,3086,401],[274,3252,416],[274,3252,405],[275,1002,38],[275,1002,101],[275,1791,290],[275,2004,368],[275,2004,426],[275,2205,418],[275,3391,92],[276,304,494],[276,1439,374],[276,1439,241],[276,2059,443],[276,2059,244],[276,3029,194],[276,3029,216],[276,3591,385],[277,1499,100],[277,1499,448],[277,1539,198],[277,2203,84],[277,2203,122],[277,2203,18],[277,2933,316],[277,2933,460],[277,3830,281],[278,807,46],[278,1426,413],[278,3046,378],[278,3046,68],[278,3671,122],[279,565,1],[279,565,39],[279,1063,396],[279,1063,248],[279,1063,166],[279,1063,241],[279,1822,303],[280,48,413],[280,565,1],[280,565,39],[280,1915,76],[280,3895,139],[281,621,499],[281,975,302],[281,975,314],[281,3230,461],[282,504,420],[282,1305,364],[282,2046,243],[282,2046,489],[282,2575,405],[282,3205,413],[282,3205,359],[282,3704,300],[282,3704,25],[282,3706,114],[282,3706,367],[283,847,470],[283,847,414],[283,847,392],[283,2011,295],[283,3944,332],[284,1614,213],[284,2242,250],[284,2242,384],[284,3956,416],[284,3966,467],[285,1335,407],[285,1335,176],[285,1797,222],[285,1797,307],[285,1797,412],[285,2070,388],[285,2070,445],[285,3169,322],[285,3653,362],[286,177,272],[286,800,378],[286,1833,479],[286,3405,40],[286,3911,332],[286,3911,499],[286,3911,388],[287,1094,493],[287,1094,125],[287,2470,118],[287,2470,51],[288,493,342],[288,624,491],[288,1654,108],[288,1654,114],[288,2109,475],[288,2109,167],[288,2109,347],[288,3414,404],[288,3955,453],[289,818,387],[289,1559,500],[289,1559,427],[289,2194,409],[290,1887,497],[290,1887,498],[290,3226,449],[290,3851,469],[290,3892,316],[290,3892,48],[290,3892,406],[290,3892,429],[291,1312,73],[291,1312,372],[291,1342,328],[291,1342,419],[291,1342,344],[291,1662,95],[291,2164,289],[292,645,108],[292,645,381],[292,708,125],[292,708,69],[292,708,37],[293,303,141],[293,303,455],[293,316,40],[293,316,417],[293,975,302],[293,975,314],[293,1224,441],[293,1841,302],[293,3657,344],[293,3698,378],[293,3698,407],[294,371,498],[294,2922,387],[294,3749,326],[295,2629,301],[295,3847,65],[295,3911,332],[295,3911,499],[295,3911,388],[296,116,432],[296,3200,467],[296,3200,452],[297,579,222],[297,2273,334],[297,2394,453],[297,3358,318],[298,454,321],[298,563,42],[298,1520,291],[298,1520,428],[298,3192,109],[298,3192,420],[298,3764,466],[299,106,347],[299,564,123],[299,757,192],[299,2837,363],[299,3003,174],[299,3003,446],[299,3687,309],[299,3914,304],[300,209,189],[300,209,205],[300,1160,441],[300,1160,447],[300,2849,71],[300,3755,380],[300,3755,337],[300,3801,81],[301,415,400],[301,415,410],[301,415,471],[301,524,357],[301,3107,269],[301,3328,431],[301,3328,175],[301,3328,494],[301,3480,436],[302,1083,63],[303,143,267],[303,405,214],[303,405,415],[303,1425,488],[303,2936,444],[304,367,251],[304,367,411],[304,570,438],[304,771,391],[304,771,335],[304,2271,350],[304,3648,495],[305,508,17],[305,2108,211],[306,808,245],[306,808,398],[306,813,435],[306,813,11],[306,1192,395],[306,1192,498],[306,1739,449],[306,3211,318],[306,3513,437],[307,19,428],[307,1056,275],[307,1154,431],[307,1866,193],[307,1866,466],[308,58,357],[308,58,436],[308,172,132],[308,413,142],[308,413,327],[308,413,494],[308,1082,364],[308,2319,430],[309,74,408],[309,499,448],[309,499,321],[309,499,430],[309,855,382],[309,855,329],[309,1495,342],[309,3434,239],[310,676,438],[310,883,260],[310,3624,321],[310,3624,221],[311,271,419],[311,271,355],[311,443,190],[311,443,446],[311,443,425],[311,1538,351],[311,1538,74],[311,1932,374],[311,1932,492],[311,2322,128],[311,2322,148],[311,2553,416],[311,2553,491],[311,3838,411],[312,303,141],[312,303,455],[312,555,329],[312,2493,119],[313,56,473],[313,2636,199],[313,2636,423],[313,2755,463],[313,2755,383],[313,2755,474],[313,3141,423],[313,3215,382],[313,3215,98],[313,3590,499],[314,728,461],[314,841,278],[314,2293,465],[314,3288,420],[315,717,84],[315,2132,421],[315,2179,379],[315,2482,132],[315,3701,466],[316,510,376],[316,3006,362],[317,823,322],[317,1429,246],[317,2478,26],[318,1745,353],[318,2001,500],[318,2058,61],[318,3849,327],[319,2803,222],[319,2803,392],[319,3385,424],[319,3748,364],[320,1431,458],[320,1729,485],[320,1729,484],[320,2333,294],[320,3325,279],[321,2454,473],[321,3667,223],[321,3667,473],[321,3843,346],[321,3843,187],[322,396,372],[322,2782,331],[322,2782,410],[322,3336,151],[323,47,459],[323,47,24],[323,1821,346],[323,1821,397],[323,1840,486],[323,3530,342],[323,3957,347],[324,638,129],[324,1496,443],[324,3626,142],[324,3626,271],[324,3646,490],[325,1893,95],[325,2235,74],[325,2260,211],[325,2665,421],[325,2665,79],[326,184,94],[326,184,367],[326,1342,328],[326,1342,419],[326,1342,344],[326,1388,102],[326,1388,459],[326,1388,214],[326,1866,193],[326,1866,466],[326,2569,434],[327,109,385],[327,109,391],[327,109,47],[327,109,381],[327,1120,99],[327,1120,135],[327,2021,164],[327,3843,346],[327,3843,187],[328,7,364],[328,2288,155],[328,2288,4],[328,2508,380],[328,2593,442],[328,2593,27],[328,2964,266],[328,2964,496],[329,772,47],[329,1604,495],[329,1604,178],[329,1604,397],[329,1805,287],[329,2374,462],[329,3168,370],[330,235,367],[330,1241,345],[330,1400,51],[331,1205,354],[331,1205,396],[331,1921,44],[331,1921,197],[331,3410,121],[331,3410,105],[331,3410,473],[331,3573,203],[331,3884,412],[332,257,404],[332,1757,403],[333,520,58],[333,824,75],[334,1145,62],[334,1145,212],[334,3589,200],[335,538,140],[335,3606,355],[335,3606,97],[335,3606,165],[335,3606,232],[335,3606,322],[335,3804,449],[336,182,22],[336,182,343],[336,182,271],[336,822,356],[336,822,116],[336,1585,346],[336,1585,448],[336,1997,457],[336,1997,490],[336,3606,355],[336,3606,97],[336,3606,165],[336,3606,232],[336,3606,322],[337,1469,127],[337,1469,202],[337,2466,380],[337,2466,248],[337,3007,174],[337,3739,495],[338,63,221],[338,202,419],[338,1129,474],[338,3706,114],[338,3706,367],[339,1255,133],[339,1255,39],[339,2563,47],[339,2794,479],[339,2833,362],[339,3542,80],[339,3705,457],[339,3853,240],[339,3853,303],[340,604,41],[340,604,77],[340,604,395],[340,954,96],[340,954,399],[340,1523,359],[340,1523,142],[340,1523,226],[340,1580,267],[340,2234,105],[340,2234,481],[341,849,212],[341,3238,226],[342,87,366],[342,967,101],[342,967,427],[342,3539,251],[343,391,331],[343,868,351],[343,3328,431],[343,3328,175],[343,3328,494],[343,3898,402],[344,59,487],[344,2536,8],[345,902,237],[345,3717,330],[345,3717,391],[346,905,67],[346,3363,16],[346,3363,60],[347,233,179],[347,233,355],[347,1227,324],[347,3740,186],[348,694,81],[348,694,243],[348,1505,332],[348,2908,195],[348,2908,234],[349,368,166],[349,368,355],[349,2370,153],[349,3308,65],[350,1315,104],[350,3699,191],[351,2763,410],[351,2763,443],[351,2843,84],[351,2843,296],[351,2889,438],[352,606,375],[352,697,149],[352,697,458],[352,1218,353],[352,1218,375],[352,2109,475],[352,2109,167],[352,2109,347],[352,2315,421],[352,3572,407],[352,3572,344],[352,3572,210],[353,878,270],[353,878,316],[353,878,440],[353,1508,319],[353,1508,370],[353,2345,233],[353,3373,348],[354,158,98],[354,477,406],[354,477,485],[354,1490,393],[354,1490,455],[354,3399,107],[354,3476,424],[355,243,236],[355,243,306],[355,1734,444],[355,1734,173],[355,1734,345],[355,3091,138],[355,3091,116],[356,491,395],[356,605,484],[356,3338,267],[356,3606,355],[356,3606,97],[356,3606,165],[356,3606,232],[356,3606,322],[357,2196,439],[357,3601,428],[357,3903,492],[358,2282,470],[359,23,423],[359,1020,224],[359,2445,204],[360,803,389],[360,1053,363],[360,1053,139],[360,3241,462],[360,3840,482],[361,658,262],[361,698,469],[361,1122,482],[361,3202,451],[361,3202,458],[361,3870,230],[361,3870,482],[363,1688,99],[363,2073,291],[363,2073,399],[363,3095,65],[363,3095,316],[363,3095,315],[363,3313,193],[364,3598,404],[365,1148,216],[365,2270,110],[365,3878,42],[366,894,442],[366,1454,215],[366,1964,2],[366,1964,168],[366,2819,422],[366,2819,238],[366,3167,190],[367,109,385],[367,109,391],[367,109,47],[367,109,381],[367,656,475],[368,88,131],[368,1778,250],[368,1778,137],[368,2114,369],[368,2527,428],[368,3631,55],[368,3631,13],[368,3829,427],[368,3829,377],[369,967,101],[369,967,427],[369,2704,165],[369,2704,230],[369,3346,451],[369,3346,477],[369,3768,172],[369,3768,271],[370,2433,349],[370,2433,125],[371,1391,434],[371,2873,154],[372,58,357],[372,58,436],[372,2056,384],[372,3234,411],[372,3793,471],[373,697,149],[373,697,458],[373,1437,90],[373,1672,1],[373,2041,12],[373,3463,64],[374,817,433],[374,817,249],[374,817,262],[374,1402,433],[374,1990,473],[374,1990,408],[374,3603,448],[374,3963,436],[375,477,406],[375,477,485],[375,3766,70],[375,3766,470],[376,784,296],[376,1530,93],[376,1530,223],[376,1530,38],[376,2559,464],[376,2950,32],[376,3607,125],[376,3607,409],[378,892,32],[378,2485,147],[378,2576,483],[379,86,453],[379,86,408],[379,1405,474],[379,2355,432],[379,3377,487],[379,3834,418],[379,3834,86],[380,32,496],[380,1720,369],[380,1720,381],[381,47,459],[381,47,24],[381,931,458],[381,947,468],[382,9,72],[382,9,45],[382,3374,117],[382,3374,350],[382,3374,154],[382,3631,55],[382,3631,13],[383,900,145],[383,900,273],[383,1884,169],[383,1884,415],[383,1884,86],[383,1884,150],[384,206,95],[384,206,213],[384,344,3],[384,344,477],[384,1237,409],[384,1537,432],[384,3882,398],[385,976,275],[385,2658,294],[385,2658,204],[385,2658,305],[385,2797,497],[386,1341,467],[386,1961,332],[386,3274,413],[386,3990,387],[387,1002,38],[387,1002,101],[387,2117,267],[388,2979,252],[389,832,212],[389,2707,242],[389,2707,149],[389,2707,431],[389,2707,227],[389,2707,376],[389,3941,274],[389,3941,313],[390,588,399],[390,900,145],[390,900,273],[390,2440,344],[391,2399,418],[391,3514,476],[392,463,60],[392,463,383],[392,463,434],[392,790,276],[392,790,377],[392,1817,91],[393,111,371],[393,111,430],[393,847,470],[393,847,414],[393,847,392],[393,2765,470],[393,3803,485],[394,153,480],[394,285,439],[394,1434,235],[394,1434,154],[394,2588,362],[394,3380,451],[394,3504,411],[394,3529,463],[394,3529,480],[395,2706,261],[395,3386,265],[395,3386,103],[396,929,88],[396,2216,445],[397,3474,158],[398,1155,21],[398,1155,23],[398,3445,127],[398,3599,231],[398,3599,322],[398,3599,364],[399,645,108],[399,645,381],[399,669,302],[399,669,478],[399,2364,61],[400,2241,269],[400,3948,207],[401,466,180],[401,466,58],[401,3195,254],[402,907,472],[402,1799,480],[402,2233,69],[402,2923,463],[402,3616,141],[403,1335,407],[403,1335,176],[403,1973,435],[403,2568,407],[403,3686,479],[404,350,450],[404,3766,70],[404,3766,470],[405,2393,432],[405,3102,394],[405,3829,427],[405,3829,377],[406,500,44],[406,3285,90],[407,872,338],[407,2022,20],[408,1859,178],[408,1859,448],[408,2967,473],[408,3488,500],[409,3412,416],[409,3696,53],[410,485,165],[410,485,439],[410,898,422],[410,898,297],[410,3770,484],[410,3999,459],[411,1661,484],[411,2518,492],[411,2518,417],[412,691,16],[412,1044,476],[412,1044,408],[412,2446,483],[412,2446,445],[412,2446,308],[412,2885,148],[413,229,421],[413,536,236],[413,2382,414],[413,3627,467],[414,2560,499],[414,3134,297],[414,3326,177],[414,3326,246],[415,1282,110],[415,1282,166],[415,1919,115],[416,1617,460],[417,859,124],[417,859,397],[417,2034,440],[417,2453,406],[417,3710,245],[418,1530,93],[418,1530,223],[418,1530,38],[418,2743,76],[418,2743,329],[419,1787,223],[419,3257,302],[420,863,161],[420,1217,102],[420,1752,283],[420,1752,385],[420,1752,347],[421,2059,443],[421,2059,244],[422,825,177],[422,825,33],[422,1549,378],[422,1549,309],[423,243,236],[423,243,306],[423,1932,374],[423,1932,492],[424,594,66],[424,871,252],[424,1278,90],[424,2207,319],[425,1182,471],[425,1182,26],[425,2340,392],[425,2707,242],[425,2707,149],[425,2707,431],[425,2707,227],[425,2707,376],[426,265,126],[426,2895,71],[427,918,498],[427,1595,481],[428,321,232],[428,321,338],[429,737,220],[429,1080,359],[429,1789,3],[430,501,492],[430,2200,438],[430,2589,468],[430,3075,314],[430,3075,278],[431,921,239],[431,921,439],[431,2201,463],[431,3834,418],[431,3834,86],[432,805,239],[432,805,31],[433,1099,473],[433,2274,456],[433,3251,403],[434,921,239],[434,921,439],[434,946,170],[435,936,484],[435,1729,485],[435,1729,484],[435,2214,481],[435,2214,166],[435,3879,468],[436,1643,150],[436,3570,437],[436,3570,107],[437,69,492],[437,2657,463],[437,2681,432],[437,3911,332],[437,3911,499],[437,3911,388],[438,2617,348],[438,3837,239],[438,3837,444],[439,2288,155],[439,2288,4],[439,2935,281],[440,411,478],[440,1034,243],[440,3518,478],[440,3544,286],[440,3928,373],[441,3052,16],[441,3979,193],[442,1088,183],[442,1088,112],[442,1819,287],[442,1819,291],[442,2585,23],[442,2585,490],[442,3604,460],[443,3529,463],[443,3529,480],[444,2433,349],[444,2433,125],[445,1000,11],[445,1000,356],[445,1330,145],[445,1330,414],[445,1330,258],[445,1541,280],[445,1990,473],[445,1990,408],[446,2093,411],[446,2093,96],[446,2324,480],[446,2475,452],[446,2475,454],[446,2847,452],[447,2603,211],[447,3157,296],[447,3157,337],[448,551,97],[448,551,116],[448,652,457],[448,652,298],[449,1956,268],[449,1956,484],[450,151,229],[450,2820,289],[451,514,240],[451,514,335],[451,2948,354],[452,637,198],[452,2796,165],[452,3277,342],[452,3277,149],[453,3106,488],[454,363,7],[454,2209,98],[454,2809,85],[455,308,300],[455,1267,357],[455,1277,187],[455,2707,242],[455,2707,149],[455,2707,431],[455,2707,227],[455,2707,376],[455,3045,465],[456,709,315],[456,709,258],[456,1063,396],[456,1063,248],[456,1063,166],[456,1063,241],[456,3200,467],[456,3200,452],[457,1094,493],[457,1094,125],[457,3205,413],[457,3205,359],[458,55,47],[458,55,423],[458,643,136],[460,1970,455],[460,2232,66],[460,2465,27],[460,2465,279],[460,3342,357],[460,3342,470],[461,898,422],[461,898,297],[462,351,176],[462,2111,493],[462,2130,418],[462,2852,493],[462,3448,391],[462,3448,15],[462,3448,92],[463,2215,442],[463,2215,176],[464,799,135],[464,1388,102],[464,1388,459],[464,1388,214],[464,2469,369],[464,2476,259],[465,2346,2],[466,589,319],[466,771,391],[466,771,335],[468,326,146],[468,1926,209],[468,1926,498],[469,815,242],[469,815,481],[469,2091,476],[469,2825,477],[470,3215,382],[470,3215,98],[471,1434,235],[471,1434,154],[472,24,480],[472,1357,189],[472,1997,457],[472,1997,490],[472,2429,497],[472,2537,380],[472,2537,257],[472,3374,117],[472,3374,350],[472,3374,154],[473,2954,492],[474,1059,490],[474,1450,289],[474,2635,149],[475,197,477],[475,1768,477],[475,2452,76],[475,2452,484],[476,1937,143],[476,2830,298],[476,3580,219],[476,3580,62],[478,1017,153],[479,413,142],[479,413,327],[479,413,494],[479,1732,402],[479,3280,478],[479,3280,252],[480,3297,75],[480,3297,387],[481,2193,117],[481,2322,128],[481,2322,148],[482,1479,129],[483,1530,93],[483,1530,223],[483,1530,38],[483,2291,400],[483,2470,118],[483,2470,51],[485,255,238],[485,2626,240],[485,2626,496],[485,2933,316],[485,2933,460],[485,3707,497],[486,804,34],[486,1983,106],[486,3424,483],[487,114,259],[487,692,237],[487,2604,365],[487,2604,489],[488,708,125],[488,708,69],[488,708,37],[488,3042,310],[488,3042,287],[489,875,360],[489,1321,14],[489,2720,30],[490,467,459],[490,3143,499],[491,1914,337],[491,1914,304],[491,2991,89],[492,1430,236],[493,70,303],[493,70,500],[493,1559,500],[493,1559,427],[494,1208,253],[495,1172,202],[495,2611,14],[496,234,72],[496,234,500],[496,1736,257],[496,1923,286],[497,847,470],[497,847,414],[497,847,392],[497,1049,433],[498,3703,304],[498,3703,200],[499,2398,411],[500,1508,319],[500,1508,370],[500,2192,499],[500,2192,422]];

jitters = [20000,10000,10000,1000,20000,100000,20000,100000,10000,100000,10000,10000,20000,20000,5000,10000,20000,10000,5000,10000,20000,10000,10000,20000,10000,5000,20000,100000,2000,100000,20000,10000,10000,20000,10000,100000,1000,100000,100000,50000,20000,20000,20000,50000,100000,100000,20000,10000,100000,10000,10000,20000,20000,10000,20000,10000,10000,10000,10000,20000,10000,100000,20000,20000,100000,100000,1000,10000,20000,20000,10000,10000,20000,20000,5000,100000,100000,2000,20000,10000,20000,20000,100000,20000,10000,20000,10000,20000,20000,1000,100000,20000,20000,20000,20000,100000,10000,100000,10000,100000,10000,50000,20000,10000,10000,10000,10000,50000,100000,10000,10000,10000,10000,20000,100000,20000,20000,100000,100000,10000,10000,20000,10000,20000,10000,100000,100000,100000,100000,100000,20000,1000,100000,10000,100000,20000,50000,10000,10000,10000,20000,10000,100000,100000,2000,10000,20000,10000,20000,5000,20000,100000,20000,100000,10000,20000,10000,100000,100000,20000,10000,10000,100000,100000,10000,1000,20000,20000,20000,10000,10000,10000,100000,20000,50000,10000,10000,20000,100000,20000,50000,20000,20000,20000,10000,10000,20000,50000,50000,100000,10000,50000,10000,100000,20000,20000,10000,20000,20000,10000,10000,10000,100000,10000,100000,50000,20000,10000,10000,10000,20000,100000,10000,10000,50000,20000,20000,2000,10000,1000,20000,20000,10000,100000,10000,100000,100000,10000,20000,100000,20000,10000,100000,10000,20000,100000,2000,20000,100000,10000,10000,10000,1000,20000,20000,10000,20000,10000,10000,100000,100000,20000,2000,100000,10000,100000,100000,10000,100000,20000,100000,100000,100000,100000,100000,100000,10000,10000,100000,100000,100000,10000,100000,20000,20000,10000,100000,20000,20000,20000,100000,20000,10000,20000,2000,100000,100000,10000,20000,20000,10000,50000,50000,20000,10000,2000,20000,10000,100000,20000,10000,50000,20000,10000,10000,20000,10000,10000,100000,100000,100000,100000,10000,100000,10000,20000,2000,20000,20000,5000,100000,2000,100000,10000,100000,20000,20000,20000,100000,20000,2000,10000,20000,10000,20000,100000,20000,100000,100000,20000,50000,100000,10000,10000,20000,100000,100000,20000,20000,10000,10000,5000,20000,1000,20000,20000,10000,10000,10000,100000,5000,20000,20000,20000,10000,100000,20000,10000,20000,100000,10000,10000,1000,100000,5000,20000,10000,100000,10000,20000,20000,10000,20000,20000,10000,20000,20000,100000,100000,20000,10000,10000,10000,10000,20000,2000,100000,20000,20000,100000,20000,10000,50000,10000,20000,1000,50000,100000,20000,20000,10000,2000,20000,20000,20000,100000,1000,10000,100000,100000,10000,20000,10000,1000,10000,20000,20000,10000,10000,10000,10000,20000,100000,10000,20000,10000,10000,10000,10000,1000,20000,100000,10000,20000,2000,100000,10000,100000,20000,10000,10000,100000,10000,50000,50000,100000,100000,5000,20000,100000,100000,100000,10000,100000,100000,10000,20000,20000,20000,10000,10000,10000,100000,10000,20000,2000,20000,1000,100000,10000,20000,5000,100000,20000,5000,100000,10000,20000,100000,10000,10000,10000,100000,10000,10000,20000,10000,20000,20000,100000];

