NumChains = 50;
NumResources = 3;
NumRunnablesInChains = 255;
MemoryBoundOnResource = 1048576;
UtilizationBoundOnResource = 100;

numberOfTasksinChain = [7,11,7,11,9,11,9,11,7,11,11,11,11,7,7,7,9,9,11,9,7,11,7,7,9,9,11,9,7,9,11,7,11,7,11,7,9,7,11,11,7,11,9,9,9,11,7,11,11,11];

runnablesInChains = [203,235,90,405,64,416,191,472,410,486,227,244,435,485,346,455,105,10,266,103,83,336,38,456,242,192,3,351,256,426,121,442,76,419,440,283,429,385,56,153,286,46,356,185,276,217,240,428,70,199,247,274,169,212,47,180,48,412,177,428,52,186,114,321,197,58,500,316,494,498,311,366,446,187,22,125,254,496,309,279,500,174,152,383,487,446,285,91,17,164,359,39,337,391,274,84,89,159,370,211,134,247,33,425,234,67,367,314,259,374,195,475,302,448,96,312,347,163,200,23,149,224,43,387,10,209,108,299,357,269,212,194,433,435,382,275,16,380,366,390,422,343,488,373,26,133,432,406,179,277,286,340,455,451,353,341,285,144,12,468,140,257,251,353,77,58,430,98,182,287,363,469,93,116,204,47,81,51,397,64,162,222,189,219,472,478,301,63,239,420,392,71,326,281,358,360,288,400,184,428,461,227,54,107,467,439,481,112,295,424,399,83,415,362,132,427,210,304,368,437,307,20,138,151,388,232,308,365,123,114,206,200,421,460,185,156,226,495,167,102,372,460,30,27,280,300,238,83,101,297,433,284,240,236,68];

ProcessingTimesOfMessages = [[1,1,1,1,1,1],[1,1,1,1,1,1,1,1,1,1],[1,2,2,1,1,1,1,1],[1,1,1,1,1,1,1],[1,1,1,1,1],[1,1,1,1,1,1,1,1,1],[1,1,1,1,1,1,1,1,1,1],[1,1,1,1,1,1,1,1,1,1],[1,1,1,1,1,1,1],[1,1,1,1,1,1,1],[1,1,1,1,1],[1,1,1,1,1,1,1,1,1],[1,1,1,1],[1,1,1,1,1,1],[1,1,1,1,1,1,1,1],[1,1,1,1,1,1,1],[1,1,1,1,1,1,1,1],[1,1,1,1,1],[1,1,1,1,1],[1,1,1,1,1,1],[1,1,1,1,2,2,1,1,1,1],[1,1,1,1,1,1,1],[1,1,1,1,1],[1,1,1,1,1,1,1,1,1,1,1],[1,1,1,1,1,1],[1,1,1,1,1,1,1,1],[1,1,1,1,1,1,1,1,1,1],[1,1,1,1,1],[1,1,1,1,1,1],[1,1,1,1,1,1],[1,1,1,1,2,2,2,1],[1,1,1,1,1],[1,1,1,1,1,1,1,1,1],[1,1,1,1,1,1,1],[1,1,1],[1,1,1,1,1,1,1,1,1,1,1,1],[1,1,1,1,1,1,1,1,1,1],[1,1,1,1,1,1],[1,1,1,1,1,1,1,1],[1,1,1,1],[1,1,1,1,1],[1,1,1,1,1,1,1],[1,1,1,1,1],[1,1,1,1,1,1,1],[1,1,1,1,1,1,1,1,1],[1,1,1,1,1,1,1,1],[1,1,1,1,2],[1,1,1,1,1,1,1,1],[1,1,1,1,1,1,1,1],[1,1,1,1],[1,1,1,1,1,1],[1,1,1,1,1],[1,1,1,1,1,1],[1,1,1,1,1,1,1,1],[1,1,1,1,1,1,1,1,1,1,1,1],[2,1,1,1],[1,1,1,1,1,1,1,1,1],[1,1,1,1,1,1],[1,1,1,1,1,1,1,1,1],[1,1,1,1,1,1,1,1,1,1,1],[1,1,1,1],[1,1,1,1,1,1,1,2,2,1],[1,1,1,1,2,1],[1,1,1,1,1,1],[1,1,1,1,1,1,1,1,1,1,1],[1,1,1,2,1,1,1,1,1,1],[1,1,1,1,1,1,1],[1,1,1,1,1,1,1,1,1],[1,1,1,1,1,1,1,1,1],[2,1,1,1,1,1,1,1],[1,1,1,1,1],[1,1,1,1],[1,1,1,1,1,1,1,1],[1,1,1,1,1,1,1],[1,1,1,1,1,1,1],[1,1,1,1,1,1,1],[1,1,1,1,1,1,1],[1,1,1,1],[1,1,1,1,1,1],[1,1,1,1,1,1,1],[1,1,1,1,1,1,1,1,1,1],[1,1,1,1,1,1,1],[1,1,1],[1,1,1,1,1,1],[1,1,1,1,1,1,1,1],[1,1,1,1,1,1,1,1,1],[1,1,1,1,1],[1,1,1,1,1,1,1],[1,1,1,1,1,1,1,1],[1,1,1,1,1],[1,1,1,1,1,1,1,1,1],[1,1,1,1,1,1,1,1,1,1],[1,1,1,1,1,1,1],[1,1,1,1,1,1,1,1],[1,1,1,1,1,1,1],[1,1,1,1,1,1,1],[1,1,1,1,1,1,1,1],[2,1,1,1,1,1,1],[1,1,1,1,1,1,1,1],[1,1,1,1,1],[1,1,1,1,1,1],[1,1,1,1,1,1],[1,1,1,1,1,1,1],[1,1,1,1,1,1,1,1,1,1,1],[1,1,1,1,1],[1,1,1,1,1,1],[1,1,1,1],[1,1,1,1,1,1],[1,1,1,1,1,1,1,1],[1,1,1,1,1,1,1,1,1,1,1,1],[1,1,1,1,1,1,1],[1,1,1,1,1,1,1],[1,1,1,1,1,1,1,1,1,1,1,1,1],[1,1,1,1],[1,1,1,1,1,1],[1,1,1,1,1],[1,1,1,1,1],[1,1,1,1,1,1,1,1,1,1,1,1],[1,1,1,1,1,1,1,1,1],[1,1,1,1,1,1,1,1,1],[1,1,1,1,1],[1,1,1,1,1,1,1,1,1,1],[1,1,1,1,1],[2,1,1,1],[1,1,1,1,1],[1,1,1,1,1,1,1,1],[1,1,1,1,1,1,1],[1,1,1,1,1,1,1,1,1,1,1],[1,1,1,1,1,1],[1,1,1,1,1],[1,1,1,1,1,1,1],[1,1,1,1,1,1,1,1],[1,1,1,1,1],[1,1,1,1,1,1,1,1,1,1],[1,1,1,1,1,1],[1,1,1,1,1,1,1,1,1,1,1,1,1,1],[1,1,1,1,1,1],[1,1,1,1,1,1,1,1,1],[1,1,1,1,1,1],[1,1,1,1],[1,1,1,1],[2,1,1,1,1,1,1,1],[1,1,1,1,1,1,1,1,1],[1,1,1,1,1,1,1,1,1],[1,1,1,1,1,1,1,1],[1,1,1,1,1,1],[1,1,1,1,1,1,1,1,1],[1,1,1,1,1,1,1,1,1],[1,1,1],[1,1,1,1,1,1,1,1,1,1,1],[1,1],[1,1,1,1,1,1,1,1],[1,1,1],[1,1,1,1,1,1,1,1],[1,1,1,1,1,1,1,1],[1,1,1],[1,1],[1,1,1,1,1,1,1,1,1,1,1],[1,1,1,1,1,1,1],[1,1,1,1,1,1,1],[1,1,1,1,1],[1,1,1,1,1,1,1],[1,1,1,1,1],[1,1,1,1,1,1,1],[1,1,1,1],[1,1,1,1,1,1],[1,1,1,1,1,1],[1,1,1,1,1,1,1,1,1],[2,1,1,1,1,1],[1,1,1,1,1,2],[1,1,1,1,1,1,1],[1,1,1,1],[1,1,1,1,1,1],[1,1,1,1,1,1,1,1,1],[1,1,1,1,1,1],[1,1,1,1,1,1,1,1],[1,1,1,1,1,1,1],[1,1,1,1,1,1,1,1,1],[1,1,1,1],[1,1,1,1,1],[1,1,1,1,1,2,1,1],[1,1,1,1,1,1,1],[1,1,1,1,1,1,1,1],[1,1,1,1,1,1],[1,1,1,1],[1,1,1,1,1,1,1],[1,1,1,1,1,1,1],[1,1,1,1,1,1,1,1,1,1],[1,1,1,1,1,1,1],[1,1,1,1],[1,1,1,1,1,1,1,1,1],[1,1,1,1,1,1,1,1,1],[1,1,1,1,1],[1,1,1,1,1,1,1,1,1],[1,1,1,1],[1,1,1,1,1],[1,1,1,1,1,1,1],[1,1,1,1,1],[1,1,1,1,1,1,1],[1,1,1],[1,1],[1,1,1,1,1,1,1,1],[1,1,1,1,1],[1,1,1,1,1,1,1,1],[1,1,1,1,1,1],[1,1,1,1],[1,1,1,1,1],[1,1,1,1],[1,1,1,1,1,1,1],[1,1,1,1,1,1,1],[1,1,1,1,1,1,1],[1,1,1,1,1,1,1,1,1],[1,1,1,1,1,1,1],[1,1,1,1],[1,1,1,1,1,1],[1,1,1,1,1,1,1,1],[1,1,1,1,1],[1,1,1,1],[1,1,1,1,1],[1,1],[1,1,1,1,1,1,1,1],[1,1,1,1,1,1,1,1],[1,1,1,1,1,1,1],[1,1,1,1,1,1,1,1,1],[1,1,1,1,1],[1,1,1,1,1,1,1,1],[1,1,1,1,1,1,1],[1,1,1,1,1,1,1,1,1,1],[1,1,1,1,1],[1,1,1,1,1,1,1,1],[1,1,1,1],[1,1,1,1],[1,1,1,1,1],[1,1,1,1,1,1,1,1,1],[1,1,1,1,1,1,1,1,1,1],[1,1,1,1],[1,1,1,1,1],[1,1,1,2,2,2],[1,1,1,1],[1,1,1,1,1,1,1,1,1],[1,1,1,1,1,1,1,1,1,1],[1,1,1,1,1,1,1,1,1,1,1],[1,1,1,1,1,1],[1,1,1,1],[1,1,1,1,1,1,1],[1,1],[1,1,1,1],[1,1,1,1,1,1,1],[1,1,1,1,1,1,1],[1,1,1,1,2,2],[1,1,1,1,1,1],[1,1,1,1,1,1,1,1,1],[1,1,1,1,1,1,1,1],[1,1,1,1,1],[1,1],[1,1,1,1,1,1,1],[1,1,1,1,1,1,1,1,1,1],[1,1,1,1,1,1,1,1,1,1],[2,1,1,1],[1,1],[1,1,1,1,1,1],[1,1,1,1,1,1],[1,1],[1,1,1,1,1,1],[1,1,2,1,1,1,1],[1,1,1,1,1],[1,1,1,1,1,1,1,1,1],[1,1,1,1,1,1,1],[1,1,1,1,1,1,1],[1,1,1,1,1,1,1],[1,1],[1,1,1,1,1,1],[1,1,1,1,1,1,1,1],[1,1],[1,1,1,1],[1,1,1,1],[1,1,1,1,2,2,2],[1,1,1,1,1,1,1,1],[1,1,1,1],[1,1,2,1],[1,1,1,1,1,1,1],[1,1,1,1,1,1],[1,1,1,1],[1,1],[1,1,1,1,1],[1,1,1,1,1,1,1,1],[1,1,1],[1,1,1,1,1,1,1,1,1],[1,1,1,1,1,1,1,1,1,1],[1,1,1,1,1,1,1],[1,1,1,1],[1,1,1,1,1,1,1,1,1,1],[1,1,1,1,1,1,1,1],[1,1,1,1,1,1],[1,1,1,1,1],[1,1,1,1,1,1,1,1],[1,1,1,1,1],[1,1,1,1,1,1],[1,1],[1,1,1,1,1,1,1,1,1,1],[1,1,1,1,1,1,1,1,1],[1,1,1,1,1,1,1,1,1,1],[1,1,1,1,1,1,1],[1,1,1,1,1,1,1,1],[1,1,1,1,1,1],[1,1,1,1],[1,1,1,1,1,1],[1,1,1],[1,1,1,1,1],[1,1,1,1,1,1,1,1],[1,1,1,1],[1,1],[1],[1,1,1,1,1,1,1,1,1,1,1],[1,1,1,1,1,1,1,1],[1,1,1,1],[1,1,1,1,1,1,1],[1,1,1,1,1,1],[1,1,1,1,1,1,1,1],[1,1,1,1,1,1],[1,1,1],[1,1,1,1,2,1],[1,1,1,1],[],[1],[1],[1,1,1],[1,1],[1,1,1,1,1,1,1,1],[1,1,1,1,1,1,1,1,1,1,1],[1,1,1,1,1,1,1,1],[1,1,1],[1],[1,1,1],[1,1,1,1],[1,1,1,1],[1,1,1,1,1,1,1,1,1],[1,1],[1,1,1,1,1,1,1],[1,1,1,1],[1,1,1,1,1,1,1],[1,1,1,1,1,1],[1,1,1,1,1,1,1],[2,1,1,1,1],[1,1,1,1,1,1],[1,1,1,1,1,1],[1,1,1],[1,1],[],[1,1,1],[1,1,1,1,1,1,1],[1,1,1,1,1,1,1],[1,1,1,1,1,1,1,1,1],[1,1,1,1,1,1,1],[1,1,1,1,1,1],[1,1],[1,1,1,1,1,1],[1,1],[1,1,1],[1,2],[1,1,1,1],[1,1,1,1,1,1,1,1],[1,1,1,1,1,1],[1,1,1,1],[1,1,1,1,1,1,1,1],[1,1,1],[1,1,1,1],[1,1,1],[1,1,1,1,1],[1],[1,1,1,1,1,1,1],[1,1,1,1,1,1,1,1],[1,1,1,1],[1,1,1],[1,1],[1,1,1,1],[1,1,1],[1,1,1,1,1,1,1],[1],[1,1,1,1,1,1,1],[1,1,1,1,1],[1,1,1,1],[1,1,1],[1,1,1,1,1,1,1],[1,1,1],[1,1,1,1,1,1,1,1],[1,1,1],[1,1,1],[1,1,1,1,1,1],[1,1,1,1,1,1,1,1],[1,1],[1,1,1,1],[1,1,1],[1,1,1,1],[1,1,1],[1,1,1,1,1],[1,1,1,1,1,1],[1,1,1,1],[1,1,1],[1,1,1,1,1,1],[1,1,1,1],[1,1,1,1,1,1],[1,1],[1,1,1,1,1],[1,1,1],[1,1,1,1,1],[1,1,1,1],[1,1],[1,1,1],[1,1,1],[1,1],[1,1,1,1,1,1],[1,1,1,1],[1,1,1],[1,1,1,1,1],[1,1],[1,1,1,1],[1,1],[1,1,1,1],[1],[],[1,1,1,1,1],[1,1,1],[1,1,1],[1,1,1,1,1],[1,1],[1,1,1],[1,1,1,1,1,1,1],[1,1,1,1,1],[1],[1],[1,1,1,1,1],[1,1,1,1,1,1],[1,1],[1,1,1],[1,1,1,1,1,1],[1,1,1,1],[1,1,1,1],[1,1],[1,1,1],[1,1],[1,1,1,1,1,1,1,1,1],[1,1,1],[1,1,1],[1,1,1,1],[1,1],[1,1],[1,1,1,1,1],[1,1,1],[1,1,1],[1,1,1,1,1,1],[1,1,1,1],[1,1,1,1,1],[1,1,1,1,1],[1,1,1],[1,1,1],[1,1],[1,1],[1,1],[1,1,1,1,1,1,1,1],[1,1,1],[1,1,1,1,1,1,1,1,1,1],[1,1,1,1,1,1,1,1],[],[1,1,1,1,1,1],[1,1,1,1],[1,1,1],[1,1],[1,1,1],[1,1,1,1],[1,1,1],[1,1,1,1],[1],[],[1,1],[1,1],[1],[1],[1],[1,1,1,1,1,1,1,1,1,1],[1,1,1],[1,1,1],[1,1,1],[],[1],[1,1,1,1,1,1],[1],[1,1,1,1,1,1],[1,1,1,1,1],[1,1,1],[1,1,1],[1,1,1,1],[1,1,1],[1,1,1,1,1,1],[1,1,1,1,1],[1,1,1],[1,1,1,1],[1],[1,1,1,1,1,1],[1,1,1,1,1,1,1,1]];

processingTimesRunnables = [10,7,13,13,14,10,5,13,12,13,13,13,15,9,6,13,10,12,12,12,9,7,13,13,13,7,11,7,14,11,11,16,7,11,12,7,13,11,12,13,13,12,13,12,12,5,13,14,13,10,8,10,13,13,6,10,5,11,15,6,13,8,12,11,8,13,13,13,13,13,7,13,5,16,4,9,15,13,12,7,9,5,10,14,10,6,5,14,12,8,6,11,6,12,9,11,15,11,13,7,12,12,5,4,10,13,15,15,12,14,8,12,6,10,6,7,11,6,10,11,15,13,13,11,15,15,5,9,15,16,13,12,15,13,13,12,10,8,9,6,7,13,10,5,15,12,5,13,8,9,4,11,11,7,12,4,10,13,7,4,14,7,16,10,16,11,12,10,13,9,13,11,13,8,5,5,11,13,14,16,6,7,9,6,10,16,12,11,5,13,13,13,16,8,14,6,11,17,8,13,5,15,12,11,12,4,11,12,14,6,13,13,7,15,11,11,10,6,10,16,11,13,15,6,11,4,10,13,7,12,13,14,11,13,11,10,13,11,12,5,13,11,11,13,13,6,16,12,11,9,12,13,11,13,13,5,17,10,11,9,11,14,16,11,11,12,11,8,13,11,9,13,11,8,17,13,10,12,6,13,15,12,13,11,12,11,10,12,12,7,6,11,12,8,11,8,6,7,13,13,14,13,6,13,13,13,12,5,10,11,12,11,13,14,13,12,8,13,4,13,11,10,13,13,10,9,12,8,13,10,7,12,13,12,8,16,6,6,14,11,13,7,7,14,11,13,12,5,13,13,14,12,12,11,12,6,12,11,12,12,11,11,12,9,11,6,11,8,12,10,17,8,16,6,12,11,11,10,6,4,11,10,10,9,13,9,16,16,13,13,13,11,13,14,13,12,7,12,13,11,12,12,12,13,12,11,5,11,10,17,11,5,7,5,13,10,15,16,12,11,11,13,13,7,8,10,15,8,11,13,6,13,11,5,11,6,5,10,6,10,8,10,9,6,12,14,16,14,8,6,13,12,14,13,11,7,12,11,10,12,13,7,4,10,15,12,8,7,5,14,8,10,13,6,12,12,11,7,5,12,6,12,5,11,16,16,6,6,13,5,11,10,11,13,9,5,10,11,11,11];

periods = [20000,10000,100000,10000,10000,20000,20000,10000,20000,10000,1000,10000,10000,100000,100000,20000,10000,20000,20000,20000,20000,20000,20000,20000,20000,10000,10000,2000,100000,100000,100000,10000,20000,20000,20000,20000,10000,10000,10000,10000,20000,20000,10000,20000,50000,50000,10000,10000,10000,20000,100000,20000,20000,100000,20000,50000,20000,10000,20000,5000,20000,20000,100000,100000,10000,20000,10000,20000,20000,20000,2000,2000,10000,20000,100000,100000,10000,10000,100000,20000,10000,100000,10000,20000,100000,10000,20000,20000,20000,20000,10000,10000,10000,20000,100000,10000,20000,5000,20000,10000,10000,100000,10000,20000,10000,100000,100000,10000,10000,2000,20000,10000,20000,20000,20000,10000,20000,100000,20000,10000,100000,20000,20000,1000,20000,10000,2000,100000,20000,20000,10000,20000,10000,20000,50000,100000,20000,100000,50000,10000,10000,20000,2000,10000,20000,10000,20000,10000,20000,100000,100000,10000,50000,50000,20000,100000,10000,10000,20000,10000,2000,100000,20000,10000,100000,50000,100000,10000,10000,20000,100000,20000,10000,10000,10000,100000,20000,100000,50000,10000,10000,5000,100000,20000,100000,20000,10000,20000,100000,20000,100000,100000,2000,20000,100000,20000,10000,20000,20000,20000,1000,20000,20000,10000,50000,20000,10000,20000,10000,20000,20000,10000,20000,100000,10000,100000,100000,100000,100000,10000,20000,100000,10000,10000,20000,100000,20000,10000,100000,20000,10000,100000,100000,10000,20000,20000,100000,10000,100000,20000,100000,10000,5000,20000,20000,100000,20000,100000,10000,10000,10000,100000,100000,20000,20000,100000,10000,20000,100000,100000,20000,10000,20000,10000,10000,10000,20000,1000,10000,20000,20000,20000,100000,20000,20000,100000,50000,10000,10000,10000,2000,20000,100000,20000,10000,50000,5000,20000,2000,20000,20000,100000,20000,100000,10000,10000,20000,100000,10000,10000,100000,100000,20000,20000,20000,20000,20000,100000,10000,20000,10000,10000,100000,100000,100000,10000,100000,100000,20000,100000,20000,50000,50000,20000,100000,2000,100000,100000,100000,10000,2000,100000,100000,20000,100000,10000,20000,100000,10000,10000,10000,100000,10000,20000,20000,10000,10000,100000,20000,10000,100000,10000,10000,20000,100000,100000,10000,2000,10000,2000,100000,20000,5000,10000,20000,10000,10000,20000,2000,20000,20000,100000,10000,100000,100000,10000,100000,10000,5000,10000,100000,20000,10000,100000,50000,10000,10000,100000,20000,10000,20000,2000,100000,100000,20000,2000,100000,100000,10000,20000,20000,20000,20000,100000,20000,50000,100000,100000,10000,100000,10000,10000,10000,10000,20000,100000,20000,20000,100000,100000,20000,10000,50000,10000,10000,100000,20000,20000,50000,10000,20000,50000,20000,10000,20000,10000,20000,10000,100000,100000,10000,100000,20000,10000,100000,10000,10000,10000,20000,10000,10000,20000,50000,20000,10000,10000,20000,10000,20000,100000,20000,50000,20000,20000,5000,1000,100000,10000,10000,10000,1000,100000,100000,20000,100000,20000,20000,100000,20000,20000,10000,100000,20000,10000,20000,100000,10000,10000,1000,100000,20000,20000,10000,10000,100000,20000,20000,10000,100000,10000];

communicationTimeForOrderCriticalMessages = [1,1,1,1,1,1,1,1,1,1,1,1,1,1,1,1,1,1,1,1,1,1,1,1,1,1,1,1,1,1,1,2,1,1,1,1,1,1,1,1,1,1,2,1,2,1,1,1,1,1,1,1,1,1,1,1,1,1,1,1,1,1,1,1,1,1,1,1,1,1,1,1,1,1,1,1,1,1,1,1,1,1,1,1,1,1,1,2,1,1,1,1,1,1,1,1,1,1,1,1,1,1,1,1,1,1,1,1,1,1,1,1,1,1,1,1,1,1,1,1,1,1,1,1,1,1,1,1,1,1,1,1,1,1,1,1,1,1,1,1,1,1,1,1,1,1,1,1,1,1,1,1,1,1,1,1,1,1,1,1,1,1,1,1,1,1,1,1,1,1,1,1,1,1,1,1,1,1,1,1,1,1,1,1,1,1,1,1,1,1,1,1,1,1,1,1,2,1,1,1,1,1,1,1,1];

sizeOfRunnables = [943,615,1230,1248,1303,955,423,1218,1165,1263,1278,1285,1485,893,503,1245,960,1113,1193,1108,835,620,1290,1203,1255,698,1100,663,1303,1013,1030,1540,673,1043,1105,608,1225,1098,1158,1253,1218,1185,1293,1193,1200,463,1230,1313,1245,978,773,908,1278,1293,585,955,480,1035,1410,565,1293,748,1163,1035,790,1268,1290,1210,1223,1255,675,1203,445,1560,398,835,1463,1245,1105,648,863,473,970,1305,960,570,450,1398,1178,788,565,1045,555,1183,870,1013,1458,1050,1238,603,1150,1173,450,383,993,1258,1415,1420,1180,1323,705,1128,520,993,600,683,1045,573,960,1028,1453,1285,1210,1075,1410,1480,420,840,1475,1600,1203,1118,1463,1230,1290,1133,903,728,825,520,630,1275,983,483,1425,1110,495,1215,760,865,378,1065,1060,640,1133,400,990,1293,695,383,1355,693,1535,990,1530,1030,1105,950,1233,870,1243,1090,1263,760,468,438,1095,1215,1388,1593,540,645,873,503,928,1535,1165,1028,415,1223,1238,1240,1595,728,1318,580,1090,1610,738,1245,478,1453,1113,1030,1128,385,1008,1178,1400,548,1255,1278,660,1425,1083,1043,938,585,953,1545,1013,1235,1495,573,1065,385,990,1275,675,1118,1263,1350,1065,1220,1058,983,1230,1098,1165,453,1285,1095,1043,1300,1300,523,1588,1120,1073,830,1188,1208,1075,1210,1293,443,1615,918,1035,828,1005,1365,1535,1073,1088,1183,1020,750,1253,1013,900,1268,1060,733,1605,1248,988,1133,570,1223,1458,1128,1300,1008,1195,1100,970,1198,1155,603,565,1065,1170,738,1040,710,558,668,1285,1280,1318,1245,543,1240,1255,1270,1178,415,975,1038,1193,1035,1270,1305,1215,1103,738,1240,393,1278,1008,928,1238,1243,985,835,1143,775,1218,975,630,1105,1230,1143,728,1573,565,593,1398,1098,1285,668,683,1308,1068,1233,1183,483,1233,1278,1383,1150,1140,1020,1165,573,1150,1043,1180,1128,1005,1008,1120,865,1005,565,1020,780,1173,998,1605,758,1540,510,1188,1053,1040,948,533,398,1003,955,955,803,1300,805,1523,1563,1240,1285,1298,1013,1270,1345,1233,1110,653,1150,1218,1030,1170,1105,1198,1263,1105,1040,498,1083,978,1620,1023,428,675,458,1298,945,1453,1530,1148,1020,1013,1263,1225,645,755,988,1475,765,1083,1225,573,1300,1065,468,1045,540,450,963,525,908,760,933,865,553,1148,1393,1523,1400,788,518,1203,1173,1365,1290,1008,653,1188,1043,925,1180,1248,670,390,945,1410,1195,790,603,458,1400,730,963,1233,560,1163,1118,1053,663,488,1150,513,1200,483,1043,1528,1568,525,520,1268,428,1073,983,1058,1285,830,473,918,1065,1058,1015];

SenderLabelReceiverOrderCriticalChains = [[203,2791,0,0,235],[235,1599,0,0,90],[90,2238,0,0,405],[64,624,0,0,416],[416,711,0,0,191],[191,1573,0,0,472],[472,2675,0,0,410],[410,2742,0,0,486],[227,2128,0,0,244],[244,773,0,0,435],[435,628,0,0,485],[346,2503,0,0,455],[455,3229,0,0,105],[105,1157,0,0,10],[10,382,1350,0,266],[266,2518,0,0,103],[83,2703,0,0,336],[336,373,0,0,38],[38,991,0,0,456],[456,2639,0,0,242],[192,1360,0,0,3],[3,3723,3938,0,351],[351,1701,0,0,256],[256,3108,0,0,426],[426,2506,0,0,121],[442,2675,0,0,76],[76,3190,0,0,419],[419,3755,0,0,440],[440,1399,0,0,283],[429,622,0,0,385],[385,1932,0,0,56],[56,1257,3688,0,153],[153,1166,0,0,286],[286,2307,0,0,46],[356,1947,0,0,185],[185,2635,0,0,276],[276,1969,0,0,217],[240,1936,0,0,428],[428,2162,0,0,70],[70,2336,0,0,199],[199,1944,0,0,247],[247,1015,0,0,274],[169,24,0,0,212],[212,3482,0,0,47],[47,3956,0,0,180],[180,1259,0,0,48],[48,2774,0,0,412],[177,494,0,0,428],[428,284,0,0,52],[52,3642,0,0,186],[186,4,0,0,114],[114,1360,0,0,321],[197,1988,0,0,58],[58,1055,0,0,500],[500,3471,0,0,316],[316,2356,0,0,494],[494,1105,0,0,498],[311,314,0,0,366],[366,778,0,0,446],[446,897,2114,0,187],[22,19,0,0,125],[125,495,0,0,254],[254,1865,0,0,496],[309,94,0,0,279],[279,373,0,0,500],[500,1179,0,0,174],[152,308,0,0,383],[383,3323,0,0,487],[487,2898,0,0,446],[446,461,0,0,285],[91,419,0,0,17],[17,1039,0,0,164],[164,1104,0,0,359],[359,2460,0,0,39],[337,1208,0,0,391],[391,1909,0,0,274],[274,636,0,0,84],[84,2004,0,0,89],[89,3840,0,0,159],[370,2598,0,0,211],[211,1181,0,0,134],[134,1302,0,0,247],[247,2802,2893,0,33],[425,1245,0,0,234],[234,1444,0,0,67],[67,3388,0,0,367],[314,2521,0,0,259],[259,1956,0,0,374],[374,2231,0,0,195],[195,1636,0,0,475],[475,1795,0,0,302],[448,1823,2964,0,96],[96,1389,0,0,312],[312,824,0,0,347],[163,158,0,0,200],[200,2352,0,0,23],[23,3726,0,0,149],[224,3375,0,0,43],[43,2184,0,0,387],[387,2954,0,0,10],[10,2171,0,0,209],[108,473,0,0,299],[299,3445,0,0,357],[357,1823,0,0,269],[269,306,0,0,212],[194,1040,0,0,433],[433,3750,0,0,435],[435,1672,0,0,382],[382,2373,0,0,275],[275,567,0,0,16],[380,3977,0,0,366],[366,313,0,0,390],[390,2528,0,0,422],[422,348,0,0,343],[488,1804,0,0,373],[373,2448,0,0,26],[26,1321,0,0,133],[432,2986,0,0,406],[406,1017,2546,0,179],[179,735,0,0,277],[277,1481,0,0,286],[340,3952,0,0,455],[455,3038,0,0,451],[451,2359,0,0,353],[353,2885,0,0,341],[341,2256,0,0,285],[144,1522,0,0,12],[12,1976,3392,0,468],[468,1633,0,0,140],[257,3652,0,0,251],[251,273,0,0,353],[353,3500,0,0,77],[77,78,2330,0,58],[58,78,0,0,430],[98,2369,0,0,182],[182,316,0,0,287],[287,1789,0,0,363],[469,3810,0,0,93],[93,1352,0,0,116],[116,229,0,0,204],[204,349,0,0,47],[47,2508,0,0,81],[51,1127,0,0,397],[397,2156,0,0,64],[64,227,0,0,162],[222,608,2187,0,189],[189,3094,0,0,219],[219,2593,0,0,472],[472,1758,0,0,478],[301,3636,0,0,63],[63,1336,1459,0,239],[239,3377,0,0,420],[392,2371,0,0,71],[71,3102,0,0,326],[326,2533,0,0,281],[281,509,0,0,358],[358,1601,0,0,360],[288,3738,0,0,400],[400,3311,0,0,184],[184,642,0,0,428],[428,3193,0,0,461],[461,1912,0,0,227],[54,1272,0,0,107],[107,3289,0,0,467],[467,1220,0,0,439],[481,1086,0,0,112],[112,3296,0,0,295],[295,186,0,0,424],[424,1726,0,0,399],[399,3231,0,0,83],[415,245,0,0,362],[362,1824,0,0,132],[132,2639,0,0,427],[427,109,0,0,210],[304,1473,2719,0,368],[368,281,0,0,437],[437,2286,0,0,307],[307,863,0,0,20],[138,1797,0,0,151],[151,1316,0,0,388],[388,215,0,0,232],[232,2879,0,0,308],[365,2131,0,0,123],[123,2799,0,0,114],[114,508,0,0,206],[206,3443,0,0,200],[200,2834,0,0,421],[460,132,0,0,185],[185,3644,0,0,156],[156,3708,0,0,226],[495,1058,0,0,167],[167,3206,0,0,102],[102,1477,0,0,372],[372,3549,0,0,460],[460,3190,0,0,30],[27,2823,0,0,280],[280,1895,0,0,300],[300,3276,0,0,238],[238,2500,0,0,83],[83,1564,0,0,101],[297,3301,0,0,433],[433,3262,0,0,284],[284,3957,0,0,240],[240,1130,0,0,236],[236,3273,0,0,68]];

SenderLabelReceiverNonOrderCriticalChains = [[1,1303,200],[1,2287,82],[1,2480,6],[1,3295,283],[1,3336,418],[1,3629,372],[2,173,481],[2,1131,4],[2,1131,346],[2,1615,434],[2,1615,454],[2,2514,18],[2,3405,180],[2,3405,5],[2,3449,408],[2,3449,341],[3,556,14],[3,1914,327],[3,1914,41],[3,2113,387],[3,2113,333],[3,3723,117],[3,3723,163],[3,3938,351],[4,759,32],[4,855,5],[4,1683,25],[4,2114,7],[4,2114,446],[4,3632,265],[4,3912,411],[5,2086,285],[5,2241,294],[5,3093,10],[5,3277,458],[5,3328,83],[6,1408,423],[6,1408,287],[6,1484,140],[6,1484,374],[6,3479,3],[6,3479,108],[6,3529,9],[6,3932,179],[6,3932,196],[7,195,248],[7,767,415],[7,767,291],[7,1094,61],[7,1819,271],[7,3262,284],[7,3262,75],[7,3262,112],[7,3853,284],[7,3853,466],[8,820,252],[8,820,390],[8,868,477],[8,868,204],[8,1721,13],[8,2056,490],[8,2056,493],[8,3324,49],[8,3432,146],[8,3432,218],[9,551,16],[9,953,426],[9,1354,313],[9,1764,23],[9,1764,158],[9,2758,321],[9,2758,196],[10,83,7],[10,83,386],[10,382,263],[10,382,266],[10,2171,209],[10,3558,445],[10,3558,13],[11,703,124],[11,1136,466],[11,3542,78],[11,3542,173],[11,3542,335],[12,1286,354],[12,1286,425],[12,1286,206],[12,1699,13],[12,1699,205],[12,1976,47],[12,1976,468],[12,2289,445],[12,3847,32],[13,176,170],[13,176,114],[13,2127,498],[13,2310,32],[14,892,207],[14,907,216],[14,1623,15],[14,1890,246],[14,1890,470],[14,3596,440],[15,103,248],[15,103,323],[15,573,156],[15,938,218],[15,1148,178],[15,1148,390],[15,2291,25],[15,3248,404],[16,1786,83],[16,1887,85],[16,1887,309],[16,1887,391],[16,2062,19],[16,2062,496],[16,3568,52],[17,230,27],[17,965,408],[17,965,73],[17,1039,160],[17,1039,164],[17,1922,44],[17,3556,438],[17,3987,331],[18,119,24],[18,321,27],[18,3008,407],[18,3008,28],[18,3991,127],[19,2118,20],[19,2315,455],[19,2315,179],[19,3636,366],[19,3636,63],[20,502,95],[20,502,479],[20,1368,161],[20,1368,311],[20,3625,166],[20,3742,23],[21,134,328],[21,1483,413],[21,1483,112],[21,1483,423],[21,1914,327],[21,1914,41],[21,2353,24],[21,2921,284],[21,3664,47],[21,3664,461],[22,19,125],[22,919,61],[22,1163,50],[22,1686,135],[22,1686,280],[22,1882,439],[22,3552,324],[23,1701,256],[23,1701,213],[23,3726,149],[23,3773,25],[23,3782,123],[24,285,299],[24,1485,53],[24,1485,364],[24,2153,209],[24,2153,297],[24,2153,479],[24,2360,101],[24,2360,114],[24,2572,173],[24,2572,299],[24,3855,427],[25,197,37],[25,359,35],[25,890,100],[25,890,294],[25,1031,208],[25,1031,185],[26,480,363],[26,480,79],[26,1185,40],[26,1321,133],[26,2128,284],[26,2128,244],[26,2982,350],[26,2982,437],[27,965,408],[27,965,73],[27,968,274],[27,2047,19],[27,2047,138],[27,2359,65],[27,2359,353],[27,2823,280],[27,3515,155],[27,3515,237],[28,1425,35],[28,1425,152],[28,1872,432],[28,2395,358],[28,2873,41],[29,1412,414],[29,2071,346],[29,2178,222],[29,2743,30],[29,3054,467],[29,3054,292],[30,42,31],[30,42,54],[30,1107,8],[30,1107,435],[30,3688,153],[30,3688,11],[31,63,318],[31,1060,473],[31,1227,63],[31,1557,74],[31,2606,423],[31,2606,172],[31,2606,377],[31,3894,419],[32,310,93],[32,1260,349],[32,1394,421],[32,2724,50],[32,2724,195],[33,78,244],[33,78,430],[33,1123,313],[33,1241,107],[33,1241,50],[33,2103,465],[33,2244,68],[33,2802,323],[33,2802,247],[34,765,221],[34,1049,219],[34,2329,274],[34,3554,36],[34,3860,325],[34,3860,187],[34,3860,370],[35,389,95],[35,769,198],[35,3940,87],[36,399,79],[36,399,478],[36,662,283],[36,662,485],[36,2256,285],[36,2256,349],[36,2405,323],[36,2405,307],[36,2405,473],[36,3276,39],[36,3276,238],[36,3276,390],[37,647,40],[37,1805,447],[37,2986,259],[37,2986,406],[37,3405,180],[37,3405,5],[37,3639,15],[37,3639,141],[37,3973,333],[37,3973,478],[38,227,162],[38,227,378],[38,407,40],[38,655,450],[38,991,456],[38,2001,221],[39,424,41],[39,2315,455],[39,2315,179],[39,2317,141],[39,2317,449],[39,2798,295],[39,2798,363],[39,3475,469],[40,2296,434],[40,2296,477],[40,3960,43],[40,3960,210],[41,513,40],[41,513,292],[41,1012,437],[41,2878,42],[41,3014,75],[42,25,50],[42,25,115],[42,1548,268],[42,2135,485],[42,2135,130],[42,2906,44],[42,3545,389],[43,782,234],[43,2184,387],[43,2253,49],[43,2253,189],[43,3173,287],[44,425,222],[44,425,403],[44,425,421],[44,467,260],[44,467,57],[44,3825,418],[44,3825,337],[45,204,116],[45,1556,166],[45,1556,328],[45,1699,13],[45,1699,205],[45,2297,432],[45,2415,429],[45,2794,406],[45,3429,46],[46,138,453],[46,526,433],[46,526,458],[46,542,277],[46,1846,370],[46,1846,40],[46,2522,249],[46,3050,56],[47,1212,324],[47,1212,366],[47,2508,81],[47,3041,86],[47,3956,180],[48,617,234],[48,1615,434],[48,1615,454],[48,1904,197],[48,2774,193],[48,2774,412],[48,3780,431],[48,3836,156],[49,1549,81],[49,1549,347],[49,2140,308],[49,2140,346],[49,2717,34],[49,3482,47],[49,3482,220],[49,3845,365],[50,86,400],[50,86,441],[50,1401,362],[50,2037,88],[51,1127,176],[51,1127,397],[51,1847,196],[51,2407,165],[51,2484,472],[51,2691,64],[52,2134,212],[52,2134,250],[52,2654,56],[52,3642,186],[52,3778,431],[53,1088,61],[53,1434,229],[53,1680,452],[53,2129,418],[53,2674,202],[53,3025,165],[54,156,381],[54,351,32],[54,523,11],[54,1233,164],[54,1272,107],[54,1272,228],[54,1762,482],[54,1762,85],[55,100,121],[55,1718,61],[55,2005,208],[55,2224,491],[55,2581,123],[55,2581,263],[55,3114,16],[55,3114,44],[55,3114,459],[55,3542,78],[55,3542,173],[55,3542,335],[56,1257,153],[56,3264,416],[56,3688,153],[56,3688,11],[57,150,466],[57,366,16],[57,366,87],[57,819,80],[57,1738,229],[57,1738,151],[57,1738,269],[57,3155,210],[57,3650,476],[58,78,244],[58,78,430],[58,648,31],[58,1055,215],[58,1055,500],[58,2914,311],[59,1246,306],[59,1475,125],[59,1826,255],[59,1856,236],[59,1976,47],[59,1976,468],[59,2657,421],[59,2858,298],[59,3268,432],[60,99,98],[60,99,385],[60,114,201],[60,114,374],[60,1359,243],[60,1359,427],[60,1861,311],[60,1861,332],[60,1861,140],[60,1989,287],[60,3317,363],[61,1854,310],[61,2955,468],[61,2955,214],[61,3681,111],[62,885,114],[62,1129,274],[62,1533,400],[62,1618,163],[62,2933,259],[62,2933,343],[62,2933,200],[62,3686,452],[62,3686,300],[62,3976,94],[63,266,195],[63,1336,239],[63,1459,239],[63,1850,106],[63,2012,156],[63,2455,356],[64,227,162],[64,227,378],[64,624,416],[64,2074,445],[64,3580,71],[64,3661,441],[65,62,245],[65,1323,489],[65,1323,149],[65,1818,400],[65,2100,78],[65,2793,444],[65,2793,245],[65,3213,20],[65,3213,448],[65,3213,426],[65,3930,146],[66,1007,69],[66,1280,301],[66,1338,221],[66,2808,170],[66,2896,132],[66,2896,306],[66,3040,132],[66,3040,274],[66,3207,232],[66,3856,94],[67,154,284],[67,952,110],[67,1448,455],[67,2115,80],[67,2115,441],[67,2936,81],[67,3388,367],[68,335,60],[68,820,252],[68,820,390],[68,1398,45],[68,1398,97],[68,2433,326],[68,3695,408],[68,3695,496],[68,3695,87],[69,466,243],[69,767,415],[69,767,291],[69,1181,199],[69,1181,134],[69,1539,317],[69,1539,484],[69,1651,196],[69,3451,122],[70,872,293],[70,1023,449],[70,1023,147],[70,1023,294],[70,1752,125],[70,2336,199],[70,2613,111],[70,3230,206],[71,1664,270],[71,1664,280],[71,1664,213],[71,1949,72],[71,3102,326],[72,1312,70],[72,2158,107],[72,3633,71],[72,3633,358],[73,14,279],[73,1240,160],[73,1995,379],[73,1995,398],[73,1995,260],[73,2780,380],[73,2872,464],[73,3379,78],[74,125,56],[74,396,491],[74,2333,476],[74,2333,147],[74,2779,123],[74,2925,315],[74,3923,384],[75,788,317],[75,992,165],[75,2264,280],[75,2264,313],[75,2303,186],[75,2328,477],[75,3911,176],[76,904,325],[76,904,295],[76,1543,333],[76,2685,79],[76,3190,419],[76,3190,30],[76,3999,348],[77,1857,377],[77,2330,58],[77,2360,101],[77,2360,114],[77,2500,83],[77,2500,91],[77,3735,207],[78,59,497],[78,159,169],[78,977,109],[78,2669,101],[79,550,149],[79,2212,426],[79,2358,82],[79,2358,299],[79,3101,112],[79,3101,395],[80,2046,87],[80,3707,131],[80,3707,324],[80,3759,334],[80,3759,448],[80,3960,43],[80,3960,210],[81,60,263],[81,60,427],[81,2763,143],[81,2763,426],[81,2763,182],[81,2763,366],[81,2835,416],[81,3101,112],[81,3101,395],[81,3175,436],[82,1014,227],[82,1014,328],[82,1014,332],[82,1894,95],[82,2507,373],[82,3257,396],[82,3812,180],[83,153,257],[83,1564,101],[83,2703,336],[84,715,90],[84,1816,349],[84,2004,82],[84,2004,89],[84,2742,170],[84,2742,486],[85,1067,398],[85,1067,455],[85,1067,283],[85,1358,388],[85,2137,356],[85,3035,298],[85,3035,89],[85,3954,375],[86,152,300],[86,296,93],[86,1251,492],[86,1995,379],[86,1995,398],[86,1995,260],[86,2201,450],[86,2432,327],[86,3916,131],[87,730,200],[87,972,335],[87,2752,90],[87,2752,11],[87,2807,83],[88,111,353],[88,1657,230],[88,1829,90],[88,2363,306],[88,2564,402],[88,2564,405],[88,3316,90],[89,1052,403],[89,1052,114],[89,1059,299],[89,1702,97],[89,1702,421],[89,2209,99],[89,3840,159],[89,3840,334],[90,2238,405],[90,3592,23],[90,3592,94],[90,3592,416],[90,3706,214],[91,203,484],[91,419,290],[91,419,17],[91,419,273],[91,419,430],[91,603,177],[91,651,376],[91,2060,108],[91,3692,309],[92,94,266],[92,94,279],[92,246,123],[92,441,164],[92,871,231],[92,871,122],[92,1314,361],[92,2070,470],[92,2632,108],[92,3139,409],[93,1352,483],[93,1352,116],[93,2146,446],[93,2438,100],[93,3266,350],[93,3266,457],[93,3266,103],[94,172,289],[94,659,130],[94,1014,227],[94,1014,328],[94,1014,332],[94,2338,151],[94,3924,410],[94,3924,492],[95,555,493],[95,555,453],[95,2373,283],[95,2373,275],[95,2724,50],[95,2724,195],[95,3719,88],[96,928,28],[96,1248,455],[96,1389,312],[96,1482,409],[96,2964,144],[96,2964,487],[96,3933,279],[97,1031,208],[97,1031,185],[97,1902,477],[97,1925,113],[97,1975,324],[97,1975,485],[97,2096,487],[97,2096,376],[98,572,379],[98,742,29],[98,1756,243],[98,1851,370],[98,2369,182],[98,2383,99],[98,2383,484],[99,1523,492],[99,1667,433],[99,1845,476],[99,1845,233],[99,1845,493],[99,1845,403],[99,3113,115],[99,3902,117],[100,537,108],[100,537,313],[100,1311,157],[100,1346,387],[100,2045,484],[101,286,189],[101,890,100],[101,890,294],[101,1269,103],[101,2017,290],[101,3495,348],[102,1477,372],[102,1927,409],[102,2323,176],[102,2650,217],[102,3008,407],[102,3008,28],[103,32,109],[103,32,474],[103,763,456],[103,1637,231],[103,1637,271],[103,3136,351],[103,3136,450],[104,682,236],[104,1705,117],[104,2153,209],[104,2153,297],[104,2153,479],[104,2619,231],[104,2679,172],[104,3127,411],[104,3127,453],[104,3513,451],[104,3767,460],[105,789,399],[105,801,68],[105,1157,10],[105,1157,151],[105,2179,262],[106,133,80],[106,711,420],[106,711,191],[106,1766,218],[106,3419,118],[106,3668,133],[107,47,152],[107,2173,34],[107,2227,233],[107,3289,467],[108,473,299],[108,1453,97],[108,1453,371],[108,2270,411],[108,2762,385],[108,2762,276],[109,257,226],[109,311,356],[109,2629,471],[109,2629,473],[109,2710,250],[109,3068,458],[109,3385,197],[109,3385,448],[110,392,126],[110,1460,328],[110,1460,22],[110,1679,279],[110,1910,5],[110,1910,106],[110,2319,328],[110,2698,407],[110,2698,9],[110,3114,16],[110,3114,44],[110,3114,459],[111,40,173],[111,40,322],[111,1664,270],[111,1664,280],[111,1664,213],[111,1817,233],[111,3225,139],[112,803,377],[112,803,365],[112,803,490],[112,1861,311],[112,1861,332],[112,1861,140],[112,3296,295],[113,629,203],[113,629,144],[113,764,262],[113,1023,449],[113,1023,147],[113,1023,294],[113,1302,270],[113,1302,247],[113,2563,263],[113,2905,434],[113,2905,151],[113,3436,433],[113,3436,471],[114,508,206],[114,1360,3],[114,1360,321],[114,1360,344],[115,459,199],[115,758,129],[115,1958,255],[115,1958,339],[115,3314,271],[115,3314,183],[116,229,204],[116,565,364],[116,946,487],[116,2569,142],[116,2990,251],[117,1182,358],[117,1838,210],[117,3695,408],[117,3695,496],[117,3695,87],[118,615,435],[118,1148,178],[118,1148,390],[118,1190,128],[118,1344,326],[118,1344,226],[118,1345,356],[118,1345,398],[118,1345,325],[118,2056,490],[118,2056,493],[118,2576,36],[119,282,324],[119,1391,225],[119,1585,418],[119,1738,229],[119,1738,151],[119,1738,269],[119,1860,348],[119,3186,464],[119,3186,201],[120,258,234],[120,348,343],[120,348,383],[120,900,161],[120,1063,141],[120,1140,407],[120,1140,424],[120,2316,359],[120,3989,333],[121,476,313],[121,1051,239],[121,1298,430],[121,3432,146],[121,3432,218],[122,661,211],[122,1105,498],[122,1105,331],[122,1174,184],[122,1753,491],[122,1845,476],[122,1845,233],[122,1845,493],[122,1845,403],[122,3915,454],[123,2799,333],[123,2799,114],[123,3860,325],[123,3860,187],[123,3860,370],[124,685,102],[124,2531,268],[124,2818,201],[124,3247,466],[125,237,213],[125,495,254],[125,495,361],[125,1142,459],[125,1357,199],[126,2387,482],[126,2387,168],[126,3051,218],[126,3206,141],[126,3206,102],[126,3649,324],[126,3649,500],[126,3974,316],[127,40,173],[127,40,322],[127,1588,369],[127,3213,20],[127,3213,448],[127,3213,426],[127,3595,193],[128,519,58],[128,538,192],[128,1157,10],[128,1157,151],[128,2273,419],[128,2273,220],[128,2996,355],[128,2996,490],[128,3932,179],[128,3932,196],[128,3949,374],[129,165,282],[129,2151,188],[129,2313,308],[129,2416,116],[129,2534,449],[129,2534,183],[130,340,202],[130,2394,297],[130,3040,132],[130,3040,274],[130,3427,170],[131,629,203],[131,629,144],[131,2131,123],[131,2131,494],[131,2131,306],[131,3090,340],[131,3090,332],[132,1327,284],[132,2639,242],[132,2639,421],[132,2639,427],[132,2988,272],[132,2988,346],[132,3259,247],[132,3259,293],[133,211,209],[133,475,350],[133,1232,434],[133,2277,266],[133,2558,264],[134,60,263],[134,60,427],[134,750,60],[134,807,172],[134,807,296],[134,1302,270],[134,1302,247],[134,1375,476],[134,1375,327],[134,3446,198],[135,1120,139],[135,1388,484],[135,1471,57],[135,2385,277],[135,3073,201],[135,3073,441],[136,109,210],[136,109,320],[136,215,232],[136,215,325],[136,1923,215],[136,2039,156],[136,2039,206],[136,2168,459],[136,2168,435],[136,2793,444],[136,2793,245],[136,3398,181],[136,3731,175],[136,3731,407],[137,303,393],[137,842,98],[137,2789,457],[137,3391,316],[137,3737,220],[137,3754,336],[138,1469,239],[138,1539,317],[138,1539,484],[138,1797,151],[138,1881,219],[138,1881,111],[138,2496,324],[138,3314,271],[138,3314,183],[139,1355,429],[139,1408,423],[139,1408,287],[139,1649,404],[139,1649,131],[139,3497,131],[140,1308,269],[140,1322,134],[140,1643,214],[140,3577,119],[141,264,339],[141,1605,454],[141,1605,121],[141,2958,145],[142,786,330],[142,981,29],[142,1991,256],[142,1991,406],[142,1991,105],[142,2021,431],[142,2381,380],[142,2381,424],[143,1097,410],[143,1221,216],[143,1221,40],[143,2285,140],[143,2372,219],[143,2778,360],[143,3290,204],[143,3290,326],[143,3983,193],[144,236,460],[144,800,257],[144,1522,12],[144,1522,168],[144,1961,451],[144,1961,453],[144,1961,456],[144,2739,200],[144,3244,468],[145,1723,207],[145,1916,397],[145,2187,189],[145,2187,2],[145,2221,190],[145,2513,303],[145,3362,270],[145,3362,227],[146,712,142],[146,2620,160],[146,2831,307],[146,3344,36],[146,3344,242],[146,3736,211],[147,417,190],[147,417,263],[147,425,222],[147,425,403],[147,425,421],[147,1164,291],[147,2651,245],[147,3515,155],[147,3515,237],[148,398,158],[148,516,157],[148,716,326],[148,716,220],[148,716,350],[148,1009,458],[148,1186,168],[148,3011,412],[148,3242,239],[149,1187,282],[149,3946,271],[149,3946,56],[150,1127,176],[150,1127,397],[150,1293,475],[150,1460,328],[150,1460,22],[150,1849,375],[150,2018,370],[150,2368,372],[150,3687,192],[150,3731,175],[150,3731,407],[151,656,222],[151,1316,388],[152,308,383],[152,308,357],[152,1291,301],[152,1887,85],[152,1887,309],[152,1887,391],[152,3063,262],[152,3857,290],[153,1166,286],[153,3096,129],[153,3716,225],[154,170,373],[154,170,322],[154,262,197],[154,2625,348],[154,2727,432],[154,3683,322],[154,3889,275],[154,3966,429],[155,1362,28],[155,1362,483],[155,1671,318],[155,2282,287],[155,2318,484],[155,2318,470],[155,2706,273],[155,2706,470],[156,124,282],[156,784,475],[156,3708,226],[157,975,408],[157,3048,223],[158,1664,270],[158,1664,280],[158,1664,213],[158,1845,476],[158,1845,233],[158,1845,493],[158,1845,403],[158,2434,232],[158,3144,413],[158,3144,338],[158,3158,220],[159,464,107],[159,1846,370],[159,1846,40],[159,2581,123],[159,2581,263],[159,3238,431],[159,3586,4],[160,176,170],[160,176,114],[160,984,316],[160,1619,498],[160,1619,425],[160,2136,378],[160,3693,458],[161,822,34],[161,1552,326],[161,2170,254],[161,3028,326],[161,3765,289],[162,1808,327],[162,2586,61],[162,2733,1],[162,2886,217],[162,2977,165],[162,3551,6],[162,3830,155],[163,158,200],[163,272,449],[163,413,151],[163,724,184],[163,2250,417],[164,362,95],[164,1104,359],[164,1915,278],[164,2405,323],[164,2405,307],[164,2405,473],[164,3881,310],[165,777,185],[165,1231,52],[165,2452,217],[165,2584,19],[166,249,190],[166,1792,432],[166,1853,179],[166,2762,385],[166,2762,276],[166,3009,323],[167,966,430],[167,1101,237],[167,1764,23],[167,1764,158],[167,3206,141],[167,3206,102],[168,1450,309],[168,2047,19],[168,2047,138],[168,2153,209],[168,2153,297],[168,2153,479],[168,2403,261],[168,2403,262],[168,3564,265],[169,24,212],[169,1055,215],[169,1055,500],[169,2826,454],[169,2826,231],[169,2852,487],[170,417,190],[170,417,263],[170,2624,238],[170,2624,21],[170,2624,254],[170,3272,350],[171,2321,431],[171,2387,482],[171,2387,168],[171,2475,377],[171,3487,292],[171,3982,157],[171,3982,442],[172,969,103],[172,2561,235],[172,3020,171],[172,3020,254],[173,1147,499],[173,1787,412],[173,1800,451],[173,2108,375],[173,2108,446],[173,3435,72],[174,379,473],[174,379,352],[174,1690,30],[174,1690,149],[174,2405,323],[174,2405,307],[174,2405,473],[174,2422,488],[174,3803,346],[175,1454,495],[175,1921,142],[175,1921,257],[175,2063,472],[175,3698,251],[175,3701,139],[176,1138,335],[176,1522,12],[176,1522,168],[176,1762,482],[176,1762,85],[176,2108,375],[176,2108,446],[176,2899,246],[177,443,229],[177,494,428],[177,904,325],[177,904,295],[177,1368,161],[177,1368,311],[177,3769,244],[178,428,218],[178,1622,393],[178,1622,269],[178,2633,229],[178,2755,238],[178,2965,127],[178,3026,356],[178,3924,410],[178,3924,492],[179,735,277],[179,2487,438],[179,2487,205],[179,2546,406],[180,498,266],[180,1259,71],[180,1259,48],[180,2066,349],[180,2945,296],[181,1376,494],[181,1687,448],[181,1738,229],[181,1738,151],[181,1738,269],[181,2078,238],[181,2798,295],[181,2798,363],[182,316,287],[182,316,446],[182,316,421],[182,1771,320],[182,1771,411],[182,3106,465],[182,3882,379],[183,302,192],[183,302,154],[183,369,440],[183,369,25],[183,1400,202],[183,1875,333],[183,2281,410],[183,2641,384],[184,642,456],[184,642,428],[184,844,223],[184,982,152],[184,2404,255],[184,3805,336],[185,1773,217],[185,2517,255],[185,2635,276],[185,3644,156],[186,4,114],[186,2094,305],[186,2188,271],[186,2188,447],[186,2188,467],[186,2490,198],[186,2618,464],[187,1196,493],[187,1944,247],[187,1944,251],[187,2055,231],[187,2114,7],[187,2114,446],[187,3322,422],[188,760,239],[188,1014,227],[188,1014,328],[188,1014,332],[188,1735,349],[188,1735,306],[188,2139,119],[188,2139,272],[188,2510,396],[188,2510,290],[189,608,222],[189,608,259],[189,1616,123],[189,2294,246],[189,3094,316],[189,3094,219],[189,3501,325],[190,1022,91],[190,2043,220],[190,2054,461],[190,2054,488],[191,419,290],[191,419,17],[191,419,273],[191,419,430],[191,1209,100],[191,1573,472],[191,1837,211],[191,1837,342],[191,2711,256],[192,192,342],[192,1131,4],[192,1131,346],[192,1360,3],[192,1360,321],[192,1360,344],[192,2838,404],[192,2838,161],[192,3431,294],[193,716,326],[193,716,220],[193,716,350],[193,1544,360],[193,2656,135],[194,1040,433],[194,1040,488],[194,1335,422],[194,1702,97],[194,1702,421],[194,3772,334],[194,3833,247],[194,3946,271],[194,3946,56],[195,734,253],[195,1636,475],[195,2164,361],[195,3614,246],[196,306,35],[196,306,212],[196,306,401],[196,888,271],[196,2011,431],[197,1988,58],[197,2198,201],[197,2273,419],[197,2273,220],[197,3250,115],[197,3892,485],[197,3892,207],[198,987,391],[198,2269,444],[198,2269,345],[198,2269,190],[198,3358,305],[199,1212,324],[199,1212,366],[199,1944,247],[199,1944,251],[199,2770,464],[199,2770,203],[199,3612,171],[200,2352,23],[200,2352,263],[200,2834,421],[201,2375,99],[201,2459,323],[202,971,182],[202,1832,72],[202,2763,143],[202,2763,426],[202,2763,182],[202,2763,366],[202,3097,30],[202,3537,124],[203,2444,349],[203,2708,275],[203,2791,235],[203,3080,402],[203,3800,297],[204,349,47],[204,2327,482],[204,2327,186],[204,3390,387],[204,3390,492],[204,3426,343],[204,3801,146],[204,3801,445],[205,432,194],[205,1903,322],[205,2302,286],[205,2707,334],[205,3491,423],[205,3702,286],[206,15,427],[206,594,307],[206,2036,225],[206,3443,200],[207,2035,425],[207,2528,248],[207,2528,422],[207,3418,440],[207,3418,347],[208,864,391],[208,1128,491],[208,1128,456],[208,2378,344],[209,2383,99],[209,2383,484],[209,3127,411],[209,3127,453],[209,3301,433],[209,3301,414],[209,3623,456],[210,983,395],[210,1099,483],[210,1099,194],[210,1099,497],[210,2358,82],[210,2358,299],[210,2787,418],[211,382,263],[211,382,266],[211,1181,199],[211,1181,134],[211,2352,23],[211,2352,263],[211,3761,138],[212,1839,21],[212,2487,438],[212,2487,205],[212,2624,238],[212,2624,21],[212,2624,254],[212,3482,47],[212,3482,220],[212,3654,149],[213,404,249],[213,930,303],[213,1483,413],[213,1483,112],[213,1483,423],[213,3092,405],[213,3469,474],[214,1348,396],[214,1348,84],[214,1550,170],[214,2428,309],[215,2113,387],[215,2113,333],[215,2905,434],[215,2905,151],[215,2908,469],[215,2908,473],[216,421,259],[216,2181,469],[216,2199,258],[216,2933,259],[216,2933,343],[216,2933,200],[216,3558,445],[216,3558,13],[217,2235,18],[217,2235,379],[217,2687,196],[217,3392,12],[217,3392,468],[218,1407,2],[218,1918,137],[218,1918,208],[218,2029,237],[219,1117,11],[219,1781,129],[219,2593,487],[219,2593,472],[219,3718,273],[220,169,228],[220,2410,251],[221,18,268],[221,18,421],[221,263,349],[221,1637,231],[221,1637,271],[221,3262,284],[221,3262,75],[221,3262,112],[222,887,374],[222,1962,394],[222,2187,189],[222,2187,2],[222,2763,143],[222,2763,426],[222,2763,182],[222,2763,366],[223,1619,498],[223,1619,425],[223,2943,422],[223,3416,224],[223,3423,193],[223,3454,117],[223,3454,340],[224,149,347],[224,252,352],[224,410,244],[224,410,249],[224,1272,107],[224,1272,228],[224,3375,43],[224,3873,375],[224,3873,373],[225,1639,492],[225,1911,457],[225,2470,288],[225,3669,382],[225,3669,442],[226,207,283],[226,207,401],[226,1549,81],[226,1549,347],[226,1609,260],[226,3344,36],[226,3344,242],[226,3691,50],[227,414,85],[227,414,469],[227,1607,293],[227,2111,93],[227,2128,284],[227,2128,244],[227,3604,246],[228,1066,340],[228,1128,491],[228,1128,456],[228,1975,324],[228,1975,485],[228,2009,444],[228,3266,350],[228,3266,457],[228,3266,103],[228,3357,436],[229,1845,476],[229,1845,233],[229,1845,493],[229,1845,403],[229,3243,445],[230,1871,464],[230,2816,312],[230,2928,403],[230,3061,26],[230,3362,270],[230,3362,227],[230,3858,454],[230,3858,354],[231,1974,35],[231,2759,319],[231,3802,399],[231,3802,303],[232,1103,492],[232,1596,111],[232,1596,332],[232,2879,308],[233,1259,71],[233,1259,48],[233,2565,376],[233,3123,314],[233,3199,475],[234,1444,363],[234,1444,67],[234,1614,303],[234,1614,438],[234,1614,352],[234,1686,135],[234,1686,280],[234,3635,265],[234,3635,486],[235,803,377],[235,803,365],[235,803,490],[235,1350,469],[235,1350,10],[235,1599,90],[235,1678,255],[235,2639,242],[235,2639,421],[235,2639,427],[236,410,244],[236,410,249],[236,1799,191],[236,3273,68],[237,853,348],[237,2681,77],[237,2681,497],[237,3054,467],[237,3054,292],[238,621,336],[238,2500,83],[238,2500,91],[238,2606,423],[238,2606,172],[238,2606,377],[239,3377,420],[239,3377,342],[239,3801,146],[239,3801,445],[240,1130,236],[240,1270,443],[240,1929,389],[240,1936,345],[240,1936,428],[240,2115,80],[240,2115,441],[240,2896,132],[240,2896,306],[241,70,477],[241,429,272],[241,429,479],[241,753,193],[241,2423,198],[241,2568,375],[241,3094,316],[241,3094,219],[241,3969,126],[241,3969,495],[242,545,364],[242,1614,303],[242,1614,438],[242,1614,352],[242,2955,468],[242,2955,214],[242,2982,350],[242,2982,437],[242,3073,201],[242,3073,441],[242,3953,278],[243,1444,363],[243,1444,67],[243,1645,379],[243,1743,370],[243,1881,219],[243,1881,111],[244,773,9],[244,773,435],[244,1064,282],[244,3463,463],[245,631,371],[245,859,54],[245,2403,261],[245,2403,262],[245,2479,405],[245,3550,309],[245,3550,498],[246,2927,490],[246,3069,325],[247,1015,20],[247,1015,274],[247,2242,179],[247,2893,33],[248,142,495],[248,1685,276],[248,1685,430],[248,3074,317],[248,3144,413],[248,3144,338],[248,3382,355],[249,1310,436],[249,1375,476],[249,1375,327],[249,2865,153],[249,3522,389],[249,3760,413],[249,3760,235],[250,902,364],[250,1889,359],[250,1921,142],[250,1921,257],[250,3686,452],[250,3686,300],[251,273,353],[251,273,474],[251,1345,356],[251,1345,398],[251,1345,325],[251,1891,425],[252,495,254],[252,495,361],[252,1135,483],[252,2668,338],[252,3390,387],[252,3390,492],[252,3540,42],[252,3973,333],[252,3973,478],[253,477,481],[253,662,283],[253,662,485],[253,2140,308],[253,2140,346],[253,2587,374],[253,2907,434],[253,3741,398],[254,1360,3],[254,1360,321],[254,1360,344],[254,1865,496],[254,3870,358],[255,813,463],[255,3306,362],[256,346,260],[256,2264,280],[256,2264,313],[256,2876,169],[256,3036,288],[256,3036,360],[256,3108,426],[257,17,266],[257,17,399],[257,608,222],[257,608,259],[257,1040,433],[257,1040,488],[257,1534,373],[257,1534,364],[257,3652,251],[257,3652,158],[258,104,267],[258,251,96],[258,509,358],[258,509,479],[258,2296,434],[258,2296,477],[258,2940,450],[258,2940,121],[258,3259,247],[258,3259,293],[259,1956,374],[259,2753,301],[259,3669,382],[259,3669,442],[260,809,345],[260,3585,287],[261,2881,500],[261,3197,238],[261,3517,13],[261,3588,201],[261,3671,352],[261,3671,291],[262,831,359],[262,3276,39],[262,3276,238],[262,3276,390],[262,3658,264],[262,3926,378],[263,3649,324],[263,3649,500],[264,2002,499],[264,2699,406],[264,3131,434],[264,3392,12],[264,3392,468],[264,3700,159],[265,17,266],[265,17,399],[265,175,474],[265,1267,253],[265,1313,379],[265,2706,273],[265,2706,470],[266,1350,469],[266,1350,10],[266,1958,255],[266,1958,339],[266,2518,103],[267,575,282],[267,1789,273],[267,1789,363],[267,2054,461],[267,2054,488],[267,2460,39],[267,2460,496],[267,2540,403],[267,3561,464],[268,1281,457],[268,2776,180],[268,3436,433],[268,3436,471],[268,3853,284],[268,3853,466],[268,3992,157],[269,170,373],[269,170,322],[269,306,35],[269,306,212],[269,306,401],[269,751,177],[269,899,359],[270,1887,85],[270,1887,309],[270,1887,391],[270,2683,387],[270,3367,166],[270,3671,352],[270,3671,291],[271,3840,159],[271,3840,334],[272,868,477],[272,868,204],[272,1065,319],[272,1804,373],[272,1804,358],[272,2027,395],[273,408,314],[273,408,488],[273,408,174],[273,1771,320],[273,1771,411],[273,2318,484],[273,2318,470],[273,2832,291],[274,636,84],[274,896,43],[275,567,16],[275,805,278],[275,1490,171],[275,1778,395],[276,749,335],[276,1969,217],[276,2590,42],[276,2726,312],[277,480,363],[277,480,79],[277,1481,286],[277,2589,453],[277,2606,423],[277,2606,172],[277,2606,377],[278,807,172],[278,807,296],[278,1179,174],[278,1179,216],[278,2188,271],[278,2188,447],[278,2188,467],[278,3384,188],[279,86,400],[279,86,441],[279,373,500],[279,373,38],[280,218,52],[280,595,367],[280,1895,300],[280,2362,302],[281,52,387],[281,128,215],[281,509,358],[281,509,479],[281,577,241],[281,882,369],[281,1892,237],[282,454,479],[282,454,459],[282,3039,344],[282,3784,378],[282,3784,442],[282,3784,496],[283,2758,321],[283,2758,196],[283,2908,469],[283,2908,473],[284,2622,120],[284,3957,240],[285,511,312],[285,1611,237],[285,1793,74],[285,1793,376],[285,3464,35],[286,1991,256],[286,1991,406],[286,1991,105],[286,2307,46],[286,2802,323],[286,2802,247],[286,3454,117],[286,3454,340],[287,1789,273],[287,1789,363],[287,3509,124],[288,2449,479],[288,3511,321],[288,3738,400],[288,3784,378],[288,3784,442],[288,3784,496],[288,3860,325],[288,3860,187],[288,3860,370],[289,792,411],[289,792,369],[289,792,440],[289,1145,360],[289,1344,326],[289,1344,226],[289,3542,78],[289,3542,173],[289,3542,335],[289,3597,360],[290,2131,123],[290,2131,494],[290,2131,306],[290,2138,306],[290,3038,451],[290,3038,349],[290,3425,229],[291,18,268],[291,18,421],[291,2072,250],[291,2431,38],[292,190,335],[292,503,288],[292,503,475],[292,937,207],[292,937,313],[292,1861,311],[292,1861,332],[292,1861,140],[292,2799,333],[292,2799,114],[293,1556,166],[293,1556,328],[293,1629,395],[293,1991,256],[293,1991,406],[293,1991,105],[293,2502,414],[293,3934,417],[294,241,159],[294,537,108],[294,537,313],[294,2572,173],[294,2572,299],[294,2902,407],[295,67,62],[295,186,424],[295,2495,79],[295,3303,19],[295,3871,51],[296,793,341],[296,1221,216],[296,1221,40],[296,2381,380],[296,2381,424],[296,2851,416],[296,3759,334],[296,3759,448],[297,1488,43],[297,1547,77],[297,2841,175],[297,3301,433],[297,3301,414],[298,755,410],[298,1171,478],[298,2592,377],[298,3122,115],[298,3404,420],[298,3696,327],[299,248,412],[299,3445,357],[300,77,28],[300,316,287],[300,316,446],[300,316,421],[300,2486,386],[300,2988,272],[300,2988,346],[300,3276,39],[300,3276,238],[300,3276,390],[301,103,248],[301,103,323],[301,369,440],[301,369,25],[301,3340,250],[301,3636,366],[301,3636,63],[301,3988,243],[301,3988,439],[302,253,397],[302,454,479],[302,454,459],[302,588,209],[302,3042,394],[302,3408,332],[302,3408,465],[302,3695,408],[302,3695,496],[302,3695,87],[303,1484,140],[303,1484,374],[303,1968,443],[303,2156,405],[303,2156,64],[303,3201,477],[303,3201,493],[304,1473,368],[304,1842,477],[304,2069,424],[304,2069,443],[304,2716,317],[304,2719,368],[304,3707,131],[304,3707,324],[305,157,459],[305,449,126],[305,817,337],[305,1317,497],[305,1959,344],[305,2246,415],[306,402,430],[306,803,377],[306,803,365],[306,803,490],[307,738,106],[307,863,20],[307,3210,388],[307,3210,38],[307,3652,251],[307,3652,158],[308,903,105],[308,1852,240],[308,3116,478],[309,94,266],[309,94,279],[309,1054,464],[309,1649,404],[309,1649,131],[310,293,153],[310,293,409],[310,302,192],[310,302,154],[310,604,64],[310,1806,339],[310,2298,431],[310,2916,474],[311,314,366],[311,1074,22],[311,2142,76],[311,3034,447],[312,161,351],[312,824,347],[313,2357,419],[314,1067,398],[314,1067,455],[314,1067,283],[314,1140,407],[314,1140,424],[314,1489,329],[314,2521,259],[314,3090,340],[314,3090,332],[314,3210,388],[314,3210,38],[315,167,357],[315,2235,18],[315,2235,379],[315,2553,478],[315,2750,361],[315,3576,72],[315,3694,272],[315,3843,356],[316,1348,396],[316,1348,84],[316,2356,494],[316,2377,6],[317,1614,303],[317,1614,438],[317,1614,352],[317,1757,11],[317,3377,420],[317,3377,342],[317,3792,393],[318,667,361],[318,1118,473],[318,2311,426],[318,2548,394],[318,3418,440],[318,3418,347],[319,379,473],[319,379,352],[319,1447,391],[319,1456,427],[319,1735,349],[319,1735,306],[319,3203,420],[319,3279,452],[320,2441,127],[320,2868,334],[320,3635,265],[320,3635,486],[320,3729,312],[320,3834,26],[321,1010,417],[321,2222,365],[321,3365,371],[322,1696,78],[322,1961,451],[322,1961,453],[322,1961,456],[322,2836,381],[322,3616,432],[323,3496,368],[323,3570,453],[323,3969,126],[323,3969,495],[325,3142,495],[326,2533,281],[327,642,456],[327,642,428],[327,3961,328],[328,994,394],[328,1777,338],[329,501,169],[329,1268,486],[329,1578,489],[329,2276,473],[329,2992,355],[329,3304,393],[329,3679,485],[329,3679,382],[330,5,364],[330,1273,155],[330,2004,82],[330,2004,89],[330,2167,470],[330,2167,488],[330,2343,487],[330,2828,338],[330,2933,259],[330,2933,343],[330,2933,200],[331,471,392],[331,528,392],[331,1099,483],[331,1099,194],[331,1099,497],[331,1453,97],[331,1453,371],[331,3816,392],[332,871,231],[332,871,122],[332,970,475],[333,1563,467],[334,207,283],[334,207,401],[334,1652,354],[335,503,288],[335,503,475],[335,2168,459],[335,2168,435],[336,373,500],[336,373,38],[336,1056,438],[336,2730,367],[337,1085,229],[337,1085,69],[337,1208,391],[337,1351,418],[337,1351,12],[337,1709,308],[337,1709,112],[337,2087,354],[337,2150,382],[338,426,39],[338,1287,420],[339,419,290],[339,419,17],[339,419,273],[339,419,430],[339,1793,74],[339,1793,376],[339,1964,80],[340,1673,3],[340,1986,258],[340,3232,413],[340,3952,455],[341,1207,481],[341,1398,45],[341,1398,97],[341,1485,53],[341,1485,364],[341,2256,285],[341,2256,349],[342,1205,495],[342,1695,384],[342,1824,130],[342,1824,132],[342,2454,255],[342,3638,472],[343,35,355],[343,816,413],[343,1289,177],[343,2695,18],[343,2695,493],[343,3802,399],[343,3802,303],[344,989,474],[344,2253,49],[344,2253,189],[344,2770,464],[344,2770,203],[345,56,459],[345,726,187],[345,779,347],[345,3035,298],[345,3035,89],[345,3725,484],[346,306,35],[346,306,212],[346,306,401],[346,467,260],[346,467,57],[346,2503,455],[347,1237,414],[347,1970,147],[347,2348,388],[348,83,7],[348,83,386],[350,514,436],[350,3424,321],[350,3524,444],[351,512,391],[351,823,361],[351,1250,137],[351,1701,256],[351,1701,213],[351,3723,117],[351,3723,163],[352,1526,447],[352,2096,487],[352,2096,376],[352,3519,277],[352,3784,378],[352,3784,442],[352,3784,496],[353,401,412],[353,1936,345],[353,1936,428],[353,2763,143],[353,2763,426],[353,2763,182],[353,2763,366],[353,2885,341],[353,3500,77],[354,316,287],[354,316,446],[354,316,421],[354,1359,243],[354,1359,427],[354,1536,415],[354,3406,368],[355,792,411],[355,792,369],[355,792,440],[355,1082,420],[355,1242,381],[355,3293,388],[356,1947,185],[356,2003,496],[357,1524,468],[357,1594,481],[357,1823,96],[357,1823,269],[357,2101,386],[357,2292,335],[358,611,44],[358,1601,360],[359,1598,434],[359,2460,39],[359,2460,496],[360,2715,58],[360,3215,392],[361,189,381],[361,1995,379],[361,1995,398],[361,1995,260],[362,1605,454],[362,1605,121],[362,1824,130],[362,1824,132],[362,2062,19],[362,2062,496],[362,2838,404],[362,2838,161],[363,913,465],[363,1633,334],[363,1633,140],[363,2269,444],[363,2269,345],[363,2269,190],[364,1483,413],[364,1483,112],[364,1483,423],[364,2125,246],[365,502,95],[365,502,479],[365,1534,373],[365,1534,364],[365,2131,123],[365,2131,494],[365,2131,306],[365,2279,14],[366,313,390],[366,771,14],[366,778,446],[367,733,383],[367,1028,383],[367,1510,386],[367,2709,484],[368,281,437],[368,2698,407],[368,2698,9],[369,405,392],[369,1062,215],[369,1809,449],[369,1809,339],[369,3998,276],[370,2598,211],[371,1109,457],[371,2134,212],[371,2134,250],[371,3160,405],[371,3266,350],[371,3266,457],[371,3266,103],[372,114,201],[372,114,374],[372,1809,449],[372,1809,339],[372,3549,460],[372,3825,418],[372,3825,337],[372,3884,439],[373,423,76],[373,1918,137],[373,1918,208],[373,2448,26],[374,2231,195],[374,2681,77],[374,2681,497],[375,701,486],[375,2991,371],[376,1199,416],[376,1487,450],[376,2594,414],[376,3117,476],[377,1218,41],[377,1990,230],[377,3458,181],[378,792,411],[378,792,369],[378,792,440],[378,2188,271],[378,2188,447],[378,2188,467],[378,3610,447],[379,2605,279],[380,768,456],[380,2216,470],[380,2597,449],[380,3201,477],[380,3201,493],[380,3775,458],[380,3977,366],[381,2109,388],[381,2162,378],[381,2162,70],[381,3486,117],[381,3486,396],[382,668,214],[382,995,401],[382,2373,283],[382,2373,275],[383,2206,385],[383,2738,190],[383,3323,487],[384,1052,403],[384,1052,114],[384,1624,443],[384,1966,439],[384,3311,184],[384,3311,407],[384,3630,408],[385,1884,181],[385,1932,56],[385,3058,411],[386,555,493],[386,555,453],[386,1961,451],[386,1961,453],[386,1961,456],[386,2240,444],[386,2534,449],[386,2534,183],[387,2954,10],[387,3633,71],[387,3633,358],[388,215,232],[388,215,325],[388,1635,419],[389,71,55],[389,71,452],[389,2015,331],[389,2580,461],[389,3892,485],[389,3892,207],[390,42,31],[390,42,54],[390,773,9],[390,773,435],[390,2528,248],[390,2528,422],[390,3186,464],[390,3186,201],[391,231,224],[391,1909,274],[392,438,100],[392,2371,71],[392,3486,117],[392,3486,396],[393,198,254],[393,1608,397],[393,3087,281],[394,747,439],[394,1622,393],[394,1622,269],[394,3246,84],[395,2826,454],[395,2826,231],[395,3374,233],[396,99,98],[396,99,385],[396,2996,355],[396,2996,490],[396,3656,450],[397,6,416],[397,574,311],[397,1912,398],[397,1912,227],[397,2156,405],[397,2156,64],[398,3592,23],[398,3592,94],[398,3592,416],[398,3859,467],[399,941,441],[399,1754,348],[399,3231,83],[400,716,326],[400,716,220],[400,716,350],[400,1122,401],[400,3311,184],[400,3311,407],[401,444,336],[401,3789,367],[401,3858,454],[401,3858,354],[402,1426,415],[402,1943,167],[402,3294,260],[402,3485,457],[402,3679,485],[402,3679,382],[403,224,461],[403,452,124],[404,1620,48],[404,2391,478],[404,3441,208],[404,3449,408],[404,3449,341],[405,1107,8],[405,1107,435],[405,1724,135],[406,1017,179],[406,1500,203],[406,2624,238],[406,2624,21],[406,2624,254],[407,308,383],[407,308,357],[407,2139,119],[407,2139,272],[408,118,304],[408,3886,410],[409,312,448],[409,806,167],[409,3608,153],[410,915,44],[410,2742,170],[410,2742,486],[411,1134,482],[411,2890,430],[412,1371,468],[412,3213,20],[412,3213,448],[412,3213,426],[412,3368,368],[412,3368,441],[413,1507,370],[413,3114,16],[413,3114,44],[413,3114,459],[414,1431,447],[414,2069,424],[414,2069,443],[415,245,362],[415,1159,51],[415,1999,8],[415,3479,3],[415,3479,108],[416,711,420],[416,711,191],[417,276,443],[417,1133,454],[417,2098,157],[417,3753,462],[418,2333,476],[418,2333,147],[419,1323,489],[419,1323,149],[419,3755,440],[419,3964,423],[420,2871,490],[422,315,236],[422,348,343],[422,348,383],[422,1397,172],[422,3164,261],[423,1415,297],[423,1576,462],[423,3674,429],[424,1726,399],[424,2028,130],[424,3189,261],[425,1245,234],[425,2593,487],[425,2593,472],[425,3136,351],[425,3136,450],[426,2506,121],[426,4000,37],[427,109,210],[427,109,320],[427,481,30],[428,284,52],[428,293,153],[428,293,409],[428,2162,378],[428,2162,70],[428,2577,133],[428,3193,461],[429,622,385],[429,626,148],[429,1241,107],[429,1241,50],[429,3942,341],[430,2210,498],[431,1276,131],[432,408,314],[432,408,488],[432,408,174],[432,2986,259],[432,2986,406],[433,2752,90],[433,2752,11],[433,3262,284],[433,3262,75],[433,3262,112],[433,3750,435],[434,2481,53],[434,2481,493],[435,628,485],[435,1672,382],[435,2160,17],[436,1631,498],[436,2269,444],[436,2269,345],[436,2269,190],[436,2346,275],[436,2861,481],[437,739,338],[437,1036,461],[437,2286,307],[437,3609,141],[438,234,291],[438,2511,318],[438,3368,368],[438,3368,441],[439,911,84],[439,2814,1],[440,696,105],[440,1399,283],[440,3819,267],[441,846,260],[441,1156,102],[442,399,79],[442,399,478],[442,1305,499],[442,2327,482],[442,2327,186],[442,2675,76],[442,2675,410],[442,3036,288],[442,3036,360],[443,108,474],[443,1217,452],[443,1378,215],[444,526,433],[444,526,458],[444,1363,471],[445,244,125],[445,935,163],[445,1425,35],[445,1425,152],[446,461,285],[446,897,187],[447,2564,402],[447,2564,405],[448,433,451],[448,1823,96],[448,1823,269],[448,2964,144],[448,2964,487],[449,3312,312],[449,3664,47],[449,3664,461],[450,414,85],[450,414,469],[450,3958,494],[451,2167,470],[451,2167,488],[451,2359,65],[451,2359,353],[451,2481,53],[451,2481,493],[452,273,353],[452,273,474],[452,429,272],[452,429,479],[453,419,290],[453,419,17],[453,419,273],[453,419,430],[453,601,33],[454,1286,354],[454,1286,425],[454,1286,206],[454,3020,171],[454,3020,254],[455,3038,451],[455,3038,349],[455,3229,105],[456,2639,242],[456,2639,421],[456,2639,427],[457,937,207],[457,937,313],[458,2695,18],[458,2695,493],[459,1813,348],[459,2649,29],[460,132,185],[460,1015,20],[460,1015,274],[460,3190,419],[460,3190,30],[460,3412,223],[460,3982,157],[460,3982,442],[461,36,127],[461,1912,398],[461,1912,227],[462,71,55],[462,71,452],[462,861,67],[462,1067,398],[462,1067,455],[462,1067,283],[462,1690,30],[462,1690,149],[462,2774,193],[462,2774,412],[463,32,109],[463,32,474],[463,505,73],[463,1352,483],[463,1352,116],[463,2629,471],[463,2629,473],[463,2929,483],[465,1890,246],[465,1890,470],[465,2317,141],[465,2317,449],[465,3385,197],[465,3385,448],[466,393,471],[466,1782,172],[466,2174,471],[466,3996,344],[467,1126,169],[467,1220,439],[467,2772,198],[468,1633,334],[468,1633,140],[469,513,40],[469,513,292],[469,3810,93],[470,1910,5],[470,1910,106],[470,3550,309],[470,3550,498],[471,1583,489],[471,3383,489],[471,3387,19],[472,959,149],[472,1758,478],[472,2675,76],[472,2675,410],[473,1744,13],[475,1402,132],[475,1795,302],[476,3062,49],[476,3527,480],[477,2697,72],[478,2659,482],[479,1880,480],[480,425,222],[480,425,403],[480,425,421],[480,1099,483],[480,1099,194],[480,1099,497],[480,1362,28],[480,1362,483],[480,3239,491],[480,3525,483],[481,366,16],[481,366,87],[481,1086,112],[482,2225,188],[482,3760,413],[482,3760,235],[483,857,195],[483,1685,276],[483,1685,430],[485,3004,51],[486,522,89],[486,1085,229],[486,1085,69],[486,1812,145],[486,2510,396],[486,2510,290],[487,2898,446],[488,1596,111],[488,1596,332],[488,1804,373],[488,1804,358],[488,3639,15],[488,3639,141],[489,681,409],[489,2940,450],[489,2940,121],[489,3873,375],[489,3873,373],[490,688,425],[490,1862,182],[490,1938,18],[491,2504,167],[491,3988,243],[491,3988,439],[492,1709,308],[492,1709,112],[492,3290,204],[492,3290,326],[493,1345,356],[493,1345,398],[493,1345,325],[494,25,50],[494,25,115],[494,1105,498],[494,1105,331],[494,3408,332],[494,3408,465],[495,1039,160],[495,1039,164],[495,1058,167],[495,2135,485],[495,2135,130],[496,1023,449],[496,1023,147],[496,1023,294],[497,876,232],[497,1351,418],[497,1351,12],[497,3811,71],[498,3481,225],[499,600,417],[499,1261,139],[499,1286,354],[499,1286,425],[499,1286,206],[499,2984,370],[500,1179,174],[500,1179,216],[500,2039,156],[500,2039,206],[500,3471,316],[500,3592,23],[500,3592,94],[500,3592,416]];

jitters = [20000,10000,100000,10000,10000,20000,20000,10000,20000,10000,1000,10000,10000,100000,100000,20000,10000,20000,20000,20000,20000,20000,20000,20000,20000,10000,10000,2000,100000,100000,100000,10000,20000,20000,20000,20000,10000,10000,10000,10000,20000,20000,10000,20000,50000,50000,10000,10000,10000,20000,100000,20000,20000,100000,20000,50000,20000,10000,20000,5000,20000,20000,100000,100000,10000,20000,10000,20000,20000,20000,2000,2000,10000,20000,100000,100000,10000,10000,100000,20000,10000,100000,10000,20000,100000,10000,20000,20000,20000,20000,10000,10000,10000,20000,100000,10000,20000,5000,20000,10000,10000,100000,10000,20000,10000,100000,100000,10000,10000,2000,20000,10000,20000,20000,20000,10000,20000,100000,20000,10000,100000,20000,20000,1000,20000,10000,2000,100000,20000,20000,10000,20000,10000,20000,50000,100000,20000,100000,50000,10000,10000,20000,2000,10000,20000,10000,20000,10000,20000,100000,100000,10000,50000,50000,20000,100000,10000,10000,20000,10000,2000,100000,20000,10000,100000,50000,100000,10000,10000,20000,100000,20000,10000,10000,10000,100000,20000,100000,50000,10000,10000,5000,100000,20000,100000,20000,10000,20000,100000,20000,100000,100000,2000,20000,100000,20000,10000,20000,20000,20000,1000,20000,20000,10000,50000,20000,10000,20000,10000,20000,20000,10000,20000,100000,10000,100000,100000,100000,100000,10000,20000,100000,10000,10000,20000,100000,20000,10000,100000,20000,10000,100000,100000,10000,20000,20000,100000,10000,100000,20000,100000,10000,5000,20000,20000,100000,20000,100000,10000,10000,10000,100000,100000,20000,20000,100000,10000,20000,100000,100000,20000,10000,20000,10000,10000,10000,20000,1000,10000,20000,20000,20000,100000,20000,20000,100000,50000,10000,10000,10000,2000,20000,100000,20000,10000,50000,5000,20000,2000,20000,20000,100000,20000,100000,10000,10000,20000,100000,10000,10000,100000,100000,20000,20000,20000,20000,20000,100000,10000,20000,10000,10000,100000,100000,100000,10000,100000,100000,20000,100000,20000,50000,50000,20000,100000,2000,100000,100000,100000,10000,2000,100000,100000,20000,100000,10000,20000,100000,10000,10000,10000,100000,10000,20000,20000,10000,10000,100000,20000,10000,100000,10000,10000,20000,100000,100000,10000,2000,10000,2000,100000,20000,5000,10000,20000,10000,10000,20000,2000,20000,20000,100000,10000,100000,100000,10000,100000,10000,5000,10000,100000,20000,10000,100000,50000,10000,10000,100000,20000,10000,20000,2000,100000,100000,20000,2000,100000,100000,10000,20000,20000,20000,20000,100000,20000,50000,100000,100000,10000,100000,10000,10000,10000,10000,20000,100000,20000,20000,100000,100000,20000,10000,50000,10000,10000,100000,20000,20000,50000,10000,20000,50000,20000,10000,20000,10000,20000,10000,100000,100000,10000,100000,20000,10000,100000,10000,10000,10000,20000,10000,10000,20000,50000,20000,10000,10000,20000,10000,20000,100000,20000,50000,20000,20000,5000,1000,100000,10000,10000,10000,1000,100000,100000,20000,100000,20000,20000,100000,20000,20000,10000,100000,20000,10000,20000,100000,10000,10000,1000,100000,20000,20000,10000,10000,100000,20000,20000,10000,100000,10000];

