NumChains = 50;
NumResources = 3;
NumRunnablesInChains = 194;
MemoryBoundOnResource = 1048576;
UtilizationBoundOnResource = 100;

numberOfTasksinChain = [7,5,7,7,9,9,7,5,5,5,7,5,9,5,7,7,7,5,7,7,9,9,5,5,5,5,9,9,5,9,5,7,9,7,9,7,5,9,7,5,5,9,9,5,5,7,7,5,9,5];

runnablesInChains = [328,464,169,355,113,425,299,224,135,383,289,343,421,339,48,36,77,393,358,8,275,434,39,281,151,483,212,415,126,82,401,307,389,400,277,280,133,448,249,42,63,378,38,81,195,359,373,118,160,65,93,275,402,127,56,129,187,196,45,218,173,365,151,480,401,61,104,205,309,492,164,371,231,94,330,304,140,115,106,393,475,161,411,280,310,487,84,238,154,332,316,56,385,337,194,463,428,132,465,2,398,3,42,404,147,31,451,403,423,187,13,467,395,105,86,15,21,137,421,484,378,268,56,122,5,366,118,89,44,141,206,201,251,68,38,370,425,233,317,211,96,261,242,195,98,122,245,187,297,32,47,358,217,23,315,75,447,423,338,159,36,67,223,145,412,468,188,366,279,344,228,442,267,387,67,155,11,57,88,336,411,303,335,156,159,182,458,138,259,323,229,269,146,180];

ProcessingTimesOfMessages = [[1,2,1,1,1,1],[1,1,1,1,1,1,1],[1,1,1,1,1,1],[1,1,1,1,1,1,1,1,1,1],[1,1,1,1,1,1],[1,1,1,1,1,1,1,1],[1,1,1,1,1,1,1,1],[1,1,1,1],[1,1,1,1,1,1,1,1],[1,1,1,1,1,1,1,1,1,1],[1,1,1,1,1,1,1,1,1],[1,1,1,1,1,1,1,1,1],[1,1,1,1,1,1,1,1],[1,1,1,1,1,1,1],[1,1,1,1,1,1],[1,1,1,1,1,1],[1,1,1,1,1,1,1,1,1,1],[1,1,1,1,1,1,1,1,1,1,1],[1,1,1,1,1],[1,1,1,1,1,1],[1,1,1,1,1,1,1,1,1,1],[1,1,1,1,1,1],[1,1,1,1,1],[1,1,1,1,1,1,1],[1,1,1,1,1],[1,1,1,1],[1,1,1,1,1,1,1],[1,1,1,1,1,1,1,1],[1,1,1,1,1,1,1,1,1,1,1,1,1],[1,1,1,1,1,1,1,1,1,1],[1,1,1,1,1,1,1],[1,1,1,1,1,1,1,1,1,1],[1,1,1,1,1],[1,1,1,1,1,1,1,1,1,1,1],[1,1,1,1,1,1,1,1,1,1,1],[1,1,1,1,1],[1,1,1,1,1,1],[1,1,1,1,1,1,1,1],[1,1,1,1,1],[1,1,1,1,1,1],[1,1,1,1,1,1,1,1,1,1],[1,1,1,1],[1,1,1,1,1,1],[1,1,1,1,1,1,1],[1,1,1,1,1,1,1,1,1],[1,1,1,1,1,1,1],[1,1,1,1,1,1,1],[1,1,1,1],[1,1,1,1,1,1,1,1],[1,1,1,1,1,1,1,1],[1,1,1,1,1,1,1,1],[1,1,1,1,1,1,1],[1,1,1,1,1,1,1,1],[1,1,1,1,1,1,1,1,1,1],[1,1,1,1,1,1,1,1,1],[1,1,1,1,1,1,1],[1,1,1,1,2],[1,1,1,1,1,1,1,1,1,1,1,1,1,1],[1,1,1,1,1],[1,1,1,1,1,1,1,1,1,1,1],[1,1,1,1,1,1,1,1,1],[1,1,1,1,1,1],[1,1,1,1,1],[1,1,1,1,1,1],[1,1,1,1,1,1,1,1],[1,1,1,1],[1,1,1,1,1,1,1,1],[1,1,1,1,1],[1,1,1,1,1,1],[1,1,1,1,1,1,1],[1,1,1,1,1,1],[1,1,1,1,1,1,1,1,1,1],[1,1,1,1],[1,1,1,1,1,1],[2,2,1,1,1],[1,1,1,1,1],[1,1,1,1,1,1,1,1,1],[1,1,1,1,1],[1,1,1,1,1],[1,1,1,1,1,1,1,1,1],[1,1,1,1,1],[1,1,1,1,1,1],[1,1,1,1,1,1,1,1,1,1],[1,1,1,1,1,1,1,1],[1,1,1,1,1,1,1],[1,1,1,1,1,1,1,1],[1,1,1,1,1,1,1,1,1,1,1,1],[1,1,1,1,1,1,1,1],[1,1,1,1,1,1,1,1,1,1],[1,1,1,1],[1,1,1,1,1],[1,1,1,1,1,1,1],[1,1,1,1,1,1,1,1,1,1],[1,1,1,1,1,1],[1,1,1,1,1,1],[1,1,1,1,1,1],[1,1,1,1,1,1],[1,1,1,1,1,1,1,1],[1,1,1,1,1,1,1,1,1],[1,1,1,1,1,1],[1,1,1,1,1,1],[1,1,1,1,1,1,1,1],[1,1,1,1,1,1],[1,1,1,2,1,1],[1,1,1,1],[1,1,1,1,1,1,1],[1,1,1,1,1,2,2,1],[1,1,1,1,1,1,1,1,1,1],[1,1,1,1,1,1,1,1,1],[1,1,1,1,1,1,1,1],[1,1,1,1,1],[1,1,1,1,1,1,1],[1,1,1,2,1,1,1,1,1,1],[1,1,1,1,1],[1,1,1,1,1,1],[1,1,1,1,1,1,1,1],[1,1,1,1,1,1,1,1,1],[1,1,1,1,1,1,1,1,1],[1,1,1,1,1,1,1,1,1,1],[1,1,1,1,1,1],[1,1,1,1,1,1,1,1,1,1,1],[1,1,1,1,1],[1,1,1,1,1,1],[1,1,1,1,1,1,1,1,1],[1,1,1,1,1],[1,1,1,1,1,1],[1,1,1,1,1],[1,1,1,1,1,1,1,1,1],[1,1,1,1],[1,1,1,1,1],[1,1,1,1,1,1,1,1,1],[1,1,1,1,1,1,1,1,1],[1,1,1,1,1,1,1,1],[1,1,1,1,1,1,1,1,1,1],[1,1,1,1,2],[1,1,1,1,1,1,1],[1,1,1,1,1,1],[1,1,1,1,1,1,1,1,1],[1,1,1,1,1,1,1],[1,1,1,1,1],[1,1,1,1,1,1],[1,1,1,1,1,1,1,1,1,1,1],[1,1,1,1,1,1],[1,1,1,1,1,1,1,1],[1,1,1,1],[1,1,1,1],[1,1,2,2],[1,1,1,1,1,1,1,1,1,1,1],[1,1,1,1,1],[1,1,1,1,1,1],[1,1,1],[],[1,1,1,1,1,1,1,1,1,1,1,1,1],[1,1,1,1,1],[1,1,1,1,1,1],[1,1,1,1,1,1,1],[1,1,1,1,1,1,1,1,1,1,1,1,1,1,1,1],[1,1,1,1],[1,1,1,1,1,1],[1,1,1,1,1,1,1,1,1],[1,1,1,1,1],[2,1,1,1,1,1,1,1],[1,1,1,1,1,1,1,1,1,1,1,1],[1,1,1,1,1,1,1,1],[1,1,1,1,1,1,1,1,1,1,1,1,1,1,1,1,1],[1,1,1,1,1,1,1,1,1,1],[1,1,1],[1,1,1],[1,1,1,1,1,1,1],[1,1,1,1,1,1,1],[1,1,1,1,1,1],[1,1,1,1,1,1,1,1],[1,1,1],[1,1,1,1,1,1,1,1,1,1,1],[1,1,1,1,1,1,1],[1,1,1,1,1,1,1,1,1,1,1],[1,1,1,1,1,1],[1,1,1,1,1,1,1],[1,1,1,1,1,1,1,1],[1,1,1,1,1,1],[1,1,1,1,1],[1,1,1,1],[1,1,1,1,1,1,1,1,1,1,1],[1,1,1,1,1,1,1],[1,1,1,1,1,1,1],[1,1,1,1,1,1,1,1],[1,1,1,1,1],[1,1,1,1,1,1],[1,1,1,1,1],[1,1,1,1,1,1,1],[1,1,1,1,1,1],[1,1,1,1,1,1],[1,1,1,1,1],[1,1,1,1,1,1,1,1],[1,1,1,1,1,1],[1,1,1,1,1],[1,1,1,1,1,1,1,1],[1,1,1,1,1,1],[1,1,1,1,1,1],[1,1,1,1,1,1],[1,1,1,1,1,1],[1,1,1,1,1,1,1],[1,1,1,1,1],[1,1,1,1,1,1],[1,1,1,1],[1,1,1,1,1],[1,1,1,1,1,1,1,1,1],[1,1],[1,1,1,1,1,1],[1,1,1],[1,1,1,1,1,1,1,1,1],[1,1,1,1,1,1,1],[1,1,1,1,1,1,1],[1,1,1,1,1,1,1],[1,1,1,1,1,1,1,1,1],[1,1,1,1,1,1,1],[1,1,1,1],[1,1,1,1,1,1,1],[1,1,1,1,1,1,1,1],[1,1,1,1,1,1,1,1,1,1,1],[1,1,1,1,1,1,1],[1,1,2,1,1],[1,1,1,1,1,1,1,1,1],[1,1,1,1,1,1,1],[1,1,1,1],[1,1,1,1,1],[1,1,1,1,1,1],[1,1,1,1,1,1],[1,1],[1,1,1],[1,1,1,1,1,1,2,1],[1,1,1,1,1],[1,1,1,1,1,1,1],[1,1,1],[1,1,1,1],[1,1,1,1,1,1,1],[1,1,1,2,1],[1,1,1,1,1],[1,1,1,1,1,1,1,1,1,1],[1,1,1,1,1,1,1],[1,1,1,1,1,1,1,1],[1,1,1,1,1,1,1,1,1,1],[1,1,1,1,1],[1],[1,1,1,1,1,1,1],[1,1,1,1,1,1,1],[1,1,1,1,1,1],[1,1,1,1,1,1,1,1],[1,1,1,1],[1,1,1,1,1,1,1],[1,1,1,1,1,1,1,1,1,1,1],[1,1,1,1,1,1,1],[1,1,1],[1,1,1,1,1,1],[1,1,1,1,1],[1,1,1,1,1,1,1],[1,1,2,1],[1,1,1,1],[1,1,1,1],[1,1,1,1,1,1,1,1,1],[1,1,1,1,1,1,1],[1,1,1,1,1,1,1,1,1,1],[1,1,1,1,1,1,1],[1,1,1,1,1],[1,1,1,1,1,1],[1,1,1,1],[1,1,1,1,1],[1,1,1,1,1,1,1],[1,1,1,1,1,1,1,1,1],[1,1,1,1,1,1,1,1,1],[1,1,1,1,1,1,1,1],[1,1,1,1,1,1,1],[1,1,1,1,1,1,1],[1,1,1,1],[1,1,1,1],[1,1,1,1],[1,1,1,1,1],[1,1,1],[1,1,1,1,1,1],[1,1,1,1],[1,1,1],[1,1,1,1,1,1],[1,1,1,1,1,1],[1],[1,1,1,1,1],[1,1,1,1,1,1,1],[1,1,1],[1,1,1,1,1],[1,1,1,1,1],[1,1,1,1,1,1,1,1],[1,1,1,1,1,1],[1,1,1,1],[1,1,1,1,1,1,1,1,1,1],[1,1],[1,1,1,1,1],[1,1,1,1,2,1,1],[1,1,1,1,1,1],[1,1,1,1,1,1,1,1,1],[1,1,1,1,1,1,1],[1,1,1,1],[1,1,1],[1,1,1,1,1,1,1],[1,1,1,1,1,1,1,1],[1,1,1,1],[1,1,1,1],[1,1,1,1],[1],[1,1,1,1,1],[1,1,1,1,1,1],[1,1,1,1],[1,1,1,1,1],[1,1,1,1,1,1],[1,1,1],[1,1],[1,1,1],[1,1,1,1,1,1,1,1],[1,1,1,1,1],[1,1,1,1,1,1,1,1],[1,1,1,1,1,1],[1,1,1,1],[1,1],[1,1,1,1,1,1],[1,1,1,1,1,1,1],[1,1,1,1],[1,1,1],[1,1,1,1],[1],[1,1,1],[1,1,1,1,1,1,1,1],[1,2,1,1,1,1],[1,1,1,1,1,1,1],[1,1,1,1],[1,1,1],[1,1,1,1,1,1],[1,1,1,1],[1,1,1,1,1,1,1,1,1],[1,1,1],[1,1,1,1],[1,1,1],[1,1,1,1],[1,1,1,1],[1,1,1,1,1],[1,1,2,2,1,1,1,1],[1,1,1],[1,1,1,1,1,1,1],[1],[1,1,1,1,1,1],[1],[1,1,1,1,1],[1,1,1,1],[1,1,1],[1,1,1,1,1,1,1,1],[1,1,1,1,1],[1],[1],[1],[1,1,1,1,1,1],[1,1,1,1,1,1],[1,1,1,1,1,1,1,1,1],[1,1,1,1,1,1,1,1,1],[1,1],[1,1,2,1,1,1,1,1,1],[1,1,1,1,1],[1,1,1,1],[1,1,1,1,1,1],[1,1,1,1,1,1,1,1,1],[1,1,1,1,1,1,1],[1,1,1,1,1,1],[1,1],[1,1,1,1],[1,1,1,1,1,1,1,1,1,1,1],[1,1,1],[1,1,1,1,1],[1,1,1,1,1,1,1,1,1],[1,1],[1,1,1],[1,1],[1,1,1],[1,1,1,1],[1,1,1,1,1,1,1],[1,1,1,1,1,1],[1],[1,1,1,1,1,1],[1],[1,1,1,1,1,1,1,1,1],[1,1,1,1,1],[1,1,1,1,1,1,1],[1,1,1],[1,1,1,1,1],[1,1,1,1,1,1,1],[1,1,1],[1,1,1,1],[1,1,1,1],[1,1,1,1],[1,1,1,1,1,1,1],[1,1,1,1,1,1,1,1,1,1],[1,1,1,1,1,1,1],[1,1],[1,1,1,1,1],[1,1,1],[1,1],[1],[1,1,1,1,1,1],[1,1,1,1,1],[1,1,1,1,1,1,1],[1,1,1,1,1,1],[1,1,1],[1,1,1,1,1,1,1],[],[1,1,1,1],[1,1,1],[1,1,1,1,1,1,1],[1,1,1,1,1,1,1],[1,1,1,1,1,1,1,1,1],[1],[1,1,1,1],[1,1,1],[1,1],[1,1,1,1,1,1,1],[1,1,1,1,1],[1,1,1],[1,1,1,1,1,1],[1,1,1],[1,1,1],[1],[1,1],[1,1,1,1],[1,1,1,1,1,1,1,1,1,1],[1,1,1,1],[1,1],[1,1],[1,1,1,1,1],[1,1,1],[1,1,1,1,1,1,1,1],[1,1,1,1,1],[1,1,1,1],[],[1,1,1],[1,1,1],[1,1,1,1,1,1],[1,1,1,1,1,1],[],[1,1,1,1,1],[1,1,1,1],[1,1],[1,1,1,1,1,1,1,1,1],[1,1,1],[1,1],[1,1,1,1,1],[1,1],[1,1],[1],[],[1,1,1,1,1],[1,1,1,1,1],[1,1,1,1],[1,1,1,1,1,1],[1,1,1,1,1,1],[1,1,1],[1,1,1],[1],[1],[1,1],[1],[1,1,1,1],[1,1,1,1,1,1,1],[1,1],[1],[1,1,1],[1,1,1,1],[1,1,1,1],[1,1],[1,1,1,1,1,1,1,1,1,1,1],[1,1,1,1,1],[1,1,1,1],[1,1,1,1,1,1,1],[1],[1],[1,1],[1,1,1],[],[1],[1,1],[2,1],[1,1],[1,1,1,1],[1],[1,1],[1,1],[1,1,1],[1],[1,1,1],[1,1,1,1],[],[],[1,1],[1,1,1,1],[1,1,1],[1,1,1,1],[1,1,1,1,1,1,1,1,1,1]];

processingTimesRunnables = [7,14,4,5,12,16,13,10,16,13,8,7,8,9,15,15,11,16,11,14,13,11,12,7,10,13,12,12,12,12,5,10,6,9,15,13,14,12,7,12,4,11,7,11,12,12,5,11,6,5,13,7,12,14,13,8,6,13,9,11,5,12,9,11,12,10,10,5,6,10,12,11,12,11,7,12,6,12,13,5,12,14,14,14,13,10,11,10,11,12,13,13,9,12,8,11,13,7,13,15,14,11,5,14,6,15,13,16,7,7,13,10,11,13,15,12,5,10,12,5,10,12,13,12,10,14,13,12,10,10,11,10,13,10,11,8,5,10,5,11,10,14,8,11,11,9,7,6,11,7,7,11,5,12,12,9,10,11,13,14,11,12,17,10,12,8,10,12,9,5,10,7,13,6,10,15,12,11,14,11,5,12,13,12,8,11,12,12,9,14,8,11,8,7,15,12,7,14,12,12,12,6,10,10,10,8,12,12,10,10,15,12,12,6,10,12,11,10,11,12,11,12,15,16,12,11,13,9,13,13,12,7,11,9,13,8,13,15,12,5,13,16,17,14,12,10,6,10,6,12,9,9,6,11,13,13,8,13,14,13,5,12,13,11,11,7,16,12,13,11,8,15,9,11,15,13,14,8,13,13,5,13,12,12,10,15,12,16,12,13,14,13,11,13,13,12,13,6,12,11,11,12,6,13,10,10,13,15,16,13,8,13,6,6,12,10,11,12,8,13,12,9,12,5,11,10,15,16,16,13,13,11,11,8,16,13,11,11,10,12,10,7,7,5,12,11,10,7,6,11,17,11,7,13,15,12,15,12,12,10,13,13,12,13,12,10,14,15,13,12,15,16,16,13,11,13,10,10,11,15,9,13,13,10,12,10,6,5,10,12,10,5,17,6,6,11,16,12,11,13,12,14,11,7,12,10,13,7,7,7,12,7,10,16,16,12,12,6,11,8,12,11,12,15,14,12,11,12,11,13,12,14,12,12,15,10,16,7,14,11,11,15,4,16,15,16,7,7,12,11,12,10,9,13,9,13,14,15,13,10,6,10,5,4,10,12,11,6,8,12,13,8,16,12,12,11,13,6,13,10,11,13,12,15,5,14,10,13,15,12,5,12,16,9,6,14,9,11,14,10];

periods = [20000,20000,20000,5000,20000,10000,100000,10000,20000,100000,100000,100000,20000,10000,100000,100000,1000,100000,2000,100000,20000,20000,10000,20000,20000,100000,100000,20000,5000,100000,10000,10000,100000,10000,10000,10000,100000,20000,10000,5000,100000,20000,20000,1000,20000,20000,10000,20000,2000,100000,10000,100000,10000,20000,100000,20000,100000,100000,20000,100000,100000,20000,20000,10000,20000,20000,10000,20000,100000,100000,1000,100000,100000,100000,10000,100000,10000,10000,50000,5000,20000,10000,20000,100000,100000,100000,10000,100000,20000,100000,5000,50000,10000,100000,1000,10000,10000,20000,10000,20000,20000,10000,1000,100000,100000,10000,10000,10000,10000,20000,10000,100000,20000,100000,10000,50000,10000,20000,20000,100000,100000,20000,20000,5000,10000,10000,20000,10000,20000,10000,10000,20000,20000,2000,10000,2000,20000,2000,10000,10000,1000,100000,10000,20000,10000,10000,10000,20000,100000,10000,10000,10000,10000,100000,100000,10000,100000,20000,10000,20000,20000,50000,100000,20000,100000,100000,100000,10000,10000,2000,10000,10000,20000,100000,5000,10000,10000,10000,20000,10000,10000,10000,100000,20000,1000,100000,20000,20000,2000,10000,10000,10000,100000,20000,20000,20000,100000,20000,100000,2000,1000,20000,100000,50000,100000,1000,5000,20000,20000,20000,10000,10000,100000,10000,5000,20000,10000,20000,10000,10000,100000,100000,10000,10000,10000,100000,50000,100000,2000,10000,100000,10000,10000,20000,20000,100000,100000,100000,100000,1000,10000,20000,10000,100000,20000,10000,100000,1000,20000,10000,20000,100000,20000,20000,100000,10000,1000,2000,2000,10000,20000,100000,2000,100000,10000,20000,10000,20000,10000,100000,10000,20000,10000,20000,10000,1000,100000,10000,20000,20000,10000,20000,50000,10000,100000,100000,5000,20000,10000,50000,10000,20000,10000,10000,100000,20000,20000,50000,20000,2000,1000,10000,20000,100000,50000,100000,10000,10000,20000,20000,10000,20000,100000,100000,10000,20000,10000,100000,10000,5000,10000,100000,2000,100000,5000,100000,100000,10000,10000,100000,1000,20000,1000,50000,20000,20000,20000,20000,20000,10000,100000,50000,20000,100000,5000,100000,100000,20000,100000,20000,100000,10000,2000,10000,10000,100000,100000,10000,20000,20000,2000,50000,20000,10000,10000,20000,10000,10000,100000,20000,20000,20000,20000,10000,20000,10000,100000,20000,100000,100000,100000,10000,10000,100000,20000,10000,10000,10000,100000,100000,1000,20000,10000,10000,100000,100000,10000,20000,100000,100000,10000,10000,10000,10000,10000,20000,50000,50000,1000,20000,20000,20000,100000,20000,10000,50000,10000,10000,100000,10000,20000,50000,20000,100000,20000,100000,100000,20000,10000,50000,10000,100000,20000,10000,10000,100000,20000,20000,10000,20000,100000,100000,10000,10000,100000,10000,20000,20000,10000,5000,10000,20000,10000,20000,5000,100000,100000,2000,100000,1000,10000,20000,20000,10000,20000,5000,100000,20000,2000,20000,100000,50000,5000,20000,10000,10000,10000,50000,20000,10000,100000,100000,10000,20000,100000,1000,20000,100000,50000,100000,50000,20000,1000,100000,10000,100000,10000,20000,100000,50000];

communicationTimeForOrderCriticalMessages = [1,1,1,1,1,1,1,1,1,1,1,1,1,1,1,1,1,1,1,1,1,1,1,1,1,1,1,1,1,1,1,1,1,1,1,1,1,1,1,1,1,1,1,1,1,1,1,1,1,2,1,1,1,1,1,2,1,1,1,1,1,1,1,1,1,1,1,1,1,1,1,1,1,1,1,1,1,2,1,1,1,1,1,1,1,1,1,1,2,1,1,1,1,1,1,1,1,1,1,1,1,1,1,1,1,1,1,1,1,1,1,1,1,1,1,1,1,1,1,1,1,1,1,1,1,1,1,1,1,1,1,1,1,1,1,1,1,1,1,1,1,1,1,1];

sizeOfRunnables = [700,1350,400,428,1195,1550,1233,960,1503,1203,728,608,728,820,1438,1480,1068,1560,1035,1303,1258,1023,1165,608,975,1253,1158,1173,1170,1158,435,955,578,803,1415,1290,1345,1148,640,1160,383,1020,633,1023,1140,1200,483,1095,520,488,1263,670,1125,1345,1240,798,580,1300,858,1005,443,1188,833,1020,1113,928,960,430,525,918,1148,1090,1195,1073,645,1113,520,1195,1290,430,1113,1323,1388,1305,1268,953,1095,960,1005,1178,1290,1295,848,1103,788,1065,1245,683,1210,1495,1333,1068,408,1345,570,1453,1285,1528,650,610,1245,970,1065,1253,1485,1148,430,903,1163,480,983,1158,1225,1160,953,1350,1245,1195,945,998,1030,963,1290,970,1073,715,453,990,483,1015,975,1308,753,1060,1023,880,655,558,1013,633,603,1088,473,1105,1173,840,968,1013,1210,1398,1098,1133,1615,968,1135,788,923,1150,810,405,975,648,1290,558,963,1448,1118,1095,1333,1043,463,1140,1268,1120,775,1073,1185,1120,885,1365,705,1008,773,648,1415,1200,658,1355,1170,1173,1148,580,970,968,918,758,1118,1148,975,940,1475,1113,1110,573,998,1110,1030,975,1058,1188,1075,1173,1410,1578,1180,1073,1215,885,1253,1290,1193,668,1083,803,1270,715,1298,1463,1178,413,1255,1595,1620,1303,1193,983,580,938,518,1178,833,835,573,1050,1238,1210,790,1255,1333,1260,413,1185,1255,1013,1035,683,1600,1188,1263,1028,735,1465,868,1043,1448,1275,1373,798,1238,1238,413,1290,1140,1120,985,1415,1125,1588,1178,1243,1340,1268,1088,1278,1278,1108,1270,553,1188,1023,1028,1148,533,1203,975,1000,1298,1425,1508,1243,743,1260,600,595,1173,983,1098,1188,768,1253,1178,878,1128,428,1043,940,1405,1583,1530,1245,1263,1020,1050,708,1563,1203,1003,1095,940,1165,970,675,603,450,1178,1073,998,663,575,1058,1610,1073,645,1283,1443,1170,1430,1155,1133,998,1215,1255,1200,1248,1118,963,1308,1463,1233,1135,1498,1503,1523,1243,1043,1290,930,998,1005,1448,833,1263,1233,938,1155,945,528,443,998,1185,945,490,1620,525,513,1095,1535,1165,1060,1275,1120,1393,1038,635,1133,975,1270,623,610,685,1170,618,950,1560,1578,1178,1148,543,1058,798,1193,1038,1188,1425,1398,1113,1075,1113,1008,1253,1103,1328,1158,1170,1465,953,1588,620,1323,1015,1013,1430,375,1518,1475,1600,663,655,1150,1095,1193,938,825,1238,865,1215,1305,1480,1290,993,553,975,488,378,970,1178,1015,555,735,1165,1285,775,1530,1195,1195,1015,1210,578,1258,955,1005,1225,1128,1438,445,1303,953,1225,1485,1150,498,1118,1563,858,585,1368,810,1035,1368,933];

SenderLabelReceiverOrderCriticalChains = [[328,550,0,0,464],[464,403,0,0,169],[169,506,0,0,355],[113,2845,0,0,425],[425,2326,0,0,299],[224,1430,0,0,135],[135,842,0,0,383],[383,3722,0,0,289],[343,1026,0,0,421],[421,2125,0,0,339],[339,1054,0,0,48],[36,1117,0,0,77],[77,2362,0,0,393],[393,648,0,0,358],[358,942,0,0,8],[275,218,0,0,434],[434,288,0,0,39],[39,202,1296,0,281],[281,2514,0,0,151],[483,2818,0,0,212],[212,3547,0,0,415],[415,1461,2217,0,126],[82,3231,0,0,401],[401,371,0,0,307],[389,342,0,0,400],[400,1851,2225,0,277],[280,2291,0,0,133],[133,454,0,0,448],[249,3028,0,0,42],[42,3178,0,0,63],[63,516,0,0,378],[38,3313,0,0,81],[81,947,0,0,195],[359,2434,0,0,373],[373,638,0,0,118],[118,496,0,0,160],[160,3055,0,0,65],[93,1767,0,0,275],[275,1103,0,0,402],[127,3886,0,0,56],[56,2502,0,0,129],[129,421,0,0,187],[196,922,0,0,45],[45,2601,0,0,218],[218,3471,0,0,173],[365,435,0,0,151],[151,681,0,0,480],[480,1960,0,0,401],[61,1137,0,0,104],[104,1376,0,0,205],[309,1808,0,0,492],[492,2172,0,0,164],[164,3920,0,0,371],[231,17,0,0,94],[94,3895,0,0,330],[330,992,0,0,304],[140,580,0,0,115],[115,1307,0,0,106],[106,1565,0,0,393],[393,273,0,0,475],[161,1315,0,0,411],[411,3607,0,0,280],[280,3318,0,0,310],[310,2236,0,0,487],[84,893,2375,0,238],[238,1944,0,0,154],[332,644,0,0,316],[316,3682,0,0,56],[385,1803,0,0,337],[337,2119,0,0,194],[463,947,0,0,428],[428,1062,0,0,132],[465,3573,0,0,2],[2,2622,0,0,398],[398,1469,0,0,3],[3,569,0,0,42],[404,85,0,0,147],[147,2843,0,0,31],[31,1836,0,0,451],[451,1381,0,0,403],[423,3739,0,0,187],[187,312,0,0,13],[467,3230,0,0,395],[395,2041,0,0,105],[105,3069,0,0,86],[86,1071,0,0,15],[21,52,0,0,137],[137,1656,0,0,421],[484,274,0,0,378],[378,634,0,0,268],[268,57,1834,0,56],[122,44,0,0,5],[5,1832,0,0,366],[366,1440,0,0,118],[118,873,0,0,89],[44,3253,0,0,141],[141,2759,0,0,206],[206,2854,0,0,201],[251,2981,0,0,68],[68,1290,0,0,38],[38,1445,0,0,370],[370,3296,0,0,425],[233,1616,0,0,317],[317,2826,0,0,211],[211,2243,0,0,96],[261,3977,0,0,242],[242,693,0,0,195],[98,2968,0,0,122],[122,790,0,0,245],[245,494,0,0,187],[187,2625,0,0,297],[32,2507,0,0,47],[47,982,0,0,358],[358,2970,0,0,217],[23,1181,0,0,315],[315,3027,0,0,75],[447,1794,0,0,423],[423,849,0,0,338],[159,2506,0,0,36],[36,2046,0,0,67],[67,1754,0,0,223],[223,844,0,0,145],[412,1981,0,0,468],[468,3133,0,0,188],[188,2591,0,0,366],[366,1640,0,0,279],[344,784,0,0,228],[228,2334,0,0,442],[267,2214,0,0,387],[387,967,0,0,67],[155,3130,0,0,11],[11,975,0,0,57],[57,1129,0,0,88],[336,735,0,0,411],[411,2709,0,0,303],[303,349,0,0,335],[156,2841,0,0,159],[159,1457,0,0,182],[458,1378,0,0,138],[138,964,2471,0,259],[259,858,0,0,323],[323,3982,0,0,229],[269,2572,0,0,146],[146,347,0,0,180]];

SenderLabelReceiverNonOrderCriticalChains = [[1,367,303],[1,1281,129],[1,3716,160],[1,3716,359],[1,3716,2],[1,3972,25],[2,316,3],[2,496,274],[2,496,160],[2,1139,208],[2,1765,348],[2,2093,340],[2,2622,398],[3,569,42],[3,814,5],[3,814,270],[3,1973,160],[3,3405,51],[3,3405,479],[4,180,66],[4,180,287],[4,528,97],[4,1136,69],[4,1136,287],[4,2190,6],[4,2301,310],[4,2593,282],[4,3933,51],[4,3933,334],[5,82,107],[5,82,22],[5,1472,484],[5,1687,59],[5,1832,366],[5,3952,440],[6,537,31],[6,2603,495],[6,2868,8],[6,2985,174],[6,2985,496],[6,3907,228],[6,3966,55],[6,3966,97],[7,996,46],[7,1136,69],[7,1136,287],[7,1955,10],[7,2366,27],[7,3082,74],[7,3818,341],[7,3948,396],[8,225,447],[8,1435,191],[8,2063,132],[8,2063,14],[9,1052,348],[9,2628,184],[9,2735,301],[9,2735,228],[9,2853,21],[9,3242,332],[9,3620,89],[9,3620,182],[10,106,112],[10,1866,351],[10,1866,493],[10,2310,389],[10,3004,15],[10,3055,237],[10,3055,452],[10,3055,65],[10,3055,481],[10,3900,415],[11,443,104],[11,705,27],[11,705,208],[11,705,352],[11,975,426],[11,975,57],[11,1109,193],[11,2374,205],[11,2374,144],[12,303,37],[12,1929,173],[12,3055,237],[12,3055,452],[12,3055,65],[12,3055,481],[12,3901,328],[12,3964,61],[12,3964,91],[13,153,78],[13,1710,114],[13,1710,315],[13,2149,28],[13,2149,452],[13,3381,66],[13,3381,337],[13,3501,22],[14,52,23],[14,52,137],[14,251,420],[14,251,47],[14,257,111],[14,257,186],[14,1058,125],[15,107,476],[15,910,387],[15,910,27],[15,1883,410],[15,1883,488],[15,2797,400],[16,471,168],[16,844,391],[16,844,145],[16,988,64],[16,2157,18],[16,3970,193],[17,1854,248],[17,1875,144],[17,1875,24],[17,2060,44],[17,2060,54],[17,2060,351],[17,2669,276],[17,3092,44],[17,3698,282],[17,3865,306],[18,74,225],[18,604,255],[18,857,247],[18,857,70],[18,857,293],[18,857,373],[18,916,226],[18,916,385],[18,1642,138],[18,1739,314],[18,3711,30],[19,190,138],[19,190,321],[19,2713,16],[19,3303,162],[19,3303,199],[20,173,356],[20,239,26],[20,840,167],[20,1257,262],[20,2289,295],[20,2289,400],[21,52,23],[21,52,137],[21,1826,244],[21,1826,24],[21,2187,426],[21,2507,316],[21,2507,47],[21,2796,122],[21,3543,198],[21,3543,424],[22,12,188],[22,12,448],[22,12,465],[22,2426,158],[22,3325,438],[22,3509,25],[23,1181,315],[23,1300,39],[23,2647,443],[23,2977,443],[23,3806,151],[24,684,423],[24,776,43],[24,960,307],[24,1394,332],[24,1394,391],[24,2260,160],[24,3688,454],[25,542,421],[25,1878,258],[25,1878,390],[25,2216,45],[25,3238,484],[26,1548,213],[26,2704,190],[26,2704,129],[26,2963,41],[27,63,294],[27,63,445],[27,1644,498],[27,1763,84],[27,2406,30],[27,3914,59],[27,3914,301],[28,465,125],[28,2447,45],[28,2750,378],[28,3055,237],[28,3055,452],[28,3055,65],[28,3055,481],[28,3270,356],[29,89,450],[29,580,449],[29,580,115],[29,580,287],[29,920,207],[29,1354,55],[29,1354,150],[29,1354,439],[29,1947,40],[29,2979,244],[29,2979,450],[29,3463,284],[29,3677,217],[30,956,416],[30,1454,260],[30,1454,380],[30,1454,490],[30,1779,57],[30,3776,41],[30,3776,353],[30,3776,494],[30,3930,199],[30,3930,451],[31,209,368],[31,1836,451],[31,3299,113],[31,3299,32],[31,3299,464],[31,3299,497],[31,3663,461],[32,1180,106],[32,2370,333],[32,2434,109],[32,2434,373],[32,2507,316],[32,2507,47],[32,2626,260],[32,3990,237],[32,3990,66],[32,3990,73],[33,1652,467],[33,2285,377],[33,2372,357],[33,2972,52],[33,3123,84],[34,267,36],[34,421,53],[34,421,187],[34,1543,140],[34,2022,271],[34,2022,363],[34,2022,315],[34,2501,280],[34,2695,146],[34,3736,346],[34,3736,75],[35,1742,358],[35,1750,151],[35,1834,56],[35,1834,95],[35,1834,39],[35,2023,415],[35,2023,420],[35,2262,268],[35,2296,92],[35,2296,182],[35,3831,77],[36,1117,77],[36,1117,302],[36,1455,96],[36,1758,96],[36,2046,67],[37,284,330],[37,449,69],[37,927,327],[37,1078,197],[37,1078,357],[37,3393,50],[38,494,382],[38,494,187],[38,1445,370],[38,2613,59],[38,2691,179],[38,2691,382],[38,3224,155],[38,3313,81],[39,156,51],[39,202,281],[39,202,444],[39,202,439],[39,1296,281],[40,170,97],[40,1051,320],[40,1403,452],[40,1411,325],[40,1843,466],[40,1970,91],[41,559,222],[41,559,254],[41,2601,50],[41,2601,218],[41,2601,205],[41,2718,103],[41,2718,488],[41,2942,470],[41,2942,178],[41,3223,52],[42,551,16],[42,2143,43],[42,3178,63],[42,3695,377],[43,774,65],[43,1464,123],[43,2056,147],[43,2060,44],[43,2060,54],[43,2060,351],[44,851,247],[44,851,499],[44,1928,71],[44,2361,331],[44,3253,75],[44,3253,141],[44,3549,37],[45,231,88],[45,231,407],[45,1760,48],[45,1992,266],[45,2033,93],[45,2033,140],[45,2601,50],[45,2601,218],[45,2601,205],[46,833,421],[46,1270,213],[46,1270,253],[46,1662,266],[46,1662,491],[46,2063,132],[46,2063,14],[47,5,64],[47,982,469],[47,982,358],[47,982,432],[47,2042,57],[47,3175,483],[47,3175,494],[48,350,65],[48,1713,230],[48,1713,189],[48,2315,49],[49,80,170],[49,2195,264],[49,2811,67],[49,2897,358],[49,2897,241],[49,3152,119],[49,3152,305],[49,3702,323],[50,517,266],[50,517,467],[50,1465,346],[50,1465,57],[50,1852,74],[50,2460,360],[50,3611,344],[50,3837,453],[51,1,168],[51,1,289],[51,1,454],[51,3307,117],[51,3385,469],[51,3785,87],[51,3785,398],[51,3856,244],[52,1828,114],[52,3074,180],[52,3074,369],[52,3074,477],[52,3990,237],[52,3990,66],[52,3990,73],[53,462,376],[53,1842,128],[53,1842,447],[53,2743,64],[53,3781,159],[53,3787,146],[53,3787,130],[53,3854,354],[54,754,106],[54,897,411],[54,1150,152],[54,1150,407],[54,2096,60],[54,2151,370],[54,2986,101],[54,2986,490],[54,3095,66],[54,3095,235],[55,1339,333],[55,1511,326],[55,1511,90],[55,1511,371],[55,2751,167],[55,2751,405],[55,2819,369],[55,2819,186],[55,3126,61],[56,9,110],[56,772,219],[56,772,333],[56,2502,129],[56,2842,114],[56,2842,200],[56,3056,497],[57,1129,389],[57,1129,445],[57,1129,88],[57,1646,70],[57,2212,81],[58,12,188],[58,12,448],[58,12,465],[58,37,327],[58,94,348],[58,772,219],[58,772,333],[58,1413,148],[58,1413,345],[58,2037,121],[58,2374,205],[58,2374,144],[58,3547,415],[58,3547,376],[59,556,81],[59,1704,122],[59,2723,19],[59,3203,203],[59,3411,62],[60,1498,93],[60,1498,104],[60,1595,402],[60,1595,420],[60,2019,76],[60,2135,122],[60,2148,437],[60,2148,336],[60,2888,394],[60,2888,351],[60,2888,222],[61,1137,104],[61,1536,100],[61,2152,76],[61,2152,257],[61,2307,279],[61,2971,283],[61,2971,159],[61,2971,481],[61,3031,341],[62,1483,276],[62,1539,280],[62,2077,210],[62,2470,251],[62,2517,379],[62,2872,137],[63,128,129],[63,516,378],[63,1005,462],[63,1753,292],[63,3034,165],[64,123,99],[64,2183,226],[64,2183,111],[64,3511,278],[64,3930,199],[64,3930,451],[65,104,265],[65,180,66],[65,180,287],[65,1895,253],[65,2712,181],[65,3074,180],[65,3074,369],[65,3074,477],[66,2334,434],[66,2334,442],[66,2687,266],[66,3181,94],[67,220,172],[67,1212,100],[67,1212,102],[67,1212,378],[67,1754,223],[67,1834,56],[67,1834,95],[67,1834,39],[68,1049,8],[68,1290,38],[68,3166,101],[68,3233,41],[68,3863,198],[69,384,179],[69,1576,74],[69,2481,105],[69,3436,134],[69,3436,388],[69,3899,304],[70,348,69],[70,348,72],[70,348,237],[70,806,166],[70,1395,257],[70,1424,151],[70,2582,154],[71,540,276],[71,994,82],[71,2113,72],[71,2152,76],[71,2152,257],[71,3816,135],[72,546,343],[72,546,393],[72,877,205],[72,1343,76],[72,1343,146],[72,1482,337],[72,1482,186],[72,2179,492],[72,2522,411],[72,2522,241],[73,912,74],[73,912,473],[73,1099,400],[73,1099,450],[74,1405,100],[74,1405,85],[74,1802,4],[74,2522,411],[74,2522,241],[74,2880,120],[75,1016,212],[75,1016,410],[75,1678,340],[75,3237,495],[75,3237,78],[76,55,139],[76,55,344],[76,2305,192],[76,2400,19],[76,2400,67],[77,955,442],[77,1459,82],[77,1831,224],[77,1831,422],[77,1831,323],[77,2362,393],[77,2645,358],[77,3428,307],[77,3428,150],[78,1072,453],[78,2304,301],[78,3191,80],[78,3787,146],[78,3787,130],[79,1933,338],[79,1953,99],[79,2935,92],[79,3810,410],[79,3810,418],[80,177,175],[80,194,287],[80,382,287],[80,912,74],[80,912,473],[80,1413,148],[80,1413,345],[80,2599,124],[80,3049,287],[81,947,428],[81,947,195],[81,1309,447],[81,1463,152],[81,2581,118],[82,726,125],[82,1544,177],[82,1544,96],[82,3231,401],[82,3231,402],[82,3397,101],[83,149,19],[83,149,297],[83,1274,236],[83,1851,459],[83,1851,400],[83,2378,440],[83,3152,119],[83,3152,305],[83,3214,279],[83,3273,375],[84,339,249],[84,339,324],[84,893,238],[84,2229,375],[84,2375,238],[84,2704,190],[84,2704,129],[84,3355,247],[85,1008,101],[85,1238,90],[85,2514,178],[85,2514,151],[85,3140,248],[85,3140,325],[85,3208,14],[86,317,120],[86,317,413],[86,317,453],[86,317,223],[86,318,306],[86,843,88],[86,1071,15],[86,1241,79],[87,675,321],[87,964,136],[87,964,259],[87,964,278],[87,964,286],[87,964,488],[87,1343,76],[87,1343,146],[87,2050,456],[87,2170,498],[87,2550,102],[87,3796,212],[88,43,90],[88,1981,313],[88,1981,468],[88,1981,369],[88,2993,105],[88,3447,274],[88,3447,398],[88,3447,432],[89,1399,98],[89,1399,298],[89,1567,180],[89,1601,244],[89,1601,115],[89,2386,280],[89,2386,296],[89,2946,487],[89,3095,66],[89,3095,235],[90,884,94],[90,2261,357],[90,2859,382],[90,3058,382],[91,1036,408],[91,1036,217],[91,2510,171],[91,2510,477],[91,2964,450],[92,31,352],[92,31,143],[92,2119,305],[92,2119,194],[92,3461,116],[92,3964,61],[92,3964,91],[93,497,97],[93,1767,105],[93,1767,275],[93,3032,224],[93,3032,168],[93,3635,365],[93,3635,441],[93,3838,284],[93,3838,453],[93,3838,187],[94,1767,105],[94,1767,275],[94,2458,497],[94,2458,459],[94,2482,413],[94,3895,330],[95,745,103],[95,799,240],[95,799,20],[95,976,185],[95,1906,206],[95,3493,398],[96,593,494],[96,593,348],[96,1020,26],[96,3730,284],[96,3730,126],[96,3795,480],[97,760,196],[97,922,45],[97,922,288],[97,922,374],[97,1562,135],[97,1749,294],[98,297,415],[98,1441,385],[98,2321,75],[98,2968,122],[98,3716,160],[98,3716,359],[98,3716,2],[98,3802,100],[99,523,152],[99,654,111],[99,654,413],[99,654,492],[99,1860,355],[99,3748,387],[99,3748,40],[99,3885,180],[99,3885,226],[100,333,125],[100,2172,219],[100,2172,164],[100,3331,364],[100,3331,216],[100,3872,147],[101,2048,479],[101,2048,110],[101,2296,92],[101,2296,182],[101,3598,26],[101,3835,140],[102,919,422],[102,919,31],[102,1329,250],[102,2058,117],[102,2480,117],[102,3906,127],[102,3906,407],[102,3923,152],[103,1840,203],[103,1840,181],[103,1840,46],[103,2521,185],[103,2744,20],[103,3847,141],[104,1212,100],[104,1212,102],[104,1212,378],[104,1376,205],[104,2051,455],[104,3180,306],[105,1228,39],[105,2353,239],[105,3069,86],[105,3096,120],[106,186,278],[106,458,168],[106,1565,486],[106,1565,393],[106,2971,283],[106,2971,159],[106,2971,481],[107,1088,111],[107,1764,281],[107,2730,94],[107,2781,171],[107,2781,374],[107,2843,31],[107,2843,88],[107,3112,175],[108,212,147],[108,487,145],[108,910,387],[108,910,27],[108,1183,79],[108,1183,194],[108,2343,328],[108,2739,404],[108,3334,328],[108,3942,499],[109,860,73],[109,860,384],[109,1041,43],[109,1041,463],[109,1358,126],[109,1358,403],[109,1358,490],[109,2271,442],[109,3173,439],[110,348,69],[110,348,72],[110,348,237],[110,1449,129],[110,1643,297],[110,2737,384],[110,2989,464],[110,2989,161],[111,835,375],[111,835,444],[111,1186,131],[111,3748,387],[111,3748,40],[112,890,149],[112,972,470],[112,1053,442],[112,1099,400],[112,1099,450],[112,1453,381],[112,3967,123],[113,921,470],[113,1250,418],[113,1250,478],[113,2586,127],[113,2602,139],[113,2602,484],[113,2845,425],[113,3370,119],[113,3558,261],[113,3558,139],[114,822,483],[114,822,465],[114,2718,103],[114,2718,488],[114,2988,63],[115,181,236],[115,357,433],[115,686,104],[115,1307,106],[115,1509,143],[115,2320,152],[116,351,431],[116,351,472],[116,652,162],[116,1954,412],[116,1954,432],[116,2040,283],[116,3982,469],[116,3982,229],[117,168,143],[117,1225,60],[117,1225,48],[117,1225,249],[117,1921,126],[117,2683,152],[117,3184,402],[117,3184,152],[117,3184,347],[118,496,274],[118,496,160],[118,873,57],[118,873,89],[118,2981,68],[118,2981,339],[118,3150,191],[118,3150,129],[118,3281,288],[119,418,417],[119,418,230],[119,1062,132],[119,1062,280],[119,1163,158],[119,1163,116],[119,1163,463],[119,1176,412],[119,1613,463],[119,2823,137],[120,2234,498],[120,2234,203],[120,2248,377],[120,2451,34],[120,2451,193],[120,3287,468],[121,241,131],[121,241,348],[121,418,417],[121,418,230],[121,993,201],[121,993,356],[121,1098,306],[121,1098,485],[121,1098,285],[121,1425,471],[121,2537,239],[122,44,5],[122,790,245],[122,1482,337],[122,1482,186],[122,2837,279],[123,454,209],[123,454,448],[123,2101,154],[123,2127,221],[123,2127,191],[123,3179,196],[124,716,320],[124,973,345],[124,973,395],[124,1437,184],[124,1968,325],[124,2154,175],[124,2610,178],[124,3497,384],[124,3497,450],[125,1989,136],[125,2291,133],[125,2291,46],[125,3217,206],[125,3217,354],[126,1504,110],[126,2217,415],[126,2971,283],[126,2971,159],[126,2971,481],[126,3371,130],[127,951,167],[127,1179,382],[127,3318,310],[127,3318,188],[127,3886,56],[128,331,139],[128,600,466],[128,600,496],[128,1849,152],[128,2148,437],[128,2148,336],[128,2177,135],[128,2234,498],[128,2234,203],[129,421,53],[129,421,187],[129,525,9],[129,525,173],[130,249,140],[130,437,253],[130,601,355],[130,2877,172],[130,3147,353],[131,1042,352],[131,1096,176],[131,1096,482],[131,1358,126],[131,1358,403],[131,1358,490],[131,1579,452],[131,1579,19],[131,3674,397],[132,1769,95],[132,2272,288],[132,2272,437],[132,2660,459],[132,2842,114],[132,2842,200],[132,3680,216],[132,3680,292],[132,3765,190],[133,454,209],[133,454,448],[133,668,332],[133,1226,412],[133,1645,339],[133,3109,347],[133,3109,158],[133,3632,12],[134,798,458],[134,803,323],[134,1172,196],[134,3299,113],[134,3299,32],[134,3299,464],[134,3299,497],[134,3496,136],[134,3654,258],[134,3862,47],[135,259,225],[135,842,383],[135,944,388],[135,944,342],[135,1294,1],[136,697,423],[136,697,274],[136,2648,258],[136,2648,205],[136,3714,103],[136,3714,318],[136,3740,189],[137,24,161],[137,1011,463],[137,1656,421],[137,1875,144],[137,1875,24],[137,3158,138],[138,964,136],[138,964,259],[138,964,278],[138,964,286],[138,964,488],[138,2471,269],[138,2471,259],[138,2512,170],[138,2612,82],[139,2080,462],[139,2901,76],[139,3195,147],[139,3195,409],[139,3838,284],[139,3838,453],[139,3838,187],[140,580,449],[140,580,115],[140,580,287],[140,1570,232],[140,3747,172],[141,134,345],[141,134,424],[141,993,201],[141,993,356],[141,2035,301],[141,2759,206],[142,464,81],[142,464,395],[142,464,164],[142,851,247],[142,851,499],[142,1725,410],[142,1736,425],[142,1736,481],[142,2006,471],[142,2386,280],[142,2386,296],[143,964,136],[143,964,259],[143,964,278],[143,964,286],[143,964,488],[143,2595,156],[144,3,340],[144,62,210],[144,148,12],[144,148,273],[144,705,27],[144,705,208],[144,705,352],[144,2074,288],[145,424,430],[145,2424,268],[145,3730,284],[145,3730,126],[146,347,180],[146,2196,208],[146,3817,278],[146,3866,397],[147,1615,234],[147,1615,39],[147,2843,31],[147,2843,88],[148,263,477],[148,1630,409],[148,1630,48],[148,1995,140],[148,2091,218],[148,2091,73],[148,3104,360],[148,3231,401],[148,3231,402],[148,3679,99],[148,3679,462],[149,189,155],[149,709,334],[149,709,488],[149,775,456],[149,1743,466],[150,1087,166],[150,1640,212],[150,1640,279],[150,2100,364],[150,2126,159],[150,2822,495],[151,399,220],[151,399,277],[151,681,480],[153,1700,264],[153,1700,234],[153,1700,270],[153,2062,377],[153,2062,276],[153,2471,269],[153,2471,259],[153,3048,365],[153,3436,134],[153,3436,388],[153,3662,401],[153,3902,307],[153,3902,357],[154,544,492],[154,544,125],[154,1131,279],[154,1131,349],[154,2283,498],[155,600,466],[155,600,496],[155,688,384],[155,2380,203],[155,3130,11],[155,3536,143],[156,453,376],[156,1811,168],[156,2678,269],[156,2841,159],[156,2841,275],[156,2841,247],[156,3279,280],[157,15,493],[157,55,139],[157,55,344],[157,317,120],[157,317,413],[157,317,453],[157,317,223],[157,860,73],[157,860,384],[157,1866,351],[157,1866,493],[157,3271,303],[157,3337,163],[157,3337,294],[157,3680,216],[157,3680,292],[158,2602,139],[158,2602,484],[158,2911,261],[158,2911,71],[159,1225,60],[159,1225,48],[159,1225,249],[159,1457,182],[159,1997,177],[159,2506,36],[160,12,188],[160,12,448],[160,12,465],[160,227,475],[160,3055,237],[160,3055,452],[160,3055,65],[160,3055,481],[160,3812,463],[161,135,309],[161,1315,411],[161,2346,373],[161,2619,437],[161,3858,10],[162,1438,290],[162,1902,489],[162,2390,22],[162,2390,403],[162,2657,334],[162,2714,221],[162,2714,13],[162,3608,227],[163,1944,154],[163,1944,263],[163,2043,158],[163,2043,304],[163,2043,320],[163,2832,291],[163,2832,257],[163,3124,173],[163,3843,265],[163,3843,292],[163,3933,51],[163,3933,334],[164,204,332],[164,204,429],[164,514,438],[164,514,141],[164,2738,254],[164,3378,406],[164,3378,474],[164,3920,371],[165,857,247],[165,857,70],[165,857,293],[165,857,373],[165,1096,176],[165,1096,482],[165,1098,306],[165,1098,485],[165,1098,285],[165,1268,376],[165,1268,458],[165,2090,354],[165,2710,243],[165,2710,313],[165,3184,402],[165,3184,152],[165,3184,347],[166,359,250],[166,640,474],[166,640,19],[166,1183,79],[166,1183,194],[166,1469,326],[166,1469,3],[166,1498,93],[166,1498,104],[166,2268,204],[167,1490,445],[167,1578,44],[167,2232,42],[168,2078,181],[168,2524,83],[168,3734,142],[169,19,480],[169,506,355],[169,1756,298],[169,1837,234],[169,1840,203],[169,1840,181],[169,1840,46],[170,1713,230],[170,1713,189],[170,1922,229],[170,2238,378],[170,2941,91],[170,2941,232],[170,3232,123],[171,498,232],[171,903,217],[171,1250,418],[171,1250,478],[171,3649,486],[171,3649,461],[172,111,407],[172,2103,179],[172,2887,494],[172,3237,495],[172,3237,78],[172,3284,267],[172,3284,306],[172,3284,373],[173,217,471],[173,1260,188],[173,1771,470],[174,117,346],[174,447,436],[174,964,136],[174,964,259],[174,964,278],[174,964,286],[174,964,488],[174,1884,33],[174,1884,222],[174,3169,350],[174,3419,277],[175,2043,158],[175,2043,304],[175,2043,320],[175,3373,70],[175,3373,325],[175,3691,450],[175,3956,455],[176,476,158],[176,476,208],[176,1976,240],[176,1976,331],[176,3107,368],[176,3303,162],[176,3303,199],[176,3337,163],[176,3337,294],[176,3889,452],[176,3889,317],[177,691,308],[177,1630,409],[177,1630,48],[177,2488,355],[177,3217,206],[177,3217,354],[178,137,383],[178,351,431],[178,351,472],[178,788,243],[178,1555,353],[178,1856,429],[178,1856,308],[179,809,448],[179,1937,282],[179,1937,375],[179,2941,91],[179,2941,232],[179,2951,394],[179,2951,167],[179,3910,253],[180,1378,138],[180,1378,220],[180,1797,418],[180,1878,258],[180,1878,390],[180,3364,243],[181,143,418],[181,1565,486],[181,1565,393],[181,1662,266],[181,1662,491],[182,113,211],[182,1480,468],[182,3084,248],[182,3084,339],[183,525,9],[183,525,173],[183,941,193],[183,941,454],[183,1129,389],[183,1129,445],[183,1129,88],[183,1255,209],[183,3047,207],[183,3081,488],[183,3894,6],[184,1842,128],[184,1842,447],[184,2381,187],[184,2650,348],[184,3129,177],[184,3129,491],[184,3820,375],[185,187,460],[185,187,404],[185,489,436],[185,1637,234],[185,2012,240],[185,2917,299],[185,3187,169],[186,348,69],[186,348,72],[186,348,237],[186,814,5],[186,814,270],[186,1791,192],[186,2120,392],[186,2120,228],[187,312,13],[187,2625,237],[187,2625,297],[187,2932,254],[187,2932,498],[188,2591,366],[188,2860,73],[188,2985,174],[188,2985,496],[188,3572,198],[188,3572,379],[189,527,95],[189,1144,229],[189,1389,259],[189,3008,295],[189,3445,190],[190,81,365],[190,812,356],[190,2751,167],[190,2751,405],[190,2897,358],[190,2897,241],[190,3403,191],[191,558,21],[191,896,203],[191,896,314],[191,896,496],[191,1013,114],[191,1537,5],[192,711,249],[192,2023,415],[192,2023,420],[192,2075,214],[192,2731,409],[192,3022,328],[193,204,332],[193,204,429],[193,1532,380],[193,2405,221],[193,2405,464],[194,276,372],[194,1615,234],[194,1615,39],[194,1700,264],[194,1700,234],[194,1700,270],[194,1948,480],[194,2614,359],[195,16,380],[195,195,292],[195,948,488],[195,1728,272],[195,1780,210],[195,2682,415],[196,922,45],[196,922,288],[196,922,374],[196,2532,234],[196,2902,296],[197,1213,442],[197,1823,92],[197,1985,244],[197,1985,322],[197,2951,394],[197,2951,167],[197,3469,175],[197,3656,426],[198,269,208],[198,290,438],[198,1093,438],[198,1093,64],[198,2589,202],[198,3491,210],[199,399,220],[199,399,277],[199,1305,327],[199,1342,438],[199,1826,244],[199,1826,24],[200,112,323],[200,1363,229],[200,1889,263],[200,2469,229],[200,2851,229],[200,3809,133],[201,727,35],[201,1132,257],[201,1487,1],[201,1721,173],[201,1976,240],[201,1976,331],[202,559,222],[202,559,254],[202,1525,292],[202,1583,272],[202,2018,210],[202,2776,242],[202,3367,469],[203,588,170],[203,588,250],[203,1916,109],[203,2979,244],[203,2979,450],[204,765,305],[204,1881,472],[204,2123,227],[204,2253,283],[204,2667,334],[204,3860,416],[205,709,334],[205,709,488],[205,1830,8],[205,3341,330],[206,974,225],[206,1838,489],[206,1838,257],[206,2571,409],[206,2854,201],[207,340,325],[207,2863,450],[207,2888,394],[207,2888,351],[207,2888,222],[207,3140,248],[207,3140,325],[207,3304,392],[207,3482,466],[208,3103,396],[208,3780,372],[209,970,421],[209,2120,392],[209,2120,228],[209,2324,261],[209,2752,317],[209,2752,249],[210,373,350],[210,2007,364],[210,3878,312],[211,1341,399],[211,1341,431],[211,1434,183],[211,2060,44],[211,2060,54],[211,2060,351],[211,2243,96],[211,3073,232],[211,3363,63],[212,1156,194],[212,3012,307],[212,3284,267],[212,3284,306],[212,3284,373],[212,3547,415],[212,3547,376],[213,20,42],[213,20,151],[213,38,238],[213,1605,228],[213,2965,494],[213,3885,180],[213,3885,226],[214,799,240],[214,799,20],[214,1206,423],[214,3084,248],[214,3084,339],[214,3819,307],[214,3926,484],[215,134,345],[215,134,424],[215,251,420],[215,251,47],[215,435,320],[215,435,151],[215,2057,320],[215,2936,325],[215,3563,296],[216,257,111],[216,257,186],[216,1019,468],[216,1056,268],[216,2990,326],[216,3810,410],[216,3810,418],[217,1446,255],[217,1446,485],[217,1770,225],[217,2207,426],[218,56,448],[218,1232,120],[218,2416,363],[218,2648,258],[218,2648,205],[218,3471,173],[218,3658,492],[219,1050,354],[219,1050,8],[219,2127,221],[219,2127,191],[219,2903,267],[219,3118,260],[219,3118,433],[219,3186,276],[220,121,269],[220,717,199],[220,717,474],[220,1341,399],[220,1341,431],[220,1554,15],[220,1554,214],[220,1874,272],[220,3184,402],[220,3184,152],[220,3184,347],[221,493,326],[221,2455,389],[221,2814,242],[221,3330,37],[221,3330,176],[221,3843,265],[221,3843,292],[222,1075,456],[222,1075,436],[222,1880,339],[222,2194,357],[222,3897,23],[223,216,368],[223,491,85],[223,844,391],[223,844,145],[223,928,329],[223,2022,271],[223,2022,363],[223,2022,315],[223,3713,495],[224,57,314],[224,57,467],[224,1430,135],[224,2337,239],[224,2559,25],[224,3041,225],[224,3391,277],[225,2508,71],[225,2710,243],[225,2710,313],[225,3609,294],[226,1668,235],[226,2147,164],[226,2431,238],[226,3386,231],[226,3386,483],[227,831,491],[227,1665,290],[227,1927,478],[227,2222,111],[227,3091,435],[227,3517,407],[228,1131,279],[228,1131,349],[228,2334,434],[228,2334,442],[228,3736,346],[228,3736,75],[229,2436,258],[229,2548,123],[230,28,267],[230,364,430],[230,3037,475],[231,17,94],[231,663,369],[231,663,490],[231,1017,295],[231,1601,244],[231,1601,115],[231,3382,252],[231,3628,233],[232,1579,452],[232,1579,19],[232,2161,393],[232,2578,284],[232,3372,9],[233,131,167],[233,131,321],[233,131,370],[233,169,263],[233,612,449],[233,1616,317],[233,2577,354],[234,1369,361],[234,2048,479],[234,2048,110],[235,138,474],[235,979,310],[235,1040,448],[235,1888,226],[236,1104,400],[236,1681,441],[236,1681,130],[236,1938,389],[236,2095,255],[236,2714,221],[236,2714,13],[237,1098,306],[237,1098,485],[237,1098,285],[237,1674,201],[237,3137,342],[238,733,442],[238,733,149],[238,1944,154],[238,1944,263],[238,3362,285],[239,902,255],[239,902,431],[239,982,469],[239,982,358],[239,982,432],[239,2449,494],[239,2449,322],[239,2554,399],[239,2554,459],[239,2799,259],[240,828,147],[240,2033,93],[240,2033,140],[240,2149,28],[240,2149,452],[240,2905,263],[240,3290,209],[241,25,246],[241,148,12],[241,148,273],[241,1190,331],[241,1863,275],[241,1903,267],[241,1903,386],[241,2369,444],[242,693,305],[242,693,195],[242,2088,256],[242,2942,470],[242,2942,178],[242,3032,224],[242,3032,168],[242,3990,237],[242,3990,66],[242,3990,73],[243,1466,121],[243,1491,415],[243,2740,405],[243,3368,346],[243,3486,444],[244,2054,344],[245,494,382],[245,494,187],[245,1037,33],[245,1302,156],[245,1302,338],[245,2825,266],[245,3560,282],[246,1171,311],[246,2082,256],[246,2604,360],[246,2962,184],[246,2970,364],[246,2970,217],[246,3822,26],[247,933,341],[247,2330,93],[247,2554,399],[247,2554,459],[247,2697,351],[247,2697,355],[248,1394,332],[248,1394,391],[248,2711,460],[248,2735,301],[248,2735,228],[248,3944,401],[248,3944,309],[248,3944,409],[249,1654,154],[249,3028,42],[249,3558,261],[249,3558,139],[250,398,307],[250,466,106],[250,466,461],[250,1452,281],[250,1710,114],[250,1710,315],[250,2529,11],[251,1,168],[251,1,289],[251,1,454],[251,2272,288],[251,2272,437],[251,2466,12],[251,2466,171],[251,2573,136],[251,2981,68],[251,2981,339],[251,3269,142],[252,703,467],[252,1085,285],[252,1407,350],[252,1707,264],[252,2092,456],[252,2679,326],[252,3327,356],[253,83,20],[253,1351,346],[253,2412,313],[254,544,492],[254,544,125],[254,1864,361],[254,2798,261],[254,3426,495],[254,3426,449],[255,2848,294],[255,2849,295],[255,3262,309],[255,3497,384],[255,3497,450],[256,1399,98],[256,1399,298],[256,1783,79],[256,2306,401],[256,2827,448],[256,3225,317],[256,3850,340],[257,1348,384],[257,1348,208],[257,1496,90],[257,3584,153],[258,1268,376],[258,1268,458],[258,2309,300],[258,3210,300],[259,858,323],[259,1216,458],[259,1859,235],[259,3019,300],[260,580,449],[260,580,115],[260,580,287],[260,815,1],[260,815,475],[260,3330,37],[260,3330,176],[260,3670,455],[260,3670,271],[261,2788,425],[261,2788,337],[261,2788,464],[261,2788,477],[261,3596,335],[261,3596,433],[261,3977,242],[262,1626,324],[262,1700,264],[262,1700,234],[262,1700,270],[262,1972,496],[262,2062,377],[262,2062,276],[262,2140,306],[262,2464,445],[262,2696,43],[263,238,353],[263,1173,458],[263,1831,224],[263,1831,422],[263,1831,323],[263,2733,163],[263,2733,300],[264,339,249],[264,339,324],[264,1759,354],[264,1759,378],[264,3741,381],[265,1039,367],[265,1039,155],[265,1278,238],[265,2475,76],[265,2693,315],[265,3366,291],[266,1055,427],[266,1055,487],[266,3090,484],[266,3090,36],[267,793,284],[267,2214,387],[267,3776,41],[267,3776,353],[267,3776,494],[268,57,314],[268,57,467],[268,400,26],[268,998,335],[268,1834,56],[268,1834,95],[268,1834,39],[269,317,120],[269,317,413],[269,317,453],[269,317,223],[269,476,158],[269,476,208],[269,1546,396],[269,2572,146],[269,2572,309],[270,363,442],[270,650,327],[270,896,203],[270,896,314],[270,896,496],[270,1078,197],[270,1078,357],[270,2130,286],[270,2255,327],[271,129,424],[271,1787,418],[271,2780,394],[271,2832,291],[271,2832,257],[271,3113,311],[271,3620,89],[271,3620,182],[272,514,438],[272,514,141],[272,627,468],[272,2579,462],[272,3476,274],[272,3476,416],[272,3823,363],[273,617,355],[273,1752,302],[273,2525,342],[273,2664,464],[273,2707,344],[273,2707,372],[273,2973,311],[274,595,145],[274,1371,406],[274,3849,281],[274,3849,487],[275,218,434],[275,1103,402],[275,2259,451],[275,3241,351],[276,116,182],[276,466,106],[276,466,461],[276,917,319],[277,133,156],[277,1851,459],[277,1851,400],[277,3381,66],[277,3381,337],[278,714,374],[278,1060,289],[278,3880,328],[279,131,167],[279,131,321],[279,131,370],[279,2748,91],[279,3428,307],[279,3428,150],[280,2291,133],[280,2291,46],[280,3318,310],[280,3318,188],[281,2089,342],[281,2514,178],[281,2514,151],[282,1030,469],[282,1544,177],[282,1544,96],[282,1759,354],[282,1759,378],[282,2928,392],[283,29,141],[283,2242,407],[283,3261,213],[283,3944,401],[283,3944,309],[283,3944,409],[284,1688,321],[285,1981,313],[285,1981,468],[285,1981,369],[285,2753,429],[285,2931,377],[286,916,226],[286,916,385],[286,952,411],[286,1348,384],[286,1348,208],[286,1448,14],[286,1977,209],[287,402,52],[287,402,314],[287,2745,28],[288,546,343],[288,546,393],[288,2531,230],[288,3016,479],[288,3106,269],[289,2560,444],[289,2791,329],[289,2881,302],[289,3635,365],[289,3635,441],[290,693,305],[290,693,195],[290,746,422],[290,748,463],[290,1150,152],[290,1150,407],[290,2542,298],[290,3415,430],[291,1184,475],[291,1768,404],[291,1962,249],[291,2846,429],[291,3733,402],[291,3870,98],[292,40,343],[292,1302,156],[292,1302,338],[292,1717,15],[293,63,294],[293,63,445],[293,654,111],[293,654,413],[293,654,492],[293,1903,267],[293,1903,386],[293,2273,431],[293,2752,317],[293,2752,249],[294,1275,417],[294,2025,382],[295,1954,412],[295,1954,432],[295,3643,369],[295,3914,59],[295,3914,301],[296,354,143],[296,835,375],[296,835,444],[296,870,392],[296,1650,310],[296,2572,146],[296,2572,309],[297,1036,408],[297,1036,217],[297,1233,426],[297,2400,19],[297,2400,67],[297,3805,411],[298,149,19],[298,149,297],[298,539,478],[298,944,388],[298,944,342],[298,999,491],[298,2841,159],[298,2841,275],[298,2841,247],[299,288,286],[299,288,39],[299,375,398],[299,1737,463],[299,3142,470],[299,3489,310],[299,3503,371],[300,904,353],[300,1634,361],[300,2036,375],[300,3975,48],[301,1625,215],[301,2831,245],[301,3551,230],[302,1039,367],[302,1039,155],[302,2396,55],[302,2691,179],[302,2691,382],[302,3541,260],[302,3541,464],[303,349,335],[303,349,365],[303,674,452],[303,1222,312],[303,1511,326],[303,1511,90],[303,1511,371],[303,2397,222],[304,1006,426],[304,1816,25],[304,2809,182],[304,3905,377],[305,379,284],[305,3062,314],[305,3476,274],[305,3476,416],[306,2043,158],[306,2043,304],[306,2043,320],[306,3749,389],[307,1744,405],[308,502,340],[308,1557,355],[308,1805,451],[308,2461,388],[308,3057,158],[309,187,460],[309,187,404],[309,1808,408],[309,1808,492],[309,2890,324],[309,3898,361],[310,1212,100],[310,1212,102],[310,1212,378],[310,2236,487],[311,90,319],[311,925,376],[311,2636,470],[311,3136,297],[311,3939,329],[312,20,42],[312,20,151],[312,330,462],[312,2311,484],[312,2627,414],[312,3439,258],[313,105,265],[313,279,459],[313,2907,482],[314,1910,315],[314,2175,349],[315,314,283],[315,1882,277],[315,3027,75],[316,603,78],[316,1599,301],[316,2264,131],[316,3284,267],[316,3284,306],[316,3284,373],[316,3682,56],[316,3684,425],[317,190,138],[317,190,321],[317,2300,313],[317,2826,211],[317,3177,321],[318,978,327],[318,1138,494],[318,2333,349],[318,3312,383],[318,3607,341],[318,3607,280],[318,3902,307],[318,3902,357],[319,1580,340],[319,2084,264],[319,2200,388],[319,2390,22],[319,2390,403],[319,3693,127],[320,1884,33],[320,1884,222],[320,2091,218],[320,2091,73],[321,1146,461],[321,1229,354],[322,264,369],[322,1059,455],[322,3090,484],[322,3090,36],[322,3108,395],[322,3999,480],[323,464,81],[323,464,395],[323,464,164],[323,634,17],[323,634,268],[323,3982,469],[323,3982,229],[324,278,335],[324,1471,372],[324,1493,481],[324,3737,429],[325,867,362],[325,867,13],[325,2049,367],[326,722,31],[326,3276,346],[326,3997,181],[326,3997,437],[327,1199,344],[328,392,495],[328,550,464],[328,578,404],[329,272,461],[329,1354,55],[329,1354,150],[329,1354,439],[329,1937,282],[329,1937,375],[329,1993,430],[329,2724,399],[330,519,437],[330,992,304],[330,1304,369],[330,1304,350],[330,2146,379],[330,3896,468],[331,683,486],[331,2777,409],[331,3195,147],[331,3195,409],[331,3541,260],[331,3541,464],[331,3553,234],[332,644,316],[332,1528,197],[332,1799,11],[332,3864,53],[333,59,409],[333,989,32],[333,2611,460],[334,867,362],[334,867,13],[334,1682,261],[334,1914,489],[334,3670,455],[334,3670,271],[335,618,16],[335,3346,109],[335,3405,51],[335,3405,479],[336,1,168],[336,1,289],[336,1,454],[336,733,442],[336,733,149],[336,735,411],[336,1145,236],[336,2819,369],[336,2819,186],[337,2004,398],[337,2119,305],[337,2119,194],[338,2404,468],[338,2920,410],[338,3997,181],[338,3997,437],[339,1054,48],[339,2466,12],[339,2466,171],[340,317,120],[340,317,413],[340,317,453],[340,317,223],[341,2108,336],[341,2117,177],[341,2889,459],[341,3665,384],[342,1273,408],[342,1273,235],[342,1597,52],[342,1597,127],[342,3718,478],[343,448,82],[343,448,478],[343,1016,212],[343,1016,410],[343,1026,421],[343,2297,425],[343,3168,145],[343,3852,399],[344,784,228],[344,3109,347],[344,3109,158],[345,222,253],[345,1055,427],[345,1055,487],[345,1418,145],[345,1647,68],[345,2451,34],[345,2451,193],[346,3329,356],[347,82,107],[347,82,22],[347,510,467],[347,1712,409],[347,2363,427],[347,2677,144],[348,408,154],[349,370,189],[349,386,204],[349,1270,213],[349,1270,253],[349,1788,62],[350,500,406],[350,640,474],[350,640,19],[350,2914,363],[351,450,73],[351,450,481],[351,1705,416],[352,317,120],[352,317,413],[352,317,453],[352,317,223],[352,700,451],[352,700,495],[352,2989,464],[352,2989,161],[353,10,361],[353,1831,224],[353,1831,422],[353,1831,323],[353,3699,361],[354,3209,244],[355,3343,114],[356,818,390],[357,119,278],[357,119,443],[357,1050,354],[357,1050,8],[357,2911,261],[357,2911,71],[358,942,8],[358,1163,158],[358,1163,116],[358,1163,463],[358,2970,364],[358,2970,217],[359,641,342],[359,1586,448],[359,1736,425],[359,1736,481],[359,2434,109],[359,2434,373],[359,2775,398],[359,3849,281],[359,3849,487],[360,830,181],[360,975,426],[360,975,57],[360,1093,438],[360,1093,64],[360,2788,425],[360,2788,337],[360,2788,464],[360,2788,477],[361,1304,369],[361,1304,350],[362,1808,408],[362,1808,492],[362,2191,416],[362,2904,472],[362,3002,416],[362,3906,127],[362,3906,407],[362,3980,489],[362,3980,79],[363,145,433],[363,541,437],[363,3944,401],[363,3944,309],[363,3944,409],[364,2153,478],[364,3716,160],[364,3716,359],[364,3716,2],[365,435,320],[365,435,151],[365,609,480],[365,1512,397],[365,1838,489],[365,1838,257],[366,717,199],[366,717,474],[366,1440,118],[366,1640,212],[366,1640,279],[366,1776,423],[366,2331,281],[366,2707,344],[366,2707,372],[367,275,467],[367,1041,43],[367,1041,463],[367,1194,386],[367,2606,457],[367,3876,383],[367,3890,116],[368,1397,453],[368,2510,171],[368,2510,477],[368,3205,492],[368,3636,461],[368,3636,92],[369,1446,255],[369,1446,485],[370,3114,23],[370,3296,425],[370,3785,87],[370,3785,398],[371,26,465],[371,349,335],[371,349,365],[371,654,111],[371,654,413],[371,654,492],[371,857,247],[371,857,70],[371,857,293],[371,857,373],[371,2401,381],[372,651,471],[372,2027,273],[372,3520,391],[373,638,118],[373,824,375],[373,896,203],[373,896,314],[373,896,496],[374,902,255],[374,902,431],[374,1596,451],[374,2183,226],[374,2183,111],[374,2601,50],[374,2601,218],[374,2601,205],[374,2952,402],[375,873,57],[375,873,89],[376,463,461],[376,1561,435],[376,1735,476],[377,3572,198],[377,3572,379],[378,480,308],[378,634,17],[378,634,268],[379,2215,485],[379,2498,488],[379,3196,445],[379,3448,478],[380,973,345],[380,973,395],[380,1354,55],[380,1354,150],[380,1354,439],[380,2047,479],[380,3594,390],[381,557,432],[381,1824,424],[381,1958,442],[381,2841,159],[381,2841,275],[381,2841,247],[382,161,429],[383,250,397],[383,1856,429],[383,1856,308],[383,2405,221],[383,2405,464],[383,3722,289],[384,2992,245],[385,1803,337],[385,1883,410],[385,1883,488],[385,3447,274],[385,3447,398],[385,3447,432],[385,3617,440],[385,3889,452],[385,3889,317],[386,685,439],[386,3021,22],[386,3373,70],[386,3373,325],[386,3951,372],[387,857,247],[387,857,70],[387,857,293],[387,857,373],[387,967,67],[387,3083,439],[387,3495,420],[388,1066,199],[388,2433,440],[388,2661,417],[389,342,400],[389,2083,333],[389,2083,447],[389,3543,198],[389,3543,424],[390,1554,15],[390,1554,214],[390,2459,49],[390,3074,180],[390,3074,369],[390,3074,477],[390,3309,427],[391,144,486],[391,875,460],[391,2702,460],[392,3128,462],[392,3927,452],[392,3966,55],[392,3966,97],[393,36,149],[393,273,475],[393,648,358],[393,3487,231],[394,1495,431],[394,2915,403],[394,3289,395],[394,3306,483],[395,964,136],[395,964,259],[395,964,278],[395,964,286],[395,964,488],[395,2041,105],[395,3199,419],[396,70,202],[396,70,406],[396,1129,389],[396,1129,445],[396,1129,88],[396,2116,1],[396,2505,427],[396,3447,274],[396,3447,398],[396,3447,432],[397,70,202],[397,70,406],[397,1810,390],[397,1810,449],[397,2741,417],[397,3426,495],[397,3426,449],[398,1469,326],[398,1469,3],[399,241,131],[399,241,348],[399,876,485],[399,1894,481],[399,3434,417],[400,31,352],[400,31,143],[400,2225,277],[401,371,307],[401,737,338],[402,282,193],[403,464,81],[403,464,395],[403,464,164],[403,1465,346],[403,1465,57],[403,2576,66],[404,85,147],[404,511,449],[404,1595,402],[404,1595,420],[404,2155,435],[405,697,423],[405,697,274],[405,1597,52],[405,1597,127],[405,1722,443],[405,1789,91],[405,2298,446],[406,919,422],[406,919,31],[406,1454,260],[406,1454,380],[406,1454,490],[406,3410,275],[407,1293,500],[407,2440,196],[407,2440,482],[408,1868,430],[408,1868,352],[408,2490,422],[408,2824,491],[408,3129,177],[408,3129,491],[408,3335,491],[410,3253,75],[410,3253,141],[410,3980,489],[410,3980,79],[411,2709,303],[411,3607,341],[411,3607,280],[412,211,319],[412,1964,440],[412,1981,313],[412,1981,468],[412,1981,369],[412,2083,333],[412,2083,447],[413,1188,233],[413,1983,481],[413,3175,483],[413,3175,494],[413,3776,41],[413,3776,353],[413,3776,494],[414,732,482],[414,822,483],[414,822,465],[414,1683,447],[414,1786,417],[414,1810,390],[414,1810,449],[414,2105,321],[414,2969,487],[415,1461,126],[416,701,192],[416,1225,60],[416,1225,48],[416,1225,249],[417,3838,284],[417,3838,453],[417,3838,187],[418,825,295],[418,2164,476],[419,328,420],[419,815,1],[419,815,475],[419,1522,348],[419,2345,107],[419,2783,368],[419,3882,424],[420,2420,161],[420,3299,113],[420,3299,32],[420,3299,464],[420,3299,497],[421,167,85],[421,1795,7],[421,2125,339],[422,941,193],[422,941,454],[422,1876,86],[422,2519,305],[422,2519,472],[422,2624,472],[423,849,338],[423,2150,30],[423,3739,187],[424,517,266],[424,517,467],[424,943,481],[425,2326,299],[426,2986,101],[426,2986,490],[427,2866,219],[427,2866,436],[427,3314,254],[427,3338,457],[428,485,479],[428,953,214],[428,1062,132],[428,1062,280],[428,1868,430],[428,1868,352],[428,3118,260],[428,3118,433],[428,3596,335],[428,3596,433],[429,664,33],[429,1163,158],[429,1163,116],[429,1163,463],[430,1408,491],[430,2169,489],[431,940,477],[431,2633,392],[432,22,143],[432,2449,494],[432,2449,322],[432,3072,457],[432,3566,456],[433,93,487],[433,1821,437],[433,2883,437],[434,119,278],[434,119,443],[434,288,286],[434,288,39],[434,395,379],[434,1273,408],[434,1273,235],[434,3413,483],[435,202,281],[435,202,444],[435,202,439],[435,1158,439],[435,3742,453],[436,484,490],[436,1444,471],[436,3731,370],[436,3813,391],[438,1897,200],[438,2866,219],[438,2866,436],[439,131,167],[439,131,321],[439,131,370],[440,982,469],[440,982,358],[440,982,432],[440,3424,465],[440,3679,99],[440,3679,462],[441,593,494],[441,593,348],[441,2000,496],[441,2198,482],[441,2263,482],[441,2927,337],[443,1322,248],[443,1398,483],[443,3200,497],[443,3636,461],[443,3636,92],[444,334,3],[444,2458,497],[444,2458,459],[444,3624,476],[445,3045,494],[445,3344,68],[446,1531,441],[446,1550,453],[446,1734,495],[446,1781,477],[446,2788,425],[446,2788,337],[446,2788,464],[446,2788,477],[446,3772,73],[447,1794,423],[447,2440,196],[447,2440,482],[448,3342,318],[448,3342,498],[449,2289,295],[449,2289,400],[449,2350,350],[449,3342,318],[449,3342,498],[450,231,88],[450,231,407],[451,1381,403],[451,1516,112],[452,2438,264],[454,412,246],[454,1075,456],[454,1075,436],[454,2039,477],[454,2388,472],[455,2398,382],[455,2781,171],[455,2781,374],[455,3093,174],[455,3752,473],[456,1454,260],[456,1454,380],[456,1454,490],[456,3430,485],[457,663,369],[457,663,490],[457,1117,77],[457,1117,302],[457,1659,47],[457,3066,14],[458,613,46],[458,1378,138],[458,1378,220],[458,1985,244],[458,1985,322],[458,2539,230],[459,1405,100],[459,1405,85],[459,3803,293],[460,292,274],[460,2773,86],[460,3576,217],[461,3277,149],[462,997,333],[463,947,428],[463,947,195],[464,403,169],[465,495,479],[465,3378,406],[465,3378,474],[465,3573,2],[466,1035,75],[466,2282,289],[466,2888,394],[466,2888,351],[466,2888,222],[466,3714,103],[466,3714,318],[467,965,499],[467,3230,395],[468,3133,188],[469,402,52],[469,402,314],[469,3973,403],[470,2733,163],[470,2733,300],[470,3331,364],[470,3331,216],[471,1358,126],[471,1358,403],[471,1358,490],[471,2705,485],[472,597,52],[472,666,186],[473,705,27],[473,705,208],[473,705,352],[473,785,196],[473,1632,431],[473,1858,413],[473,1904,361],[473,3299,113],[473,3299,32],[473,3299,464],[473,3299,497],[474,1558,388],[474,1558,487],[474,2686,479],[474,2932,254],[474,2932,498],[475,588,170],[475,588,250],[475,3386,231],[475,3386,483],[476,700,451],[476,700,495],[476,2721,103],[476,2788,425],[476,2788,337],[476,2788,464],[476,2788,477],[477,324,497],[478,1639,78],[479,2625,237],[479,2625,297],[480,450,73],[480,450,481],[480,1960,401],[482,3762,490],[483,1520,28],[483,2818,212],[484,274,378],[484,2408,215],[485,3150,191],[485,3150,129],[486,1681,441],[486,1681,130],[486,2898,493],[486,3928,493],[487,3631,364],[488,448,82],[488,448,478],[489,176,128],[489,2002,304],[490,2519,305],[490,2519,472],[490,3354,251],[491,932,370],[492,2172,219],[492,2172,164],[492,3000,233],[493,68,324],[493,907,285],[493,1701,150],[493,3646,386],[496,426,499],[496,1915,36],[497,1511,326],[497,1511,90],[497,1511,371],[497,2676,462],[498,2022,271],[498,2022,363],[498,2022,315],[499,2278,498],[499,2697,351],[499,2697,355],[499,2786,216],[500,922,45],[500,922,288],[500,922,374],[500,1284,38],[500,1840,203],[500,1840,181],[500,1840,46],[500,2189,3],[500,3728,322],[500,3915,406]];

jitters = [20000,20000,20000,5000,20000,10000,100000,10000,20000,100000,100000,100000,20000,10000,100000,100000,1000,100000,2000,100000,20000,20000,10000,20000,20000,100000,100000,20000,5000,100000,10000,10000,100000,10000,10000,10000,100000,20000,10000,5000,100000,20000,20000,1000,20000,20000,10000,20000,2000,100000,10000,100000,10000,20000,100000,20000,100000,100000,20000,100000,100000,20000,20000,10000,20000,20000,10000,20000,100000,100000,1000,100000,100000,100000,10000,100000,10000,10000,50000,5000,20000,10000,20000,100000,100000,100000,10000,100000,20000,100000,5000,50000,10000,100000,1000,10000,10000,20000,10000,20000,20000,10000,1000,100000,100000,10000,10000,10000,10000,20000,10000,100000,20000,100000,10000,50000,10000,20000,20000,100000,100000,20000,20000,5000,10000,10000,20000,10000,20000,10000,10000,20000,20000,2000,10000,2000,20000,2000,10000,10000,1000,100000,10000,20000,10000,10000,10000,20000,100000,10000,10000,10000,10000,100000,100000,10000,100000,20000,10000,20000,20000,50000,100000,20000,100000,100000,100000,10000,10000,2000,10000,10000,20000,100000,5000,10000,10000,10000,20000,10000,10000,10000,100000,20000,1000,100000,20000,20000,2000,10000,10000,10000,100000,20000,20000,20000,100000,20000,100000,2000,1000,20000,100000,50000,100000,1000,5000,20000,20000,20000,10000,10000,100000,10000,5000,20000,10000,20000,10000,10000,100000,100000,10000,10000,10000,100000,50000,100000,2000,10000,100000,10000,10000,20000,20000,100000,100000,100000,100000,1000,10000,20000,10000,100000,20000,10000,100000,1000,20000,10000,20000,100000,20000,20000,100000,10000,1000,2000,2000,10000,20000,100000,2000,100000,10000,20000,10000,20000,10000,100000,10000,20000,10000,20000,10000,1000,100000,10000,20000,20000,10000,20000,50000,10000,100000,100000,5000,20000,10000,50000,10000,20000,10000,10000,100000,20000,20000,50000,20000,2000,1000,10000,20000,100000,50000,100000,10000,10000,20000,20000,10000,20000,100000,100000,10000,20000,10000,100000,10000,5000,10000,100000,2000,100000,5000,100000,100000,10000,10000,100000,1000,20000,1000,50000,20000,20000,20000,20000,20000,10000,100000,50000,20000,100000,5000,100000,100000,20000,100000,20000,100000,10000,2000,10000,10000,100000,100000,10000,20000,20000,2000,50000,20000,10000,10000,20000,10000,10000,100000,20000,20000,20000,20000,10000,20000,10000,100000,20000,100000,100000,100000,10000,10000,100000,20000,10000,10000,10000,100000,100000,1000,20000,10000,10000,100000,100000,10000,20000,100000,100000,10000,10000,10000,10000,10000,20000,50000,50000,1000,20000,20000,20000,100000,20000,10000,50000,10000,10000,100000,10000,20000,50000,20000,100000,20000,100000,100000,20000,10000,50000,10000,100000,20000,10000,10000,100000,20000,20000,10000,20000,100000,100000,10000,10000,100000,10000,20000,20000,10000,5000,10000,20000,10000,20000,5000,100000,100000,2000,100000,1000,10000,20000,20000,10000,20000,5000,100000,20000,2000,20000,100000,50000,5000,20000,10000,10000,10000,50000,20000,10000,100000,100000,10000,20000,100000,1000,20000,100000,50000,100000,50000,20000,1000,100000,10000,100000,10000,20000,100000,50000];

