NumChains = 50;
NumResources = 3;
NumRunnablesInChains = 264;
MemoryBoundOnResource = 1048576;
UtilizationBoundOnResource = 100;

numberOfTasksinChain = [7,7,11,9,9,7,7,11,7,7,7,13,7,13,7,11,9,9,9,11,7,13,9,9,7,13,7,9,9,9,11,11,11,9,11,13,9,7,11,11,9,11,11,11,7,13,13,13,7,9];

runnablesInChains = [162,299,373,16,285,98,94,70,401,284,320,164,467,240,206,357,10,187,99,447,58,324,101,165,474,417,19,209,163,288,312,345,323,28,494,338,410,161,165,55,328,191,460,456,450,200,223,289,124,104,214,98,437,250,365,416,104,136,162,82,459,233,482,148,274,104,164,300,261,105,64,251,478,475,321,83,229,173,199,206,260,443,488,207,174,217,407,60,111,250,412,230,300,156,48,93,251,150,45,449,400,368,17,334,186,249,377,379,76,410,39,156,130,499,421,90,403,471,64,113,296,500,247,94,76,264,445,409,447,357,153,360,183,500,430,260,341,231,177,201,162,351,160,427,119,190,400,429,325,313,116,64,438,113,171,129,144,76,359,55,30,312,365,84,223,482,174,305,314,236,98,148,52,350,136,31,27,327,254,304,400,38,426,452,62,333,139,246,371,226,127,76,328,66,119,461,388,188,96,325,184,357,295,281,435,109,163,271,455,240,486,332,288,338,31,191,413,222,387,221,63,296,208,226,439,406,375,213,24,394,447,163,37,200,35,272,329,257,145,104,316,448,210,314,335,106,480,164,20,263,13,261,388,471,178,439,24,369,198,144,445,459,187,32];

ProcessingTimesOfMessages = [[1,1,1,1,1,1,1,1,1,1,1,1,1],[1,1,1,1,1,1,1,1,1,1,1],[1,1,1,1,1,1,1,1,1,1,1],[1,1,1,1,1,1,1,1,1,1,1],[1,1,1,1],[1,1,1,1,1,1,1,1,1,1],[1,1,1,1,1,1,1,1],[1,1,1,1,1,1,1,1,1,1,1,1],[1,1,1,1,1,1,1,1,1,1],[1,1,1,1,1,1,1,1,1],[1,1,1,1,1,1],[1,1,1,1,1,1,1,1,1,1],[2,1,1,1,1,1,1,1,1,1],[1,1,1,1,1,1],[1,1,1,1,1,1,1,1,1,1,1],[1,1,2,1],[1,1,1,1],[1,1,1,1,1,1,1,1],[1,1,1,1,1,1],[1,1,1,1],[1,1,1,1,1,1,1,1,1,1],[1,1,1,1,1,1,1,1,1],[1,1,1,1,1,1,1,1,1,1,1,1],[1,1,1,1,1],[1,1,1,1,1,1,1],[1,1,1,1,1,1,1,1],[1,1,1,1,1,1,1,1],[1,1,1,1],[1,1,1,1,1,1],[1,1,1,1,1,1],[1,1,1,1,1,1,1,1,1,1],[1,1,1],[1,1,1,1,1,1,1,1,1,1],[1,1,1,1,1,1,1,1,1,1],[1,1,1,1,1,1,1,1,1,1],[1,1,1,1,1,1,1,1,1],[1,1,1,1,1,1,1,1,1],[1,1,1,1,1,1,1,1,1,1,1],[1,1,1,1,1,1,1,1,1,1],[1,1,1,1,1,1,1,1,1,1,1,1],[1,1,1,1,1,1,1,1,1],[1,1,1,1,1,1,1,1,1,1],[1,1,1,1,1,1,1,1],[1,1,1,1,1],[1,1,1,1,1,1],[1,1,1,1],[1,1,1,1,1,1,1],[1,1,1,1],[1,1,1,1,1,1,1,1,1],[1,1,1,1,1,1,1,1,1],[1,1,1,1],[1,1,1,1,1,1],[1,1,1,1,1],[1,1,1,1,1,1,1,1,1,1,1],[1,1,1,1,1,1,1,1,1],[1,1,1,1,1,1,1,1,1],[1,1,1,1,1,1,1],[1,1,1,1,1,1,1,1,1,1],[1,1,1,1,1,1,1,1],[1,1,1,1,1,1,1,1,1,1,1],[1,1,1,1,1,1],[1,1,1,1,1,1,1,1],[1,1,1,1,1],[1,2,1,1,1,1],[1,1,1,1,1,1,1,1,1],[1,1,1,1,2,1,1,1,1],[1,1,1,1,1,1,1,1,1,1,1,1],[1,1,1,1,1,1,1,1],[1,1,1,1,1,1,1,1,1],[1,1,1,1,1,1,1,1,1,1],[1,1,1,1,1],[1,1,1,1,1,1,1,1,1],[1,1,1,1,1,1,1],[1,1,1,1,1],[1,1,1,1,1,1,1,1],[1,1,1,1,1,1,1,1],[1,1,1,1,1,1,1],[1,1,1,1],[1,1,1,1,1,1,1],[1,1,1,1,1,1],[1,1,1,1],[1,1,1,1,1,1],[1,1,1,1,1,1],[1,1,1,1],[1,1,1,1,1,1,1,1,1],[1,1,1,1,1,1,1,1,1,1],[1,1,1,1,1,1],[1,1,1,1,1,1,1,1,1,1,1],[1,1,1],[1,1,1,1,1,1,1,1,1],[1,1,1],[1,1,1,1,1,1,1,1,1,1,1,1,1],[1,1,1,1],[1,1,1,1,1,1,1],[1,1,1,1,1,1,1],[1,1,1,1,1,1,1,1,1],[1,1,1,1,1,1],[1,1,1,1,1,1,1],[1,1,1,1,1],[1,1,1,1,1,1,1,1],[1,1,1,1,1,1,1,1],[1,1,1,1,1,1],[1,1,1,1,1,1,2,1,1,1],[1,1,1,1],[1,1,1],[2,2,1,1,1,1,1],[1,1,1,1,1,1,1,1,1,1,1,1,1,1],[1,1,1,1,1,1,1,1],[1,1,1,1,1,1,1,1],[1,1,1,1,1,1],[1,1,1,1,1,1,1,1,1,1,1],[1,1,1,1,1,1],[1,1,1,1,1],[1,1,1,1,1,1,1,1],[1,1,1,1,1,1,1],[1,1,2,1],[1,1,1,1,1,1,1,1,1],[1,1,1,1,1,1,1,1,1,1,1],[1,1,1,1,1,1,1],[1,1,1,1,1,1,1,1],[1,1,1,1,1,1,1],[1,1,1],[1,1,1,1,1,1,1,1,1],[1,1,1,1,1,1,1,1,1,1,1],[1,1,1,1,1,1,1],[1,1,1,1],[1,1,1,1,1,1,1,1],[1,1,1,1,1,1,1,1],[1,1,1,1,1],[1,1,1,1,1,1,1,1,1,1],[1,2,1],[1,1,1,1,1,1,1],[1,1,1,1,1,1],[1,1,1,1,1,1,1,1,1,1,1],[1,1,1,1,1],[1,1,1,1,1,1,1,1,1,1,1],[1,1,1,1,1,1,1,1,1],[1,1,1,1,1,1],[1,1,1,1,1,1,1,1,1,1,1,1],[1,1,1,1,1],[1,1,1,1,1,1],[1,1,1,1,1],[1,1,1],[1,1,1,1,1,1],[1,1,1,1,1,1,1,1,1,1,1],[1,1,1,1,1,1],[1,1,1,1,1,1,1,1,1],[1,1,1,1,1,1],[1,1,1,1,1],[1,1,1,1,1,1,1],[1,1,1,1,1,1,1,1,1],[1,1,1,1],[1,1,1,2],[1,1,1,1,1,1],[1,1,1,1,1,1],[1,1,1],[1,1,1,1,1,1,1],[1,1,1,1,1,1,1],[1,1,1,1,1,1],[1,1,1,1,1,1,1,1],[1,1,1,1],[1,1,1,1,1,1,1,1,1,1,1,1],[1,1,1,1,1,1,1],[1,1,1,1,1,1],[1,1,1,1],[1,1,1,1,1,1],[1,1,1,1,1,1,1],[1,1,1,1,1],[1,1,1,1],[1,1,1,1,1,1],[1,1,1,1,1,1],[1,1,1,1,1,1,1],[1,1,1,1,1,1,1,1,1],[1,1,1,1,1,1,1,1],[1,1,1,1,1,1,1,1],[1,1,1,1,1,1],[1,1,1,1,1],[1,1,1,1,1,1,1,1,1,1,1],[1,1,1,1,1,1],[1,1,1],[1,1,1,1,1],[1,1,1,1],[1,1,1,1,1,1],[1,1,1,1],[1,1,1,1,1,1,1],[1,1,1,1,1,1],[1,1,1,1,1],[1,1,1,1,1,1,1,1],[1,1,1,1,1],[1,1,1,1,1,1],[1,1,1],[1,1],[1,1,1,1,1,1,1,1,1],[1,1,1,1,1,1,1],[1,2,1,1,1],[1,1,1,1,1,1,1],[1,1,1,1,1,1,1],[1,1,1,1,1,1],[1,1,1,1,1,1],[1],[1,1],[1,1,1,1,1,1,1,1,1,1],[1,1,1,1,1,1,1,1],[1,1,1,1,1,1,1,1,1,1,1],[1,1,2,1,2,1,1],[1,1,1,1,1],[1,1,1,1,1,1],[1,1,1,1],[1,1,1,1,1,1],[1,1,1,1,1,1,1,1,1],[1],[1,1,1,1,1,1,1,1],[1,1,1],[1,1,1,1,1,1,1],[1,1,1,1,1,1,1],[1,1,1,1,1,1],[1,1,1,1,1,1,1],[1,1],[1],[1,1,1,1,1,1,1,1,1],[1,1,1,1],[1,1,1,1,1,1],[1,1,1,1,1,1,1,1,1],[1,1,1,1,1,1,1,1],[1,1,1,1,1,1,1,1],[1],[1,1,1,1,1],[1,1,1,1,1,1,1,1,1,1],[1,1,1,1,1,1,1,1,1],[1,1,1,1,1,1],[1,1,1,1,1,1,1,1,1],[1,1,1,1,1,1],[1,1,1,1],[1,1,1,1,1,1,1,1,1],[1,1,1],[1,1,1,1,1],[1,1,1,1],[1,1,1,1,1],[1,1],[1,1,1,1,1,2],[1,1,1,1,1,1,1,1,1,1,1,1,1],[1,1,1,1,1,1,1,1],[1,1,1,1,1,1],[1,1,1,1,1,1,1,1,1,1,1],[1,1,1,1,1,1,1],[1,1,1],[1,1,1,1],[1,1,1,1,1,1,1,1],[1,1,1,1,1,1,1,1,1],[1,1,1,1,1],[1,1,1,1],[1,1,1,1,1,1,1,1,1,1],[1,1,1,1,1,1],[1,1,1,1,1,1,1,1,1],[1,1,1,1,1,1,1,1],[1,1,1,1,1,1,1],[1,1,1,2],[1,1,1,1,1,1],[1,1,1,1,1],[1,1,1,1,1,1],[1,1,1,1,1,1,1,1,1,1,1],[1,1,1,1,1,1,1,1,1,1],[1,1,1,1,1,1,1],[1,1,1,1,1,1,1],[1,1,1,1,1,1,1,1,1],[1,1,1,1,1,1,1],[1,1,1,1,1,1,1,1,2,1],[1,1,1,1,1,1,1,1,1,1],[1,1,1,1,1],[1,1,1,1,1],[1,1,1,1,1],[1,1,1,1,1],[1,1,1,1,1,1,1,1],[1,1,1,1,1],[1,1,1,1],[1,1,1],[1,1,1,1,1,1,1],[1,1,1,1,1],[1,1,1,1,1,1,1],[1,1,1],[1,1,1,1],[1,1,1,1,1],[1,1,1,1,1,1,1],[1,1,1,1],[1,1,1,1,1],[1,1,1,1],[1,1,1,1],[1,1,1,1],[1,1,1,1,1],[1,1,1,1,1],[1,1,1,1,1,1,1,1],[1,1,1,1,1,1,1,1],[1,1,1,1,1,1,1],[1,1,1,1,1,1,1,1,1],[1],[1,1,1],[1,1,1,1],[1,1,1,1,1,1,2,2],[1,1,1,1,1,1,1],[1,1,1],[1,1,1,1,1,1,1],[1,1,1,1,1],[1,1,1,1,1,1],[1,1,1,1],[1,1,1,1],[1,1,1,1,1,1],[1,1,1,1,1,1,1],[1,1,1],[1,1,1,1,1,1,1],[1,1,1,1,1],[1],[1,1,1,1,1],[1,1,1,1,1,1,1],[1,1,1,1],[1,1,1],[1,1],[1,1],[1,1,1,1],[1,1,1],[1,1,1,1,1,1,1,1,1,1,1,1,1],[1,1,1,1,1,1,1,1],[1,1,1,1,1,1],[1,1,1,1,1,1,1,1,1],[1,1,1,1,1],[1,1],[],[1,1,1,1,1,1,1,1],[1,1,1,1],[1,1,1],[1,1,1,1],[1,1,1,1,1,1,1],[1],[1,1,2],[1],[1,1,1,1,1],[1,1,1,1,1],[1,1,1,1,1,1,1,1,1,1],[1,1,1,1,1,1,1,1],[1,1,1,1,1,1,1,1],[1,1],[1,1,1,1,1],[1,1,1,1,1],[1,1,1],[],[],[1,1,1,1],[1,1,1],[1,1,1,1,1,1,1,1],[1,1,1,1,1],[1,1,1,1,1,1,1,1,1],[1,1],[1,1,1,1],[1,1,1,1,1,1,1,1,1],[1,1],[1,1,1],[1,1,1,1,1,1],[1,1,1,1,1],[1],[1,1,1,1,1],[1,1,1,1,1,1,1,1],[1,1,1,1],[1,1,1,1,1,1,1],[1,1,1,1,1,1,1,1,1],[1,1,1,1,1,1,1,1],[1,1,1,1,1,1,1],[1,1],[1,1,1,1,1,1],[1,1,1,1,1,1,1,1,1,1,1],[1,1],[1,1,1,2,2,1,1,1,1,1],[1,1,1,1],[1,1,1],[1,1,1,1],[1,1,1,1],[1,1,1],[1],[1,1,1],[1,1,1,1,1,1,1],[1],[1,1,1,1,1],[1,1,1,1,1,1,1,1,1,1,1,1],[1,1,1,1],[1,1,1],[1,1,1,1,1,1,1,1],[1,1,1],[1,1,1],[1,1,1,1],[1,1],[1,1,1],[1,1,1,1,1,1,1],[1,1],[],[1,1,1,1],[1],[1,1,1,1],[1,1,1,1],[1,1,1,1,1,1,1,1,1],[1,1,1,1,1,1],[1,1,1,1,1],[1,1,1,1],[1,1,1,1,1,1,1,1],[1,1,1,1,1,1,1],[1],[1,1,1,1,1],[1],[1,1,1,1],[1,1,1],[1,1,1,1],[1,1,1,1,1,1],[1,1,1],[1,1,1,1],[1,1,1,1,1,1,1,1],[1,1,1,1],[1,1,1,1,1,1],[1,1,1,1,1],[1,1,1,1,1,1,1,1,1],[1,1,1,1,1,1],[1,1,1,1],[1,1,1,1,1,1,1,1,1,1],[1,1],[1,1],[1,1,1],[1,1,1,1,1,1,1,1,1],[1,1],[1,1],[1],[1,1,1,1,1,1,1],[1,1,1,1,1],[1,1,1,1,1,1],[1,1],[1,1,1],[1,1],[1,1,1,1],[],[1,1,1],[1,1,1,1,1,1],[1,1],[1,1],[1,1,1],[1,1,1,1,1],[1,1,1],[1,1],[1,1,1,1,1,1,1,1,1,1],[1,1,1,1],[1,1,1,1],[1,1,1],[1,1,1,1,1],[1,1,1,1,1,1],[1,1,1,1,1,1,1],[1,1],[1,1,1,1,1],[1,1],[1,1,1,1,1,1,1],[1,1,1,1,1,1],[1,1],[1,1],[1,1],[1,1,1,1,1,1],[1,1],[1,1,1,1,1,1],[1,1,1],[1,1],[1,1],[1,1,1,1,1,1],[1],[1,1,2,2],[1,1],[1,1,1],[1,1,1],[1,1],[1,1,1,1,1],[1,1,1,1,1,1],[1,1,1,1],[1,1,1,1,1,1],[1,1,1],[1,1,1],[1,1,1],[1,1,1,1],[1],[1,1,1,1],[1,1,1,1,1],[1,1,1,1],[1,1,1],[1,1],[1],[1],[],[],[1,1,1,1],[1,1],[1,1,1],[],[1,1,1],[1],[1],[1,1,1],[1,1,1,1,1,1,1],[1,1],[1,1,1],[1,1,1,1,1,1]];

processingTimesRunnables = [12,9,6,9,9,11,12,12,16,10,9,15,9,13,10,12,5,16,13,13,10,12,12,12,14,12,9,8,10,13,12,11,8,12,15,5,15,11,13,6,13,13,11,16,6,10,12,13,7,7,11,12,13,5,14,13,13,10,12,10,13,11,15,4,12,13,6,7,12,11,10,10,17,11,11,8,11,12,10,15,8,11,10,12,13,11,13,16,9,11,12,8,8,12,12,13,11,12,13,5,11,9,17,8,10,13,13,8,9,7,10,16,7,11,5,10,9,11,11,14,12,12,11,12,12,7,14,12,10,5,7,10,12,4,13,10,6,15,11,12,11,6,6,12,15,12,11,12,13,13,10,15,6,10,10,6,10,13,9,13,13,6,11,11,12,15,16,12,13,5,13,12,13,8,16,10,13,8,10,12,10,16,9,14,13,12,4,14,10,6,10,10,13,15,12,11,12,6,16,7,12,11,12,10,13,13,10,11,12,10,13,15,14,8,5,13,14,13,10,16,11,12,6,16,16,12,13,16,12,13,11,5,9,13,6,9,11,12,13,11,12,15,17,7,13,13,9,14,4,8,13,12,15,13,13,7,11,13,9,16,7,12,6,10,8,15,14,8,16,6,12,16,11,11,11,11,13,10,13,10,9,4,12,10,10,15,11,13,4,15,13,10,13,7,12,14,13,12,9,11,13,12,10,12,16,13,12,11,7,15,5,13,10,11,11,13,10,12,7,16,14,4,12,12,12,17,16,5,12,12,13,9,10,12,16,5,7,17,13,15,6,7,13,6,7,11,10,13,13,14,8,12,12,13,4,15,15,11,16,7,12,12,11,5,11,14,12,12,12,12,13,5,10,11,11,15,14,12,11,7,16,12,7,11,11,6,12,10,10,12,10,11,10,14,14,16,11,14,8,6,11,12,15,11,10,5,10,10,8,6,11,6,12,13,10,16,13,12,11,6,16,5,8,10,13,11,16,16,15,12,13,12,11,12,15,12,12,12,11,12,13,12,7,17,11,12,8,11,13,16,11,11,13,13,12,16,12,12,7,11,9,13,13,9,13,16,16,6,10,11,13,13,16,15,10,11,15,13,12,10,11,8,15,10,15,13,9,12,11,11,14,16,12,11,14,14,12,10,13,8];

periods = [20000,1000,10000,20000,1000,100000,20000,20000,20000,10000,10000,20000,100000,20000,100000,10000,100000,20000,5000,100000,20000,100000,10000,2000,10000,100000,10000,10000,10000,10000,10000,10000,20000,20000,20000,20000,10000,100000,100000,20000,1000,100000,10000,10000,100000,100000,10000,100000,100000,20000,100000,20000,10000,100000,10000,100000,100000,10000,20000,20000,20000,100000,20000,100000,10000,10000,10000,100000,10000,20000,100000,100000,10000,20000,10000,10000,50000,100000,20000,20000,20000,10000,50000,20000,100000,100000,20000,100000,1000,100000,10000,50000,100000,20000,20000,100000,20000,20000,10000,20000,10000,100000,20000,20000,100000,20000,100000,20000,10000,100000,20000,10000,100000,10000,100000,100000,10000,10000,10000,20000,1000,20000,20000,20000,10000,50000,20000,10000,100000,100000,100000,100000,100000,100000,10000,10000,2000,20000,20000,100000,10000,100000,20000,10000,20000,10000,10000,20000,20000,100000,10000,20000,10000,10000,20000,100000,10000,20000,100000,10000,10000,10000,10000,20000,10000,5000,20000,100000,10000,1000,100000,100000,50000,20000,10000,50000,10000,100000,1000,10000,100000,100000,20000,100000,10000,10000,10000,100000,1000,100000,10000,20000,20000,1000,100000,100000,50000,2000,10000,10000,10000,100000,10000,20000,1000,10000,20000,20000,5000,20000,20000,2000,2000,20000,20000,100000,20000,50000,20000,10000,20000,10000,20000,20000,10000,20000,20000,20000,50000,20000,10000,50000,20000,20000,10000,20000,100000,100000,100000,20000,100000,20000,100000,2000,5000,20000,20000,100000,10000,20000,100000,50000,20000,10000,10000,10000,20000,100000,10000,10000,100000,10000,100000,10000,100000,1000,10000,20000,10000,10000,20000,20000,100000,20000,10000,20000,100000,10000,100000,20000,10000,20000,20000,20000,20000,5000,10000,10000,20000,100000,100000,100000,20000,10000,10000,20000,10000,20000,10000,20000,10000,100000,100000,100000,20000,50000,20000,100000,10000,100000,10000,10000,100000,20000,100000,20000,2000,20000,100000,20000,50000,100000,10000,10000,100000,100000,10000,10000,20000,1000,20000,20000,100000,10000,20000,20000,2000,10000,1000,20000,10000,20000,20000,20000,10000,10000,100000,100000,20000,10000,10000,10000,20000,100000,10000,2000,10000,20000,10000,20000,10000,100000,20000,100000,20000,10000,20000,100000,2000,10000,20000,10000,10000,10000,2000,100000,10000,100000,10000,100000,10000,20000,20000,10000,10000,50000,20000,100000,50000,5000,10000,100000,10000,2000,100000,20000,100000,100000,100000,100000,20000,20000,100000,10000,100000,2000,20000,1000,10000,10000,100000,20000,10000,20000,10000,20000,5000,100000,10000,1000,100000,20000,10000,100000,20000,100000,10000,10000,100000,20000,10000,1000,100000,10000,10000,10000,20000,100000,2000,10000,100000,10000,10000,20000,10000,10000,10000,20000,100000,10000,1000,100000,10000,20000,20000,10000,10000,20000,10000,10000,100000,20000,20000,100000,10000,100000,20000,100000,20000,10000,100000,20000,10000,5000,50000,10000,10000,50000,20000,20000,100000,20000,100000,10000,10000,20000,100000,10000,100000,20000,100000,20000,100000,10000,100000,100000,10000,10000,100000,20000];

communicationTimeForOrderCriticalMessages = [1,1,1,1,1,1,1,1,1,1,1,1,1,1,1,1,1,1,1,1,1,1,1,1,1,1,1,1,1,1,1,1,1,1,1,1,1,1,1,1,1,1,1,1,1,1,1,1,1,1,1,1,1,1,1,1,1,1,1,1,1,1,1,1,1,1,1,1,1,1,1,1,1,1,1,1,1,1,1,1,1,1,1,1,1,1,1,1,1,1,1,1,1,1,1,2,1,1,1,1,1,1,1,1,1,1,1,1,1,1,1,1,1,1,1,1,1,1,1,1,1,1,1,1,1,1,1,1,1,1,1,1,1,1,1,1,1,1,1,1,1,1,1,1,1,1,1,1,1,1,1,1,1,1,1,1,1,1,1,1,1,1,1,1,1,1,1,1,1,1,1,1,1,1,1,1,1,1,1,1,1,1,1,1,1,1,1,1,1,1,1,1,1,1,1,1,1,1,1,2,1,1,1,2,1,1,1,1,1,1,1,1,1,1];

sizeOfRunnables = [1163,843,595,830,818,1045,1103,1110,1550,985,828,1443,820,1203,945,1143,483,1550,1253,1223,948,1180,1105,1173,1323,1103,830,715,998,1233,1200,1080,750,1103,1425,405,1485,1098,1285,578,1225,1210,1030,1573,593,948,1135,1275,675,663,1073,1118,1295,423,1308,1275,1290,948,1173,1000,1253,1098,1433,390,1170,1275,528,638,1200,1090,983,945,1620,1083,1005,773,1075,1170,975,1415,723,1088,970,1143,1210,1008,1290,1545,810,1028,1105,783,713,1105,1183,1255,1080,1128,1218,475,1073,895,1620,765,985,1225,1268,705,828,685,963,1593,668,1013,415,960,873,1088,1038,1393,1170,1178,1098,1120,1193,610,1323,1150,955,438,700,978,1193,398,1248,945,563,1475,1023,1170,1080,578,575,1148,1498,1110,1023,1180,1253,1218,953,1480,540,968,948,600,975,1238,835,1233,1230,543,1098,1095,1178,1485,1593,1188,1263,483,1280,1138,1218,715,1508,970,1233,750,978,1128,940,1503,813,1308,1205,1193,400,1340,948,580,948,933,1278,1463,1113,1098,1178,565,1535,663,1193,1088,1105,913,1248,1300,945,1045,1110,998,1278,1438,1335,745,423,1270,1340,1270,953,1583,1015,1118,533,1545,1513,1193,1238,1588,1173,1280,1075,473,833,1240,540,815,1005,1150,1253,1053,1110,1480,1615,655,1275,1295,830,1365,390,750,1285,1185,1465,1230,1300,698,1073,1293,900,1600,675,1178,540,990,753,1438,1398,768,1503,565,1188,1595,1015,1013,1080,1080,1233,945,1285,988,833,378,1133,960,940,1490,1030,1270,398,1463,1300,993,1238,625,1110,1313,1203,1200,855,1008,1253,1133,993,1178,1530,1290,1113,1030,618,1465,438,1283,970,1080,1015,1260,998,1103,700,1563,1335,393,1125,1113,1200,1620,1595,445,1163,1148,1245,835,983,1140,1545,478,620,1620,1233,1490,595,613,1253,573,623,1038,938,1270,1278,1360,733,1140,1163,1278,383,1448,1425,1023,1573,668,1150,1158,1073,415,1045,1355,1170,1165,1108,1118,1248,495,945,1090,1030,1490,1368,1113,1068,635,1578,1185,645,1075,1073,540,1188,993,918,1163,960,1005,950,1328,1305,1550,1038,1388,775,540,1083,1195,1475,1088,938,468,938,998,708,505,1068,528,1113,1290,910,1545,1203,1200,1045,533,1523,465,713,1000,1270,1035,1563,1595,1485,1148,1268,1148,1095,1125,1443,1158,1133,1185,1058,1170,1263,1123,660,1615,1060,1150,798,1008,1255,1600,1058,1030,1240,1300,1140,1518,1140,1118,645,1073,833,1203,1230,900,1300,1523,1583,563,978,1045,1253,1285,1508,1453,990,1068,1475,1230,1133,975,1030,718,1410,978,1410,1225,803,1188,1008,1088,1398,1573,1148,1020,1383,1378,1195,955,1203,735];

SenderLabelReceiverOrderCriticalChains = [[162,3761,0,0,299],[299,1183,0,0,373],[373,1767,0,0,16],[285,1778,0,0,98],[98,580,0,0,94],[94,3343,3667,0,70],[401,494,0,0,284],[284,2063,0,0,320],[320,1066,0,0,164],[164,1858,0,0,467],[467,569,837,0,240],[206,2640,0,0,357],[357,1865,0,0,10],[10,126,0,0,187],[187,1379,0,0,99],[447,3856,0,0,58],[58,1902,0,0,324],[324,2155,0,0,101],[101,560,0,0,165],[474,2502,0,0,417],[417,3617,0,0,19],[19,1090,3877,0,209],[163,3077,0,0,288],[288,307,0,0,312],[312,98,0,0,345],[323,1730,0,0,28],[28,3897,0,0,494],[494,3880,0,0,338],[338,2785,0,0,410],[410,3610,0,0,161],[165,2359,0,0,55],[55,962,0,0,328],[328,1118,0,0,191],[460,1282,0,0,456],[456,1407,0,0,450],[450,2487,0,0,200],[223,1229,0,0,289],[289,1704,0,0,124],[124,952,0,0,104],[214,2808,0,0,98],[98,3710,0,0,437],[437,1921,0,0,250],[250,3529,0,0,365],[365,676,0,0,416],[416,103,0,0,104],[136,1450,0,0,162],[162,3322,0,0,82],[82,3734,0,0,459],[233,2515,0,0,482],[482,3680,0,0,148],[148,1435,0,0,274],[274,1969,0,0,104],[104,985,0,0,164],[164,335,0,0,300],[261,721,0,0,105],[105,2323,0,0,64],[64,1937,0,0,251],[478,3870,0,0,475],[475,2357,0,0,321],[321,3987,0,0,83],[83,1986,3580,0,229],[229,2132,0,0,173],[199,1864,0,0,206],[206,2245,0,0,260],[260,1042,0,0,443],[443,553,0,0,488],[207,1813,0,0,174],[174,488,0,0,217],[217,561,0,0,407],[407,2282,0,0,60],[111,1159,0,0,250],[250,895,0,0,412],[412,351,0,0,230],[230,3591,0,0,300],[156,1160,0,0,48],[48,3891,0,0,93],[93,1824,0,0,251],[251,1554,0,0,150],[150,3815,0,0,45],[449,1887,0,0,400],[400,1130,0,0,368],[368,3462,0,0,17],[334,1605,0,0,186],[186,1139,0,0,249],[249,3772,0,0,377],[377,3996,0,0,379],[379,733,0,0,76],[76,3923,0,0,410],[39,400,1578,0,156],[156,2276,0,0,130],[130,2976,0,0,499],[499,1364,0,0,421],[90,1495,0,0,403],[403,1645,0,0,471],[471,1431,0,0,64],[64,515,0,0,113],[296,1928,0,0,500],[500,1789,0,0,247],[247,2310,0,0,94],[76,833,0,0,264],[264,3764,0,0,445],[445,1581,0,0,409],[409,2210,0,0,447],[447,3996,0,0,357],[357,270,0,0,153],[360,727,0,0,183],[183,1772,0,0,500],[500,3042,0,0,430],[260,1257,0,0,341],[341,3148,0,0,231],[231,1603,0,0,177],[177,2982,0,0,201],[162,3759,0,0,351],[351,2939,0,0,160],[160,3830,0,0,427],[427,2325,0,0,119],[190,557,0,0,400],[400,3642,0,0,429],[429,3769,0,0,325],[325,1289,0,0,313],[116,2344,0,0,64],[64,2695,0,0,438],[438,2159,0,0,113],[113,678,0,0,171],[171,381,0,0,129],[144,1673,0,0,76],[76,2820,0,0,359],[359,1203,0,0,55],[55,3834,0,0,30],[30,981,0,0,312],[365,3876,0,0,84],[84,2542,0,0,223],[223,1461,0,0,482],[482,1934,0,0,174],[174,3084,0,0,305],[314,3306,0,0,236],[236,3124,0,0,98],[98,3793,0,0,148],[148,3751,0,0,52],[350,3403,0,0,136],[136,28,0,0,31],[31,28,3976,0,27],[27,2793,0,0,327],[327,1486,0,0,254],[304,3932,0,0,400],[400,3664,0,0,38],[38,2566,0,0,426],[426,1836,0,0,452],[452,1351,0,0,62],[62,930,0,0,333],[139,273,0,0,246],[246,10,0,0,371],[371,2896,0,0,226],[226,108,3395,0,127],[76,3877,0,0,328],[328,3460,0,0,66],[66,3274,0,0,119],[461,511,0,0,388],[388,3380,0,0,188],[188,664,0,0,96],[96,3173,0,0,325],[325,3735,0,0,184],[357,2354,0,0,295],[295,3495,0,0,281],[281,1697,0,0,435],[435,1236,0,0,109],[109,1037,0,0,163],[271,3162,0,0,455],[455,2047,0,0,240],[240,2234,0,0,486],[486,3673,0,0,332],[288,1343,0,0,338],[338,2139,0,0,31],[31,2106,0,0,191],[191,415,0,0,413],[413,1256,0,0,222],[387,3143,0,0,221],[221,502,0,0,63],[63,3144,0,0,296],[296,485,0,0,208],[208,1259,0,0,226],[439,616,0,0,406],[406,2381,0,0,375],[375,1235,0,0,213],[213,2526,0,0,24],[24,1426,0,0,394],[447,623,0,0,163],[163,3802,0,0,37],[37,446,0,0,200],[35,621,0,0,272],[272,2247,0,0,329],[329,3434,0,0,257],[257,696,0,0,145],[145,1377,0,0,104],[104,3319,0,0,316],[448,3861,0,0,210],[210,2690,0,0,314],[314,1841,0,0,335],[335,1311,0,0,106],[106,1355,0,0,480],[480,3106,0,0,164],[20,2106,0,0,263],[263,461,0,0,13],[13,2167,0,0,261],[261,800,0,0,388],[388,847,0,0,471],[471,759,0,0,178],[439,1569,0,0,24],[24,91,2805,0,369],[369,497,0,0,198],[144,2955,0,0,445],[445,698,0,0,459],[459,713,0,0,187],[187,2741,0,0,32]];

SenderLabelReceiverNonOrderCriticalChains = [[1,351,230],[1,351,4],[1,998,74],[1,1190,97],[1,1448,90],[1,1448,366],[1,2331,379],[1,2680,444],[1,2680,336],[1,2793,468],[1,2793,327],[1,2793,289],[1,3049,264],[2,1965,5],[2,2982,353],[2,2982,201],[2,2982,194],[2,2982,313],[2,3793,148],[2,3793,318],[2,3799,411],[2,3946,192],[2,3980,121],[2,3980,412],[3,753,126],[3,753,284],[3,1883,304],[3,1883,457],[3,2420,394],[3,2494,84],[3,2776,435],[3,3334,224],[3,3334,10],[3,3442,65],[3,3788,296],[4,119,480],[4,1152,422],[4,1579,110],[4,1676,314],[4,2377,306],[4,2377,8],[4,2377,81],[4,2412,139],[4,2412,150],[4,2412,478],[4,3063,490],[5,277,89],[5,958,432],[5,1173,461],[5,1331,179],[6,126,17],[6,126,130],[6,126,187],[6,490,433],[6,1766,452],[6,1947,459],[6,2131,331],[6,2879,13],[6,2879,63],[6,2879,456],[7,384,9],[7,591,362],[7,591,483],[7,1262,343],[7,1683,425],[7,1796,327],[7,2251,411],[7,2251,219],[8,41,9],[8,41,411],[8,213,202],[8,213,247],[8,2177,450],[8,2185,18],[8,2185,442],[8,2185,356],[8,2803,456],[8,2803,218],[8,3745,484],[8,3745,310],[9,2274,89],[9,2603,12],[9,2943,71],[9,2943,208],[9,3025,332],[9,3285,97],[9,3285,236],[9,3848,166],[9,3848,492],[9,3848,143],[10,126,17],[10,126,130],[10,126,187],[10,2548,355],[10,2548,16],[10,2740,5],[10,2850,271],[10,3210,206],[10,3572,385],[11,308,428],[11,1740,19],[11,1740,175],[11,1793,16],[11,3294,146],[11,3316,321],[12,1084,80],[12,1084,248],[12,1924,399],[12,1924,451],[12,2638,44],[12,2638,218],[12,2780,67],[12,3282,14],[12,3772,377],[12,3772,227],[13,2167,261],[13,2830,15],[13,2893,188],[13,2893,319],[13,2893,200],[13,3335,105],[13,3517,434],[13,3517,91],[13,3882,304],[13,3882,435],[14,272,206],[14,1236,109],[14,1236,461],[14,1910,410],[14,1910,35],[14,2919,61],[15,406,44],[15,406,124],[15,406,440],[15,1575,17],[15,2119,38],[15,2470,22],[15,2976,499],[15,2976,38],[15,2976,107],[15,3579,197],[15,3579,250],[16,1133,485],[16,2440,488],[16,3134,99],[16,3536,29],[17,314,182],[17,1801,51],[17,2031,20],[17,3819,306],[18,1563,50],[18,1827,82],[18,2435,112],[18,2773,446],[18,2773,407],[18,3626,326],[18,3626,469],[18,3626,479],[19,1090,468],[19,1090,209],[19,3342,244],[19,3342,15],[19,3877,209],[19,3877,328],[20,1632,171],[20,1763,22],[20,2106,191],[20,2106,263],[21,80,354],[21,254,112],[21,656,168],[21,656,36],[21,718,162],[21,3031,318],[21,3031,291],[21,3720,489],[21,3720,156],[21,3740,296],[22,204,87],[22,1113,335],[22,1270,219],[22,1270,340],[22,2976,499],[22,2976,38],[22,2976,107],[22,3295,325],[22,3641,113],[23,227,25],[23,234,160],[23,1380,338],[23,1380,458],[23,1808,445],[23,1808,497],[23,1939,200],[23,2354,295],[23,2354,465],[23,2474,421],[23,2803,456],[23,2803,218],[24,91,369],[24,1407,198],[24,1407,450],[24,1426,394],[24,2805,369],[25,392,352],[25,392,146],[25,929,29],[25,929,385],[25,2026,147],[25,2150,243],[25,3494,138],[26,1785,452],[26,2995,49],[26,2995,127],[26,3001,437],[26,3001,459],[26,3445,225],[26,3445,426],[26,3916,51],[27,510,297],[27,827,465],[27,1148,391],[27,1148,454],[27,1782,32],[27,2793,468],[27,2793,327],[27,2793,289],[28,708,475],[28,1658,259],[28,2085,387],[28,3897,494],[29,543,438],[29,543,492],[29,1568,430],[29,1715,289],[29,1876,217],[29,2757,44],[30,969,32],[30,981,312],[30,1439,108],[30,1558,436],[30,1558,366],[30,3496,31],[31,560,141],[31,560,165],[31,560,281],[31,2106,191],[31,2106,263],[31,2500,58],[31,3451,469],[31,3451,207],[31,3451,298],[31,3976,27],[32,116,66],[32,3299,345],[32,3758,393],[33,382,27],[33,382,95],[33,728,366],[33,1228,59],[33,2587,299],[33,2587,413],[33,2771,197],[33,2771,104],[33,3728,158],[33,3728,421],[34,65,47],[34,377,311],[34,382,27],[34,382,95],[34,1084,80],[34,1084,248],[34,1613,137],[34,1941,363],[34,2402,59],[34,2402,111],[35,23,20],[35,23,133],[35,23,307],[35,621,103],[35,621,272],[35,621,418],[35,783,318],[35,1540,50],[35,2235,482],[35,2235,301],[36,270,153],[36,270,182],[36,863,28],[36,863,498],[36,1161,271],[36,1487,52],[36,3626,326],[36,3626,469],[36,3626,479],[37,26,284],[37,446,200],[37,570,295],[37,898,26],[37,1951,487],[37,1951,78],[37,2234,486],[37,2234,311],[37,3559,463],[38,1186,379],[38,1414,218],[38,1414,169],[38,1414,39],[38,1486,441],[38,1486,254],[38,1486,74],[38,1486,267],[38,2566,370],[38,2566,426],[38,3399,216],[39,400,156],[39,992,449],[39,992,405],[39,992,456],[39,992,126],[39,1069,275],[39,1578,156],[39,1587,235],[39,1587,35],[39,2075,46],[40,235,349],[40,509,404],[40,1328,414],[40,1637,387],[40,2297,80],[40,3031,318],[40,3031,291],[40,3141,145],[40,3141,175],[40,3513,253],[40,3513,379],[40,3513,189],[41,1004,89],[41,1004,203],[41,1739,89],[41,1739,187],[41,1814,408],[41,2070,408],[41,3067,121],[41,3506,170],[41,3599,266],[42,2193,152],[42,2193,393],[42,2325,396],[42,2325,119],[42,2325,346],[42,2325,421],[42,2325,392],[42,2499,131],[42,2577,56],[42,2854,252],[43,451,51],[43,1139,177],[43,1139,249],[43,2151,260],[43,2509,58],[43,2549,434],[43,3834,30],[43,3834,226],[44,2555,53],[44,2555,321],[44,2828,434],[44,3629,239],[44,3713,437],[45,69,400],[45,949,453],[45,2259,256],[45,3347,180],[45,3446,365],[45,3748,62],[46,214,29],[46,214,49],[46,214,66],[46,3099,243],[47,379,151],[47,737,53],[47,1272,269],[47,1467,470],[47,2272,332],[47,2272,404],[47,2675,114],[48,527,72],[48,1952,308],[48,2405,420],[48,3891,93],[49,507,310],[49,833,273],[49,833,264],[49,1149,24],[49,1223,51],[49,1223,135],[49,3782,19],[49,3829,248],[49,3829,262],[50,251,463],[50,532,52],[50,698,106],[50,698,459],[50,698,394],[50,1165,463],[50,1878,278],[50,1878,367],[50,2818,100],[51,920,325],[51,920,315],[51,3015,68],[51,3941,438],[52,1480,422],[52,2007,441],[52,2463,285],[52,2463,284],[52,2838,149],[52,3266,63],[53,888,106],[53,888,392],[53,2407,93],[53,2407,59],[53,3836,346],[54,593,382],[54,1226,411],[54,1238,358],[54,1238,248],[54,2233,160],[54,2233,200],[54,2431,461],[54,2646,442],[54,2837,231],[54,2943,71],[54,2943,208],[55,176,144],[55,176,233],[55,176,158],[55,501,390],[55,501,91],[55,962,328],[55,3215,440],[55,3834,30],[55,3834,226],[56,731,61],[56,731,156],[56,1654,241],[56,1654,308],[56,2815,115],[56,3096,395],[56,3419,201],[56,3667,70],[56,3667,186],[57,543,438],[57,543,492],[57,1780,452],[57,3161,258],[57,3161,133],[57,3424,71],[57,3450,132],[58,1286,156],[58,1728,320],[58,1728,344],[58,1728,76],[58,1788,441],[58,1788,81],[58,1902,304],[58,1902,324],[58,3342,244],[58,3342,15],[59,140,239],[59,2377,306],[59,2377,8],[59,2377,81],[59,2746,396],[59,2746,413],[59,3556,192],[59,3556,316],[60,353,219],[60,353,463],[60,872,184],[60,872,206],[60,872,213],[60,1154,80],[60,3329,283],[60,3329,287],[60,3645,140],[60,3645,221],[60,3903,335],[61,78,417],[61,2479,143],[61,2756,77],[61,2879,13],[61,2879,63],[61,2879,456],[62,773,71],[62,930,333],[62,930,6],[62,1951,487],[62,1951,78],[62,2704,461],[62,3468,116],[62,3468,5],[63,1193,81],[63,1401,211],[63,1401,479],[63,2497,247],[63,3144,296],[64,238,426],[64,515,113],[64,545,68],[64,545,238],[64,1937,251],[64,2695,438],[65,755,161],[65,1558,436],[65,1558,366],[65,2840,327],[65,3001,437],[65,3001,459],[65,3776,430],[65,3776,326],[65,3776,465],[66,1957,130],[66,1957,75],[66,2315,245],[66,2315,309],[66,2722,352],[66,3244,316],[66,3274,83],[66,3274,119],[66,3274,290],[67,300,150],[67,300,188],[67,300,311],[67,1168,96],[67,2793,468],[67,2793,327],[67,2793,289],[67,3360,195],[67,3462,17],[67,3462,495],[67,3462,169],[67,3670,159],[68,1515,345],[68,1536,250],[68,2139,71],[68,2139,31],[68,2496,168],[68,2647,487],[68,2647,230],[68,2967,460],[69,96,73],[69,381,129],[69,381,182],[69,530,214],[69,839,180],[69,2140,414],[69,2140,374],[69,2201,118],[69,3659,486],[70,1092,480],[70,1092,122],[70,1224,221],[70,1728,320],[70,1728,344],[70,1728,76],[70,1959,74],[70,2608,405],[70,2620,237],[70,3343,94],[71,493,432],[71,493,466],[71,3422,85],[71,3440,326],[71,3440,317],[72,259,81],[72,408,195],[72,654,194],[72,654,174],[72,1148,391],[72,1148,454],[72,2649,110],[72,2649,498],[72,3883,330],[73,64,366],[73,836,470],[73,1126,374],[73,2493,82],[73,3968,128],[73,3968,165],[73,3998,177],[74,1895,102],[74,2447,464],[74,2447,445],[74,2447,498],[74,3467,354],[75,309,201],[75,452,270],[75,1218,131],[75,1218,211],[75,1458,109],[75,2065,310],[75,2633,192],[75,2633,479],[76,833,273],[76,833,264],[76,2705,112],[76,2820,359],[76,2820,25],[76,3877,209],[76,3877,328],[76,3923,410],[77,252,386],[77,809,83],[77,1414,218],[77,1414,169],[77,1414,39],[77,2463,285],[77,2463,284],[78,1051,495],[78,3485,88],[78,3485,117],[78,3924,427],[79,427,269],[79,427,329],[79,687,436],[79,1119,78],[79,2682,11],[79,2682,62],[79,3007,123],[80,3074,191],[80,3074,186],[80,3547,51],[80,3547,258],[80,3556,192],[80,3556,316],[81,203,97],[81,1413,117],[81,2406,358],[81,2659,65],[82,551,260],[82,675,201],[82,700,128],[82,1387,227],[82,3734,363],[82,3734,459],[83,798,92],[83,1986,229],[83,2975,176],[83,3580,229],[83,3856,58],[83,3856,456],[84,928,331],[84,2542,223],[84,2677,282],[84,3125,271],[85,300,150],[85,300,188],[85,300,311],[85,596,438],[85,1560,265],[85,1668,319],[85,1668,465],[85,2111,340],[85,3779,108],[86,214,29],[86,214,49],[86,214,66],[86,1140,110],[86,1175,483],[86,1472,113],[86,1646,472],[86,1974,376],[86,2861,291],[86,2861,394],[87,175,280],[87,1596,111],[87,1596,233],[87,2366,215],[87,2417,94],[87,2654,246],[88,374,319],[88,374,116],[88,2190,172],[88,2480,290],[88,2904,237],[88,3322,82],[88,3322,251],[88,3759,351],[88,3759,168],[88,3768,142],[88,3768,399],[89,696,145],[89,696,189],[89,2460,208],[90,1495,368],[90,1495,403],[90,1957,130],[90,1957,75],[90,2336,169],[90,2336,234],[90,2955,67],[90,2955,445],[90,2955,487],[91,192,332],[91,771,202],[91,2321,179],[92,557,173],[92,557,400],[92,629,90],[92,629,329],[92,992,449],[92,992,405],[92,992,456],[92,992,126],[92,1370,475],[92,1594,294],[92,1594,176],[92,1594,269],[92,1967,105],[93,1009,115],[93,1824,251],[93,3956,101],[93,3956,133],[94,2248,208],[94,3285,97],[94,3285,236],[94,3667,70],[94,3667,186],[94,3814,212],[94,3814,316],[95,325,226],[95,1005,372],[95,1537,328],[95,1795,211],[95,2528,103],[95,2849,97],[95,3107,458],[96,126,17],[96,126,130],[96,126,187],[96,154,496],[96,705,190],[96,705,311],[96,1455,34],[96,1811,172],[96,3173,325],[97,585,167],[97,1890,123],[97,3617,19],[97,3617,211],[97,3617,257],[97,3767,366],[98,580,94],[98,580,446],[98,580,472],[98,2484,495],[98,3710,437],[98,3793,148],[98,3793,318],[99,719,92],[99,1150,125],[99,1213,366],[99,3567,485],[99,3763,460],[100,176,144],[100,176,233],[100,176,158],[100,970,351],[100,1341,120],[100,1341,161],[100,1406,226],[100,3898,239],[101,560,141],[101,560,165],[101,560,281],[101,1004,89],[101,1004,203],[101,1408,135],[101,2558,118],[101,3575,157],[102,1063,325],[102,1469,132],[102,2893,188],[102,2893,319],[102,2893,200],[102,3886,258],[103,727,336],[103,727,183],[103,1137,272],[103,1938,367],[103,2039,2],[103,2039,106],[103,2255,152],[103,3617,19],[103,3617,211],[103,3617,257],[104,985,164],[104,2146,121],[104,2146,242],[104,3319,316],[105,374,319],[105,374,116],[105,2323,64],[106,1355,131],[106,1355,480],[106,3241,152],[106,3241,215],[106,3276,122],[106,3276,367],[106,3474,91],[107,472,427],[107,472,113],[107,472,294],[107,877,110],[107,2003,395],[107,2142,441],[107,2142,207],[107,2412,139],[107,2412,150],[107,2412,478],[107,3451,469],[107,3451,207],[107,3451,298],[107,3789,156],[108,105,122],[108,1488,193],[108,1644,218],[108,1644,500],[108,2427,122],[108,2853,412],[108,2853,149],[108,3192,268],[109,1037,163],[109,1075,373],[109,2048,329],[109,2048,494],[109,2048,126],[109,2716,295],[109,3485,88],[109,3485,117],[110,1495,368],[110,1495,403],[110,2048,329],[110,2048,494],[110,2048,126],[110,3160,159],[111,406,44],[111,406,124],[111,406,440],[111,799,228],[111,1159,184],[111,1159,250],[111,1727,193],[111,1727,135],[111,1859,230],[111,1859,275],[111,3166,152],[112,8,304],[112,640,148],[112,1383,415],[112,1383,373],[112,1631,114],[112,1631,476],[113,214,29],[113,214,49],[113,214,66],[113,678,171],[113,3258,116],[114,1034,278],[114,1414,218],[114,1414,169],[114,1414,39],[114,2039,2],[114,2039,106],[114,3178,119],[114,3404,287],[115,216,238],[115,1268,171],[115,1268,382],[115,2133,116],[115,2402,59],[115,2402,111],[115,2545,235],[116,53,277],[116,2344,64],[116,2766,426],[116,3624,184],[117,822,476],[117,822,153],[117,2457,157],[117,2457,153],[117,3032,169],[117,3513,253],[117,3513,379],[117,3513,189],[117,3928,147],[118,560,141],[118,560,165],[118,560,281],[118,2280,277],[118,2589,249],[118,2589,497],[118,2678,372],[118,3451,469],[118,3451,207],[118,3451,298],[118,3845,496],[119,652,324],[119,652,407],[119,652,262],[119,852,326],[119,2730,484],[119,2730,481],[119,2730,461],[120,346,331],[120,1571,246],[120,1732,233],[120,2204,181],[120,2285,355],[120,3141,145],[120,3141,175],[120,3792,451],[121,481,211],[121,481,391],[121,865,187],[121,865,286],[121,925,177],[121,1021,170],[121,1633,179],[122,1776,149],[122,2884,158],[122,3443,117],[123,1280,293],[123,1428,486],[123,1866,165],[123,1866,280],[123,1902,304],[123,1902,324],[123,3527,486],[123,3527,219],[123,3852,285],[124,141,102],[124,542,145],[124,607,253],[124,607,344],[124,952,104],[124,1076,143],[124,1076,390],[124,2982,353],[124,2982,201],[124,2982,194],[124,2982,313],[125,931,465],[125,1817,35],[125,3061,357],[125,3061,392],[125,3954,267],[125,3968,128],[125,3968,165],[126,1196,306],[126,1196,246],[126,2419,173],[126,3744,218],[127,321,280],[127,321,340],[127,1596,111],[127,1596,233],[127,2922,55],[127,3241,152],[127,3241,215],[127,3395,226],[128,31,357],[128,323,322],[128,323,180],[128,1210,141],[128,2109,259],[128,3715,157],[128,3925,442],[128,3925,185],[129,1810,388],[129,1823,323],[129,1893,303],[129,2906,181],[129,3548,369],[130,300,150],[130,300,188],[130,300,311],[130,1739,89],[130,1739,187],[130,2932,388],[130,2976,499],[130,2976,38],[130,2976,107],[130,3700,198],[131,911,491],[131,1945,243],[131,2626,142],[132,730,451],[132,730,195],[132,993,304],[132,993,136],[132,2105,397],[132,2296,270],[132,2508,424],[133,1061,233],[133,1061,290],[133,1188,36],[133,2251,411],[133,2251,219],[133,3059,489],[134,356,350],[134,825,433],[134,1669,400],[134,1669,240],[134,1672,335],[134,1672,330],[134,1687,142],[134,2013,319],[134,2013,269],[134,3019,398],[134,3019,474],[135,637,439],[135,656,168],[135,656,36],[135,1110,165],[135,3224,377],[136,28,31],[136,148,151],[136,472,427],[136,472,113],[136,472,294],[136,1450,17],[136,1450,162],[136,2755,197],[136,2755,14],[136,2755,48],[136,2755,354],[137,72,406],[137,629,90],[137,629,329],[137,872,184],[137,872,206],[137,872,213],[137,2400,406],[137,2668,356],[137,3904,89],[138,1055,446],[138,1055,240],[138,2282,60],[138,2282,167],[138,3082,219],[138,3701,359],[139,158,336],[139,158,286],[139,273,254],[139,273,246],[139,1378,469],[139,2436,343],[139,2755,197],[139,2755,14],[139,2755,48],[139,2755,354],[139,3650,184],[139,3650,222],[140,661,98],[140,914,468],[140,1447,347],[140,3728,158],[140,3728,421],[141,2217,428],[141,2217,80],[141,2233,160],[141,2233,200],[141,2650,154],[141,3286,256],[142,295,333],[142,1574,386],[142,3103,146],[142,3123,303],[142,3206,150],[143,624,293],[143,1621,132],[143,2706,234],[144,826,165],[144,1673,76],[144,2955,67],[144,2955,445],[144,2955,487],[144,3824,93],[145,3,183],[145,3,322],[145,1238,358],[145,1238,248],[145,1270,219],[145,1270,340],[145,1377,77],[145,1377,104],[145,1691,247],[145,1691,251],[145,1691,447],[146,240,440],[146,2952,157],[146,2952,496],[146,3308,213],[146,3925,442],[146,3925,185],[147,132,90],[147,132,359],[147,854,45],[147,854,302],[147,2433,152],[147,2501,138],[147,2501,380],[147,3406,495],[147,3406,419],[148,1131,227],[148,1256,222],[148,1256,379],[148,1435,274],[148,3751,52],[148,3821,53],[149,691,201],[149,1755,169],[149,2513,382],[149,2787,332],[149,3346,214],[150,2004,46],[150,2004,403],[150,2125,161],[150,2125,259],[150,2488,349],[150,3815,45],[150,3815,403],[151,547,154],[151,650,500],[151,650,483],[151,1263,236],[151,1263,275],[151,1990,459],[151,2921,341],[151,3921,252],[151,3921,445],[152,1802,167],[152,3830,224],[152,3830,427],[152,3830,131],[153,1299,270],[153,2872,177],[153,3472,161],[153,3500,235],[154,653,200],[154,844,280],[154,2437,220],[154,3720,489],[154,3720,156],[154,3938,237],[155,904,288],[155,1072,285],[155,1395,314],[155,1636,294],[155,2944,110],[155,2965,218],[156,1160,48],[156,2276,348],[156,2276,130],[157,1486,441],[157,1486,254],[157,1486,74],[157,1486,267],[157,3487,189],[157,3487,277],[157,3911,443],[158,15,462],[158,1341,120],[158,1341,161],[158,2877,484],[158,3476,326],[158,3476,499],[158,3539,198],[159,250,450],[159,330,276],[159,1159,184],[159,1159,250],[159,2860,424],[159,3018,249],[160,1567,447],[160,2475,171],[160,2475,20],[160,3253,279],[160,3608,2],[160,3830,224],[160,3830,427],[160,3830,131],[161,2004,46],[161,2004,403],[161,3644,192],[161,3690,299],[162,713,410],[162,713,187],[162,1887,445],[162,1887,400],[162,2980,372],[162,2980,462],[162,2980,199],[162,3322,82],[162,3322,251],[162,3759,351],[162,3759,168],[162,3761,299],[163,1219,87],[163,2264,168],[163,2686,7],[163,3055,484],[163,3077,288],[163,3077,457],[163,3802,37],[164,335,300],[164,994,335],[164,1858,467],[164,3119,210],[164,3161,258],[164,3161,133],[165,1503,444],[165,2359,8],[165,2359,55],[165,2957,235],[166,555,417],[166,913,209],[166,1650,390],[166,2652,245],[166,3365,317],[166,3365,390],[167,2185,18],[167,2185,442],[167,2185,356],[167,2708,170],[167,2807,296],[167,3551,78],[167,3551,257],[168,1654,241],[168,1654,308],[168,1979,218],[168,2598,360],[168,2598,315],[169,269,270],[169,392,352],[169,392,146],[169,2579,299],[170,654,194],[170,654,174],[170,1211,328],[170,1724,189],[170,2138,194],[170,2283,155],[171,381,129],[171,381,182],[171,1970,258],[171,1970,401],[171,2590,30],[171,3207,79],[172,1029,411],[172,1744,238],[172,2539,28],[172,2594,222],[172,3005,196],[172,3005,371],[172,3533,191],[173,697,146],[173,1851,385],[173,2755,197],[173,2755,14],[173,2755,48],[173,2755,354],[173,3645,140],[173,3645,221],[173,3982,14],[174,488,217],[174,488,345],[174,636,20],[174,2801,183],[174,3084,458],[174,3084,305],[174,3476,326],[174,3476,499],[175,95,494],[175,867,383],[175,867,200],[175,1085,225],[175,1085,283],[175,1514,326],[175,2773,446],[175,2773,407],[176,197,7],[176,197,197],[176,2638,44],[176,2638,218],[176,2991,306],[176,3214,386],[177,2982,353],[177,2982,201],[177,2982,194],[177,2982,313],[177,3863,423],[178,128,195],[178,128,389],[178,992,449],[178,992,405],[178,992,456],[178,992,126],[178,1288,196],[178,1385,273],[178,1699,464],[178,2163,144],[178,2163,182],[179,1143,56],[179,1992,432],[179,2814,185],[179,2814,168],[179,2913,420],[179,3518,271],[180,87,219],[180,303,370],[180,2246,183],[181,1675,254],[181,1675,461],[181,1921,250],[181,1921,407],[181,3205,395],[182,1848,46],[182,1848,442],[182,2100,434],[182,2667,487],[183,51,204],[183,51,340],[183,1772,500],[183,3987,83],[183,3987,351],[183,3987,414],[184,2252,362],[184,2730,484],[184,2730,481],[184,2730,461],[185,1587,235],[185,1587,35],[185,1786,235],[185,1881,453],[185,2485,221],[185,2616,374],[185,3265,191],[186,99,440],[186,692,361],[186,1139,177],[186,1139,249],[186,2825,241],[186,2842,422],[187,442,281],[187,1379,99],[187,2741,32],[187,3362,278],[187,3362,415],[188,591,362],[188,591,483],[188,664,96],[188,1448,90],[188,1448,366],[188,2299,180],[188,2315,245],[188,2315,309],[189,239,420],[189,263,330],[189,1392,16],[189,1392,266],[189,1606,239],[190,168,238],[190,557,173],[190,557,400],[190,3680,148],[190,3680,135],[190,3885,288],[191,415,413],[191,1404,199],[191,2196,372],[192,2774,307],[192,3427,193],[193,1672,335],[193,1672,330],[193,1991,211],[193,2336,169],[193,2336,234],[193,2721,217],[193,2721,386],[193,3517,434],[193,3517,91],[194,81,245],[194,1263,236],[194,1263,275],[194,1669,400],[194,1669,240],[194,3276,122],[194,3276,367],[195,264,326],[195,1982,412],[195,2447,464],[195,2447,445],[195,2447,498],[196,525,239],[196,2714,469],[196,2714,91],[196,3054,395],[196,3074,191],[196,3074,186],[196,3997,405],[197,1750,386],[197,3769,232],[197,3769,325],[197,3899,452],[197,3899,475],[197,3921,252],[197,3921,445],[198,43,356],[198,43,457],[198,292,372],[198,3044,84],[198,3044,212],[198,3927,406],[199,1864,206],[199,2566,370],[199,2566,426],[199,2683,79],[199,2739,415],[199,2739,418],[200,242,290],[201,1590,282],[201,2227,485],[202,951,122],[202,951,452],[202,2103,472],[202,2593,354],[202,3429,333],[202,3462,17],[202,3462,495],[202,3462,169],[202,3888,376],[202,3888,380],[203,881,275],[203,908,226],[203,1479,271],[203,2064,392],[203,2064,459],[203,2365,421],[203,3433,377],[203,3433,437],[204,660,100],[204,660,274],[204,1818,207],[204,2467,455],[204,3169,469],[204,3433,377],[204,3433,437],[204,3468,116],[204,3468,5],[204,3940,378],[204,3940,337],[205,375,167],[205,1656,266],[205,1773,467],[205,1931,266],[205,2380,301],[205,3202,339],[205,3227,47],[206,1382,377],[206,1382,219],[206,2245,260],[206,2640,357],[206,2640,385],[207,739,227],[207,739,141],[207,1061,233],[207,1061,290],[207,1813,174],[207,2672,417],[208,1259,226],[208,1482,229],[208,1482,90],[208,1553,273],[209,828,41],[209,1218,131],[209,1218,211],[209,1761,33],[209,2647,487],[209,2647,230],[210,280,283],[210,454,203],[210,454,301],[210,454,394],[210,2690,314],[210,2736,444],[210,3776,430],[210,3776,326],[210,3776,465],[211,2490,227],[212,197,7],[212,197,197],[212,224,436],[212,237,213],[212,1688,295],[212,1688,274],[212,3440,326],[212,3440,317],[213,986,369],[213,2498,105],[213,2526,24],[214,600,402],[214,1268,171],[214,1268,382],[214,1800,26],[214,2136,246],[214,2207,102],[214,2808,98],[215,489,237],[215,489,457],[215,1584,486],[215,2714,469],[215,2714,91],[215,2984,177],[215,3372,246],[216,545,68],[216,545,238],[216,888,106],[216,888,392],[216,2934,238],[216,3649,470],[217,561,126],[217,561,407],[217,842,456],[217,2001,417],[217,2001,430],[217,3222,344],[217,3275,482],[218,1257,46],[218,1257,341],[219,2112,69],[220,472,427],[220,472,113],[220,472,294],[220,2869,494],[220,2879,13],[220,2879,63],[220,2879,456],[220,3191,483],[220,3336,222],[221,350,340],[221,502,63],[221,1608,492],[221,1854,257],[222,2795,384],[222,2970,327],[222,2980,372],[222,2980,462],[222,2980,199],[222,3557,490],[223,4,339],[223,544,285],[223,544,307],[223,1229,289],[223,1396,199],[223,1461,482],[223,2551,293],[223,3527,486],[223,3527,219],[224,744,196],[224,1548,418],[224,1984,416],[224,1984,481],[224,2746,396],[224,2746,413],[224,3656,349],[224,3975,282],[225,1307,207],[225,2203,143],[225,2203,309],[225,2521,216],[225,2702,411],[225,3277,181],[225,3277,345],[225,3660,419],[226,108,127],[227,957,303],[227,957,213],[227,3848,166],[227,3848,492],[227,3848,143],[228,890,438],[228,1076,143],[228,1076,390],[228,1788,441],[228,1788,81],[228,1878,278],[228,1878,367],[228,2172,343],[228,3092,314],[228,3618,358],[229,1615,129],[229,1843,119],[229,2132,173],[229,2267,405],[229,2267,391],[229,2267,389],[229,2412,139],[229,2412,150],[229,2412,478],[230,705,190],[230,705,311],[230,875,102],[230,1027,305],[230,1315,260],[230,3591,300],[231,578,236],[231,714,205],[231,1482,229],[231,1482,90],[231,1603,177],[231,1631,114],[231,1631,476],[231,2974,127],[231,2974,259],[232,24,478],[232,633,389],[232,2441,252],[232,2717,475],[232,3012,475],[232,3604,395],[233,1184,184],[233,1446,363],[233,2515,482],[233,2601,422],[234,498,331],[234,652,324],[234,652,407],[234,652,262],[234,1077,367],[234,1562,314],[234,2033,383],[234,3579,197],[234,3579,250],[235,1521,391],[235,1833,305],[235,2394,358],[236,1102,144],[236,1318,424],[236,1318,300],[236,2662,482],[236,3124,98],[237,293,491],[237,1105,227],[237,2016,263],[237,2537,325],[238,1382,377],[238,1382,219],[238,2013,319],[238,2013,269],[238,2254,348],[239,1020,322],[239,2903,368],[240,837,467],[240,1392,16],[240,1392,266],[240,2234,486],[240,2234,311],[240,3170,276],[241,406,44],[241,406,124],[241,406,440],[241,516,435],[241,1486,441],[241,1486,254],[241,1486,74],[241,1486,267],[241,2755,197],[241,2755,14],[241,2755,48],[241,2755,354],[241,2911,322],[242,401,479],[242,468,57],[242,468,402],[242,1284,422],[242,1284,485],[242,1336,486],[242,1740,19],[242,1740,175],[243,959,489],[243,1999,354],[243,1999,153],[243,3196,361],[243,3768,142],[243,3768,399],[244,454,203],[244,454,301],[244,454,394],[244,650,500],[244,650,483],[244,848,394],[244,3493,317],[244,3668,12],[244,3893,375],[244,3940,378],[244,3940,337],[245,501,390],[245,501,91],[245,865,187],[245,865,286],[245,2001,417],[245,2001,430],[245,3555,286],[246,10,371],[246,3734,363],[246,3734,459],[247,1994,220],[247,2310,94],[247,3386,436],[247,3665,300],[248,951,122],[248,951,452],[248,2769,315],[248,3114,408],[248,3114,241],[248,3459,398],[248,3459,415],[248,3682,487],[249,1136,275],[249,1136,498],[249,1250,386],[249,1250,60],[249,1298,442],[249,3772,377],[249,3772,227],[249,3843,295],[249,3843,32],[250,895,412],[250,3522,316],[250,3522,385],[250,3529,365],[250,3529,46],[251,980,28],[251,1554,150],[251,1808,445],[251,1808,497],[252,169,306],[252,1196,306],[252,1196,246],[252,1250,386],[252,1250,60],[252,1594,294],[252,1594,176],[252,1594,269],[252,3445,225],[252,3445,426],[253,1231,75],[253,3280,495],[253,3280,414],[253,3589,312],[253,3692,344],[253,3934,480],[254,2325,396],[254,2325,119],[254,2325,346],[254,2325,421],[254,2325,392],[254,2374,384],[254,2548,355],[254,2548,16],[254,3389,428],[255,815,311],[255,2449,287],[255,2584,433],[255,2587,299],[255,2587,413],[255,2885,379],[255,3277,181],[255,3277,345],[256,804,297],[256,2210,447],[256,2210,182],[256,2895,398],[256,2895,456],[256,3298,276],[256,3962,404],[257,696,145],[257,696,189],[257,1829,387],[257,2723,463],[258,1538,211],[258,2633,192],[258,2633,479],[258,3176,428],[258,3843,295],[258,3843,32],[259,652,324],[259,652,407],[259,652,262],[259,3020,345],[259,3622,131],[260,213,202],[260,213,247],[260,1042,443],[260,1257,46],[260,1257,341],[260,3663,344],[261,541,342],[261,541,232],[261,721,105],[261,800,388],[261,1293,392],[261,1454,375],[261,2982,353],[261,2982,201],[261,2982,194],[261,2982,313],[261,3369,263],[262,51,204],[262,51,340],[262,60,497],[262,111,404],[262,1642,279],[262,2325,396],[262,2325,119],[262,2325,346],[262,2325,421],[262,2325,392],[263,461,13],[263,461,216],[263,561,126],[263,561,407],[263,567,308],[263,1789,247],[263,1789,397],[264,147,59],[264,621,103],[264,621,272],[264,621,418],[264,987,190],[264,3261,251],[264,3764,445],[265,41,9],[265,41,411],[265,812,192],[265,1585,383],[265,2146,121],[265,2146,242],[265,3274,83],[265,3274,119],[265,3274,290],[266,493,432],[266,493,466],[266,1053,176],[266,1053,330],[266,1223,51],[266,1223,135],[266,2384,420],[267,389,460],[267,474,295],[267,474,347],[267,1594,294],[267,1594,176],[267,1594,269],[267,1910,410],[267,1910,35],[267,2215,391],[267,2835,435],[268,258,371],[268,689,407],[268,1158,293],[268,1797,276],[268,1980,125],[268,2680,444],[268,2680,336],[268,3513,253],[268,3513,379],[268,3513,189],[269,541,342],[269,541,232],[269,1593,159],[269,2275,250],[269,3796,74],[270,2797,334],[270,3329,283],[270,3329,287],[270,3384,57],[270,3384,5],[271,867,383],[271,867,200],[271,2974,127],[271,2974,259],[271,3162,455],[272,1445,353],[272,2019,318],[272,2247,466],[272,2247,329],[272,3832,467],[273,957,303],[273,957,213],[273,1277,24],[273,2180,376],[273,2895,398],[273,2895,456],[273,3882,304],[273,3882,435],[274,480,430],[274,1031,463],[274,1745,444],[274,1770,449],[274,1969,104],[275,753,126],[275,753,284],[275,1916,410],[275,3931,404],[276,129,382],[276,3102,469],[276,3163,409],[277,1183,373],[277,1183,347],[277,2371,334],[277,2812,438],[277,3278,406],[277,3278,493],[277,3344,491],[278,217,372],[278,414,334],[278,2017,353],[278,2640,357],[278,2640,385],[279,431,291],[279,2064,392],[279,2064,459],[279,2084,488],[279,2084,302],[279,3051,481],[279,3080,340],[280,2598,360],[280,2598,315],[280,2602,399],[281,120,155],[281,722,465],[281,1697,435],[281,1896,440],[282,1100,345],[282,1365,425],[282,1524,308],[282,2396,332],[282,3520,26],[283,257,472],[283,626,298],[283,626,473],[283,1583,358],[283,3694,305],[283,3995,343],[283,3995,402],[284,483,331],[284,2063,320],[284,3384,57],[284,3384,5],[285,89,212],[285,1778,98],[285,3605,133],[285,3995,343],[285,3995,402],[286,52,288],[286,1884,390],[286,2316,474],[286,3879,450],[287,1885,484],[287,2455,442],[287,2718,360],[287,3717,459],[288,307,312],[288,1343,338],[288,2788,21],[288,2788,449],[289,318,334],[289,776,342],[289,849,93],[289,1704,124],[289,2319,307],[290,1187,380],[290,2893,188],[290,2893,319],[290,2893,200],[290,3090,53],[291,193,80],[291,739,227],[291,739,141],[291,992,449],[291,992,405],[291,992,456],[291,992,126],[291,2393,319],[292,487,44],[292,941,319],[292,993,304],[292,993,136],[292,1909,481],[292,2229,284],[292,3231,376],[292,3875,426],[293,1930,455],[293,2658,181],[293,2658,495],[293,3157,358],[293,3651,27],[293,3651,466],[293,3651,201],[294,454,203],[294,454,301],[294,454,394],[294,1688,295],[294,1688,274],[294,2870,457],[294,2870,312],[294,3114,408],[294,3114,241],[295,3495,281],[296,485,208],[296,496,321],[296,1928,500],[297,1171,374],[297,1456,457],[297,2288,479],[297,2981,46],[298,878,414],[298,1954,382],[298,2272,332],[298,2272,404],[298,2273,343],[298,2346,396],[298,3198,343],[298,3198,487],[299,1130,368],[299,1130,77],[299,1183,373],[299,1183,347],[299,2870,457],[299,2870,312],[299,3182,178],[300,134,199],[300,1380,338],[300,1380,458],[301,474,295],[301,474,347],[301,1340,309],[301,1340,423],[301,1533,307],[301,2092,381],[301,3828,457],[302,427,269],[302,427,329],[302,635,347],[302,1060,141],[302,3676,418],[303,621,103],[303,621,272],[303,621,418],[303,1166,332],[303,1441,426],[303,2116,313],[304,2630,499],[304,3899,452],[304,3899,475],[304,3932,400],[305,158,336],[305,158,286],[305,723,387],[305,3966,455],[306,1335,346],[306,1335,437],[306,2721,217],[306,2721,386],[306,3412,389],[306,3412,61],[307,2074,329],[307,2325,396],[307,2325,119],[307,2325,346],[307,2325,421],[307,2325,392],[307,2972,448],[308,657,495],[308,1703,87],[308,3154,378],[309,201,470],[309,929,29],[309,929,385],[309,1513,242],[309,3145,351],[309,3145,431],[309,3972,366],[310,1963,426],[310,2142,441],[310,2142,207],[310,2461,280],[310,2624,254],[311,2385,33],[312,23,20],[312,23,133],[312,23,307],[312,98,345],[312,299,239],[313,265,470],[313,2730,484],[313,2730,481],[313,2730,461],[313,2874,272],[313,2874,100],[313,3481,11],[314,1841,335],[314,1866,165],[314,1866,280],[314,3306,236],[315,122,154],[315,219,348],[315,1692,429],[316,121,422],[316,1614,344],[317,625,305],[317,1405,375],[318,304,180],[318,305,463],[318,2209,383],[318,2698,444],[319,607,253],[319,607,344],[319,3990,144],[320,1066,164],[320,2048,329],[320,2048,494],[320,2048,126],[320,2140,414],[320,2140,374],[320,3010,401],[320,3651,27],[320,3651,466],[320,3651,201],[320,3987,83],[320,3987,351],[320,3987,414],[321,128,195],[321,128,389],[321,2161,389],[321,2203,143],[321,2203,309],[321,3987,83],[321,3987,351],[321,3987,414],[322,704,429],[322,903,326],[322,1058,287],[322,1058,347],[322,2739,415],[322,2739,418],[323,1730,28],[323,2181,315],[323,2271,377],[323,2589,249],[323,2589,497],[323,2783,431],[323,3113,350],[323,3113,477],[323,3185,393],[324,605,308],[324,853,341],[324,2155,101],[324,2804,42],[324,3721,138],[325,1289,313],[325,3735,184],[327,212,346],[327,920,325],[327,920,315],[327,1292,333],[327,1486,441],[327,1486,254],[327,1486,74],[327,1486,267],[328,106,361],[328,1118,191],[328,1374,138],[328,3460,66],[329,3247,134],[329,3434,257],[329,3746,355],[330,736,487],[330,870,408],[330,2613,73],[330,3046,334],[331,1450,17],[331,1450,162],[331,1728,320],[331,1728,344],[331,1728,76],[331,3365,317],[331,3365,390],[332,588,78],[333,1700,487],[333,2711,403],[333,3097,376],[334,1605,186],[335,1311,106],[335,2607,270],[335,2607,425],[335,3956,101],[335,3956,133],[336,810,220],[336,2176,427],[336,2176,387],[336,2452,401],[336,2669,263],[337,511,388],[337,511,356],[337,1281,369],[337,2185,18],[337,2185,442],[337,2185,356],[337,2303,369],[337,3278,406],[337,3278,493],[337,3482,356],[338,580,94],[338,580,446],[338,580,472],[338,1891,84],[338,2139,71],[338,2139,31],[338,2785,410],[338,3686,276],[339,3,183],[339,3,322],[339,439,474],[339,439,483],[339,1346,408],[339,1400,176],[339,2534,432],[339,3338,431],[340,43,356],[340,43,457],[341,1649,401],[341,1701,396],[341,2778,355],[341,3148,231],[341,3894,378],[342,2034,387],[342,2642,365],[342,3171,407],[342,3262,72],[342,3326,77],[343,1085,225],[343,1085,283],[343,1555,317],[346,1427,42],[346,3145,351],[346,3145,431],[346,3778,351],[347,1033,474],[347,1525,143],[347,3634,399],[348,1859,230],[348,1859,275],[348,2501,138],[348,2501,380],[348,2568,388],[348,2857,468],[348,3815,45],[348,3815,403],[349,1679,490],[349,2605,479],[349,3039,433],[349,3084,458],[349,3084,305],[350,319,280],[350,319,439],[350,1561,351],[350,2276,348],[350,2276,130],[350,3235,488],[350,3362,278],[350,3362,415],[350,3403,136],[351,2531,265],[351,2939,160],[352,876,195],[352,2445,393],[352,2679,340],[352,2786,344],[353,580,94],[353,580,446],[353,580,472],[353,1564,492],[353,1564,403],[353,1564,371],[353,3731,446],[353,3980,121],[353,3980,412],[354,589,376],[354,2873,373],[355,873,476],[355,1367,359],[355,3465,358],[356,432,375],[356,698,106],[356,698,459],[356,698,394],[356,2193,152],[356,2193,393],[357,270,153],[357,270,182],[357,1865,10],[357,2354,295],[357,2354,465],[358,3327,373],[359,626,298],[359,626,473],[359,855,140],[359,1203,55],[359,3762,379],[360,323,322],[360,323,180],[360,506,312],[360,727,336],[360,727,183],[360,2269,462],[360,3888,376],[360,3888,380],[361,740,415],[361,1468,425],[361,2875,364],[361,3093,353],[362,550,364],[362,1058,287],[362,1058,347],[362,1867,61],[362,2428,346],[362,3334,224],[362,3334,10],[363,514,11],[363,1970,258],[363,1970,401],[363,2556,479],[363,2556,402],[363,2556,297],[363,2762,425],[363,2853,412],[363,2853,149],[364,1088,491],[364,1192,337],[364,1874,392],[364,2377,306],[364,2377,8],[364,2377,81],[364,2694,361],[364,3358,424],[365,676,416],[365,1932,485],[365,2208,290],[365,3848,166],[365,3848,492],[365,3848,143],[365,3876,84],[366,863,28],[366,863,498],[367,1092,480],[367,1092,122],[367,1335,346],[367,1335,437],[367,1401,211],[367,1401,479],[368,1984,416],[368,1984,481],[368,2247,466],[368,2247,329],[368,2556,479],[368,2556,402],[368,2556,297],[368,2868,468],[368,3462,17],[368,3462,495],[368,3462,169],[369,497,198],[369,2865,53],[370,461,13],[370,461,216],[370,711,413],[370,1355,131],[370,1355,480],[370,2851,435],[370,2863,427],[370,3830,224],[370,3830,427],[370,3830,131],[371,458,48],[371,1528,19],[371,2768,105],[371,2896,226],[372,3151,300],[372,3806,89],[372,3806,483],[373,294,86],[373,481,211],[373,481,391],[373,1767,16],[374,73,14],[374,665,192],[374,824,74],[374,934,105],[375,1235,213],[375,2861,291],[375,2861,394],[376,124,36],[377,1747,453],[377,3996,357],[377,3996,379],[378,2777,496],[378,2777,25],[378,3061,357],[378,3061,392],[378,3444,255],[378,3806,89],[378,3806,483],[379,733,76],[380,174,392],[380,2314,405],[380,3320,355],[380,3320,420],[380,3437,441],[381,23,20],[381,23,133],[381,23,307],[381,1848,46],[381,1848,442],[381,2900,470],[381,3143,292],[381,3143,221],[381,3522,316],[381,3522,385],[381,3547,51],[381,3547,258],[382,145,458],[382,2137,478],[382,2137,477],[382,2844,279],[383,961,291],[383,1156,140],[383,1419,486],[384,1971,317],[384,2176,427],[384,2176,387],[384,2267,405],[384,2267,391],[384,2267,389],[384,2416,447],[384,2581,488],[385,395,313],[385,822,476],[385,822,153],[386,2125,161],[386,2125,259],[386,2929,334],[387,132,90],[387,132,359],[387,3143,292],[387,3143,221],[388,847,471],[388,3380,188],[389,440,43],[389,1925,478],[389,3688,494],[390,1318,424],[390,1318,300],[390,2267,405],[390,2267,391],[390,2267,389],[390,3019,398],[390,3019,474],[391,2289,431],[391,2831,477],[393,468,57],[393,468,402],[393,882,410],[393,2386,416],[394,974,194],[395,404,18],[395,457,139],[395,3814,212],[395,3814,316],[396,2607,270],[396,2607,425],[396,2628,448],[396,3447,302],[397,494,405],[397,494,284],[397,674,421],[397,1276,398],[397,1375,424],[397,2811,398],[397,2955,67],[397,2955,445],[397,2955,487],[398,554,455],[398,1564,492],[398,1564,403],[398,1564,371],[398,1727,193],[398,1727,135],[399,608,403],[399,608,20],[399,1167,215],[399,1846,493],[399,3750,433],[400,1130,368],[400,1130,77],[400,3642,429],[400,3664,38],[401,494,405],[401,494,284],[401,2191,491],[401,3280,495],[401,3280,414],[401,3651,27],[401,3651,466],[401,3651,201],[402,369,437],[402,854,45],[402,854,302],[402,1310,424],[402,2980,372],[402,2980,462],[402,2980,199],[403,1645,471],[404,544,285],[404,544,307],[404,1018,409],[404,1018,477],[404,3681,427],[405,1949,421],[406,2381,375],[406,2734,18],[406,3044,84],[406,3044,212],[407,196,125],[407,2282,60],[407,2282,167],[408,811,451],[408,2489,432],[408,3320,355],[408,3320,420],[409,742,434],[409,2134,354],[409,2210,447],[409,2210,182],[409,2555,53],[409,2555,321],[410,1883,304],[410,1883,457],[410,3610,161],[411,2163,144],[411,2163,182],[411,3412,389],[411,3412,61],[412,351,230],[412,351,4],[412,930,333],[412,930,6],[412,2235,482],[412,2235,301],[412,3745,484],[412,3745,310],[413,86,473],[413,1256,222],[413,1256,379],[413,1266,477],[414,439,474],[414,439,483],[414,488,217],[414,488,345],[414,1999,354],[414,1999,153],[415,1668,319],[415,1668,465],[415,1927,462],[415,3005,196],[415,3005,371],[416,103,104],[416,2128,216],[416,3375,448],[416,3626,326],[416,3626,469],[416,3626,479],[416,3776,430],[416,3776,326],[416,3776,465],[417,2446,157],[417,2682,11],[417,2682,62],[417,3617,19],[417,3617,211],[417,3617,257],[418,559,286],[418,2277,209],[418,3829,248],[418,3829,262],[419,731,61],[419,731,156],[419,1018,409],[419,1018,477],[419,1055,446],[419,1055,240],[419,1620,79],[419,2796,93],[419,3011,166],[419,3011,265],[420,2813,432],[420,2836,432],[421,660,100],[421,660,274],[422,2777,496],[422,2777,25],[422,2942,91],[423,1198,403],[423,1198,450],[423,1284,422],[423,1284,485],[423,2658,181],[423,2658,495],[423,3077,288],[423,3077,457],[423,3383,190],[424,3406,495],[424,3406,419],[425,667,467],[425,2049,175],[426,1836,452],[427,2217,428],[427,2217,80],[427,2325,396],[427,2325,119],[427,2325,346],[427,2325,421],[427,2325,392],[428,489,237],[428,489,457],[428,2361,473],[428,2858,245],[428,3225,434],[429,2979,345],[429,2979,43],[429,3133,112],[429,3727,449],[429,3769,232],[429,3769,325],[430,2907,437],[430,3021,78],[431,886,465],[431,2000,493],[431,3045,140],[432,3650,184],[432,3650,222],[433,2788,21],[433,2788,449],[433,3616,496],[433,3616,262],[435,587,315],[435,1236,109],[435,1236,461],[436,512,450],[436,1501,447],[436,2649,110],[436,2649,498],[436,3113,350],[436,3113,477],[437,1921,250],[437,1921,407],[438,1308,147],[438,2159,113],[439,221,6],[439,616,406],[439,1569,24],[440,176,144],[440,176,233],[440,176,158],[440,1815,57],[440,3689,349],[441,2874,272],[441,2874,100],[441,3456,126],[442,319,280],[442,319,439],[443,553,488],[443,919,85],[443,1377,77],[443,1377,104],[443,1659,19],[443,2475,171],[443,2475,20],[443,3274,83],[443,3274,119],[443,3274,290],[444,829,490],[444,2802,451],[444,3459,398],[444,3459,415],[445,698,106],[445,698,459],[445,698,394],[445,1581,409],[446,1269,316],[446,1595,460],[446,2027,476],[447,623,163],[447,3856,58],[447,3856,456],[447,3996,357],[447,3996,379],[448,1383,415],[448,1383,373],[448,2727,492],[448,2820,359],[448,2820,25],[448,3861,210],[449,1090,468],[449,1090,209],[449,1887,445],[449,1887,400],[449,3470,499],[449,3470,119],[449,3503,466],[450,1863,39],[450,2487,200],[451,353,219],[451,353,463],[451,2556,479],[451,2556,402],[451,2556,297],[452,677,311],[452,1351,62],[453,321,280],[453,321,340],[453,1294,476],[453,2084,488],[453,2084,302],[453,2156,473],[453,3578,71],[454,1044,469],[454,1097,490],[454,2162,467],[454,2552,462],[454,3050,490],[454,3223,492],[455,2047,240],[455,3797,492],[456,1407,198],[456,1407,450],[457,3529,365],[457,3529,46],[458,1198,403],[458,1198,450],[458,1564,492],[458,1564,403],[458,1564,371],[458,3428,256],[459,713,410],[459,713,187],[460,872,184],[460,872,206],[460,872,213],[460,1282,456],[460,2137,478],[460,2137,477],[461,511,388],[461,511,356],[461,1142,152],[462,2880,129],[462,3233,424],[463,273,254],[463,273,246],[464,71,493],[464,247,471],[464,3201,471],[464,3470,499],[464,3470,119],[464,3564,494],[465,2689,302],[466,1629,63],[466,2186,489],[466,3198,343],[466,3198,487],[467,569,240],[467,2546,255],[468,1353,136],[468,2407,93],[468,2407,59],[469,1691,247],[469,1691,251],[469,1691,447],[470,3352,181],[470,3595,439],[471,759,178],[471,1431,64],[471,2979,345],[471,2979,43],[471,3753,242],[472,608,403],[472,608,20],[472,663,42],[472,3397,115],[472,3616,496],[472,3616,262],[473,1842,210],[473,3011,166],[473,3011,265],[473,3992,488],[474,1644,218],[474,1644,500],[474,1691,247],[474,1691,251],[474,1691,447],[474,2502,417],[475,2357,321],[475,2814,185],[475,2814,168],[476,3487,189],[476,3487,277],[476,3884,488],[477,419,485],[477,730,451],[477,730,195],[478,54,494],[478,3551,78],[478,3551,257],[478,3870,475],[479,246,30],[480,1340,309],[480,1340,423],[480,3038,48],[480,3106,164],[481,866,434],[481,2771,197],[481,2771,104],[481,2952,157],[481,2952,496],[482,411,114],[482,1934,174],[482,3680,148],[482,3680,135],[483,2359,8],[483,2359,55],[483,2883,101],[484,1244,360],[484,3881,488],[485,3785,243],[486,3673,332],[489,1053,176],[489,1053,330],[489,2523,65],[489,3906,166],[490,1622,439],[490,3379,206],[491,1465,493],[491,2457,157],[491,2457,153],[493,149,297],[493,1924,399],[493,1924,451],[494,3880,338],[495,3566,109],[496,684,352],[496,2995,49],[496,2995,127],[497,32,183],[497,1136,275],[497,1136,498],[497,2447,464],[497,2447,445],[497,2447,498],[497,3817,498],[498,338,396],[498,735,257],[499,1364,421],[499,2102,409],[499,2629,32],[500,953,99],[500,1675,254],[500,1675,461],[500,1789,247],[500,1789,397],[500,3042,430]];

jitters = [20000,1000,10000,20000,1000,100000,20000,20000,20000,10000,10000,20000,100000,20000,100000,10000,100000,20000,5000,100000,20000,100000,10000,2000,10000,100000,10000,10000,10000,10000,10000,10000,20000,20000,20000,20000,10000,100000,100000,20000,1000,100000,10000,10000,100000,100000,10000,100000,100000,20000,100000,20000,10000,100000,10000,100000,100000,10000,20000,20000,20000,100000,20000,100000,10000,10000,10000,100000,10000,20000,100000,100000,10000,20000,10000,10000,50000,100000,20000,20000,20000,10000,50000,20000,100000,100000,20000,100000,1000,100000,10000,50000,100000,20000,20000,100000,20000,20000,10000,20000,10000,100000,20000,20000,100000,20000,100000,20000,10000,100000,20000,10000,100000,10000,100000,100000,10000,10000,10000,20000,1000,20000,20000,20000,10000,50000,20000,10000,100000,100000,100000,100000,100000,100000,10000,10000,2000,20000,20000,100000,10000,100000,20000,10000,20000,10000,10000,20000,20000,100000,10000,20000,10000,10000,20000,100000,10000,20000,100000,10000,10000,10000,10000,20000,10000,5000,20000,100000,10000,1000,100000,100000,50000,20000,10000,50000,10000,100000,1000,10000,100000,100000,20000,100000,10000,10000,10000,100000,1000,100000,10000,20000,20000,1000,100000,100000,50000,2000,10000,10000,10000,100000,10000,20000,1000,10000,20000,20000,5000,20000,20000,2000,2000,20000,20000,100000,20000,50000,20000,10000,20000,10000,20000,20000,10000,20000,20000,20000,50000,20000,10000,50000,20000,20000,10000,20000,100000,100000,100000,20000,100000,20000,100000,2000,5000,20000,20000,100000,10000,20000,100000,50000,20000,10000,10000,10000,20000,100000,10000,10000,100000,10000,100000,10000,100000,1000,10000,20000,10000,10000,20000,20000,100000,20000,10000,20000,100000,10000,100000,20000,10000,20000,20000,20000,20000,5000,10000,10000,20000,100000,100000,100000,20000,10000,10000,20000,10000,20000,10000,20000,10000,100000,100000,100000,20000,50000,20000,100000,10000,100000,10000,10000,100000,20000,100000,20000,2000,20000,100000,20000,50000,100000,10000,10000,100000,100000,10000,10000,20000,1000,20000,20000,100000,10000,20000,20000,2000,10000,1000,20000,10000,20000,20000,20000,10000,10000,100000,100000,20000,10000,10000,10000,20000,100000,10000,2000,10000,20000,10000,20000,10000,100000,20000,100000,20000,10000,20000,100000,2000,10000,20000,10000,10000,10000,2000,100000,10000,100000,10000,100000,10000,20000,20000,10000,10000,50000,20000,100000,50000,5000,10000,100000,10000,2000,100000,20000,100000,100000,100000,100000,20000,20000,100000,10000,100000,2000,20000,1000,10000,10000,100000,20000,10000,20000,10000,20000,5000,100000,10000,1000,100000,20000,10000,100000,20000,100000,10000,10000,100000,20000,10000,1000,100000,10000,10000,10000,20000,100000,2000,10000,100000,10000,10000,20000,10000,10000,10000,20000,100000,10000,1000,100000,10000,20000,20000,10000,10000,20000,10000,10000,100000,20000,20000,100000,10000,100000,20000,100000,20000,10000,100000,20000,10000,5000,50000,10000,10000,50000,20000,20000,100000,20000,100000,10000,10000,20000,100000,10000,100000,20000,100000,20000,100000,10000,100000,100000,10000,10000,100000,20000];

