NumChains = 50;
NumResources = 3;
NumRunnablesInChains = 243;
MemoryBoundOnResource = 1048576;
UtilizationBoundOnResource = 100;

numberOfTasksinChain = [9,11,9,9,9,9,7,7,7,9,7,7,9,7,7,7,11,9,7,11,11,7,9,9,11,7,7,7,11,7,9,7,7,7,11,11,7,11,7,11,11,7,11,9,11,9,11,7,7,11];

runnablesInChains = [62,191,292,141,339,408,393,187,84,313,329,475,253,294,236,366,170,168,289,428,99,16,318,314,280,42,260,277,201,428,114,145,469,260,176,216,393,355,229,375,490,51,9,29,387,233,236,66,237,441,31,399,203,343,88,32,346,438,90,445,406,361,398,193,53,460,41,135,199,444,74,28,425,347,455,113,423,292,153,395,197,441,496,41,473,268,48,435,481,226,341,146,114,365,79,216,160,74,89,307,456,434,61,243,7,496,50,272,262,133,359,263,143,382,390,296,144,493,133,488,138,62,128,389,350,38,258,429,358,300,36,404,304,468,120,487,377,17,349,253,420,52,5,243,449,90,67,430,338,134,157,301,373,37,178,405,342,165,417,219,110,469,274,334,285,205,380,198,72,311,46,381,350,220,481,73,385,37,297,354,42,206,215,412,277,64,13,464,139,275,465,12,373,497,112,422,225,273,330,499,118,166,389,439,452,320,50,489,179,469,479,171,379,481,218,260,173,434,491,58,5,437,405,23,296,4,145,305,184,476,409,99,388,284,239,343,485,25,159,189,78,261,282];

ProcessingTimesOfMessages = [[1,1,1,1,1,1,1,1],[1,1,1,1,1,1,1,1,1,1,1],[1,1,1,1,1,1,1],[1,1,1,1,1,1,1,1],[1,1,1,1,1,1,1,1,1,1,1,1,1],[1,1,1,1,1,1,1,1,1],[1,1,1,1,1,1,1,1,1,1],[1,1,1,1,1,1],[1,1,1,1,1,1,1,1],[1,1,1,1,1,1,1],[1,1,1,1,1,1,1,1,1,1,1,1],[1,1,1,1,1,1,1,1],[1,1,1,1,1,1],[1,1,1,1,1,1],[1,1,1,1,1,1],[1,1,1,1,1,1],[1,1,1,1,1,1,1,1,2],[1,1,1,1,1,1,1,1,1],[1,1,1,1,1],[1,1,1,1,1,1,1,1,1,1,1,1,1],[1,1,1],[1,1,1,1,1,1,1,1,1,1,1],[1,1,1,1,1,1,1,1,1],[1,1,1,1,1,1,1,1,1,1,1,1,1],[1,1,2,1,1,1,1,1,1,1],[1,1,1,1,1,1,1,1],[1,1,1,1,1,1,1,1,1],[1,1,1],[1,1,1,1,1,1,1,1,1,1,1],[1,1,1,1,1,1,1,1,1,1,1],[1,1,1,1],[1,1,1,1,1,1,1],[1,1,1,1,1,1,1,1,1,1,1,1],[1,1,1,1,1,1,1,1,1,1],[1,1,1,1,1,1,1,1],[1,1,1,2,1],[1,1,1,1,1,1,1,1,1,1],[1,1,1,1,1,1,1,1,1,1],[1,1,1,1,1,1,1,1],[1,1,1],[1,1,1,1,1,1,1,1],[1,1,1,1,1],[1,1,1,1,1,1],[1,1,1,1],[1,1,1,1,1,1,1,1,1],[1,1,1,1,1,1,1,1,1,1,1],[1,1,1,1,1,1],[1,1,1,1,1,1,1,1,1,1,1],[1,1,1,1,1,1,1,1,1],[1,1,1,1,1,1,1],[1,1,1,1,1,1,1,1,1,1,1,1,2,2,2,2],[1,1,1,1,1,1,1,1,1],[1,1,1,1,1,1,1,1],[1,1,1,1,1,1],[1,1,1,1,1,1,1],[1,1,1,1,1,1,1,1,1],[1,1,1,1,1,1,1,1],[1,1,1],[1,1,1,1,1,1,1],[1,1,1,1,1,1],[1,1,1,1,1],[1,1,1,1,1],[1,1,1,1],[1,1,1,1,1,1,1],[1,1,1,1],[1,1,1,1,1,1],[1,1,1,1,1,1,1,1],[1,1,1,2,1,2,2,2,2],[1,1,1,1,1,1,1,1],[1,1,1,1,1,2,1,1,1],[1,1,1,1,1,1,1,1],[1,1,1,1,1,1,1,1,1,1],[1,1,1,1,1,1],[1,1,1,1,1,1],[1,1,1,1,1],[1,1,1,1,1,1,1],[1,1,1,1,1,1,1],[1,1,1,1,1,1,1],[1,1,1,1],[1,1,1,1,1,1,1,1,1,1,1,1,1],[1,1,1,1,1],[1,1,1,1,1,1,1],[1,1,1,1,1,1,1,1,1,1],[1,1,1,2,1,1,1],[1,1,1,1,1,1,1],[1,1,1,1,1,1,1],[1,1,1,1,1,1,1,1,1],[1,1,1,1,1,1],[1,1,1,1,1,1,1,1,1,1],[1,1,1,1,1,1,1,1,1,1,1],[1,1,1,1,1,1,1,1,1],[2,2,1,1,1,1,1],[1,1,1,1,1],[2,1,1,1,1,1,1,1,1,1,1,1,1],[1,1,1,1,1,1,1,1,1,1,1,1],[1,1,1],[1,1,1,1,1,1,1],[1,1,1,1,1,1,1,1,1,1,1,1,1,1],[1,1,1,1,1],[1,1,1,1,1,1,1],[1,1,1,1,1,1,1,1],[1,1,1,1,1,1],[1,1,1,1,1,1,1,1,1,1],[1,1,1,1,1,1,1],[1,1,1,1,1,1,1],[1,1,1],[1,1,1,1,1,1,1,1,1,1],[1,1,1,1],[1,1,1,1,1,1,1],[1,1,1,1,1,1,1],[1,1,1,1,1,1,1,1,1,1],[1,1,1,1],[1,1,1,1,1,1],[1,1,1,1,1,1],[1,1,1,1,1,1],[1,1,1,1,1,1,1],[1,1,1,1,1,1,1],[1,1,1,1],[1,1,1,1,1],[1,1,1,1,1,1,1],[1,1,1,1,1,1,1,1,1,1],[1,1,1,1,1,1,1,1,1],[1,1,1,1,1,2,2,2,2],[1,1,1,1,1,1,1,1,1],[1,1,1,1,1,1,1],[1,1,1,1,1,1,1],[1,1,1,1,1],[1,1,1,1,1,1,1,1,1],[1,1,1,1,1,1],[1,1,1,1,1,1,1,1,1,1,1],[1,1,1,1,1,1,1,1],[1,1,1,1,1,1,1,1],[1,1,1,1,1,1,1],[1,1,1,1,1,1,1],[1,1,1,1,1,1,1,1],[1,1,1,1,1,1],[1,1,1,1,1,1,1,1,1,1],[1,1,1,1,1],[1,1,1,1,1],[1,1,1,1,1,1],[1,1,1],[1,1,1,1,1,1,1],[1,1,1,1,1],[1,1,1,1,1,1],[1,1,1,1,1,1,1,1,1,1,1,1],[1,1,1,1,1,1,1],[1,1,1,1,1,1],[1,1,1,1,1,1,1,1],[1,1,1,1,1,1,1,1,1,1],[1,1,1,2,1,1,1,1,1,1,1,1],[1,1,1,1,1,1,1],[1,1,1,1,1,1,1,1,1,1],[1,1,1,1,1],[1,1,1,1],[1,1,1,1,1,1,1,1],[1,1,1,1,1,1],[1,1,1,1,1,1,1,1,1,1,1,1],[1,1,1,1,1,1,1,1,1,1,1],[1,1,1,1,1],[1,1,1,1,1,1,1,1],[1,1,1,1,1,1,1,1],[1,1,1,1,1],[1,1,1,1,1],[1,1,1,1,1,1,1],[1,1,1,1,1,1,1,1,1],[1,1,1,1,1,1,1,1,1],[1,1,1,1,1,1,1,1],[1,1,1,1,1,1,1,1,1,1],[1,1,1,1,1,1],[1,1,1,1,1,1,1,1],[1,1,1,1,1],[1,1,1,1,1,1,1,1,1],[1,1,1,1,1,1,1,1],[1,1,1,1],[1,1,1,1,1,1],[1,1,1,1,1,1,1,1,1,1,1],[1,1,1,1,1,1,1,1,1],[1,1,1,1,1,1,1],[1,1,1,1,1],[1,1,1,1,1,1,1],[1,1,1,1,1,1],[1,1],[1,1,1,1,1,1,1],[1,1,1,1],[1,1,1,1,1,1,1,1,1],[1,1,1,1,1,1],[1,1,1,1,1,1],[1,1,1,2,1,1],[1,1,1,1,1,1,1,1,1],[1,1,1,1,1,1,1],[1,1,1,1],[1,1,1,1,1,1,1],[1,1,1,1],[1,1,1,1,1,1,1],[1,1,1,1,1],[1,1,1,1,1,1,1],[1,1,1,1,1,1,1,1],[1,1,1,1,1,1,1],[1,1,1,1,1,1,1],[1,1,1,1,1],[1,1,1,1,1,1,1],[1,1,1,1,1,1],[1,1,1,1,1],[1,1,1,1,1,1,1,1,1],[1,1,1,1,1,1,1,1],[1,1,1,1,1],[1,1,1,1,1,1,1],[1,1,1,1,1,1,1],[1,1,1,1,1,1,1,1,1,1,1,1],[1,1,1,1],[1,1,1,1,1,1,1],[1,1,1,1,1,1,1],[1,1,1,1,1],[1,1,1,1,1],[1,1],[1,1,1,1,1],[1,1,1,1,1,1,1,2,2,1],[1,1,1,1,1,1,1],[1,1,1,1,1,1,1,1,1],[1,1,1,1],[1,1,1,1,1,1,1],[1,1,1,1,1,1,1],[1,1,1],[1,1,1,1,1,1,1,1,1],[1,1,1],[1,1,1],[1,1,1,1],[1,1,1,1,1],[1,1,1,1,1,1],[1,1,1,1,1,1,1,1,1,1,1],[1,1,1,1],[1,1,1,1,1,1,1,1],[1,1,1,1,1,1,1],[1,1,1,1,1,1,1,1,1],[1,1,1,2,2,1,1],[1,1,1],[1,1,1,1,1,1,1,1,1,1],[1,2,2,1,1,1,1,1,1],[1,1,1,1,1,1,1,1,1],[1,1,1,1,1],[1,1],[1,1,1,1,1,1,1],[1,1,1,1,1,1,1,1],[1,1,1,1],[1,1,1,1,1,1,1],[1,1,1,1,1,1,1,1],[2,1,1,1,1,1,1],[1],[1,1,1,1],[1,1,1,1,1,1],[1,1,1],[1,1,1,1,1],[1,1,1,1,1,1,1,1,1],[1,1,1,1,1,1],[1,1,1,1,1,1,1],[1,1,1,1,1,1],[1,1,1,1,1],[1,1,1,1,1],[1,1,1,1,1,1,1,1,1],[1,1,1,1,1],[1,1,1],[1,1,1,1,1,1,1,1],[1,1,1,1,1],[1,1,1,1,1],[1,1,2,1],[1,1,1,1,1],[1,1,1],[1,1,1,1,1,1,1,1,2],[1,1,1,1,1,1,1,1,1,1],[1,1,1,1,1],[1,1,1,1,1],[1,1,1,1,1,1,1,1,1],[1,1],[1,1,1,1,1],[1,1,1,1,1],[1,1,1],[1,1,1,1,1,1],[1,1,1,1,1,1],[1,1,1,1,1,1,1,1,1],[1,1,1,1,1,1],[1,1,1,1,1,1,1,1],[1,1,1,1,1],[1,1,1,1,1,1,1,1,1],[1,1,1,1],[1,1,1,1,1,1,1,1],[1,1,1],[1,1,1],[1,1,1,1,1,1,1],[1,1,1,1,1],[1,1,1,1,1,1,1],[1,1,1,1,1],[1,1,1,1],[1,1],[1],[1,1,1,1,1,1,1,1],[1,1],[1,1,1,1,1,1],[1,1,1,1,1,1,1],[1,1,1,1,1,1],[1,1,1,1,1,1],[1,1,1,1,1,1,1,1,1,1],[1,1,1,1],[1,1,1,1,1,1,1],[1,1,1,1,1,1,1,1,1],[1,1,1,1],[1,1,1],[1,1,1,1,1,1,1],[1,1],[1,1,1,1,1,1,1,1,1],[1,1,1,1,1],[1,1,1,1],[1,1,1,1,1,1,1,1],[1,1,1],[1,1],[1,1,1,1,1,1],[],[1,1,1,1,1,1,1,1,1,1,1],[1,1,1,1,1,1,1,1,1,1],[1,1,1,1,1],[1,1,1,1,1,1,1,1,1],[1,1,1,1,1,1,1],[1,1,1,1,1,1],[1],[1,1,1,1,1,1,1],[1,1,1,1,1,1,1,1,1,1,1],[1,1,1,1,1,1],[1,1,2,2,2,2],[1,1,1,1,1,1,1],[1,1,1],[1,1,1,1],[1,1,1,1,1],[1,1],[1,1,1,1,1,1],[1,1,1],[1,1,1,1],[1,1,1],[1,1,1,1,1,1,1,1,1],[1],[],[1,1,1,1,1,1,1,1],[1,1,1,1,1],[1,1,1],[1,1,1,1,1,1,1],[1,1,1,1,1,1,1],[1,1,1,2,2],[1,1,1,1,1,1,1,1,1,1],[1,1,1,1],[1,1,1,1,1,1,1,1],[1,1,1,1,1,1,1,1],[1,1,1,1,1,1,1],[1,1,1,1,1,1,1,1,1,1,1,1,1],[1,1,1,1],[1,1,1,1,1,1,1,1,1,1],[1,1,1,1,1],[1,1],[1,1,1,1,1],[1],[1,1,1,1,1,1,1,1],[1,1,1],[1,1,1,1,1],[1,1,1,1],[1,1],[1,1,1,1,1,1],[1,1],[1,1,1,1,1],[1,1,1,1,1,1],[1,1,1],[1,1,1,1,1,1],[1,1,1,1,1,1,1],[1,1,1,1,1,1,1],[1,1,1,1,1,1,1],[1,1,1,1],[1,1,1],[1,1,1,1],[1,1,1],[1,1,1,1,1],[1],[1,1,1],[1,1,1,1,1,1,1,1,1,1],[1,1,1,1,1,1,1,1],[1,1,1,1],[1,1,1],[1,1,1,1,1,1,1,1],[1,1,1,1,1],[1],[1,1,1],[1,1,1],[1,1],[1,1,1,1,1],[1,1,1,1,1,1,1],[1,1,1],[1,1,1,1],[1,1,1,1,1],[1,1,1,1,1],[1,1,1],[1,1,1,1,1],[1,1,1,1],[1,1,1,1,1,1],[],[1,1],[1,1,1],[1],[1,1,1,1,1,1,1],[1],[1,1,1],[1,1,1,1,1,1,1,1],[1,1,1,1,1,1,1,1,1],[1,1,1],[1,1,1,1,1],[1,1,1,1,1],[1,1,1,1],[1,1,1,1],[1,1,1],[1,1,1,1,1],[1,1,1,1],[1,2,1,1,1],[1,1,1],[1],[1,1],[1,1,1,1,1,1],[1,1,1,1],[1,1,1,1],[1,1,1,1],[1,1,1,1],[1,1,1],[1,1,1],[1,1],[1,1],[2,1,1,1,1,1,1],[1,1,1,1],[1,1,1,1,1,1,1,1,1],[1,1,1,1,1,1],[1,1,1],[1,1,1,1],[1,1,1],[1],[1,1,1,1],[1,1],[1,1,1,1,1,1],[1],[1,1,1,1,1,1],[1,1,1],[1,1,1,1,1,1,1],[1],[1,1,1,1],[2,1,1],[1,1,1,1,1],[1,2,1],[1,1,1,1,1,1,1,1],[1,1,1,1,1,1],[1,1,1,1,1,1,1],[1,1,1,1,1,1,1,1],[1,1,1,1,1],[1,1,1,1,1,1],[1,1,1],[1,1,1,1,1,1,1,1,1],[1,1],[1,1],[1,1,1],[1,1,1],[1,1,1,1,1,1,1],[1],[1,1],[1,1],[1,1,1],[1,1,1,1,1],[1,1,1,1,1,1],[1],[1,1,1,1,1,1,1,1],[1,1,1,1,1,1],[1,1,1],[1,1,1,1,1,1,1,1,1,2],[1,1,1],[],[1,1,1,1],[1,1],[1,1,1,1,1,1],[1,1,1,1],[1,1,1,1],[2],[1,1],[1,1,1],[1,1,1,1,1],[1,1,1],[1,1,1,1,1,1],[],[1,1,1,1,1,1,1,1,1],[1],[1,1,1],[1,1],[1,1,1,1],[2,2,1,1],[1,1],[1,1],[],[1,1,1],[1,1,1,1,1],[1,1,1,1],[1,1],[1,1,1]];

processingTimesRunnables = [14,15,6,8,12,12,13,16,9,11,16,11,17,12,11,10,8,12,12,16,10,16,11,11,9,16,15,8,13,12,15,16,12,9,10,15,17,9,16,12,10,8,6,6,7,11,11,10,7,10,15,9,7,14,12,13,10,12,17,13,15,14,12,12,7,10,7,13,7,9,13,16,13,12,13,12,12,7,10,11,6,14,8,13,13,12,12,14,15,11,9,12,14,10,11,8,10,12,14,11,13,8,10,13,11,8,10,10,13,7,12,12,10,17,7,10,10,10,10,5,6,11,11,7,5,8,12,10,12,13,13,14,6,13,13,12,15,5,7,12,13,10,11,15,13,17,6,7,15,12,13,11,13,12,10,5,11,6,15,10,13,9,14,6,6,11,11,11,11,11,16,13,6,11,13,10,12,12,11,12,16,14,11,15,12,13,12,11,17,11,6,8,7,12,12,12,11,6,11,7,13,5,13,11,11,7,10,8,14,11,9,12,13,12,11,11,12,13,7,10,7,8,12,12,13,9,12,11,7,13,12,16,5,12,14,16,12,8,10,12,11,15,11,15,13,17,13,14,12,15,8,11,10,11,13,13,9,8,13,13,12,11,11,7,12,13,10,11,11,11,13,10,6,8,9,8,12,11,12,11,13,13,7,12,4,13,12,11,13,13,12,12,12,7,11,10,5,13,14,15,13,13,13,12,10,14,9,16,9,12,12,5,12,10,10,13,11,17,12,6,13,6,7,7,13,16,11,13,7,8,7,11,6,13,6,7,14,11,12,16,10,12,12,11,11,8,6,10,13,10,14,12,5,5,12,9,5,12,12,12,13,6,12,16,13,12,14,7,8,4,12,10,7,17,12,11,12,11,14,8,9,5,13,10,6,9,14,7,7,12,15,10,10,13,11,11,14,12,12,14,6,6,16,10,5,8,17,13,13,14,12,7,9,8,12,4,9,8,9,6,13,7,13,10,7,10,16,10,17,8,4,11,14,10,10,4,10,12,6,9,12,12,6,14,11,15,9,10,11,16,13,11,13,4,12,12,11,10,13,10,13,11,5,13,13,11,10,10,7,16,12,7,15,8,14,12,13,10,13,15,13,12,13,13,10,6,10,11,13,11,13,5,13,13,8,8,13,11,12,14];

periods = [100000,10000,100000,10000,10000,50000,20000,5000,100000,20000,100000,100000,1000,100000,100000,100000,2000,100000,20000,100000,20000,10000,10000,5000,100000,20000,20000,20000,20000,100000,20000,50000,100000,1000,10000,5000,100000,10000,20000,20000,20000,100000,2000,2000,100000,100000,100000,100000,20000,20000,100000,20000,20000,100000,20000,100000,100000,10000,20000,100000,10000,20000,100000,1000,2000,20000,10000,100000,20000,20000,20000,100000,100000,20000,20000,10000,2000,100000,20000,10000,20000,100000,20000,20000,20000,100000,20000,50000,20000,10000,100000,10000,100000,10000,20000,20000,10000,20000,10000,20000,10000,100000,100000,20000,20000,10000,10000,10000,100000,10000,20000,100000,20000,10000,100000,20000,10000,100000,20000,2000,10000,20000,10000,20000,10000,10000,20000,20000,10000,20000,2000,10000,10000,100000,20000,100000,20000,20000,1000,20000,20000,2000,10000,10000,10000,10000,10000,10000,10000,10000,10000,20000,20000,20000,20000,100000,100000,10000,100000,20000,20000,10000,10000,10000,10000,20000,10000,10000,100000,10000,10000,20000,10000,20000,20000,10000,10000,100000,10000,100000,1000,5000,20000,10000,20000,2000,20000,100000,100000,20000,20000,5000,20000,20000,10000,20000,20000,100000,20000,20000,10000,20000,50000,100000,100000,10000,1000,10000,10000,20000,20000,20000,10000,20000,10000,20000,20000,10000,10000,10000,10000,20000,100000,20000,100000,10000,100000,20000,20000,20000,20000,20000,20000,10000,10000,20000,20000,100000,50000,20000,10000,20000,10000,20000,20000,20000,20000,100000,100000,20000,100000,20000,20000,10000,20000,20000,100000,10000,10000,10000,100000,20000,10000,20000,20000,100000,10000,100000,100000,100000,10000,20000,100000,10000,1000,100000,10000,2000,10000,100000,100000,100000,1000,50000,10000,100000,20000,20000,10000,1000,100000,20000,20000,20000,20000,10000,100000,20000,100000,5000,100000,20000,10000,2000,10000,1000,20000,20000,100000,20000,100000,100000,20000,100000,20000,20000,10000,100000,20000,20000,20000,100000,20000,20000,10000,20000,20000,10000,20000,100000,100000,5000,10000,10000,20000,10000,100000,100000,20000,10000,10000,10000,50000,10000,20000,10000,20000,2000,20000,10000,5000,10000,2000,100000,20000,100000,100000,5000,10000,100000,20000,100000,20000,20000,10000,20000,10000,20000,100000,20000,20000,20000,100000,1000,100000,20000,2000,100000,10000,100000,10000,10000,10000,100000,100000,20000,20000,10000,20000,10000,10000,5000,20000,100000,20000,20000,1000,20000,20000,10000,2000,10000,5000,5000,10000,10000,20000,20000,10000,20000,10000,10000,20000,10000,100000,20000,10000,20000,20000,20000,10000,100000,20000,20000,20000,20000,20000,10000,10000,100000,10000,10000,2000,10000,100000,20000,10000,10000,20000,20000,20000,20000,10000,20000,10000,50000,100000,100000,10000,10000,100000,20000,100000,100000,20000,10000,20000,100000,20000,20000,1000,100000,100000,1000,1000,100000,10000,2000,10000,100000,100000,10000,100000,20000,20000,10000,1000,100000,10000,20000,10000,20000,10000,20000,50000,10000,2000,10000,10000,100000,10000,20000,10000,20000,10000,20000,100000,20000,100000,10000];

communicationTimeForOrderCriticalMessages = [1,1,1,1,1,1,1,2,1,1,1,1,1,1,1,1,1,1,1,1,1,1,1,1,1,1,1,1,1,1,1,1,1,1,1,1,1,1,1,1,1,1,1,1,1,1,1,1,1,1,1,1,1,1,1,1,1,1,1,1,1,1,1,1,1,1,1,1,1,1,1,1,1,1,1,1,1,1,1,1,1,1,1,1,1,1,1,1,1,1,1,1,1,1,1,1,1,1,1,1,1,1,1,1,1,1,1,1,1,1,1,1,1,1,1,1,1,1,1,1,1,1,1,1,1,1,1,1,1,1,1,1,1,1,1,1,1,1,1,1,1,1,1,1,1,1,1,1,1,1,1,1,1,1,1,1,1,1,1,1,1,1,1,1,1,1,1,1,1,1,1,1,1,1,1,1,1,1,1,1,1,1,1,1,1,1,1,1,1,1,1,1,1];

sizeOfRunnables = [1318,1433,543,765,1105,1105,1218,1550,863,1095,1523,1053,1620,1118,1015,918,795,1178,1185,1595,938,1555,1095,1020,888,1523,1480,783,1293,1140,1443,1535,1183,888,963,1495,1610,893,1523,1185,968,720,535,520,683,1083,1015,993,625,978,1480,803,633,1303,1170,1263,985,1165,1610,1293,1433,1350,1178,1103,700,938,645,1248,660,818,1248,1600,1260,1143,1245,1125,1105,633,970,1058,533,1305,750,1290,1278,1163,1178,1308,1448,1013,805,1118,1323,963,1045,790,903,1128,1313,1090,1235,705,940,1218,1080,798,955,953,1293,683,1105,1113,990,1605,700,975,915,970,978,413,548,1075,1023,608,468,735,1143,933,1128,1230,1268,1383,585,1278,1275,1108,1490,483,635,1178,1285,940,1088,1453,1210,1620,588,613,1405,1188,1285,1005,1260,1158,948,413,1008,548,1463,963,1215,893,1308,578,550,1008,1073,1075,1075,1068,1518,1208,573,1098,1275,913,1148,1118,1043,1163,1528,1340,1095,1443,1170,1285,1183,1068,1620,1028,563,760,683,1188,1170,1180,1080,570,1035,603,1233,413,1278,1043,1035,638,998,783,1318,1083,865,1180,1278,1173,1075,1008,1180,1225,675,913,693,720,1165,1128,1220,858,1135,1020,685,1218,1143,1600,450,1148,1303,1595,1195,758,993,1163,1020,1495,1013,1433,1235,1605,1300,1378,1160,1463,748,1035,953,1068,1240,1258,835,720,1243,1285,1170,1020,1028,645,1193,1245,953,1075,1068,1075,1203,923,560,788,893,705,1118,1095,1105,1013,1270,1253,608,1158,390,1238,1178,1013,1235,1298,1140,1133,1125,685,1008,993,473,1293,1345,1410,1240,1285,1285,1133,975,1323,808,1530,870,1200,1125,415,1150,983,938,1245,1008,1615,1178,543,1223,533,638,610,1223,1530,1075,1290,655,783,690,1025,505,1233,528,603,1345,1048,1178,1535,938,1173,1178,1043,1075,790,585,970,1225,940,1398,1185,498,405,1110,820,460,1143,1103,1148,1210,593,1193,1578,1245,1110,1318,603,708,400,1118,970,683,1620,1128,1083,1128,1023,1305,705,858,473,1260,985,558,885,1373,648,618,1195,1463,998,960,1203,1095,1035,1378,1155,1103,1308,540,570,1600,998,473,738,1610,1293,1243,1333,1118,610,863,793,1128,400,878,713,820,585,1295,655,1280,938,608,960,1588,938,1605,715,390,1030,1373,1000,963,383,963,1165,600,820,1170,1120,598,1383,1015,1443,820,955,1065,1555,1240,1038,1270,383,1193,1188,1073,998,1240,975,1270,1080,468,1210,1283,1015,953,940,675,1568,1128,670,1485,723,1383,1113,1280,948,1293,1420,1233,1125,1215,1248,955,563,975,1083,1238,1038,1253,423,1275,1238,768,760,1280,1073,1110,1328];

SenderLabelReceiverOrderCriticalChains = [[62,1525,0,0,191],[191,3037,0,0,292],[292,3476,0,0,141],[141,150,0,0,339],[408,3758,0,0,393],[393,614,0,0,187],[187,2429,0,0,84],[84,3252,0,0,313],[313,3035,0,0,329],[475,1289,0,0,253],[253,1478,0,0,294],[294,3892,0,0,236],[236,424,0,0,366],[170,2994,0,0,168],[168,3543,0,0,289],[289,420,0,0,428],[428,541,0,0,99],[16,1105,0,0,318],[318,2149,0,0,314],[314,1490,0,0,280],[280,2780,0,0,42],[260,1501,0,0,277],[277,1049,0,0,201],[201,2577,0,0,428],[428,1063,0,0,114],[145,672,0,0,469],[469,2047,0,0,260],[260,2298,0,0,176],[216,2657,0,0,393],[393,2932,0,0,355],[355,2503,0,0,229],[375,1293,0,0,490],[490,294,0,0,51],[51,3605,0,0,9],[29,2228,0,0,387],[387,2796,0,0,233],[233,1377,0,0,236],[236,923,0,0,66],[237,1274,0,0,441],[441,681,0,0,31],[31,1359,0,0,399],[203,1790,0,0,343],[343,2305,3922,0,88],[88,3991,0,0,32],[346,3464,0,0,438],[438,619,0,0,90],[90,42,0,0,445],[445,1094,0,0,406],[361,178,0,0,398],[398,3801,0,0,193],[193,2400,0,0,53],[460,3600,0,0,41],[41,3591,0,0,135],[135,2485,0,0,199],[444,3372,0,0,74],[74,3471,0,0,28],[28,2626,0,0,425],[347,1300,0,0,455],[455,1397,0,0,113],[113,3799,0,0,423],[423,255,0,0,292],[292,2105,0,0,153],[395,2367,0,0,197],[197,3415,0,0,441],[441,2780,0,0,496],[496,584,0,0,41],[473,130,0,0,268],[268,1369,0,0,48],[48,594,0,0,435],[481,2019,0,0,226],[226,1158,0,0,341],[341,1389,0,0,146],[146,3113,0,0,114],[114,1116,0,0,365],[79,1520,0,0,216],[216,2610,0,0,160],[160,1175,0,0,74],[74,3708,0,0,89],[89,2128,0,0,307],[456,2536,3273,0,434],[434,347,0,0,61],[61,896,0,0,243],[7,1283,0,0,496],[496,630,0,0,50],[50,1,0,0,272],[272,722,0,0,262],[133,2390,0,0,359],[359,306,0,0,263],[263,3176,0,0,143],[143,1272,0,0,382],[390,3446,0,0,296],[296,868,0,0,144],[144,1163,0,0,493],[493,2473,0,0,133],[133,3488,0,0,488],[138,1506,0,0,62],[62,3480,0,0,128],[128,3424,0,0,389],[350,1107,0,0,38],[38,398,0,0,258],[258,458,0,0,429],[358,351,0,0,300],[300,463,0,0,36],[36,1055,0,0,404],[304,932,0,0,468],[468,2620,0,0,120],[120,131,0,0,487],[487,3675,0,0,377],[377,382,3104,0,17],[349,3748,0,0,253],[253,135,0,0,420],[420,1669,0,0,52],[5,1062,0,0,243],[243,2275,0,0,449],[449,1300,0,0,90],[90,742,0,0,67],[430,3552,0,0,338],[338,330,0,0,134],[134,3398,0,0,157],[301,834,0,0,373],[373,2160,0,0,37],[37,2701,0,0,178],[405,3064,0,0,342],[342,2155,0,0,165],[165,818,0,0,417],[219,1483,0,0,110],[110,1550,0,0,469],[469,2235,0,0,274],[274,206,0,0,334],[334,511,0,0,285],[205,1595,0,0,380],[380,271,0,0,198],[198,3081,0,0,72],[72,740,0,0,311],[311,2254,0,0,46],[381,212,0,0,350],[350,2070,0,0,220],[220,2055,0,0,481],[73,840,0,0,385],[385,1267,0,0,37],[37,3180,0,0,297],[297,2446,0,0,354],[354,2867,0,0,42],[206,136,0,0,215],[215,3068,0,0,412],[412,3377,0,0,277],[64,459,2672,0,13],[13,1421,1539,0,464],[464,2004,0,0,139],[139,2373,2737,0,275],[275,1692,0,0,465],[12,639,0,0,373],[373,1494,0,0,497],[497,3740,0,0,112],[112,2409,0,0,422],[422,1627,0,0,225],[273,1757,0,0,330],[330,2804,0,0,499],[499,1398,0,0,118],[166,3407,0,0,389],[389,1735,0,0,439],[439,2050,0,0,452],[452,3948,0,0,320],[320,3290,0,0,50],[489,1818,0,0,179],[179,535,0,0,469],[469,33,0,0,479],[479,1698,0,0,171],[379,2767,0,0,481],[481,3612,0,0,218],[218,3915,0,0,260],[260,892,0,0,173],[173,50,0,0,434],[491,2838,0,0,58],[58,3801,0,0,5],[5,790,0,0,437],[437,3414,0,0,405],[23,2356,0,0,296],[296,3231,0,0,4],[4,3123,0,0,145],[145,1048,3255,0,305],[305,2502,0,0,184],[476,3073,0,0,409],[409,749,0,0,99],[99,1753,0,0,388],[284,554,740,0,239],[239,2459,0,0,343],[343,524,0,0,485],[25,544,0,0,159],[159,1292,0,0,189],[189,2378,0,0,78],[78,3320,0,0,261],[261,3872,0,0,282]];

SenderLabelReceiverNonOrderCriticalChains = [[1,1109,267],[1,1109,467],[1,1836,12],[1,1836,420],[1,1836,205],[1,3944,296],[1,3991,3],[1,3991,32],[2,173,489],[2,325,417],[2,1152,97],[2,1664,112],[2,1664,255],[2,1664,284],[2,1976,483],[2,1976,126],[2,1976,258],[2,2223,3],[2,3122,106],[3,303,103],[3,1490,280],[3,2233,56],[3,3200,339],[3,3200,9],[3,3469,331],[3,3469,59],[4,46,274],[4,631,375],[4,631,293],[4,1097,390],[4,2480,342],[4,3123,145],[4,3882,29],[4,3882,314],[5,790,437],[5,874,342],[5,874,119],[5,1062,120],[5,1062,243],[5,1765,131],[5,2132,16],[5,2181,107],[5,2181,412],[5,2181,373],[5,3735,403],[5,3735,480],[5,3735,163],[6,702,203],[6,979,360],[6,1065,427],[6,1598,88],[6,1725,239],[6,2989,32],[6,2989,425],[6,3922,88],[6,3922,23],[7,47,212],[7,47,113],[7,299,244],[7,1141,340],[7,1141,337],[7,1283,496],[7,1283,57],[7,3707,84],[7,3874,10],[7,3874,405],[8,627,351],[8,1660,264],[8,1660,24],[8,1881,332],[8,2835,107],[8,2851,65],[9,542,249],[9,846,446],[9,1303,100],[9,1303,286],[9,1836,12],[9,1836,420],[9,1836,205],[9,3891,357],[10,63,287],[10,73,39],[10,103,309],[10,501,264],[10,3019,260],[10,3019,19],[10,3045,127],[11,642,319],[11,919,106],[11,985,361],[11,985,106],[11,1215,454],[11,1215,116],[11,1215,232],[11,1215,291],[11,3752,14],[11,3752,205],[11,3897,330],[11,3897,19],[12,639,373],[12,785,227],[12,785,489],[12,2149,314],[12,2149,14],[12,3403,241],[12,3403,270],[12,3680,60],[13,459,468],[13,459,64],[13,1421,464],[13,1421,404],[13,1539,464],[13,2318,306],[14,379,191],[14,379,287],[14,455,54],[14,1095,435],[14,1537,280],[14,3053,458],[15,369,18],[15,866,422],[15,1389,54],[15,1389,146],[15,1389,457],[15,3843,339],[16,352,257],[16,793,412],[16,1105,318],[16,1558,238],[16,1558,82],[16,3741,405],[17,385,120],[17,1235,26],[17,1235,93],[17,1571,278],[17,1571,488],[17,1893,433],[17,2054,384],[17,3104,377],[17,3553,43],[18,1094,363],[18,1094,406],[18,1094,251],[18,1260,42],[18,2135,331],[18,2135,232],[18,2830,400],[18,2830,496],[18,3224,313],[19,1128,236],[19,1204,255],[19,1873,52],[19,2761,481],[19,2848,21],[20,90,391],[20,90,482],[20,129,385],[20,725,484],[20,725,451],[20,1857,116],[20,1857,496],[20,3333,435],[20,3440,223],[20,3440,362],[20,3440,359],[20,3802,486],[20,3802,45],[21,606,292],[21,2696,27],[21,3599,295],[22,786,106],[22,1660,264],[22,1660,24],[22,1774,23],[22,1911,385],[22,1911,490],[22,1982,344],[22,2801,189],[22,2801,446],[22,3469,331],[22,3469,59],[23,236,35],[23,236,130],[23,1225,381],[23,2356,337],[23,2356,296],[23,2356,177],[23,2986,182],[23,2986,42],[23,3143,271],[24,360,115],[24,360,192],[24,360,149],[24,360,273],[24,486,486],[24,1201,36],[24,1860,332],[24,1860,167],[24,1860,214],[24,2015,114],[24,3735,403],[24,3735,480],[24,3735,163],[25,544,159],[25,544,315],[25,1922,341],[25,2077,421],[25,2537,362],[25,2537,422],[25,3297,291],[25,3297,315],[25,3433,500],[25,3433,33],[26,258,4],[26,1362,363],[26,1367,28],[26,1677,396],[26,2475,355],[26,2581,28],[26,2581,220],[26,2643,338],[27,1145,482],[27,1483,240],[27,1483,110],[27,1483,438],[27,2868,44],[27,2868,187],[27,3431,500],[27,3431,426],[27,3853,29],[28,1352,40],[28,2626,425],[28,3378,457],[29,463,36],[29,463,40],[29,669,486],[29,1994,24],[29,2083,484],[29,2083,209],[29,2228,212],[29,2228,376],[29,2228,387],[29,3063,31],[29,3063,82],[30,350,499],[30,350,380],[30,1574,156],[30,2727,351],[30,2727,57],[30,2843,62],[30,3024,307],[30,3024,356],[30,3210,433],[30,3210,188],[30,3389,309],[31,10,39],[31,1359,399],[31,3423,339],[31,3837,308],[32,521,239],[32,2173,343],[32,3682,468],[32,3682,203],[32,3684,446],[32,3948,320],[32,3948,486],[33,242,322],[33,242,356],[33,242,407],[33,248,108],[33,927,210],[33,927,180],[33,1082,79],[33,1945,68],[33,1945,73],[33,2235,65],[33,2235,274],[33,2235,60],[34,14,374],[34,331,139],[34,331,230],[34,934,306],[34,1022,181],[34,1825,40],[34,1825,181],[34,2204,465],[34,2204,466],[34,2457,465],[35,646,402],[35,929,439],[35,1410,168],[35,1988,294],[35,1988,302],[35,3253,67],[35,3620,225],[35,3950,58],[36,1055,404],[36,1880,392],[36,2559,182],[36,2856,105],[36,3419,192],[37,263,93],[37,263,451],[37,263,473],[37,1803,357],[37,2650,453],[37,2650,190],[37,2650,174],[37,2650,75],[37,2701,178],[37,3180,297],[38,398,258],[38,731,58],[38,1700,430],[38,2581,28],[38,2581,220],[38,3350,445],[38,3363,180],[38,3488,3],[38,3488,488],[38,3488,199],[39,713,79],[39,713,374],[39,2705,96],[39,3838,500],[39,3838,58],[39,3839,500],[39,3839,63],[39,3839,367],[40,1137,127],[40,3221,363],[40,3221,199],[41,67,37],[41,67,362],[41,1835,55],[41,1835,239],[41,2619,398],[41,3483,408],[41,3591,135],[41,3591,260],[42,1338,178],[42,1476,463],[42,1576,47],[42,1895,433],[42,1895,473],[43,620,304],[43,1259,44],[43,1607,120],[43,2024,447],[43,2112,131],[43,3238,44],[44,2964,148],[44,2987,65],[44,3732,186],[44,3878,142],[45,834,63],[45,834,373],[45,904,373],[45,1627,423],[45,1627,225],[45,1627,397],[45,1627,159],[45,1752,267],[45,3548,109],[46,457,103],[46,2453,181],[46,2453,496],[46,2453,134],[46,2561,471],[46,2561,225],[46,3748,253],[46,3748,461],[46,3748,425],[46,3823,391],[46,3823,485],[47,1456,73],[47,1456,214],[47,1522,338],[47,1843,228],[47,2634,314],[47,3686,122],[48,288,263],[48,288,451],[48,594,435],[48,657,440],[48,1870,54],[48,1872,418],[48,1872,170],[48,2624,85],[48,3543,96],[48,3543,289],[48,3543,345],[49,943,83],[49,943,126],[49,1012,53],[49,1012,119],[49,1929,465],[49,2139,88],[49,2608,283],[49,3883,237],[49,3883,313],[50,1,272],[50,1536,287],[50,3530,1],[50,3530,425],[50,3580,53],[50,3812,390],[50,3812,244],[51,598,385],[51,598,112],[51,598,288],[51,998,273],[51,1126,474],[51,2155,497],[51,2155,165],[51,2155,223],[51,3605,9],[51,3605,494],[51,3717,72],[51,3717,222],[51,3946,415],[51,3946,109],[51,3946,180],[51,3946,394],[52,24,364],[52,24,386],[52,462,292],[52,479,457],[52,1351,96],[52,1351,364],[52,1351,381],[52,3789,327],[52,3789,74],[53,947,417],[53,1379,415],[53,1379,272],[53,1786,59],[53,2053,59],[53,2053,267],[53,2053,293],[53,2053,354],[54,525,261],[54,525,401],[54,2052,356],[54,2525,86],[54,2954,301],[54,3234,266],[55,654,319],[55,1602,368],[55,1867,374],[55,1882,227],[55,2050,185],[55,2050,452],[55,3365,127],[56,198,227],[56,1563,72],[56,2414,394],[56,2909,471],[56,2909,68],[56,3568,474],[56,3613,63],[56,3845,291],[56,3845,436],[57,140,256],[57,232,86],[57,1019,310],[57,2155,497],[57,2155,165],[57,2155,223],[57,2388,462],[57,2914,497],[58,1296,15],[58,3801,5],[58,3801,193],[59,379,191],[59,379,287],[59,513,108],[59,1646,221],[59,3004,295],[59,3458,70],[59,3458,77],[60,143,375],[60,143,157],[60,157,423],[60,328,93],[60,1256,282],[60,3454,91],[61,113,76],[61,571,219],[61,896,254],[61,896,243],[61,3765,248],[62,1525,191],[62,2289,360],[62,2873,227],[62,3119,81],[62,3480,128],[63,1455,270],[63,2439,280],[63,2943,419],[63,3821,136],[64,321,228],[64,427,347],[64,605,306],[64,990,206],[64,2672,13],[64,3206,464],[64,3206,350],[65,700,207],[65,973,77],[65,2744,77],[65,2744,193],[66,598,385],[66,598,112],[66,598,288],[66,1156,270],[66,1970,284],[66,3592,100],[67,2039,133],[67,2829,234],[67,2829,433],[67,3144,488],[67,3472,369],[67,3472,314],[67,3875,80],[67,3875,413],[68,1431,327],[68,1431,449],[68,2368,387],[68,3229,109],[68,3846,255],[68,3946,415],[68,3946,109],[68,3946,180],[68,3946,394],[69,89,246],[69,196,193],[69,1187,364],[69,1187,235],[69,1822,61],[69,2822,84],[69,3475,58],[69,3539,391],[70,276,230],[70,1461,242],[70,1524,132],[70,1524,302],[70,1524,441],[70,2732,359],[70,2844,75],[70,3657,135],[70,3657,494],[71,1827,225],[71,2396,473],[71,2846,79],[71,3075,484],[71,3075,467],[71,3310,348],[71,3856,352],[71,3856,140],[72,360,115],[72,360,192],[72,360,149],[72,360,273],[72,619,313],[72,619,90],[72,740,311],[72,740,279],[72,740,284],[72,3157,394],[73,840,385],[73,1391,417],[73,1504,86],[73,1504,430],[73,3745,115],[73,3940,473],[74,1989,282],[74,1989,275],[74,2104,64],[74,2551,141],[74,3471,28],[74,3708,89],[75,27,188],[75,592,136],[75,882,305],[75,882,479],[75,1938,361],[76,277,438],[76,768,353],[76,2017,302],[76,2590,92],[76,3024,307],[76,3024,356],[76,3767,79],[77,233,348],[77,2168,387],[77,2168,98],[77,2540,113],[77,2540,90],[77,2783,393],[77,3697,397],[78,827,245],[78,1450,248],[78,2795,215],[78,3063,31],[78,3063,82],[78,3320,261],[78,3571,286],[79,218,85],[79,218,109],[79,1520,216],[79,2526,175],[80,360,115],[80,360,192],[80,360,149],[80,360,273],[80,1777,92],[80,2141,194],[80,2145,123],[80,3335,367],[80,3335,401],[80,3753,174],[80,3753,445],[80,3932,13],[80,3932,25],[81,2023,418],[81,2324,101],[81,2832,2],[81,2983,432],[81,3270,159],[82,388,249],[82,1319,205],[82,1319,415],[82,1319,311],[82,1504,86],[82,1504,430],[82,2911,314],[83,42,445],[83,42,316],[83,246,460],[83,498,277],[83,498,85],[83,2231,36],[83,2231,440],[83,2478,102],[83,3266,423],[83,3903,234],[84,1946,298],[84,1946,87],[84,2817,292],[84,3252,313],[84,3440,223],[84,3440,362],[84,3440,359],[85,1302,132],[85,1302,191],[85,1771,256],[85,2540,113],[85,2540,90],[85,2977,436],[85,3651,436],[86,99,147],[86,99,166],[86,468,259],[86,468,249],[86,2820,108],[86,3031,32],[86,3084,249],[87,3,91],[87,3,118],[87,17,237],[87,17,326],[87,637,153],[87,853,389],[87,2228,212],[87,2228,376],[87,2228,387],[88,2218,34],[88,3488,3],[88,3488,488],[88,3488,199],[88,3991,3],[88,3991,32],[89,1343,395],[89,2128,307],[89,2760,81],[89,2760,93],[89,2884,246],[89,2884,324],[89,2968,482],[89,2968,355],[89,3131,326],[89,3131,413],[90,42,445],[90,42,316],[90,51,285],[90,51,447],[90,742,67],[90,745,110],[90,745,283],[90,2650,453],[90,2650,190],[90,2650,174],[90,2650,75],[91,995,159],[91,1163,414],[91,1163,493],[91,1163,276],[91,1278,156],[91,2178,497],[91,2178,417],[91,3112,28],[91,3112,498],[92,35,488],[92,35,402],[92,915,296],[92,3133,62],[92,3133,126],[92,3573,151],[92,3573,334],[93,1215,454],[93,1215,116],[93,1215,232],[93,1215,291],[93,3977,385],[94,378,99],[94,394,97],[94,1275,452],[94,1275,491],[94,1275,350],[94,1671,431],[94,2675,321],[94,2675,137],[94,2932,355],[94,2932,332],[94,3085,1],[94,3085,428],[94,3541,476],[95,698,343],[95,698,439],[95,726,148],[95,726,495],[95,2117,104],[95,2136,203],[95,3340,69],[95,3340,368],[95,3340,75],[95,3377,213],[95,3377,277],[95,3720,68],[96,2599,105],[96,2599,92],[96,3721,11],[97,1418,339],[97,1945,68],[97,1945,73],[97,2765,162],[97,3915,260],[97,3915,279],[97,3954,463],[98,236,35],[98,236,130],[98,1857,116],[98,1857,496],[98,1979,303],[98,1979,441],[98,1979,451],[98,2711,323],[98,2711,1],[98,2744,77],[98,2744,193],[98,2815,121],[98,3397,113],[98,3397,119],[99,86,495],[99,1753,440],[99,1753,388],[99,1776,160],[99,2153,309],[100,3,91],[100,3,118],[100,172,216],[100,1801,423],[100,2260,101],[100,2666,310],[100,3722,316],[101,777,129],[101,777,21],[101,1682,46],[101,1682,204],[101,1682,491],[101,2154,173],[101,2709,482],[101,2878,324],[102,183,338],[102,974,270],[102,3209,105],[102,3367,470],[102,3367,267],[102,3701,70],[103,176,235],[103,176,341],[103,1399,297],[103,1399,110],[103,1558,238],[103,1558,82],[103,2307,185],[103,2307,285],[103,2715,385],[103,3228,273],[104,440,105],[104,1072,233],[104,1351,96],[104,1351,364],[104,1351,381],[104,2872,413],[104,3126,468],[105,1818,250],[105,1818,179],[105,2830,400],[105,2830,496],[105,3298,124],[105,3591,135],[105,3591,260],[106,2116,398],[106,3755,119],[106,3755,164],[107,1399,297],[107,1399,110],[107,1911,385],[107,1911,490],[107,2247,144],[107,2606,20],[107,2606,479],[107,3285,316],[107,3511,448],[107,3511,213],[108,861,221],[108,2360,310],[108,2880,262],[108,3339,476],[109,615,198],[109,1241,308],[109,2005,115],[109,2434,437],[109,2434,395],[109,2434,161],[109,2434,302],[110,357,49],[110,1521,267],[110,1521,334],[110,1550,469],[110,1833,27],[110,3597,123],[110,3597,358],[111,218,85],[111,218,109],[111,448,419],[111,2010,236],[111,2358,185],[111,3149,441],[111,3149,384],[111,3177,175],[111,3397,113],[111,3397,119],[112,49,223],[112,79,330],[112,2338,129],[112,2409,422],[113,1215,454],[113,1215,116],[113,1215,232],[113,1215,291],[113,3799,423],[113,3969,316],[114,833,13],[114,943,83],[114,943,126],[114,1116,494],[114,1116,365],[114,2970,15],[115,985,361],[115,985,106],[115,1711,279],[115,1711,200],[115,1711,488],[115,2612,161],[116,349,210],[116,1531,323],[116,1988,294],[116,1988,302],[116,2669,457],[116,3647,154],[116,3770,151],[117,30,113],[117,1090,133],[117,1090,422],[117,1125,406],[117,1413,418],[117,2160,450],[117,2160,37],[118,201,248],[118,1781,314],[118,3491,189],[118,3788,181],[119,355,422],[119,971,183],[119,1722,377],[119,1722,33],[119,1722,93],[120,131,71],[120,131,487],[120,1377,61],[120,1377,236],[120,1597,150],[120,3430,131],[120,3430,462],[121,836,164],[121,975,168],[121,1331,378],[121,1331,464],[121,1331,483],[121,1524,132],[121,1524,302],[121,1524,441],[121,2984,183],[121,3380,12],[122,1524,132],[122,1524,302],[122,1524,441],[122,1958,216],[122,2447,485],[122,2517,220],[122,2517,214],[122,3205,139],[122,3908,124],[123,2100,338],[123,3256,165],[123,3256,381],[123,3693,330],[123,3693,323],[123,3946,415],[123,3946,109],[123,3946,180],[123,3946,394],[124,80,367],[124,1094,363],[124,1094,406],[124,1094,251],[124,2254,46],[124,2254,399],[124,2461,88],[124,2461,396],[124,2704,153],[125,631,375],[125,631,293],[125,1172,489],[125,2142,143],[125,2413,27],[125,2988,274],[125,3404,162],[126,144,226],[126,254,346],[126,254,404],[126,747,265],[126,747,147],[126,1661,195],[126,2177,143],[127,1107,355],[127,1107,38],[127,2836,386],[127,3842,252],[127,3842,469],[128,24,364],[128,24,386],[128,100,174],[128,1013,319],[128,2199,254],[128,2199,325],[128,2393,141],[128,3236,231],[128,3424,389],[129,2504,472],[129,2679,333],[129,3927,375],[129,3927,256],[129,3999,43],[129,3999,162],[130,903,391],[130,1877,202],[130,2650,453],[130,2650,190],[130,2650,174],[130,2650,75],[130,3409,398],[130,3409,462],[130,3495,196],[130,3911,138],[130,3911,200],[131,1381,102],[131,1381,346],[131,2227,278],[131,2441,238],[131,2816,71],[131,2816,247],[131,3934,476],[131,3934,401],[132,621,163],[132,1722,377],[132,1722,33],[132,1722,93],[132,1869,402],[132,2566,148],[132,2566,487],[132,3439,382],[133,2390,359],[133,3488,3],[133,3488,488],[133,3488,199],[133,3808,171],[133,3808,460],[133,3832,332],[134,67,37],[134,67,362],[134,899,261],[134,1038,281],[134,1229,411],[134,1229,312],[134,3398,157],[135,343,293],[135,416,193],[135,416,263],[135,672,484],[135,672,495],[135,672,469],[135,1569,224],[135,2485,199],[136,263,93],[136,263,451],[136,263,473],[136,2085,138],[136,3052,322],[136,3974,198],[137,952,229],[137,1293,45],[137,1293,440],[137,1293,490],[137,1560,155],[137,1606,492],[137,1711,279],[137,1711,200],[137,1711,488],[137,2330,132],[138,1446,316],[138,1506,62],[138,2865,152],[138,3824,455],[138,3921,420],[139,1184,41],[139,1689,374],[139,2041,154],[139,2373,275],[139,2737,275],[140,1678,481],[140,1678,92],[140,1695,457],[140,2273,93],[140,2364,141],[140,2364,181],[141,150,339],[141,1616,321],[141,3284,212],[142,109,184],[142,109,266],[142,304,138],[142,304,410],[142,993,377],[142,1295,197],[142,1964,377],[143,176,235],[143,176,341],[143,1272,382],[143,1272,287],[143,3129,156],[144,1163,414],[144,1163,493],[144,1163,276],[144,2079,137],[144,3302,87],[144,3302,300],[145,672,484],[145,672,495],[145,672,469],[145,956,160],[145,1048,146],[145,1048,305],[145,2450,359],[145,2517,220],[145,2517,214],[145,3255,453],[145,3255,305],[145,3973,159],[146,341,8],[146,1664,112],[146,1664,255],[146,1664,284],[146,2327,166],[146,3113,114],[146,3964,329],[147,1242,208],[147,1544,165],[147,2011,203],[147,3516,400],[147,3823,391],[147,3823,485],[148,740,311],[148,740,279],[148,740,284],[148,2419,171],[148,2419,332],[148,2462,491],[148,3713,244],[148,3713,215],[149,259,258],[149,1062,120],[149,1062,243],[149,2305,369],[149,2305,88],[149,2455,334],[149,3240,499],[149,3240,158],[149,3534,114],[149,3534,488],[150,20,195],[150,20,301],[150,20,405],[150,832,488],[150,1431,327],[150,1431,449],[150,1899,201],[150,2453,181],[150,2453,496],[150,2453,134],[150,2997,412],[150,2997,208],[151,713,79],[151,713,374],[151,1479,449],[151,2558,179],[151,2884,246],[151,2884,324],[151,3529,318],[152,200,400],[152,200,499],[152,200,226],[152,1860,332],[152,1860,167],[152,1860,214],[152,2124,190],[152,2378,78],[152,2378,242],[152,3029,418],[153,878,144],[153,1527,204],[153,2719,289],[153,2719,484],[153,2719,424],[154,569,368],[154,732,492],[154,1228,345],[154,2674,214],[155,421,147],[155,820,287],[155,1459,164],[155,1802,250],[155,3335,367],[155,3335,401],[155,3525,323],[155,3818,254],[156,1480,342],[156,1480,394],[156,1859,318],[156,1859,257],[156,3442,169],[156,3762,151],[157,90,391],[157,90,482],[157,543,269],[157,543,167],[157,1627,423],[157,1627,225],[157,1627,397],[157,1627,159],[157,3388,378],[157,3388,471],[157,3667,7],[157,3667,272],[158,323,294],[158,543,269],[158,543,167],[158,674,405],[158,1860,332],[158,1860,167],[158,1860,214],[158,2904,19],[158,3071,342],[158,3131,326],[158,3131,413],[159,512,297],[159,512,499],[159,1292,189],[159,1292,478],[159,2582,362],[160,295,442],[160,1175,74],[160,1175,304],[160,2157,161],[160,3385,156],[160,3385,336],[160,3713,244],[160,3713,215],[161,579,183],[161,598,385],[161,598,112],[161,598,288],[161,2281,363],[161,2281,475],[161,3989,142],[161,3989,323],[162,62,456],[162,851,290],[162,851,235],[162,2657,393],[162,2657,479],[163,825,493],[163,1381,102],[163,1381,346],[163,1543,303],[163,3563,334],[164,200,400],[164,200,499],[164,200,226],[164,776,491],[164,776,347],[164,1098,483],[164,1441,378],[165,818,417],[165,818,462],[165,2181,107],[165,2181,412],[165,2181,373],[165,2721,412],[165,2721,466],[165,3462,409],[165,3507,234],[166,301,169],[166,301,172],[166,401,425],[166,2739,196],[166,2739,473],[166,3074,444],[166,3407,389],[166,3611,378],[166,3611,363],[167,20,195],[167,20,301],[167,20,405],[167,896,254],[167,896,243],[167,1739,409],[167,2519,13],[167,3750,182],[168,2702,405],[168,3376,367],[168,3403,241],[168,3403,270],[168,3543,96],[168,3543,289],[168,3543,345],[168,3660,392],[168,3660,319],[168,3660,342],[169,211,84],[169,544,159],[169,544,315],[169,1142,396],[169,1286,375],[169,3624,286],[170,19,402],[170,412,174],[170,1235,26],[170,1235,93],[170,2994,168],[170,3632,215],[170,3934,476],[170,3934,401],[171,288,263],[171,288,451],[171,671,486],[171,3642,190],[171,3678,301],[172,36,191],[172,36,258],[172,636,211],[172,683,171],[172,1590,401],[172,1859,318],[172,1859,257],[172,3452,324],[172,3749,286],[173,50,434],[173,170,241],[173,1061,211],[173,1061,462],[173,2216,349],[173,3051,40],[173,3051,358],[173,3186,359],[174,2642,493],[174,3478,327],[174,3867,453],[174,3867,252],[175,1943,190],[175,2685,470],[175,2685,439],[175,3044,457],[175,3044,396],[175,3190,399],[176,197,294],[176,722,262],[176,722,317],[176,2692,241],[176,2767,450],[176,2767,481],[176,3146,66],[176,3146,333],[176,3226,47],[176,3226,489],[176,3634,206],[177,110,195],[177,223,15],[177,1077,330],[177,1129,127],[177,1129,451],[177,3064,342],[177,3064,345],[177,3064,179],[177,3992,391],[178,527,276],[178,955,282],[178,1061,211],[178,1061,462],[178,3012,261],[178,3012,45],[178,3794,269],[179,535,469],[179,819,449],[179,1508,273],[179,1521,267],[179,1521,334],[180,109,184],[180,109,266],[180,215,273],[180,591,75],[180,591,419],[180,3641,342],[180,3641,365],[181,777,129],[181,777,21],[181,1478,294],[181,1478,397],[181,1478,429],[181,2693,283],[182,2569,358],[182,3109,338],[183,20,195],[183,20,301],[183,20,405],[183,2562,289],[183,2756,206],[183,2916,471],[183,2916,472],[184,1865,427],[184,1971,388],[184,3204,450],[184,3913,431],[185,798,246],[185,798,187],[185,1849,129],[185,2780,392],[185,2780,436],[185,2780,42],[185,2780,496],[185,3012,261],[185,3012,45],[186,92,89],[186,450,97],[186,1164,287],[186,1212,413],[186,1735,278],[186,1735,439],[187,263,93],[187,263,451],[187,263,473],[187,362,328],[187,651,280],[187,2429,84],[188,1147,321],[188,1989,282],[188,1989,275],[188,2386,227],[188,3060,184],[188,3247,271],[189,1303,100],[189,1303,286],[189,1779,96],[189,1779,385],[189,2378,78],[189,2378,242],[189,3274,213],[189,3904,447],[189,3904,454],[190,1220,268],[190,3244,361],[190,3244,450],[190,3787,399],[190,3787,91],[190,3897,330],[190,3897,19],[191,951,208],[191,2185,199],[191,3037,292],[191,3608,320],[192,612,430],[192,1325,358],[192,2000,251],[192,2508,383],[192,2508,420],[192,3597,123],[192,3597,358],[193,1302,132],[193,1302,191],[193,2400,53],[193,3643,194],[194,472,162],[194,1040,398],[194,2071,393],[194,2071,455],[194,2490,364],[194,2797,121],[194,2797,326],[195,1109,267],[195,1109,467],[195,1556,413],[195,2927,340],[195,3212,495],[196,23,136],[196,505,298],[196,1775,265],[196,2071,393],[196,2071,455],[196,3302,87],[196,3302,300],[197,1600,459],[197,1600,108],[197,1600,426],[197,1909,231],[197,3415,441],[197,3515,118],[197,3885,426],[197,3885,463],[198,1710,223],[198,3081,72],[198,3146,66],[198,3146,333],[198,3735,403],[198,3735,480],[198,3735,163],[199,1363,346],[199,2319,434],[199,2319,495],[199,2888,229],[199,3476,141],[199,3476,216],[199,3476,395],[200,499,436],[200,1251,253],[200,1593,345],[200,2533,112],[200,3917,404],[201,284,409],[201,1463,367],[201,2199,254],[201,2199,325],[201,2524,336],[201,2577,428],[201,2636,400],[202,630,50],[202,630,266],[202,966,308],[202,1101,170],[202,1956,418],[202,3038,218],[203,199,446],[203,1664,112],[203,1664,255],[203,1664,284],[203,1790,343],[204,622,266],[204,1187,364],[204,1187,235],[204,2365,146],[204,2365,230],[204,2463,282],[204,2463,384],[204,3130,408],[204,3155,251],[205,953,11],[205,953,356],[205,1595,380],[205,1630,275],[205,1630,495],[205,2514,485],[205,2909,471],[205,2909,68],[206,136,215],[206,136,303],[206,1784,496],[206,2596,30],[206,3189,44],[207,2976,461],[207,3050,290],[207,3301,25],[207,3753,174],[207,3753,445],[207,3911,138],[207,3911,200],[208,1834,87],[208,2035,290],[208,2757,254],[208,2776,336],[208,2941,459],[208,2941,328],[208,2941,440],[209,307,216],[209,1016,317],[209,1372,493],[209,1851,333],[209,3097,498],[209,3097,294],[209,3097,360],[209,3256,165],[209,3256,381],[209,3476,141],[209,3476,216],[209,3476,395],[210,2221,256],[210,2372,213],[210,3893,148],[210,3956,261],[211,776,491],[211,776,347],[211,1944,182],[211,3600,323],[211,3600,41],[211,3667,7],[211,3667,272],[212,1179,262],[212,2093,463],[212,2093,419],[212,2093,310],[212,2267,164],[212,2349,21],[212,2349,315],[213,190,317],[213,190,428],[213,238,486],[213,1554,153],[213,2123,218],[214,292,1],[214,292,414],[214,1093,388],[214,1355,231],[214,2630,162],[215,1020,124],[215,3068,412],[216,2610,160],[216,2657,393],[216,2657,479],[216,2868,44],[216,2868,187],[217,127,293],[217,331,139],[217,331,230],[217,892,229],[217,892,173],[217,1272,382],[217,1272,287],[217,2333,316],[217,2333,347],[217,2769,492],[218,1714,240],[218,2520,28],[218,2568,81],[218,2568,182],[218,3105,154],[218,3915,260],[218,3915,279],[219,1483,240],[219,1483,110],[219,1483,438],[219,1840,96],[219,2548,157],[219,2548,383],[219,3127,377],[219,3226,47],[219,3226,489],[220,765,263],[220,1075,175],[220,2055,481],[220,2957,248],[221,102,274],[221,1223,443],[221,1223,261],[221,2549,231],[221,3028,438],[221,3573,151],[221,3573,334],[222,747,265],[222,747,147],[222,1284,388],[222,1387,195],[222,1567,480],[222,1578,424],[222,3677,347],[223,847,224],[223,3073,338],[223,3073,409],[224,1389,54],[224,1389,146],[224,1389,457],[224,2032,481],[224,2189,295],[224,2189,349],[224,3140,498],[224,3147,416],[224,3638,294],[225,1423,249],[225,1825,40],[225,1825,181],[226,1158,341],[226,1807,228],[226,1876,95],[227,2096,330],[227,2096,8],[227,2550,217],[227,3011,291],[228,374,399],[228,1950,311],[228,1959,316],[228,3409,398],[228,3409,462],[229,1170,286],[229,1724,424],[229,2135,331],[229,2135,232],[229,2168,387],[229,2168,98],[230,798,246],[230,798,187],[230,1469,426],[230,1627,423],[230,1627,225],[230,1627,397],[230,1627,159],[230,2625,21],[230,2625,294],[230,3658,167],[230,3658,428],[231,1972,264],[231,2877,421],[231,2877,347],[231,3249,248],[232,8,316],[232,460,313],[232,460,384],[232,498,277],[232,498,85],[232,1622,240],[232,2102,339],[232,3055,435],[233,680,399],[233,1377,61],[233,1377,236],[233,2036,250],[233,2575,252],[233,2575,366],[233,3709,242],[234,351,174],[234,351,300],[234,351,177],[234,2625,21],[234,2625,294],[234,3367,470],[234,3367,267],[234,3755,119],[234,3755,164],[235,874,342],[235,874,119],[235,1430,122],[235,2333,316],[235,2333,347],[235,2365,146],[235,2365,230],[236,37,333],[236,424,366],[236,923,66],[237,1274,441],[237,1629,371],[237,2356,337],[237,2356,296],[237,2356,177],[237,2601,293],[237,2941,459],[237,2941,328],[237,2941,440],[237,3791,339],[238,1813,354],[238,2252,215],[238,2252,484],[238,2670,215],[238,2670,376],[238,3161,257],[238,3657,135],[238,3657,494],[238,3687,144],[239,740,311],[239,740,279],[239,740,284],[239,2459,343],[239,2719,289],[239,2719,484],[239,2719,424],[239,3787,399],[239,3787,91],[240,921,265],[240,1006,347],[240,1635,207],[240,3200,339],[240,3200,9],[241,26,491],[241,1434,296],[242,97,414],[242,1244,339],[242,2118,308],[242,3589,244],[242,3589,381],[242,3867,453],[242,3867,252],[243,383,438],[243,614,187],[243,614,322],[243,723,411],[243,1438,374],[243,2275,449],[243,2362,271],[243,2362,467],[244,471,457],[244,2109,267],[244,2430,252],[244,2430,448],[245,242,322],[245,242,356],[245,242,407],[245,803,335],[245,3009,292],[245,3482,179],[245,3809,143],[246,698,343],[246,698,439],[246,2575,252],[246,2575,366],[246,3512,192],[246,3536,262],[246,3693,330],[246,3693,323],[247,174,178],[247,489,365],[247,1028,315],[247,1886,371],[247,2494,395],[247,3221,363],[247,3221,199],[248,38,276],[249,460,313],[249,460,384],[249,3057,448],[249,3650,21],[250,1985,276],[250,1985,490],[250,2038,310],[250,3064,342],[250,3064,345],[250,3064,179],[251,308,394],[251,1237,312],[251,3763,471],[252,1678,481],[252,1678,92],[252,2245,264],[252,3297,291],[252,3297,315],[253,135,420],[253,1478,294],[253,1478,397],[253,1478,429],[253,1946,298],[253,1946,87],[253,2208,248],[253,3989,142],[253,3989,323],[254,894,134],[254,2508,383],[254,2508,420],[254,3062,434],[254,3062,267],[254,3688,271],[255,685,58],[255,877,299],[255,877,150],[255,2779,439],[255,2986,182],[255,2986,42],[255,3116,303],[256,452,248],[256,511,387],[256,511,285],[256,1464,409],[256,3385,156],[256,3385,336],[257,1011,458],[257,1292,189],[257,1292,478],[257,2110,281],[257,3083,427],[258,265,417],[258,458,429],[258,2863,418],[258,3206,464],[258,3206,350],[259,709,196],[259,1447,161],[259,2277,390],[259,2307,185],[259,2307,285],[259,2542,273],[259,2578,408],[259,2578,445],[259,3587,481],[260,892,229],[260,892,173],[260,1501,277],[260,2298,176],[260,2298,364],[261,2446,154],[261,2446,354],[261,3872,282],[262,509,427],[262,509,455],[262,2345,326],[262,2345,478],[262,2670,215],[262,2670,376],[262,3019,260],[262,3019,19],[263,1222,432],[263,1350,431],[263,2178,497],[263,2178,417],[263,3176,143],[264,859,386],[264,2265,118],[264,3576,220],[264,3789,327],[264,3789,74],[265,517,133],[265,2560,436],[265,2723,399],[265,3582,478],[266,810,354],[266,1090,133],[266,1090,422],[266,3696,245],[266,3696,311],[267,1682,46],[267,1682,204],[267,1682,491],[268,222,422],[268,1369,48],[268,1985,276],[268,1985,490],[268,2356,337],[268,2356,296],[268,2356,177],[268,3102,311],[268,3776,250],[269,1835,55],[269,1835,239],[269,2823,360],[269,3255,453],[269,3255,305],[269,3855,297],[269,3882,29],[269,3882,314],[269,3884,6],[269,3884,149],[270,139,476],[270,1122,210],[270,1229,411],[270,1229,312],[270,2287,357],[271,203,372],[271,1753,440],[271,1753,388],[271,3808,171],[271,3808,460],[272,722,262],[272,722,317],[272,745,110],[272,745,283],[272,1245,410],[272,2941,459],[272,2941,328],[272,2941,440],[272,3498,295],[273,1757,330],[273,2432,202],[274,206,334],[274,2946,352],[274,3464,438],[274,3464,305],[274,3985,421],[275,928,72],[275,1692,12],[275,1692,465],[275,2797,121],[275,2797,326],[276,714,397],[276,2301,309],[276,2311,357],[277,1049,201],[277,1236,445],[277,1850,47],[277,2876,367],[277,3641,342],[277,3641,365],[278,1481,377],[278,2511,251],[278,2661,193],[278,2661,382],[278,3016,289],[278,3191,16],[279,726,148],[279,726,495],[279,2075,500],[279,2075,489],[279,2075,73],[279,3510,334],[279,3510,424],[279,3838,500],[279,3838,58],[280,175,467],[280,2259,378],[280,2780,392],[280,2780,436],[280,2780,42],[280,2780,496],[281,408,354],[281,408,136],[281,927,210],[281,927,180],[281,1017,461],[281,1017,67],[281,1919,306],[281,3743,415],[282,733,163],[282,733,478],[282,2321,466],[282,3472,369],[282,3472,314],[283,712,465],[283,1180,251],[283,2053,59],[283,2053,267],[283,2053,293],[283,2053,354],[283,2061,421],[283,2061,306],[283,3700,117],[284,554,239],[284,1942,446],[284,2801,189],[284,2801,446],[285,1979,303],[285,1979,441],[285,1979,451],[285,2072,329],[285,2416,40],[285,2594,364],[285,3332,483],[285,3332,493],[286,3839,500],[286,3839,63],[286,3839,367],[287,1086,492],[287,3044,457],[287,3044,396],[288,534,365],[288,534,476],[288,1920,442],[288,2605,452],[288,2658,355],[288,2889,389],[288,3018,430],[289,420,428],[289,1048,146],[289,1048,305],[289,2362,271],[289,2362,467],[290,2029,464],[290,2463,282],[290,2463,384],[290,2552,39],[290,3487,106],[290,3487,202],[290,3990,448],[291,71,52],[291,204,288],[291,1141,340],[291,1141,337],[291,3257,471],[292,2105,153],[292,3476,141],[292,3476,216],[292,3476,395],[293,289,475],[293,1378,241],[294,3892,236],[295,2093,463],[295,2093,419],[295,2093,310],[295,2989,32],[295,2989,425],[295,3250,16],[295,3250,302],[295,3517,440],[296,868,144],[296,3231,4],[297,1428,299],[297,2446,154],[297,2446,354],[297,2864,408],[297,2864,463],[297,3120,373],[298,916,305],[298,1591,375],[298,1623,375],[298,1981,198],[298,2885,315],[298,3845,291],[298,3845,436],[299,1104,260],[299,1175,74],[299,1175,304],[299,2537,362],[299,2537,422],[299,3959,422],[300,39,332],[300,463,36],[300,463,40],[300,1900,392],[300,2325,188],[300,2325,403],[301,834,63],[301,834,373],[301,1319,205],[301,1319,415],[301,1319,311],[301,1351,96],[301,1351,364],[301,1351,381],[301,2586,498],[301,2586,435],[302,717,308],[302,948,219],[302,2864,408],[302,2864,463],[303,350,499],[303,350,380],[303,2187,411],[303,3332,483],[303,3332,493],[303,3589,244],[303,3589,381],[304,70,194],[304,70,275],[304,410,401],[304,932,392],[304,932,468],[304,1384,222],[304,2069,353],[304,2069,475],[304,3925,40],[305,2502,184],[305,3543,96],[305,3543,289],[305,3543,345],[306,165,477],[306,3309,361],[306,3484,397],[307,245,372],[307,301,169],[307,301,172],[307,364,382],[307,1017,461],[307,1017,67],[307,1416,407],[308,3382,345],[308,3567,323],[309,370,329],[309,370,380],[309,491,7],[309,1293,45],[309,1293,440],[309,1293,490],[309,2181,107],[309,2181,412],[309,2181,373],[310,675,372],[310,1347,322],[310,1722,377],[310,1722,33],[310,1722,93],[311,812,312],[311,2254,46],[311,2254,399],[311,2990,458],[312,131,71],[312,131,487],[312,643,321],[312,2434,437],[312,2434,395],[312,2434,161],[312,2434,302],[312,3569,357],[313,2819,65],[313,3035,329],[313,3674,123],[314,1490,280],[314,1517,140],[315,136,215],[315,136,303],[315,2189,295],[315,2189,349],[315,3446,474],[315,3446,296],[317,292,1],[317,292,414],[317,1275,452],[317,1275,491],[317,1275,350],[317,1680,414],[317,2061,421],[317,2061,306],[317,2075,500],[317,2075,489],[317,2075,73],[318,2053,59],[318,2053,267],[318,2053,293],[318,2053,354],[318,2149,314],[318,2149,14],[318,2829,234],[318,2829,433],[318,3262,221],[318,3919,197],[319,163,425],[319,551,460],[319,1081,362],[319,3605,9],[319,3605,494],[320,360,115],[320,360,192],[320,360,149],[320,360,273],[320,1528,372],[320,2425,335],[320,2573,336],[320,3290,50],[320,3290,444],[321,242,322],[321,242,356],[321,242,407],[321,1772,416],[321,2352,455],[321,2804,299],[321,2804,499],[322,416,193],[322,416,263],[322,1129,127],[322,1129,451],[322,2572,328],[322,2646,245],[323,2854,23],[324,290,460],[324,1157,474],[324,1872,418],[324,1872,170],[324,2907,371],[324,3210,433],[324,3210,188],[325,1480,342],[325,1480,394],[325,1681,486],[325,2093,463],[325,2093,419],[325,2093,310],[325,3630,344],[325,3884,6],[325,3884,149],[325,3927,375],[325,3927,256],[326,2031,435],[326,2031,153],[326,2421,455],[326,2492,371],[326,3875,80],[326,3875,413],[327,1120,182],[327,1393,301],[327,3946,415],[327,3946,109],[327,3946,180],[327,3946,394],[328,152,402],[328,534,365],[328,534,476],[328,835,379],[328,2299,46],[328,2299,365],[328,3217,437],[329,2056,475],[329,2203,477],[329,2570,442],[330,2804,299],[330,2804,499],[330,3905,117],[330,3905,352],[331,99,147],[331,99,166],[331,2762,50],[331,3242,447],[331,3545,335],[332,1113,226],[332,2248,327],[333,17,237],[333,17,326],[333,701,329],[333,2586,498],[333,2586,435],[333,2939,486],[334,511,387],[334,511,285],[334,1541,327],[335,2293,8],[335,2645,460],[335,2698,376],[335,3175,266],[336,326,247],[336,2509,344],[336,3402,341],[337,1979,303],[337,1979,441],[337,1979,451],[337,2739,196],[337,2739,473],[337,3149,441],[337,3149,384],[337,3717,72],[337,3717,222],[338,330,134],[340,1155,477],[340,1478,294],[340,1478,397],[340,1478,429],[340,1949,31],[340,2256,410],[340,3142,31],[340,3201,341],[341,1389,54],[341,1389,146],[341,1389,457],[341,1437,207],[341,2593,388],[342,2155,497],[342,2155,165],[342,2155,223],[343,524,225],[343,524,485],[343,2305,369],[343,2305,88],[343,2734,18],[343,3922,88],[343,3922,23],[344,512,297],[344,512,499],[344,1779,96],[344,1779,385],[344,2044,393],[344,2993,210],[344,3690,432],[345,304,138],[345,304,410],[345,1820,419],[345,2252,215],[345,2252,484],[346,1385,493],[346,3440,223],[346,3440,362],[346,3440,359],[346,3464,438],[346,3464,305],[346,3802,486],[346,3802,45],[346,3842,252],[346,3842,469],[347,485,184],[347,485,444],[347,1300,455],[347,1300,90],[348,1364,410],[348,1844,55],[348,2347,61],[348,2730,433],[348,3075,484],[348,3075,467],[348,3682,468],[348,3682,203],[349,831,436],[349,2069,353],[349,2069,475],[349,3306,442],[349,3635,226],[349,3748,253],[349,3748,461],[349,3748,425],[350,190,317],[350,190,428],[350,1107,355],[350,1107,38],[350,2070,220],[350,2997,412],[350,2997,208],[351,932,392],[351,932,468],[351,1163,414],[351,1163,493],[351,1163,276],[351,1419,66],[351,2780,392],[351,2780,436],[351,2780,42],[351,2780,496],[351,3660,392],[351,3660,319],[351,3660,342],[352,672,484],[352,672,495],[352,672,469],[352,3445,497],[353,459,468],[353,459,64],[353,475,401],[353,525,261],[353,525,401],[353,2150,444],[353,2204,465],[353,2204,466],[353,3812,390],[353,3812,244],[354,337,480],[354,337,386],[354,1392,231],[354,2867,42],[354,2867,186],[355,1824,364],[355,2503,229],[356,351,174],[356,351,300],[356,351,177],[356,736,383],[356,1625,357],[357,2784,211],[358,351,174],[358,351,300],[358,351,177],[358,422,200],[358,2030,135],[358,2030,420],[358,2031,435],[358,2031,153],[359,306,263],[359,1148,187],[359,2332,175],[360,577,466],[360,2346,111],[360,2474,53],[360,3388,378],[360,3388,471],[361,178,398],[361,461,444],[361,2461,88],[361,2461,396],[362,1396,415],[362,2900,454],[363,2434,437],[363,2434,395],[363,2434,161],[363,2434,302],[363,3510,334],[363,3510,424],[364,2566,148],[364,2566,487],[365,650,400],[365,2231,36],[365,2231,440],[365,2325,188],[365,2325,403],[366,1320,203],[366,2371,396],[366,2708,474],[366,2899,427],[366,3904,447],[366,3904,454],[367,230,498],[367,2877,421],[367,2877,347],[368,396,370],[368,1335,460],[368,1486,78],[368,3664,241],[368,3856,352],[368,3856,140],[369,2096,330],[369,2096,8],[369,3511,448],[369,3511,213],[369,3611,378],[369,3611,363],[369,3737,373],[370,188,395],[370,1322,296],[370,2166,424],[370,2453,181],[370,2453,496],[370,2453,134],[370,3444,387],[371,370,329],[371,370,380],[371,851,290],[371,851,235],[371,2578,408],[371,2578,445],[371,3400,241],[372,1023,376],[372,2383,474],[372,2678,440],[372,3976,426],[373,1494,497],[373,2160,450],[373,2160,37],[374,2240,10],[374,2548,157],[374,2548,383],[374,2866,22],[375,1293,45],[375,1293,440],[375,1293,490],[376,1832,271],[376,2119,425],[376,2281,363],[376,2281,475],[376,3926,445],[377,382,17],[378,3069,104],[378,3696,245],[378,3696,311],[379,826,244],[379,1711,279],[379,1711,200],[379,1711,488],[379,2316,467],[379,2349,21],[379,2349,315],[379,2767,450],[379,2767,481],[379,3223,18],[380,200,400],[380,200,499],[380,200,226],[380,271,198],[380,1379,415],[380,1379,272],[380,2535,250],[380,3570,212],[381,212,350],[381,1444,417],[381,2536,434],[381,2536,233],[382,1575,223],[382,1962,141],[382,2803,370],[383,509,427],[383,509,455],[383,821,443],[383,2319,434],[383,2319,495],[383,3658,167],[383,3658,428],[383,3760,438],[384,456,462],[384,845,284],[384,2030,135],[384,2030,420],[384,3670,394],[385,1267,37],[386,888,427],[386,1154,395],[386,2184,416],[387,1116,494],[387,1116,365],[387,2796,233],[388,380,143],[388,380,428],[389,591,75],[389,591,419],[389,1206,352],[389,1735,278],[389,1735,439],[390,2419,171],[390,2419,332],[390,2495,411],[390,3446,474],[390,3446,296],[390,3874,10],[390,3874,405],[391,666,400],[391,2298,176],[391,2298,364],[392,2387,186],[392,3340,69],[392,3340,368],[392,3340,75],[393,614,187],[393,614,322],[393,806,305],[393,2932,355],[393,2932,332],[394,2719,289],[394,2719,484],[394,2719,424],[394,2916,471],[394,2916,472],[395,2367,197],[395,3132,279],[395,3132,443],[396,51,285],[396,51,447],[396,1203,352],[396,3999,43],[396,3999,162],[397,1366,15],[397,2299,46],[397,2299,365],[397,3661,477],[398,3097,498],[398,3097,294],[398,3097,360],[398,3623,459],[398,3801,5],[398,3801,193],[400,1110,406],[400,2874,479],[401,1673,129],[401,3133,62],[401,3133,126],[402,1766,470],[403,132,404],[403,254,346],[403,254,404],[403,1421,464],[403,1421,404],[403,3455,404],[403,3784,404],[404,1329,369],[405,3064,342],[405,3064,345],[405,3064,179],[406,1331,378],[406,1331,464],[406,1331,483],[406,2415,286],[406,2711,323],[406,2711,1],[406,3085,1],[406,3085,428],[407,184,337],[407,184,465],[407,184,494],[407,1146,482],[407,1371,480],[407,1662,459],[407,2191,300],[407,3290,50],[407,3290,444],[408,329,442],[408,2691,419],[408,3758,393],[409,749,99],[409,1682,46],[409,1682,204],[409,1682,491],[409,3316,119],[410,1836,12],[410,1836,420],[410,1836,205],[410,2125,459],[410,2288,475],[411,524,225],[411,524,485],[411,2629,183],[411,2794,431],[412,1542,63],[412,3377,213],[412,3377,277],[412,3560,281],[413,231,482],[413,2398,480],[413,2543,429],[414,2675,321],[414,2675,137],[414,3244,361],[414,3244,450],[414,3344,443],[415,468,259],[415,468,249],[415,2430,252],[415,2430,448],[416,487,498],[416,1817,494],[416,2640,494],[416,2849,411],[416,3520,102],[417,1331,378],[417,1331,464],[417,1331,483],[418,3610,423],[419,3062,434],[419,3062,267],[420,1600,459],[420,1600,108],[420,1600,426],[420,1669,52],[420,3530,1],[420,3530,425],[421,953,11],[421,953,356],[421,1809,483],[421,3621,470],[422,1627,423],[422,1627,225],[422,1627,397],[422,1627,159],[423,255,292],[423,1976,483],[423,1976,126],[423,1976,258],[424,81,65],[424,485,184],[424,485,444],[424,2426,163],[425,1275,452],[425,1275,491],[425,1275,350],[426,406,14],[426,1283,496],[426,1283,57],[427,3430,131],[427,3430,462],[428,541,99],[428,1063,114],[429,1117,185],[429,1427,476],[429,2434,437],[429,2434,395],[429,2434,161],[429,2434,302],[429,2860,456],[430,179,101],[430,655,462],[430,3552,338],[430,3864,453],[431,1012,53],[431,1012,119],[431,2867,42],[431,2867,186],[431,3839,500],[431,3839,63],[431,3839,367],[431,3885,426],[431,3885,463],[432,408,354],[432,408,136],[432,1223,443],[432,1223,261],[432,1799,437],[432,2391,483],[433,3203,468],[433,3640,468],[433,3691,468],[434,347,61],[434,3132,279],[434,3132,443],[434,3273,456],[435,186,123],[435,186,144],[435,2244,127],[436,1327,125],[437,3414,405],[437,3458,70],[437,3458,77],[437,3880,465],[438,619,313],[438,619,90],[439,186,123],[439,186,144],[439,2050,185],[439,2050,452],[439,3932,13],[439,3932,25],[440,858,106],[441,681,31],[441,2780,392],[441,2780,436],[441,2780,42],[441,2780,496],[441,3195,180],[442,316,331],[442,380,143],[442,380,428],[443,1456,73],[443,1456,214],[443,1571,278],[443,1571,488],[443,3243,351],[443,3433,500],[443,3433,33],[444,3372,74],[445,1094,363],[445,1094,406],[445,1094,251],[445,3208,79],[446,549,485],[446,2727,351],[446,2727,57],[447,3051,40],[447,3051,358],[447,3740,458],[447,3740,112],[447,3936,482],[448,652,152],[448,1258,39],[448,2232,463],[449,1173,140],[449,1300,455],[449,1300,90],[449,1941,66],[449,2053,59],[449,2053,267],[449,2053,293],[449,2053,354],[450,673,286],[450,1483,240],[450,1483,110],[450,1483,438],[450,2606,20],[450,2606,479],[451,1215,454],[451,1215,116],[451,1215,232],[451,1215,291],[451,3112,28],[451,3112,498],[451,3909,478],[452,514,429],[452,725,484],[452,725,451],[452,1600,459],[452,1600,108],[452,1600,426],[452,3948,320],[452,3948,486],[453,70,194],[453,70,275],[453,2345,326],[453,2345,478],[453,3118,252],[454,1806,490],[454,2561,471],[454,2561,225],[454,2685,470],[454,2685,439],[454,3803,490],[455,733,163],[455,733,478],[455,1397,113],[456,882,305],[456,882,479],[456,2536,434],[456,2536,233],[456,2721,412],[456,2721,466],[456,2930,495],[456,2968,482],[456,2968,355],[457,3250,16],[457,3250,302],[458,3549,405],[458,3659,140],[459,2083,484],[459,2083,209],[459,2236,480],[460,3162,356],[460,3600,323],[460,3600,41],[461,1315,464],[461,2202,169],[461,2568,81],[461,2568,182],[461,2969,9],[461,3752,14],[461,3752,205],[462,4000,463],[463,3319,104],[463,3319,293],[464,2004,139],[464,3795,299],[465,3340,69],[465,3340,368],[465,3340,75],[466,94,490],[466,1348,421],[466,2075,500],[466,2075,489],[466,2075,73],[467,1808,130],[467,2235,65],[467,2235,274],[467,2235,60],[467,2661,193],[467,2661,382],[468,2620,120],[469,33,479],[469,184,337],[469,184,465],[469,184,494],[469,2047,260],[469,2235,65],[469,2235,274],[469,2235,60],[470,1102,142],[470,2228,212],[470,2228,376],[470,2228,387],[470,3487,106],[470,3487,202],[471,184,337],[471,184,465],[471,184,494],[472,785,227],[472,785,489],[472,1630,275],[472,1630,495],[472,1976,483],[472,1976,126],[472,1976,258],[472,2186,474],[472,2735,369],[472,3886,60],[473,130,268],[473,1570,366],[473,2194,152],[475,337,480],[475,337,386],[475,1289,115],[475,1289,253],[476,3073,338],[476,3073,409],[477,1692,12],[477,1692,465],[477,1895,433],[477,1895,473],[477,3319,104],[477,3319,293],[478,36,191],[478,36,258],[478,939,444],[478,3425,408],[479,1289,115],[479,1289,253],[479,1698,171],[479,1951,284],[480,645,76],[481,2019,226],[481,3612,218],[482,3097,498],[482,3097,294],[482,3097,360],[483,2650,453],[483,2650,190],[483,2650,174],[483,2650,75],[483,2754,500],[484,2906,115],[484,3534,114],[484,3534,488],[485,877,299],[485,877,150],[485,2364,141],[485,2364,181],[485,3431,500],[485,3431,426],[487,47,212],[487,47,113],[487,143,375],[487,143,157],[487,1684,458],[487,3660,392],[487,3660,319],[487,3660,342],[487,3675,377],[488,217,495],[489,1818,250],[489,1818,179],[489,2789,357],[490,98,388],[490,294,51],[491,2760,81],[491,2760,93],[491,2838,58],[491,3914,211],[492,35,488],[492,35,402],[492,1057,225],[492,1191,402],[493,949,217],[493,2473,133],[494,1032,300],[494,2821,331],[496,584,41],[496,630,50],[496,630,266],[497,2816,71],[497,2816,247],[497,2971,125],[497,3740,458],[497,3740,112],[498,818,417],[498,818,462],[498,3240,499],[498,3240,158],[499,1398,118],[499,2348,350],[500,3748,253],[500,3748,461],[500,3748,425]];

jitters = [100000,10000,100000,10000,10000,50000,20000,5000,100000,20000,100000,100000,1000,100000,100000,100000,2000,100000,20000,100000,20000,10000,10000,5000,100000,20000,20000,20000,20000,100000,20000,50000,100000,1000,10000,5000,100000,10000,20000,20000,20000,100000,2000,2000,100000,100000,100000,100000,20000,20000,100000,20000,20000,100000,20000,100000,100000,10000,20000,100000,10000,20000,100000,1000,2000,20000,10000,100000,20000,20000,20000,100000,100000,20000,20000,10000,2000,100000,20000,10000,20000,100000,20000,20000,20000,100000,20000,50000,20000,10000,100000,10000,100000,10000,20000,20000,10000,20000,10000,20000,10000,100000,100000,20000,20000,10000,10000,10000,100000,10000,20000,100000,20000,10000,100000,20000,10000,100000,20000,2000,10000,20000,10000,20000,10000,10000,20000,20000,10000,20000,2000,10000,10000,100000,20000,100000,20000,20000,1000,20000,20000,2000,10000,10000,10000,10000,10000,10000,10000,10000,10000,20000,20000,20000,20000,100000,100000,10000,100000,20000,20000,10000,10000,10000,10000,20000,10000,10000,100000,10000,10000,20000,10000,20000,20000,10000,10000,100000,10000,100000,1000,5000,20000,10000,20000,2000,20000,100000,100000,20000,20000,5000,20000,20000,10000,20000,20000,100000,20000,20000,10000,20000,50000,100000,100000,10000,1000,10000,10000,20000,20000,20000,10000,20000,10000,20000,20000,10000,10000,10000,10000,20000,100000,20000,100000,10000,100000,20000,20000,20000,20000,20000,20000,10000,10000,20000,20000,100000,50000,20000,10000,20000,10000,20000,20000,20000,20000,100000,100000,20000,100000,20000,20000,10000,20000,20000,100000,10000,10000,10000,100000,20000,10000,20000,20000,100000,10000,100000,100000,100000,10000,20000,100000,10000,1000,100000,10000,2000,10000,100000,100000,100000,1000,50000,10000,100000,20000,20000,10000,1000,100000,20000,20000,20000,20000,10000,100000,20000,100000,5000,100000,20000,10000,2000,10000,1000,20000,20000,100000,20000,100000,100000,20000,100000,20000,20000,10000,100000,20000,20000,20000,100000,20000,20000,10000,20000,20000,10000,20000,100000,100000,5000,10000,10000,20000,10000,100000,100000,20000,10000,10000,10000,50000,10000,20000,10000,20000,2000,20000,10000,5000,10000,2000,100000,20000,100000,100000,5000,10000,100000,20000,100000,20000,20000,10000,20000,10000,20000,100000,20000,20000,20000,100000,1000,100000,20000,2000,100000,10000,100000,10000,10000,10000,100000,100000,20000,20000,10000,20000,10000,10000,5000,20000,100000,20000,20000,1000,20000,20000,10000,2000,10000,5000,5000,10000,10000,20000,20000,10000,20000,10000,10000,20000,10000,100000,20000,10000,20000,20000,20000,10000,100000,20000,20000,20000,20000,20000,10000,10000,100000,10000,10000,2000,10000,100000,20000,10000,10000,20000,20000,20000,20000,10000,20000,10000,50000,100000,100000,10000,10000,100000,20000,100000,100000,20000,10000,20000,100000,20000,20000,1000,100000,100000,1000,1000,100000,10000,2000,10000,100000,100000,10000,100000,20000,20000,10000,1000,100000,10000,20000,10000,20000,10000,20000,50000,10000,2000,10000,10000,100000,10000,20000,10000,20000,10000,20000,100000,20000,100000,10000];

