NumChains = 50;
NumResources = 3;
NumRunnablesInChains = 200;
MemoryBoundOnResource = 1048576;
UtilizationBoundOnResource = 100;

numberOfTasksinChain = [5,5,9,5,5,7,5,7,9,5,7,9,5,7,7,9,5,5,9,7,7,7,9,7,9,5,7,7,7,9,9,5,9,7,9,7,9,7,7,7,9,5,7,7,7,9,5,7,5,7];

runnablesInChains = [94,133,480,420,477,441,59,299,289,316,126,478,260,347,265,245,111,264,202,278,210,23,276,403,271,323,251,218,2,177,462,366,58,25,280,15,239,190,433,469,130,457,116,114,60,22,379,248,282,331,351,82,32,97,36,363,246,1,79,428,415,284,421,249,257,159,235,344,232,209,166,80,459,395,472,265,85,168,65,184,90,217,195,412,207,449,67,16,377,81,491,396,43,262,326,143,253,361,435,170,90,318,414,121,443,100,139,431,288,332,396,329,68,234,277,246,50,91,375,25,306,384,263,337,329,213,413,458,23,398,414,197,185,423,387,242,318,107,380,398,21,323,432,347,334,173,61,195,464,228,496,484,134,151,147,485,458,104,83,444,34,283,15,74,249,128,258,278,290,194,224,75,433,295,123,334,183,153,317,77,386,401,367,225,326,474,219,154,376,475,48,72,234,335,453,481,302,405,186,352];

ProcessingTimesOfMessages = [[1,1,2,1,1,1,1,1,1],[1,1,1,1,1,1,1],[1,1,1,1,1,1,1,1,1,1,1],[1,1,1,1,1,1,1,1,1],[1,1,1,1,1,1,1,1],[1,1,1,1,1,1,1,1,1,1],[1,1,1,1,1,1,1,1],[1,1,1,1,1,1,1,1,1],[1,1,1,1],[1,1,1,1,1,1,1,1,1,1],[1,1,1,1,1,1,1,1,1,1],[1,1,1,1,1,1,1,1,1],[1,1,1,1,1,1,1,2],[1,1,1,1,1,1,1],[1,1,1,1,1],[1,1,1,1,1],[1,1,2,1,1,1,1],[1,1,1,1,1,1,1,1,1,1,1,1],[1,1,1,1],[1,1,1,1,1,1,1,1,1,1],[1,1,1,1,1,1,1,1],[1,1,1,1,1,1,1,1,1,1],[1,1,1,1,1,1,1,1],[1,1,1,1,1,1,1,1,1,1,1,1],[1,1,1,1,1,1,1,1,1,1],[1,1,1,1,1,1,1],[1,1,1,1,1,1,1,1,1,1],[1,1,1,1,1,1,1,1,1,1,1,1],[1,1,1,1,1,1,1,1,1,1,1,1],[1,1,1,1,1,1],[1,1,1,1,1,1,1,1,1,1,1,1,1],[1,1,1,1,1,1],[1,1,1,1,1,1,1,1],[1,1,1,1,1,1,1,1],[1,1,1,1],[1,1,1,1,1,1],[1,1,1,1,1,1],[1,1,1,1,1,1,1,1],[1,1,1,1,1,1],[1,1,1,1,1,1],[1,1,1,1,1,1,1,1,1,1,1,1],[1,1,1,1,2],[1,1,1,1,1,1,1,1],[1,1,1,1,1,1,1,1,1,1],[1,1,1,1,1,1,1,1],[1,1,1,1,1,1,1,1],[1,1,1,1,1,1,1],[1,1,1],[1,1,1,1,1,1,1,1,1,1,1,1,1],[1,1,1,1,1,1],[1,1,1],[1,1],[1,1,1,1,1,1,1,1,1],[1,1,1,1,1,1,1,1],[1,1,1,1,1,1],[1,1,1,1,1],[1,1,1,1,1,1,1,1,1,1],[1,1,1,1,1,1,1],[1,1,1,1,1,1,1,1,1,1,1],[1,1,1,1],[1,1,1],[1,1,1,1,1,1,1],[1,1,1,1,1],[1,1,1,1,1,1,1],[1,1,1,1,1,1],[1,1,1,1,1,1,1,1],[1,1,1,1,1,1],[1,1,1,1,1,1],[1,1,1,1,1,1,1,1,1],[1,1,1,1,1,1,1,1,1,1,1,1],[1,1,1,1,1,1,1,1,1,1],[1,1,1,1,1,1,1],[1,1,1,1,1,1,1,1,1,1,1],[1,1,1,1,1,1,1,1],[1,1,1,1,1,1,1],[1,1,1,1,1,1,1,1,1,1],[1,1,1,1],[1,1,1,1,1,1,1,1,1,1],[1,1,1,1,1,1,1],[1,1,1,1],[1,1,1,1,1,1,1,1],[1,1,1,1,1,1],[1,1,1,1],[1,1,1,1,1,1,1,1,1,1,1,1],[1,1,1,1,1,1],[1,1,1,1,1,1,1,1,1,1],[1,1],[1,1,1,1,1,1,1],[1,1,1,1,1,1,1,1,1,1],[1,1,1,1,1,1,1,1,1],[1,1,1,1,1,1],[1,1,1,1,1,1,1],[1,1,1,1,1],[1,1],[1,1,1,1,1,1],[1,1,1,1,1,1,1,1,1,1,1],[1,1,1,1,1],[1,1,1,1,1,1],[1,1,1,1,1,1],[1,1,1,1,1,1,1],[1,1,1,1,1,1,1,1,1],[1,1,1,1,1],[1,1,1,1,1,1],[1,1,1,1,1,1],[2,1,1,1,1,1],[1,1,1,1,1,1,1],[1,1,1,1,1,1,1,1,1,1,1],[1,1,1,1,1,1,1],[1,1,1,1,1,1,1,1,1,1,1,1],[1,1,1,1,1,1,1,1,1],[1,1,1,1,1,1,1,1,1],[1,1,1,1,1,1,1,1,1],[1,1,1,1,1,2,1],[1,1,1,1],[1,1,1,1,1,1,1,1,1,1,1],[1,1,1,1],[1,1,1,1,1],[1,1,1,1,1,1,1,1],[1,1,1,1,1,1],[1,1,1,1,1],[1,1,1,1,1],[1,1,1,1,1],[1,1,1,1,1,1,1,1,1],[1,1,1],[1,1,1,1],[1,1,1,1,1,1,1,1,1],[1,1,1,1,1,1,1],[1,1,1,1,1,1,1,1,1,1],[1,1,1,1,1,1,1,1],[1,1,1,1,1,1,1,1,1],[1,1],[1,1,1,1,1],[1,1,1,1,1,1,1,1],[1],[1,1,1],[1,1,1,1,1,1,1,1,1,1],[1,1,1,1,1],[1,1,1,1,1,1,1,1,1,1],[1,1,1,1],[1,1,1,1,1,1,1,1,1],[1,1,1,1,1,1,1,1],[1,1,1,1,1,1,1,1,1,1],[1,1,1,1,1,1,1,1,1],[1,1,1,1,1,1,1,1,1,1],[1,1,1,1,1,1,1,1],[1,1,1,1,1,1,1,1,1,1,1,1],[1,1,1,1],[1,1,1,1,1,1,1,1],[1,1,1,1,1,1,1,1,1,1,1,1,1],[1,1,1,1,1,1],[1,1,1],[1,1,1,1,1,1,1,1,1,1,1,1,1,1],[1,1,1,1,1,1,1,1],[1,1,1,1,1],[1,1,1],[1,1,1,1,1],[1,1,1,1,1],[1,1,1,1,1,1,1],[1,1,1,1,1,1,1,1,1,1,1,1],[1,1,1,1,1],[1,1,1,1,1,1,1,1,1],[1,1,1,1,1,1,1,1,1],[1,1,1,1,1,1,1],[1,1,1,1,1,1],[1,1,1,1,1,1,1,1],[1,1,1,1,1,1],[1,1,1,1,1,1,1,1,1,1],[1,1,1,1,1,1,1,1,1,1],[1,1,1,1,1,1,1,1,1,1,1,1,1,1],[1,1,1,1],[1,1,1,1,1,1,1,1],[1,1,1,1,1],[1,1,1,1,1,1,1,1,1,1,1],[1,1,1,1,1,1,1,1],[1,1,1,1,1],[1,1,1,1,1,1,1,1],[1,1,1,1,1,1],[1,1,1],[1,1,1,1],[1,1,1,1,1,1,1],[1,1,1,1,1,1,1,1,1,1,1],[1,1,2,1,1,1,1],[1,1,1,1,1,1,1],[1,1,1,1,1,1,1,1],[1,1,1,1,1,1,1],[1,1,1,1,1,1,1,1,1],[1,1,1,1,1,1,1,1,1,1,1,1],[1,1,1,1],[1],[1,1,1,1,1,1,1,1,1,1],[1,1,1,1,1,1,1,1,1,1,1],[1,1,1,1,1],[1,1,1,1],[1,1,1,1,1,1,1,1],[1,1,1,1,1,1,1],[1,2],[1,1,1,1,1,1,1,1],[1,1,1,1,1,1,1,1,1,1,1],[1,1,1,1,1,1,1,1,1],[1,1,1,1,1,1,1],[1,1,1,1,1,1],[1,1,1,1,1,1],[1,1,1,1],[1,1,1,1,1,1,1,1,1],[1,1,1,1],[1,1,1,1,1],[1,1,1,1,1,1,1,1,1,1],[1,1,1],[1,1,1,1,1,1,1,1],[1,1,1],[1,1,1,1],[1,1,1,1],[1,1],[1,1,1,1,1,1,1],[1,1,1,1,1,1,1,1,1,1],[1,1,1,1,1,1],[1,1,1,1,1,1,1,1,1],[1,1,1,1,1,1,1],[1,1,1,1,1,1,1,1],[1,1,1],[1,1,1,1,1,1,1,1,1],[1,1,1,1,1,1,1],[1,1,1,1,1,1],[1,1,1,1,1,1,1],[1,1,1,1,1,1],[1,1,1,1,1,1,1],[1,1,1,1,1,1,1,1,1,1],[1,1,1,1,1],[1,1,1,1,1,1,1,1,1],[1,1,1,1],[1,1,1,1],[1,1,1,1,1],[1,1,1,1,1,1,1],[1,1],[1,1,1,1],[1,1,1,1,1,1],[1,1,1,1,1,1],[1,1,1],[1,1,1,1,1,1],[1,1,1,1,1,1,1,1],[1,1,1,1,1,1,1,1,1,1,1],[1,1,1,1,1],[1,1,1,1,1,1,1,1,1],[1,1],[1,1,1,1,1,1,1,1,1,1,1,1,1],[1,1,1,1,1,1],[1,1,1],[1,1,1,1,1,1,1,1],[1,1,1,1,1,1,1],[1,1,1,1,1],[1,1,1,1,1,1,1,1],[1,1,1,1],[1,1,1,1,1,1],[1,1,1,1,1,1],[1,1,1,1,1,1,1],[1,1,1],[1,1,1,1,1,1],[1,1,1,1,1,1],[1,1,1,1,1],[1,1,1,1,1,1,1],[1,1,1,1,1,1,1,1,1],[1,1,1,1,1,1,1,1,1,1],[1,1,1,1,1,1,1],[1,1,1,1,1,1,1],[1,1,1,1],[1,1,1,1,1,1,1,1,1,1,1,1,1],[1,1],[1,1,1,1,1],[1,1,1],[1,1,1],[1,1,1,1,1,1,1],[1,1,1,1,1,1,1],[1,1,1,1,1,1],[1,1,1,1,1,1,1],[1,1],[1,1,1,1,1],[1,1,1],[1,1,1,1,1,1,1,1],[1,1,1,1,1,1,1,1],[1,1,1,1,1,1,1],[1,1,1,1,1,1,1],[1,1,1,1,1,1,1,2,2,1,1,1,1],[1,1,1,1,1,1,1,1,1],[1,1,1,1,1],[1,1,1,1,1,1,1,1],[1],[1,1,1,1],[1,1,1,1,1,1],[1,1,1,1,1],[1,1],[1,1,1,1,1,1,1,1,1,1,1,1,1],[1,1,1,1,1,1,1,1,1],[1,1,1,1,1,1,1,1,1,1],[1,1,1,1],[1,1],[1,1,1],[1,1,1,1,1],[1,1,1,1],[1,1,1,1,1,1],[1,1,1],[1,1,1,1,1,1,1],[1,1,1],[1,1,1,1,1,1,1],[1,1,1,1,1],[1,1,1,1,1,2,1],[1,1,1,1,1,1,1,1,1,1,1,1],[1,1],[1,1,1,1,1],[1,1,1,1,1,1,1],[1,1,1,1,1],[1,1,1,1,1,1,1,1,1,1,1,1,1],[1,1,1,1,1,1,1,1],[1,1,1,1],[1,1,1,1,1,1,1,1,1,1,1],[1,1,1,1],[1,1,1,1],[1,1],[1,1,1,1,1],[1,1,1],[1,1,1,1,1,1],[1,1,1,1,1,1,1],[1,1],[1,1],[1,1,1,1,1,1],[1],[1,1,1,1],[1,1,1,1,1],[1,1],[1,1,1],[1,1,1,1,1],[1,1,1,1,1,1],[1,1],[1,1,1,1,1,1,1,1,1],[1,1,2,1,1],[1,1,1,1,1,1,1],[1,1],[1,1,1,1,1,1,1],[1,1,1,1,1,1,1],[1,1,1,1,1,1],[1,1,1],[1,1,1],[1,1,1,1,1,1,1,1,1,1,1,1],[1,1,1,1,1,1,1,1,1],[1,1,1,1,1],[1,1,1,1],[1,1,1,1,1,1,1],[1,1],[],[1,1,1,1],[1,1,1,1,1,1],[1,1,1],[1,1,1,1,1],[1,1,1,1,1,1,1,1],[1,1,1,1],[1,1,1],[1,1,1,1,1,1,1],[1,1,1,1],[1,1,1,1,1,1,1],[1,1,1,1,1],[1,1,1,1],[1,1,1,1,1],[1,1,1,1,1,1],[1,1,1,1],[1,1],[1,1,1,1,1,1,1],[1,1,1,1,1],[1,1,1,1,1],[1,1],[1,1,1],[1,1],[1,1,1,1,1],[1,1,1,1,1,1,1,1,1,1,1,1],[1,1,1,1,1],[1,1,1],[1,1,1,1],[1,1,1,1],[1,1,1,2,2,1],[1,1,1,1,1,1,1,1,1,1,1,1],[1,1,1,1],[1,1,1,1,1,1],[1,1,1,1,1,1],[1,1,1,1,1],[1,1,1,1,1,1,1,1,1,1],[1,1,1,1],[2],[1,1,1,1],[1,1,1,1,1,1],[1,1,1,1],[1,1,1,1,1,1,1,1,1],[1,1,1,1,1,1,1,1,1,1,1,1],[1],[1,1,1,1],[1,1,1,1,1,1],[1,1,1],[1,1],[1,1,1,1],[1,1,1,1,1,1],[1,1],[1,1,1,1,1,1,1,1,1],[1,1],[1,1,1,1,1,1,1,1,1,1],[1,1,1],[1],[1,1,1],[1,1],[1,1,1,1,1,1,1,1],[1],[1,1,1,1,1],[1],[1,1,1,1],[1,1,1,1,1],[1,1,1,1,1],[1,1,1,1,1],[1,1,1,1,1,1],[1],[1,1],[1,1,1,1,1],[],[1],[1,1,1,1,1],[1,1,1,1,1,1],[1,1,1],[1,1,1],[1,1,1,2,1,1],[1,1,1,1,1,1,1,1],[1,1,1,1,1,1],[1,1,1],[1,1],[1,1,1,1,1,1,1],[1,1],[1,1,1,1],[1,1,1],[1,1,1,1],[1],[1,1,1],[1,1,1,1,1,1],[1,1,1],[1,1,1,1,1,1,1,1,1],[1,1],[1,1],[],[1,1,1],[1,1,1,1,1,1,1,1,1,1],[1,1,1],[1,1,1],[1],[1,1],[1,1,1,1,1],[1,1,1],[1,1,1],[1,1,1,1],[1,1,1,1,1],[1,1,1],[1,1,1,1],[1,1,1,1,1,1,1],[1,1,1,1],[1,1,1],[1,1],[1,1,1,1,1,1],[1],[1,1],[1,1],[1,1,1],[1,1,1,1],[1,1,1,1,1],[1,1],[1,1,1],[1,1,1,1],[1,1,1],[],[1,1,1,1,1],[1,1,1],[],[1,1,1,1],[1,1],[1,1,1],[1,1,1,1,1,1,1],[1],[1,1,1,1,1,1,1],[1,1],[],[1,1,1],[],[1],[1,1],[1,1,1,1,1,1,1],[1,1,1],[1,1],[1,1,1],[1,1,1,1],[1,1],[],[1,1,1,1],[1],[1,1,1,1],[1,1,1,1,1],[1,1,1],[1,1,1,1],[1,1,1],[1]];

processingTimesRunnables = [13,8,7,10,10,9,10,12,12,13,12,10,15,13,7,6,8,15,14,8,5,9,10,5,12,8,11,16,8,7,12,13,11,6,9,6,12,10,5,10,5,13,15,11,10,16,5,12,16,12,11,13,9,17,10,6,6,12,11,10,8,13,6,4,16,11,5,16,10,11,7,13,5,13,8,14,12,6,12,13,10,10,10,11,9,5,12,11,4,13,13,10,9,11,15,7,9,12,15,10,16,13,12,12,12,12,4,13,9,11,6,12,16,6,12,8,12,7,16,11,9,12,9,15,10,14,13,7,10,13,10,9,10,13,6,12,11,12,14,12,7,15,14,11,15,12,13,11,16,7,7,14,5,12,14,10,13,12,13,13,14,12,5,14,13,10,13,9,8,7,14,13,8,13,7,13,15,8,13,8,15,16,9,7,12,10,11,7,11,8,13,14,10,12,9,12,17,9,13,6,8,10,4,11,8,12,16,13,12,14,15,4,16,9,11,13,16,15,11,15,13,9,12,5,10,6,6,16,11,11,14,11,11,5,14,8,13,9,8,12,15,11,8,8,14,9,7,10,12,16,9,14,17,12,12,10,14,11,12,12,15,10,13,13,13,9,13,14,11,12,13,7,6,13,5,7,13,13,12,8,10,10,5,11,11,12,8,11,10,8,6,12,13,7,12,13,8,14,12,13,12,12,12,12,13,13,7,12,12,14,12,10,17,7,8,14,5,13,13,12,11,6,11,9,10,11,9,13,13,12,12,12,12,6,8,11,12,12,14,13,14,15,11,15,5,10,12,14,16,15,11,13,11,12,13,12,8,9,12,10,13,11,15,13,14,12,8,11,11,13,11,10,13,11,14,11,9,7,16,13,14,4,5,14,15,6,11,12,7,8,12,13,13,6,7,10,5,12,12,12,11,13,12,13,13,16,16,13,9,6,16,15,12,11,12,12,10,13,12,8,11,11,14,6,14,8,9,16,11,4,12,13,15,9,6,11,14,10,6,5,15,8,16,6,10,14,13,6,8,13,13,10,10,12,6,16,7,6,10,11,14,16,6,13,12,8,8,11,8,12,9,13,10,11,12,7,12,10,11,7,16,10,11,10,5,12,9,13,13,11,5,10,10,5,11,12,6,11,11,13];

periods = [20000,20000,20000,20000,20000,10000,20000,10000,10000,10000,10000,10000,20000,20000,10000,100000,20000,1000,10000,100000,20000,100000,10000,20000,10000,100000,20000,20000,100000,10000,10000,5000,100000,20000,1000,5000,10000,20000,10000,20000,10000,20000,20000,100000,10000,20000,1000,20000,5000,20000,10000,20000,100000,1000,10000,10000,10000,20000,20000,1000,100000,10000,10000,10000,10000,20000,100000,20000,10000,10000,10000,20000,100000,10000,100000,10000,100000,50000,20000,10000,20000,100000,20000,100000,10000,20000,10000,10000,100000,100000,20000,20000,100000,20000,10000,5000,5000,1000,20000,100000,10000,5000,10000,20000,5000,20000,10000,20000,50000,20000,10000,100000,20000,1000,100000,1000,10000,10000,100000,10000,10000,10000,100000,10000,20000,20000,100000,10000,10000,1000,20000,20000,20000,10000,20000,20000,100000,100000,100000,20000,20000,10000,2000,20000,5000,100000,10000,100000,20000,10000,10000,10000,100000,20000,10000,10000,20000,20000,20000,20000,100000,20000,10000,10000,10000,10000,100000,10000,5000,100000,10000,20000,100000,20000,10000,10000,20000,20000,100000,100000,10000,20000,100000,10000,20000,50000,20000,100000,20000,100000,20000,10000,10000,100000,100000,100000,20000,10000,20000,20000,10000,10000,1000,20000,20000,20000,100000,10000,10000,10000,10000,10000,20000,10000,20000,50000,100000,20000,20000,100000,10000,10000,5000,100000,2000,100000,100000,10000,20000,10000,50000,10000,20000,20000,20000,1000,100000,5000,100000,100000,100000,10000,20000,10000,10000,20000,10000,100000,10000,20000,20000,5000,2000,100000,1000,10000,20000,10000,100000,20000,100000,2000,10000,10000,10000,10000,20000,10000,20000,10000,20000,1000,10000,100000,100000,10000,20000,10000,1000,10000,10000,100000,10000,10000,50000,20000,20000,100000,20000,10000,100000,20000,100000,20000,100000,20000,20000,10000,20000,20000,10000,50000,10000,10000,50000,10000,1000,100000,20000,10000,100000,100000,100000,100000,20000,20000,100000,10000,100000,100000,10000,10000,20000,5000,10000,2000,100000,100000,20000,1000,100000,20000,20000,100000,10000,20000,20000,100000,20000,100000,10000,10000,10000,10000,10000,20000,20000,100000,100000,20000,100000,50000,100000,5000,10000,10000,20000,20000,20000,100000,2000,20000,5000,20000,20000,20000,2000,1000,100000,20000,50000,10000,10000,20000,10000,20000,100000,10000,100000,10000,10000,100000,100000,10000,20000,100000,20000,10000,100000,20000,5000,10000,20000,10000,10000,20000,20000,10000,20000,10000,2000,20000,10000,10000,50000,20000,10000,20000,10000,20000,10000,100000,10000,10000,20000,50000,10000,20000,10000,100000,10000,100000,20000,20000,20000,20000,20000,20000,10000,10000,100000,20000,100000,2000,100000,20000,10000,100000,10000,100000,100000,20000,10000,20000,100000,1000,10000,20000,100000,20000,100000,10000,10000,20000,100000,20000,1000,10000,10000,20000,10000,20000,20000,100000,20000,20000,100000,100000,100000,10000,2000,10000,10000,2000,20000,20000,100000,20000,10000,20000,10000,100000,20000,10000,10000,50000,2000,100000,20000,100000,20000,10000,5000,20000,20000,10000,10000,10000,100000,100000];

communicationTimeForOrderCriticalMessages = [1,1,1,1,1,1,1,1,1,1,1,1,1,1,1,1,1,1,1,1,1,1,1,1,1,1,1,1,1,1,1,1,1,1,1,1,1,1,1,1,1,1,1,1,1,1,1,1,1,1,1,1,1,1,1,1,1,1,1,1,1,1,1,1,1,1,1,1,1,1,1,1,1,1,1,1,1,1,1,1,1,1,1,1,1,1,1,1,1,1,1,1,1,1,1,1,1,1,1,1,1,1,1,1,1,1,1,1,2,1,1,1,1,1,1,1,1,1,1,1,1,1,1,1,1,1,1,1,1,1,1,1,1,1,1,1,1,1,1,1,1,1,1,1,1,1,1,1,1,1];

sizeOfRunnables = [1218,705,615,993,940,818,968,1158,1198,1283,1118,978,1430,1275,700,525,783,1453,1378,723,473,858,970,428,1178,715,1098,1593,723,693,1133,1238,1053,570,813,553,1155,955,450,953,438,1205,1410,1010,983,1595,475,1188,1595,1158,1053,1253,848,1620,945,553,595,1150,1073,998,705,1300,525,375,1528,1083,415,1528,970,1095,640,1245,415,1210,768,1313,1105,505,1180,1248,983,910,993,1030,810,443,1155,1020,400,1263,1238,938,830,1080,1463,655,880,1105,1453,943,1508,1218,1128,1183,1150,1173,383,1263,833,1075,560,1170,1540,550,1110,720,1118,603,1595,1095,878,1200,900,1480,940,1305,1298,670,985,1215,978,873,970,1268,513,1170,1050,1178,1355,1113,625,1438,1345,1030,1448,1105,1278,1053,1535,630,698,1360,495,1128,1333,940,1270,1113,1205,1210,1308,1180,490,1400,1298,918,1243,820,728,690,1373,1203,780,1290,675,1215,1470,765,1208,705,1498,1563,850,695,1140,905,1030,648,1028,728,1235,1340,983,1105,848,1198,1615,810,1208,593,743,993,375,1098,735,1145,1583,1283,1113,1323,1490,385,1593,810,1063,1298,1588,1458,1023,1425,1290,878,1143,475,940,580,513,1563,1045,1075,1398,1005,1038,473,1308,780,1300,855,755,1120,1433,1075,758,795,1345,848,633,975,1118,1583,873,1318,1610,1155,1185,998,1350,1053,1188,1133,1485,953,1253,1235,1275,848,1278,1383,1045,1105,1290,658,558,1255,475,623,1295,1260,1125,715,945,998,468,1005,1073,1165,775,1038,968,738,528,1120,1218,640,1173,1205,765,1335,1165,1285,1103,1165,1140,1140,1253,1278,625,1118,1163,1398,1128,948,1605,685,798,1388,478,1218,1278,1150,1080,548,1095,893,960,1075,803,1225,1245,1178,1188,1170,1200,538,705,1015,1148,1178,1340,1263,1308,1458,1023,1498,495,950,1150,1318,1540,1410,1028,1280,1035,1135,1245,1113,733,885,1155,945,1270,1088,1463,1248,1340,1150,733,1035,1030,1285,1008,945,1248,1068,1383,1073,900,648,1523,1263,1313,400,483,1305,1443,555,1068,1155,623,738,1105,1240,1260,528,625,990,495,1158,1113,1110,1065,1220,1113,1300,1233,1508,1513,1268,818,518,1530,1453,1158,1068,1173,1185,945,1300,1200,775,1050,1013,1400,580,1308,723,878,1513,1058,383,1165,1285,1490,805,563,1095,1318,978,535,490,1433,710,1593,543,940,1318,1253,535,775,1203,1238,985,975,1140,558,1573,603,593,975,1013,1355,1573,520,1203,1105,760,783,1050,780,1128,803,1248,930,1098,1193,660,1135,945,1058,675,1503,915,1098,913,405,1188,835,1268,1263,1063,465,970,955,475,1095,1148,598,1043,1073,1215];

SenderLabelReceiverOrderCriticalChains = [[94,2996,0,0,133],[133,1353,0,0,480],[420,699,0,0,477],[477,1069,0,0,441],[59,1685,0,0,299],[299,3132,0,0,289],[289,2966,0,0,316],[316,2213,0,0,126],[478,3051,0,0,260],[260,1502,0,0,347],[265,349,0,0,245],[245,3925,0,0,111],[264,727,0,0,202],[202,988,0,0,278],[278,3128,0,0,210],[23,2119,0,0,276],[276,3181,0,0,403],[271,2816,0,0,323],[323,113,3303,0,251],[251,3303,0,0,218],[2,2718,0,0,177],[177,3545,0,0,462],[462,543,0,0,366],[366,2758,0,0,58],[25,3720,0,0,280],[280,1272,0,0,15],[239,3645,0,0,190],[190,1807,0,0,433],[433,3237,0,0,469],[130,1564,0,0,457],[457,3860,0,0,116],[116,1027,1705,0,114],[114,3609,0,0,60],[22,2910,0,0,379],[379,3727,0,0,248],[282,2567,0,0,331],[331,370,0,0,351],[351,19,0,0,82],[32,1935,0,0,97],[97,926,0,0,36],[36,3599,0,0,363],[246,1201,0,0,1],[1,3676,0,0,79],[79,932,0,0,428],[428,82,0,0,415],[284,3782,0,0,421],[421,2196,0,0,249],[257,3757,0,0,159],[159,3841,0,0,235],[344,2965,0,0,232],[232,2182,0,0,209],[209,3320,0,0,166],[166,37,0,0,80],[459,2386,0,0,395],[395,3998,0,0,472],[472,1063,0,0,265],[85,3506,0,0,168],[168,2743,0,0,65],[65,301,0,0,184],[90,1849,0,0,217],[217,2304,0,0,195],[195,552,0,0,412],[207,2435,0,0,449],[449,3562,0,0,67],[67,1398,0,0,16],[16,292,0,0,377],[81,2113,0,0,491],[491,1730,0,0,396],[396,3538,0,0,43],[262,744,0,0,326],[326,1589,0,0,143],[143,3768,0,0,253],[253,2978,3924,0,361],[435,1237,0,0,170],[170,1651,0,0,90],[318,3632,0,0,414],[414,2160,0,0,121],[121,1450,0,0,443],[100,822,0,0,139],[139,1594,0,0,431],[431,570,0,0,288],[332,373,0,0,396],[396,1327,0,0,329],[329,3967,0,0,68],[234,733,0,0,277],[277,3427,0,0,246],[246,3709,0,0,50],[50,997,0,0,91],[375,3460,0,0,25],[25,3556,0,0,306],[306,3642,0,0,384],[384,774,0,0,263],[337,804,0,0,329],[329,3270,0,0,213],[413,2945,0,0,458],[458,2241,0,0,23],[23,3009,0,0,398],[398,1178,0,0,414],[197,2809,0,0,185],[185,3608,0,0,423],[423,3161,0,0,387],[242,80,0,0,318],[318,2763,0,0,107],[107,82,0,0,380],[380,2184,2244,0,398],[21,1665,0,0,323],[323,3463,0,0,432],[432,1769,0,0,347],[334,2487,0,0,173],[173,3007,0,0,61],[61,2088,0,0,195],[195,88,0,0,464],[228,2015,0,0,496],[496,222,0,0,484],[484,564,0,0,134],[151,161,2570,0,147],[147,286,0,0,485],[485,2643,0,0,458],[104,2474,0,0,83],[83,3809,0,0,444],[444,1758,0,0,34],[283,3873,0,0,15],[15,2745,0,0,74],[74,2500,0,0,249],[249,3245,0,0,128],[258,1655,0,0,278],[278,3309,0,0,290],[194,2427,0,0,224],[224,1566,0,0,75],[75,2968,0,0,433],[295,101,0,0,123],[123,2330,0,0,334],[334,2136,0,0,183],[153,3116,0,0,317],[317,1742,0,0,77],[77,2618,0,0,386],[401,2991,0,0,367],[367,2466,0,0,225],[225,421,0,0,326],[326,28,0,0,474],[219,1960,0,0,154],[154,1558,0,0,376],[475,3280,0,0,48],[48,3186,0,0,72],[72,275,0,0,234],[335,3682,0,0,453],[453,1105,0,0,481],[302,403,1683,0,405],[405,1430,0,0,186],[186,2786,0,0,352]];

SenderLabelReceiverNonOrderCriticalChains = [[1,1525,2],[1,1542,31],[1,2339,476],[1,3308,432],[1,3453,217],[1,3453,321],[1,3676,79],[1,3779,415],[1,3779,212],[2,348,499],[2,348,368],[2,469,405],[2,2510,3],[2,2718,177],[2,2754,48],[2,3742,151],[3,358,4],[3,402,132],[3,402,258],[3,402,136],[3,956,300],[3,2696,287],[3,2696,425],[3,2711,104],[3,2822,500],[3,2822,494],[3,3255,448],[4,203,233],[4,1933,332],[4,1959,397],[4,1959,13],[4,2294,14],[4,2679,205],[4,3325,179],[4,3325,422],[4,3823,5],[5,132,323],[5,645,463],[5,645,7],[5,740,244],[5,740,402],[5,1011,332],[5,2947,167],[5,3056,178],[6,370,492],[6,370,351],[6,649,253],[6,1745,394],[6,1745,199],[6,1961,404],[6,2096,275],[6,2945,458],[6,2945,407],[6,3256,8],[7,235,415],[7,514,14],[7,1278,68],[7,2128,473],[7,2900,94],[7,2900,469],[7,3298,293],[7,3651,426],[8,852,9],[8,852,337],[8,852,399],[8,1773,419],[8,1773,461],[8,1773,220],[8,2331,280],[8,2331,468],[8,2825,134],[9,739,369],[9,1269,79],[9,1427,135],[9,3377,124],[10,204,208],[10,204,490],[10,602,11],[10,1064,232],[10,1357,276],[10,2169,38],[10,2549,391],[10,2549,376],[10,3168,11],[10,3168,272],[11,122,19],[11,122,380],[11,226,231],[11,226,267],[11,226,383],[11,988,278],[11,988,405],[11,2572,494],[11,3705,29],[11,3705,226],[12,110,183],[12,334,78],[12,800,52],[12,800,19],[12,802,102],[12,2484,284],[12,2484,358],[12,3645,95],[12,3645,190],[13,473,466],[13,592,42],[13,592,414],[13,1121,72],[13,1193,137],[13,1193,171],[13,1193,329],[13,1955,303],[14,367,232],[14,367,498],[14,902,25],[14,902,156],[14,2171,34],[14,3567,153],[14,3749,21],[15,565,275],[15,2745,74],[15,2949,37],[15,2949,267],[15,3902,238],[16,292,377],[16,662,161],[16,1314,20],[16,3325,179],[16,3325,422],[17,143,136],[17,143,154],[17,2514,110],[17,2838,332],[17,3409,28],[17,3848,369],[17,3848,148],[18,457,35],[18,1103,147],[18,1145,236],[18,1394,135],[18,1394,307],[18,1394,446],[18,1687,203],[18,3583,130],[18,3583,19],[18,3583,93],[18,3702,116],[18,3933,35],[19,379,51],[19,379,270],[19,1605,172],[19,3243,87],[20,277,22],[20,973,428],[20,1302,357],[20,1304,441],[20,2541,93],[20,2887,392],[20,2987,210],[20,2987,293],[20,2987,243],[20,2987,9],[21,3,364],[21,809,73],[21,1298,213],[21,1665,323],[21,2227,38],[21,2864,298],[21,3666,226],[21,3666,469],[22,363,237],[22,363,239],[22,777,137],[22,777,466],[22,1483,155],[22,1483,250],[22,1483,26],[22,1574,89],[22,2910,379],[22,3355,179],[23,909,56],[23,909,315],[23,1946,182],[23,2119,276],[23,3009,398],[23,3120,64],[23,3418,415],[23,3756,85],[24,1409,364],[24,1731,46],[24,2304,500],[24,2304,195],[24,2304,326],[24,3539,366],[24,3779,415],[24,3779,212],[24,3935,362],[24,3938,132],[24,3938,193],[24,3938,481],[25,262,30],[25,777,137],[25,777,466],[25,1634,215],[25,1634,273],[25,1634,499],[25,1985,37],[25,1985,323],[25,3556,306],[25,3720,280],[26,127,69],[26,127,410],[26,393,304],[26,1951,415],[26,1951,44],[26,3141,270],[26,3936,103],[27,159,283],[27,175,127],[27,175,375],[27,175,405],[27,175,484],[27,281,379],[27,281,496],[27,637,481],[27,1118,66],[27,2904,94],[28,402,132],[28,402,258],[28,402,136],[28,936,158],[28,1820,48],[28,2434,402],[28,2710,94],[28,2710,316],[28,2710,265],[28,3923,500],[28,3923,38],[28,3923,42],[29,35,53],[29,35,155],[29,35,475],[29,1483,155],[29,1483,250],[29,1483,26],[29,1791,444],[29,1791,123],[29,1800,33],[29,2308,139],[29,3900,131],[29,3963,82],[30,180,413],[30,180,388],[30,1037,419],[30,1306,418],[30,1735,101],[30,3563,51],[31,136,214],[31,927,95],[31,927,93],[31,1965,273],[31,2251,87],[31,2885,37],[31,2885,46],[31,2885,433],[31,2885,300],[31,3126,370],[31,3222,312],[31,3222,56],[31,3222,292],[32,1690,102],[32,1935,97],[32,2485,252],[32,3288,36],[32,3522,298],[32,3830,14],[33,78,38],[33,770,68],[33,770,224],[33,1387,264],[33,2095,437],[33,2095,302],[33,2095,68],[33,3383,127],[34,34,40],[34,812,271],[34,812,286],[34,1439,358],[34,2687,72],[34,3036,94],[34,3275,286],[34,3275,423],[35,1046,19],[35,3080,47],[35,3471,307],[35,3740,47],[36,1650,223],[36,1650,478],[36,1650,39],[36,2447,102],[36,3599,372],[36,3599,363],[37,1425,254],[37,2432,55],[37,2454,135],[37,3012,211],[37,3573,207],[37,3573,461],[38,1465,256],[38,1526,164],[38,2197,153],[38,2197,250],[38,2197,483],[38,2232,259],[38,2232,141],[38,2232,162],[39,675,478],[39,675,65],[39,2092,345],[39,3857,36],[39,3860,24],[39,3860,116],[40,1352,491],[40,1352,114],[40,1813,174],[40,1819,48],[40,3045,177],[40,3045,13],[41,825,193],[41,859,424],[41,859,343],[41,1985,37],[41,1985,323],[41,2560,87],[41,2868,279],[41,2868,63],[41,3925,381],[41,3925,437],[41,3925,111],[41,3925,458],[42,687,277],[42,3204,316],[42,3332,320],[42,3332,499],[42,3378,117],[43,1650,223],[43,1650,478],[43,1650,39],[43,2436,159],[43,3275,286],[43,3275,423],[43,3829,44],[43,3863,197],[44,584,53],[44,909,56],[44,909,315],[44,1476,330],[44,1876,438],[44,1876,338],[44,3042,170],[44,3882,476],[44,3882,317],[44,3882,469],[45,75,301],[45,75,467],[45,100,411],[45,666,51],[45,1068,422],[45,1068,194],[45,2384,386],[45,2384,491],[46,226,231],[46,226,267],[46,226,383],[46,1745,394],[46,1745,199],[46,2235,174],[46,3052,99],[46,3801,229],[47,404,370],[47,2303,137],[47,3245,15],[47,3245,128],[47,3583,130],[47,3583,19],[47,3583,93],[48,3186,72],[48,3952,211],[48,3952,246],[49,375,213],[49,1510,324],[49,2199,252],[49,2774,363],[49,2870,116],[49,2870,295],[49,3387,67],[49,3387,274],[49,3387,407],[49,3783,294],[49,3945,348],[49,3945,47],[49,3945,435],[50,997,91],[50,1492,52],[50,2769,58],[50,3039,424],[50,3833,146],[50,3833,409],[51,1470,65],[51,2170,318],[51,3520,193],[52,850,75],[52,3021,302],[53,459,108],[53,2232,259],[53,2232,141],[53,2232,162],[53,2804,362],[53,2804,61],[53,2804,120],[53,3098,165],[53,3098,344],[54,1253,193],[54,1253,28],[54,1327,116],[54,1327,329],[54,1521,98],[54,3489,203],[54,3788,60],[54,3788,254],[55,458,421],[55,1097,380],[55,2517,472],[55,3222,312],[55,3222,56],[55,3222,292],[56,183,488],[56,183,101],[56,3116,317],[56,3116,458],[56,3526,210],[57,223,450],[57,667,274],[57,2747,80],[57,3135,270],[57,3400,276],[57,3760,427],[57,3760,210],[57,3945,348],[57,3945,47],[57,3945,435],[58,295,235],[58,518,48],[58,518,83],[58,1634,215],[58,1634,273],[58,1634,499],[58,3232,160],[59,753,289],[59,1685,299],[59,1824,280],[59,1824,376],[59,1824,86],[59,3044,97],[59,3044,154],[59,3044,231],[59,3301,402],[59,3431,87],[59,3548,412],[60,2284,98],[60,2870,116],[60,2870,295],[60,2932,368],[61,22,10],[61,1207,179],[61,2088,195],[62,306,481],[62,1422,88],[62,1520,429],[62,2492,67],[62,2492,256],[62,3035,201],[62,3988,61],[63,297,433],[63,2068,424],[63,2716,69],[63,3168,11],[63,3168,272],[64,122,19],[64,122,380],[64,206,134],[64,2723,90],[64,3403,131],[64,3403,101],[64,3498,268],[65,301,184],[65,946,95],[65,946,118],[65,1437,284],[65,1437,66],[65,3618,103],[66,770,68],[66,770,224],[66,859,424],[66,859,343],[66,1380,157],[66,2156,473],[66,2688,113],[66,2815,218],[67,75,301],[67,75,467],[67,766,84],[67,1398,16],[67,3156,385],[67,3156,265],[68,863,172],[68,1232,182],[68,1232,351],[68,1404,87],[68,1404,403],[68,1404,364],[69,989,472],[69,2440,147],[69,2715,87],[69,2973,318],[69,2973,493],[69,3343,374],[69,3343,400],[69,3546,60],[69,3546,248],[70,32,421],[70,590,257],[70,728,77],[70,728,360],[70,1404,87],[70,1404,403],[70,1404,364],[70,1802,319],[70,1802,447],[70,2856,96],[70,2856,129],[70,3652,71],[71,214,77],[71,340,85],[71,1423,85],[71,1423,19],[71,2233,176],[71,2296,42],[71,2296,179],[71,2296,111],[71,2296,192],[71,3376,166],[72,275,234],[72,382,172],[72,382,495],[72,1627,281],[72,1627,483],[72,2822,500],[72,2822,494],[73,290,84],[73,325,65],[73,328,137],[73,1388,122],[73,2885,37],[73,2885,46],[73,2885,433],[73,2885,300],[73,3076,190],[73,3076,337],[73,3076,264],[74,227,88],[74,227,275],[74,1581,283],[74,1607,345],[74,2500,249],[74,2500,272],[74,3124,196],[74,3969,80],[75,115,92],[75,134,230],[75,527,353],[75,2185,178],[75,2185,180],[75,2917,274],[75,2968,433],[76,592,42],[76,592,414],[76,1887,494],[76,1887,328],[76,1887,364],[76,3382,211],[76,3382,418],[76,3842,304],[76,3966,118],[76,3966,185],[77,451,204],[77,867,433],[77,2618,386],[77,2618,444],[78,821,216],[78,835,231],[78,835,492],[78,1348,109],[78,1772,16],[78,1772,315],[78,3565,340],[78,3580,241],[78,3580,321],[78,3907,301],[79,431,203],[79,431,488],[79,932,428],[79,1009,356],[79,1009,416],[79,3203,82],[79,3707,310],[80,1035,318],[80,1196,492],[80,3375,52],[80,3411,54],[81,1211,479],[81,2002,126],[81,2113,491],[81,3587,435],[81,3587,449],[81,3587,169],[81,3587,441],[81,3834,200],[82,349,108],[82,349,245],[82,805,100],[82,905,488],[82,1836,225],[82,3624,170],[83,2625,294],[83,2738,91],[83,2738,359],[83,3809,444],[84,575,173],[84,575,428],[84,1394,135],[84,1394,307],[84,1394,446],[84,1876,438],[84,1876,338],[84,2796,259],[84,3033,310],[84,3583,130],[84,3583,19],[84,3583,93],[85,229,376],[85,955,163],[85,1833,166],[85,1833,416],[85,2803,470],[85,3506,168],[86,811,172],[86,1034,157],[86,1034,497],[86,1447,106],[86,1688,361],[86,1688,482],[86,3267,94],[86,3959,52],[86,3959,91],[86,3959,333],[87,897,245],[87,1604,88],[88,367,232],[88,367,498],[88,626,103],[88,740,244],[88,740,402],[88,2781,273],[88,3107,470],[89,72,314],[89,927,95],[89,927,93],[89,1262,200],[89,1262,151],[89,1941,285],[89,2278,161],[89,3055,341],[89,3055,313],[89,3055,377],[90,1016,295],[90,1081,447],[90,1784,308],[90,1784,385],[90,1849,217],[90,1849,251],[90,3630,497],[90,3630,11],[90,3630,244],[91,119,205],[91,119,463],[91,1324,125],[91,2710,94],[91,2710,316],[91,2710,265],[92,124,160],[92,506,323],[92,506,466],[92,2211,427],[92,2240,357],[92,2240,257],[92,3366,106],[93,762,349],[93,769,388],[93,2530,325],[93,2530,309],[93,2530,492],[94,1239,151],[94,2996,133],[95,2521,344],[95,3144,337],[95,3144,150],[95,3758,124],[95,3758,389],[95,3874,223],[96,257,423],[96,422,238],[96,2069,252],[96,2511,64],[96,2511,447],[96,2611,365],[96,3044,97],[96,3044,154],[96,3044,231],[96,3371,145],[96,3371,22],[97,176,86],[97,176,89],[97,530,252],[97,926,36],[97,3417,238],[98,1847,439],[98,2551,144],[98,2551,298],[98,3276,236],[98,3276,312],[98,3276,398],[99,1221,493],[99,1276,218],[99,2312,396],[99,2376,121],[99,3155,123],[99,3633,188],[100,63,97],[100,822,139],[100,2299,361],[100,2528,469],[100,2640,312],[100,3450,119],[100,3450,491],[101,98,321],[101,98,480],[101,959,241],[101,959,93],[101,1934,415],[101,2090,409],[101,2090,281],[101,2837,150],[101,2837,213],[102,272,105],[102,1461,441],[102,1461,105],[102,1856,135],[102,3352,363],[103,283,104],[103,518,48],[103,518,83],[103,3597,297],[103,3597,193],[103,3597,174],[104,186,53],[104,341,163],[104,341,481],[104,911,110],[104,938,127],[104,2474,83],[105,660,223],[105,1009,356],[105,1009,416],[105,1153,112],[105,1727,114],[105,2055,145],[106,785,445],[106,785,483],[106,937,175],[106,1668,234],[106,1718,51],[106,1718,418],[106,2644,125],[107,82,380],[107,82,415],[107,116,395],[107,116,169],[107,435,189],[107,1471,157],[107,1471,122],[107,2804,362],[107,2804,61],[107,2804,120],[107,3826,147],[108,972,376],[108,1463,494],[108,1849,217],[108,1849,251],[108,2444,260],[108,2855,121],[108,2946,350],[109,175,127],[109,175,375],[109,175,405],[109,175,484],[109,2272,385],[109,2272,186],[109,2750,374],[109,2750,456],[109,3046,371],[109,3326,285],[109,3326,418],[109,3458,285],[110,475,125],[110,627,373],[110,631,212],[110,771,391],[110,771,329],[110,1111,236],[110,1111,303],[110,1154,484],[110,1154,428],[111,169,156],[111,271,94],[111,281,379],[111,281,496],[111,1187,124],[111,1187,156],[111,1816,322],[111,1816,448],[111,2529,413],[112,333,59],[112,333,467],[112,2041,137],[112,2133,266],[112,2263,122],[112,2696,287],[112,2696,425],[112,3457,275],[112,3493,17],[113,534,205],[113,587,221],[113,1959,397],[113,1959,13],[113,2993,377],[113,3372,197],[113,3770,235],[114,431,203],[114,431,488],[114,1705,116],[114,3609,60],[115,1181,473],[115,1889,296],[115,2016,135],[115,2460,468],[115,2956,322],[115,3430,131],[115,3518,217],[115,3518,432],[115,3518,484],[115,3617,324],[115,3617,119],[116,1027,114],[116,1027,420],[116,1695,90],[116,3655,2],[117,714,184],[117,974,299],[117,1970,192],[117,2266,465],[117,2891,411],[118,371,381],[118,371,131],[118,1478,122],[118,2738,91],[118,2738,359],[118,3938,132],[118,3938,193],[118,3938,481],[119,1106,464],[119,1193,137],[119,1193,171],[119,1193,329],[119,1412,436],[119,3329,369],[120,968,336],[120,2524,208],[120,2791,77],[120,3045,177],[120,3045,13],[121,129,413],[121,583,453],[121,1024,52],[121,1450,125],[121,1450,443],[122,175,127],[122,175,375],[122,175,405],[122,175,484],[122,801,139],[123,416,161],[123,416,383],[123,1403,328],[123,1403,474],[123,1738,436],[123,2330,196],[123,2330,334],[123,3666,226],[123,3666,469],[124,234,35],[124,2653,359],[124,3214,242],[125,1351,167],[125,1963,140],[125,3966,118],[125,3966,185],[126,785,445],[126,785,483],[126,1253,193],[126,1253,28],[126,1295,132],[126,2686,356],[126,3044,97],[126,3044,154],[126,3044,231],[127,282,403],[127,575,173],[127,575,428],[127,1006,314],[127,2185,178],[127,2185,180],[127,3257,235],[128,1029,322],[128,1352,491],[128,1352,114],[128,1418,356],[128,1692,407],[128,1692,134],[128,1920,417],[128,1920,422],[128,3098,165],[128,3098,344],[129,418,192],[129,694,196],[129,694,333],[129,1411,309],[129,1411,163],[129,1759,164],[129,2848,26],[129,3592,206],[130,1564,457],[130,1779,328],[130,1779,446],[130,1971,446],[130,2507,183],[130,2865,203],[130,3561,236],[130,3949,368],[130,3949,214],[131,296,345],[131,3284,177],[132,603,138],[132,621,346],[132,642,428],[132,2777,494],[132,2827,140],[133,143,136],[133,143,154],[133,864,287],[133,1353,199],[133,1353,284],[133,1353,480],[133,3136,359],[133,3675,451],[134,1501,392],[135,1142,197],[135,1620,396],[135,2705,109],[136,163,331],[136,163,337],[136,163,385],[136,665,277],[136,1232,182],[136,1232,351],[136,1838,177],[136,2138,268],[136,2138,456],[136,2569,453],[137,1519,327],[137,1987,60],[137,1987,42],[137,1987,407],[137,3519,181],[138,1160,372],[138,1160,80],[138,1472,427],[138,1472,148],[138,1718,51],[138,1718,418],[138,1822,474],[138,2184,398],[138,2184,189],[138,2681,449],[139,1594,431],[139,2162,207],[139,2929,360],[139,3374,153],[140,611,162],[140,611,404],[140,1090,332],[140,1090,92],[140,2748,330],[140,3644,334],[140,3867,364],[140,3867,434],[140,3955,200],[141,1041,267],[141,1041,120],[141,1162,204],[141,1332,145],[141,1332,263],[141,1373,179],[141,1373,271],[141,2164,489],[142,185,247],[142,185,269],[142,185,476],[142,652,355],[142,1000,341],[142,1537,397],[142,1794,162],[142,1877,264],[142,2157,450],[142,2574,403],[143,207,471],[143,1608,434],[143,1713,297],[143,2319,225],[143,3521,301],[143,3521,434],[143,3521,498],[143,3764,47],[143,3768,253],[144,152,471],[144,1807,36],[144,1807,433],[144,1861,362],[144,1861,286],[144,2236,391],[144,2236,154],[144,2236,72],[144,2698,340],[144,3199,409],[145,1404,87],[145,1404,403],[145,1404,364],[145,3149,238],[145,3587,435],[145,3587,449],[145,3587,169],[145,3587,441],[146,1317,148],[146,2232,259],[146,2232,141],[146,2232,162],[146,2296,42],[146,2296,179],[146,2296,111],[146,2296,192],[146,2684,462],[146,3546,60],[146,3546,248],[146,3942,338],[147,161,151],[147,286,485],[147,1392,449],[147,1626,245],[148,371,381],[148,371,131],[148,1373,179],[148,1373,271],[148,2244,398],[148,2244,122],[148,2244,477],[148,3729,291],[149,300,364],[149,763,358],[149,763,196],[149,763,233],[149,765,250],[149,765,51],[149,2987,210],[149,2987,293],[149,2987,243],[149,2987,9],[149,3429,489],[149,3468,344],[149,3662,191],[150,680,201],[150,1169,265],[150,1169,313],[150,1229,485],[150,1627,281],[150,1627,483],[151,1189,417],[151,1706,155],[151,2570,147],[152,273,491],[152,929,165],[152,929,228],[152,1109,452],[152,1430,186],[152,1430,224],[152,1616,242],[152,2313,168],[152,2313,468],[152,3339,223],[152,3339,341],[152,3938,132],[152,3938,193],[152,3938,481],[153,535,95],[153,535,175],[153,990,120],[153,990,453],[153,3116,317],[153,3116,458],[153,3161,387],[153,3161,300],[154,1558,376],[154,2484,284],[154,2484,358],[154,2649,160],[154,3604,145],[155,1666,481],[155,1928,419],[155,2725,470],[156,2276,201],[156,2276,465],[156,2707,384],[156,2732,99],[156,3397,374],[157,2116,61],[157,2672,103],[157,2759,172],[157,3398,118],[157,3398,296],[158,298,238],[158,304,313],[158,1968,370],[158,2205,199],[158,2793,134],[158,2793,454],[158,3357,374],[159,957,494],[159,957,339],[159,2042,425],[159,2987,210],[159,2987,293],[159,2987,243],[159,2987,9],[159,3069,385],[159,3121,8],[159,3121,164],[159,3841,246],[159,3841,235],[160,579,316],[160,833,264],[160,1346,57],[160,1346,418],[160,3073,175],[161,506,323],[161,506,466],[161,1119,188],[161,1119,326],[161,3587,435],[161,3587,449],[161,3587,169],[161,3587,441],[161,3877,246],[162,127,69],[162,127,410],[162,1048,164],[162,1048,331],[162,2038,273],[162,2530,325],[162,2530,309],[162,2530,492],[162,2778,494],[163,573,430],[163,1824,280],[163,1824,376],[163,1824,86],[163,2435,449],[163,2435,448],[163,2844,210],[164,170,343],[164,2600,459],[164,3630,497],[164,3630,11],[164,3630,244],[164,3992,160],[165,2132,176],[165,2804,362],[165,2804,61],[165,2804,120],[165,2856,96],[165,2856,129],[165,2892,213],[165,3636,479],[166,37,80],[166,179,328],[166,179,418],[166,804,81],[166,804,329],[166,3466,249],[167,1987,60],[167,1987,42],[167,1987,407],[167,2189,386],[167,2800,325],[167,2928,339],[167,3020,237],[167,3521,301],[167,3521,434],[167,3521,498],[168,904,416],[168,904,421],[168,1407,193],[168,2567,284],[168,2567,331],[168,2743,65],[168,3387,67],[168,3387,274],[168,3387,407],[168,3762,343],[169,35,53],[169,35,155],[169,35,475],[169,2236,391],[169,2236,154],[169,2236,72],[169,2697,76],[169,2697,354],[169,2697,138],[169,2699,238],[169,3190,311],[169,3571,363],[169,3571,83],[169,3571,325],[170,541,493],[170,632,202],[170,1651,90],[170,3568,149],[171,258,195],[171,761,92],[171,1391,403],[171,1855,394],[171,1855,234],[171,2220,497],[171,3043,208],[171,3479,158],[172,2618,386],[172,2618,444],[172,3534,355],[172,3534,206],[172,3737,189],[173,674,188],[173,674,371],[173,728,77],[173,728,360],[173,1753,77],[173,1753,441],[173,2351,133],[173,3007,61],[173,3923,500],[173,3923,38],[173,3923,42],[174,222,213],[174,222,346],[174,222,484],[174,2231,267],[174,2231,476],[174,2760,189],[174,3303,218],[174,3303,323],[175,524,181],[175,1025,340],[175,1589,143],[175,1589,281],[175,3100,438],[176,843,269],[176,1532,470],[176,1752,198],[176,2130,208],[176,2458,459],[176,2458,56],[176,2458,368],[176,3903,278],[177,178,251],[177,178,467],[177,489,352],[177,957,494],[177,957,339],[177,3545,462],[178,2648,155],[178,3127,185],[178,3887,217],[179,1546,56],[179,3518,217],[179,3518,432],[179,3518,484],[180,103,202],[180,640,348],[180,1264,188],[180,2082,113],[180,2082,407],[180,2467,17],[180,3484,488],[181,321,375],[181,1154,484],[181,1154,428],[181,2090,409],[181,2090,281],[181,3115,387],[181,3115,310],[181,3570,228],[181,3873,15],[181,3873,170],[181,3873,208],[182,116,395],[182,116,169],[182,168,470],[182,693,434],[182,2137,285],[182,2900,94],[182,2900,469],[183,1113,220],[183,1639,45],[183,1840,438],[183,2630,182],[183,3076,190],[183,3076,337],[183,3076,264],[184,1301,400],[184,2109,209],[184,2109,419],[184,2304,500],[184,2304,195],[184,2304,326],[184,3937,211],[184,3937,394],[185,165,189],[185,791,272],[185,791,269],[185,2842,150],[185,3365,474],[185,3608,434],[185,3608,423],[186,55,198],[186,1436,290],[186,1436,275],[186,1436,473],[186,1436,277],[186,1436,492],[186,1572,39],[186,2786,352],[186,3176,386],[187,1043,289],[187,2240,357],[187,2240,257],[187,2296,42],[187,2296,179],[187,2296,111],[187,2296,192],[187,2370,277],[187,3063,257],[187,3082,219],[187,3382,211],[187,3382,418],[188,559,76],[188,1257,431],[188,1257,485],[188,1912,199],[189,1053,358],[190,1530,237],[190,1807,36],[190,1807,433],[190,1916,495],[190,3312,62],[190,3312,13],[190,3573,207],[190,3573,461],[190,3859,439],[190,3859,326],[191,330,287],[191,578,300],[191,1187,124],[191,1187,156],[191,2097,390],[191,2097,332],[191,2719,272],[191,2719,338],[191,3614,432],[191,3841,246],[191,3841,235],[192,1508,212],[192,1924,214],[192,3873,15],[192,3873,170],[192,3873,208],[193,3282,139],[193,3571,363],[193,3571,83],[193,3571,325],[194,333,59],[194,333,467],[194,408,250],[194,408,454],[194,730,263],[194,2427,224],[194,3596,319],[194,3612,499],[195,88,464],[195,552,412],[195,1931,240],[195,3387,67],[195,3387,274],[195,3387,407],[195,3968,8],[196,1866,248],[196,3558,288],[197,65,336],[197,1184,314],[197,1184,360],[197,1472,427],[197,1472,148],[197,2809,185],[197,3428,325],[197,3428,286],[198,1436,290],[198,1436,275],[198,1436,473],[198,1436,277],[198,1436,492],[198,2255,475],[198,2856,96],[198,2856,129],[198,3945,348],[198,3945,47],[198,3945,435],[199,2530,325],[199,2530,309],[199,2530,492],[199,2624,58],[199,2624,124],[199,2624,5],[199,2678,439],[199,2678,475],[199,2678,496],[200,405,406],[200,1633,435],[200,1633,396],[200,1633,441],[200,1784,308],[200,1784,385],[200,3287,317],[201,1093,295],[201,2533,273],[201,2701,459],[201,2710,94],[201,2710,316],[201,2710,265],[202,988,278],[202,988,405],[202,2494,161],[202,3855,392],[202,3859,439],[202,3859,326],[203,2849,198],[203,3438,328],[203,3438,187],[203,3845,207],[204,157,430],[204,157,364],[204,899,482],[204,899,292],[204,1783,374],[204,1783,474],[204,2776,393],[204,2776,405],[204,3891,33],[205,702,329],[205,899,482],[205,899,292],[205,3532,333],[206,668,346],[206,1294,255],[206,1677,456],[206,1677,320],[206,2180,186],[207,1773,419],[207,1773,461],[207,1773,220],[207,1940,353],[207,1940,299],[207,2435,449],[207,2435,448],[207,3606,353],[207,3606,485],[207,3824,261],[208,1283,247],[208,1992,258],[208,3621,388],[209,120,221],[209,180,413],[209,180,388],[209,2290,50],[209,3320,166],[209,3320,375],[209,3606,353],[209,3606,485],[210,379,51],[210,379,270],[210,3601,212],[211,220,146],[211,220,258],[211,3172,212],[211,3771,384],[212,1486,278],[212,2014,281],[212,3534,355],[212,3534,206],[213,412,480],[213,1307,382],[214,341,163],[214,341,481],[214,434,407],[214,442,472],[214,3571,363],[214,3571,83],[214,3571,325],[215,1861,362],[215,1861,286],[215,2272,385],[215,2272,186],[215,2801,234],[215,3211,428],[215,3339,223],[215,3339,341],[215,3524,295],[215,3974,329],[216,191,305],[216,1218,305],[216,1644,231],[216,2655,352],[216,3359,302],[216,3619,302],[217,515,371],[217,515,439],[217,515,379],[217,1101,226],[217,2024,384],[217,2024,313],[217,2304,500],[217,2304,195],[217,2304,326],[218,1887,494],[218,1887,328],[218,1887,364],[218,2226,286],[218,2871,437],[218,2871,463],[218,3415,134],[219,961,500],[219,1960,154],[219,2097,390],[219,2097,332],[219,2213,126],[219,2213,477],[219,2213,332],[219,3543,460],[220,673,445],[220,673,455],[220,2582,259],[221,185,247],[221,185,269],[221,185,476],[221,2024,384],[221,2024,313],[221,2279,322],[221,3607,234],[221,3967,68],[221,3967,419],[222,316,290],[222,1015,429],[222,1227,348],[222,1785,355],[222,1785,435],[222,1785,447],[222,3443,497],[223,1982,363],[223,2558,252],[223,3309,290],[223,3309,478],[223,3617,324],[223,3617,119],[224,176,86],[224,176,89],[224,779,63],[224,996,74],[224,1566,75],[224,3273,12],[224,3273,440],[225,87,73],[225,87,496],[225,421,326],[225,538,179],[225,2538,262],[225,3188,63],[226,3156,385],[226,3156,265],[226,3217,239],[226,3217,456],[226,3351,141],[226,3481,206],[226,3481,445],[227,1119,188],[227,1119,326],[227,2458,459],[227,2458,56],[227,2458,368],[227,2740,455],[227,3580,241],[227,3580,321],[227,3654,319],[227,3654,349],[228,1136,230],[228,2015,496],[228,2392,83],[228,3393,256],[228,3741,497],[229,163,331],[229,163,337],[229,163,385],[229,1346,57],[229,1346,418],[229,1423,85],[229,1423,19],[229,1611,366],[229,2647,211],[230,1184,314],[230,1184,360],[230,2874,373],[230,3533,131],[231,2095,437],[231,2095,302],[231,2095,68],[231,2925,91],[232,1349,286],[232,1349,335],[232,2182,209],[232,3600,410],[232,3600,196],[233,704,338],[233,713,231],[233,1292,222],[233,2433,463],[233,3600,410],[233,3600,196],[233,3818,408],[234,733,277],[234,3370,450],[235,784,118],[235,1111,236],[235,1111,303],[235,1672,475],[236,1166,204],[236,2441,308],[236,2441,255],[236,3615,350],[236,3615,259],[236,3865,279],[237,628,462],[237,1828,417],[237,3395,360],[237,3792,295],[237,3792,315],[237,3835,317],[238,1350,381],[238,1495,62],[238,1495,445],[239,1086,469],[239,1613,302],[239,1874,488],[239,3645,95],[239,3645,190],[239,3978,410],[240,197,320],[240,794,351],[240,1004,482],[240,1473,205],[240,1473,315],[240,1523,464],[240,2354,374],[240,3475,248],[241,1369,340],[241,1940,353],[241,1940,299],[241,2153,348],[241,2601,349],[241,2601,9],[241,2624,58],[241,2624,124],[241,2624,5],[241,3438,328],[241,3438,187],[242,80,318],[242,362,458],[242,1173,400],[242,1670,398],[242,3961,470],[243,1688,361],[243,1688,482],[243,1883,267],[243,1904,294],[243,2651,306],[243,3134,495],[243,3144,337],[243,3144,150],[243,3820,415],[244,2257,270],[244,3103,472],[245,1650,223],[245,1650,478],[245,1650,39],[245,1887,494],[245,1887,328],[245,1887,364],[245,3268,475],[245,3428,325],[245,3428,286],[245,3925,381],[245,3925,437],[245,3925,111],[245,3925,458],[246,1201,1],[246,1201,256],[246,1979,166],[246,1979,346],[246,3130,325],[246,3709,50],[247,1040,341],[247,1149,381],[247,2477,452],[248,1471,157],[248,1471,122],[248,2788,117],[248,2788,377],[248,2788,327],[248,2869,117],[248,3654,319],[248,3654,349],[249,2547,104],[249,2547,481],[249,2884,256],[249,3245,15],[249,3245,128],[249,3505,394],[249,3505,234],[250,2222,404],[250,2949,37],[250,2949,267],[250,3792,295],[250,3792,315],[251,613,271],[251,1691,406],[251,1691,495],[251,1975,357],[251,3303,218],[251,3303,323],[251,3984,41],[251,3984,480],[252,2973,318],[252,2973,493],[252,3354,489],[252,3354,391],[253,861,409],[253,861,423],[253,1766,270],[253,2539,46],[253,2978,361],[253,3924,361],[254,496,295],[254,1305,150],[254,1906,308],[254,2594,445],[254,3505,394],[254,3505,234],[255,141,316],[255,512,457],[255,887,330],[255,2285,460],[255,2322,226],[255,2322,307],[255,2400,268],[256,1843,413],[256,1855,394],[256,1855,234],[257,342,286],[257,1846,253],[257,3008,426],[257,3500,244],[257,3500,180],[257,3757,159],[258,1332,145],[258,1332,263],[258,1655,278],[258,1774,430],[258,1936,417],[258,3639,268],[259,1169,265],[259,1169,313],[259,2281,45],[259,2922,91],[259,3242,336],[260,1502,347],[260,2209,442],[260,2322,226],[260,2322,307],[260,2372,269],[260,2888,309],[260,3516,337],[261,629,344],[261,889,468],[261,889,55],[261,1779,328],[261,1779,446],[261,2029,331],[261,3209,275],[261,3354,489],[261,3354,391],[262,508,367],[262,736,367],[262,744,326],[262,2139,266],[262,2139,431],[262,3018,434],[262,3608,434],[262,3608,423],[262,3867,364],[262,3867,434],[263,1138,461],[263,2428,330],[263,2551,144],[263,2551,298],[263,2766,345],[263,3599,372],[263,3599,363],[264,504,206],[264,727,76],[264,727,202],[264,852,9],[264,852,337],[264,852,399],[264,2505,290],[265,349,108],[265,349,245],[265,615,301],[265,2031,290],[266,1027,114],[266,1027,420],[266,1436,290],[266,1436,275],[266,1436,473],[266,1436,277],[266,1436,492],[266,1987,60],[266,1987,42],[266,1987,407],[266,3706,270],[266,3807,442],[266,3807,307],[267,2531,370],[267,2550,39],[268,1048,164],[268,1048,331],[268,1891,378],[268,2525,411],[268,3449,479],[269,873,32],[269,912,297],[269,1426,370],[270,1824,280],[270,1824,376],[270,1824,86],[271,959,241],[271,959,93],[271,1432,114],[271,2816,323],[271,3929,357],[271,3952,211],[271,3952,246],[272,1282,307],[272,1394,135],[272,1394,307],[272,1394,446],[272,3205,307],[272,3807,442],[272,3807,307],[273,1353,199],[273,1353,284],[273,1353,480],[273,2009,227],[273,2271,83],[273,2271,375],[274,875,348],[274,965,440],[274,1267,349],[274,1296,440],[274,1633,435],[274,1633,396],[274,1633,441],[275,240,126],[275,240,247],[276,721,125],[276,2103,479],[276,2292,378],[276,2673,79],[276,3181,403],[277,1410,347],[277,3207,53],[277,3427,246],[278,1853,252],[278,3128,210],[278,3128,464],[278,3309,290],[278,3309,478],[278,3959,52],[278,3959,91],[278,3959,333],[279,293,446],[279,1901,446],[279,3114,457],[279,3290,144],[279,3587,435],[279,3587,449],[279,3587,169],[279,3587,441],[280,95,290],[280,493,322],[280,1272,15],[280,2335,27],[280,2335,68],[280,2441,308],[280,2441,255],[281,1436,290],[281,1436,275],[281,1436,473],[281,1436,277],[281,1436,492],[281,2261,301],[281,3404,269],[282,759,422],[282,798,386],[282,1979,166],[282,1979,346],[282,2134,320],[282,2567,284],[282,2567,331],[282,2703,58],[282,2703,348],[282,3557,431],[282,3882,476],[282,3882,317],[282,3882,469],[283,166,131],[283,1873,133],[283,1919,380],[283,2204,352],[283,2204,395],[283,3185,322],[283,3873,15],[283,3873,170],[283,3873,208],[284,1222,335],[284,3469,102],[284,3538,43],[284,3538,419],[284,3782,421],[285,240,126],[285,240,247],[285,416,161],[285,416,383],[285,2206,352],[285,3630,497],[285,3630,11],[285,3630,244],[286,1981,491],[287,1066,216],[287,1431,475],[287,1917,339],[287,2463,466],[288,181,12],[288,2468,379],[288,2964,45],[288,3403,131],[288,3403,101],[288,3896,335],[289,264,436],[289,264,470],[289,692,387],[289,692,439],[289,2966,316],[290,3551,200],[290,3551,404],[291,376,54],[291,1201,1],[291,1201,256],[291,1548,319],[291,1692,407],[291,1692,134],[291,2067,411],[291,2837,150],[291,2837,213],[291,2987,210],[291,2987,293],[291,2987,243],[291,2987,9],[292,163,331],[292,163,337],[292,163,385],[292,820,407],[292,1079,427],[292,1079,450],[292,2523,370],[292,2873,357],[292,2873,482],[293,1075,389],[293,2043,348],[293,2788,117],[293,2788,377],[293,2788,327],[293,3102,440],[293,3217,239],[293,3217,456],[293,3848,369],[293,3848,148],[294,492,299],[294,577,488],[294,3261,460],[294,3602,347],[295,101,123],[295,2359,124],[296,827,454],[296,2415,244],[296,2972,448],[297,663,360],[297,1951,415],[297,1951,44],[297,2384,386],[297,2384,491],[298,526,93],[298,792,239],[298,1014,50],[298,3939,304],[299,332,347],[299,674,188],[299,674,371],[299,1411,309],[299,1411,163],[299,3132,289],[300,269,336],[300,366,402],[300,1590,98],[301,363,237],[301,363,239],[301,763,358],[301,763,196],[301,763,233],[301,3615,350],[301,3615,259],[302,403,405],[302,1683,405],[302,2626,371],[303,501,473],[303,570,55],[303,570,288],[303,570,413],[303,1424,174],[303,2540,97],[303,2936,439],[304,474,321],[304,1257,431],[304,1257,485],[304,2469,461],[304,3112,373],[305,90,178],[305,213,317],[305,1833,166],[305,1833,416],[305,2544,371],[305,3432,106],[305,3678,416],[306,227,88],[306,227,275],[306,1753,77],[306,1753,441],[306,3518,217],[306,3518,432],[306,3518,484],[306,3642,384],[306,3925,381],[306,3925,437],[306,3925,111],[306,3925,458],[307,1098,457],[307,3286,40],[308,71,365],[308,1421,189],[308,2135,327],[308,2321,205],[308,2670,351],[309,537,382],[309,1262,200],[309,1262,151],[309,1359,480],[309,1789,465],[309,1789,471],[309,2577,336],[310,264,436],[310,264,470],[310,542,418],[310,814,321],[310,2581,114],[311,105,426],[311,105,468],[311,812,271],[311,812,286],[311,1634,215],[311,1634,273],[311,1634,499],[311,3128,210],[311,3128,464],[311,3276,236],[311,3276,312],[311,3276,398],[311,3755,360],[312,343,199],[312,383,327],[312,765,250],[312,765,51],[312,1785,355],[312,1785,435],[312,1785,447],[312,3569,334],[313,172,317],[313,467,389],[313,1235,490],[313,3330,319],[314,2139,266],[314,2139,431],[314,2296,42],[314,2296,179],[314,2296,111],[314,2296,192],[314,2526,232],[314,2885,37],[314,2885,46],[314,2885,433],[314,2885,300],[315,119,205],[315,119,463],[315,727,76],[315,727,202],[316,2213,126],[316,2213,477],[316,2213,332],[316,3467,336],[317,364,192],[317,1742,77],[318,903,189],[318,2271,83],[318,2271,375],[318,2763,107],[318,3632,414],[319,1157,456],[319,1844,368],[319,2045,244],[320,800,52],[320,800,19],[320,1096,222],[320,1096,498],[320,3154,63],[320,3767,369],[321,1450,125],[321,1450,443],[321,2885,37],[321,2885,46],[321,2885,433],[321,2885,300],[321,3260,219],[322,3705,29],[322,3705,226],[323,113,251],[323,3463,432],[324,771,391],[324,771,329],[324,836,441],[324,3356,391],[324,3949,368],[324,3949,214],[325,1505,443],[326,28,474],[326,706,156],[326,1589,143],[326,1589,281],[327,1008,288],[327,1008,467],[327,1725,412],[327,2107,203],[327,2733,382],[328,1371,431],[328,3731,449],[329,3270,213],[329,3967,68],[329,3967,419],[330,2458,459],[330,2458,56],[330,2458,368],[330,3277,446],[330,3951,368],[331,370,492],[331,370,351],[331,570,55],[331,570,288],[331,570,413],[331,1914,473],[332,373,396],[332,1952,36],[333,763,358],[333,763,196],[333,763,233],[333,2037,395],[333,3076,190],[333,3076,337],[333,3076,264],[333,3175,458],[333,3555,408],[334,612,184],[334,2136,183],[334,2487,173],[334,3273,12],[334,3273,440],[335,515,371],[335,515,439],[335,515,379],[335,2186,432],[335,3682,453],[335,3937,211],[335,3937,394],[336,791,272],[336,791,269],[337,185,247],[337,185,269],[337,185,476],[337,804,81],[337,804,329],[337,1730,100],[337,1730,396],[338,183,488],[338,183,101],[338,1514,202],[338,1798,382],[338,2788,117],[338,2788,377],[338,2788,327],[339,883,387],[339,2697,76],[339,2697,354],[339,2697,138],[339,3777,419],[339,3905,448],[340,217,192],[340,1464,440],[340,3191,449],[341,440,472],[341,953,430],[341,3795,404],[342,461,373],[342,611,162],[342,611,404],[342,747,447],[342,928,355],[342,986,414],[342,986,410],[342,1193,137],[342,1193,171],[342,1193,329],[342,2790,470],[342,3684,98],[343,57,403],[343,1300,356],[343,1773,419],[343,1773,461],[343,1773,220],[343,2724,366],[343,3276,236],[343,3276,312],[343,3276,398],[344,1168,178],[344,1435,350],[344,1659,157],[344,1659,347],[344,2965,232],[345,2277,481],[345,2678,439],[345,2678,475],[345,2678,496],[346,173,483],[346,408,250],[346,408,454],[346,692,387],[346,692,439],[346,695,122],[346,695,416],[347,840,460],[347,1192,399],[349,2331,280],[349,2331,468],[349,2682,30],[349,2860,440],[350,519,385],[350,1303,145],[350,2383,64],[350,2383,417],[350,3535,397],[350,3837,442],[351,19,82],[351,659,55],[351,1709,435],[352,904,416],[352,904,421],[352,930,405],[352,2776,393],[352,2776,405],[353,1437,284],[353,1437,66],[353,2236,391],[353,2236,154],[353,2236,72],[353,2873,357],[353,2873,482],[353,3420,420],[354,1370,391],[354,2298,391],[354,2414,310],[354,2542,442],[355,2248,395],[355,2664,289],[355,3956,17],[356,1349,286],[356,1349,335],[356,1517,411],[356,1517,483],[356,2383,64],[356,2383,417],[356,2662,398],[357,2549,391],[357,2549,376],[357,3247,422],[357,3319,442],[358,1633,435],[358,1633,396],[358,1633,441],[358,2386,369],[358,2386,395],[358,2622,423],[358,3816,230],[359,860,436],[359,1875,119],[359,2039,478],[359,3251,410],[359,3789,466],[360,618,129],[360,2624,58],[360,2624,124],[360,2624,5],[361,1880,487],[361,1880,480],[361,2847,279],[361,3390,296],[361,3530,367],[362,892,465],[362,892,499],[362,2200,427],[362,3326,285],[362,3326,418],[362,3914,71],[363,2680,107],[363,3500,244],[363,3500,180],[363,3869,40],[364,1096,222],[364,1096,498],[365,396,454],[365,2017,404],[365,2033,426],[365,2033,463],[365,3028,254],[365,3115,387],[365,3115,310],[366,348,499],[366,348,368],[366,1559,444],[366,1947,410],[366,2758,58],[367,902,25],[367,902,156],[367,2217,316],[367,2466,225],[367,3876,178],[368,125,457],[368,672,446],[369,2204,352],[369,2204,395],[369,3364,445],[370,1451,227],[370,2617,128],[371,695,122],[371,695,416],[371,1042,365],[371,2871,437],[371,2871,463],[372,1495,62],[372,1495,445],[372,2109,209],[372,2109,419],[372,2163,48],[372,2197,153],[372,2197,250],[372,2197,483],[372,3925,381],[372,3925,437],[372,3925,111],[372,3925,458],[373,2076,451],[373,2547,104],[373,2547,481],[373,3013,496],[373,3391,400],[374,179,328],[374,179,418],[374,636,489],[375,2095,437],[375,2095,302],[375,2095,68],[375,3460,25],[376,1008,288],[376,1008,467],[376,2368,345],[376,3306,281],[377,1041,267],[377,1041,120],[377,1765,490],[377,2703,58],[377,2703,348],[377,3957,498],[378,87,73],[378,87,496],[378,990,120],[378,990,453],[378,1051,409],[378,1403,328],[378,1403,474],[378,1783,374],[378,1783,474],[378,2678,439],[378,2678,475],[378,2678,496],[379,673,445],[379,673,455],[379,1058,43],[379,3727,248],[380,2184,398],[380,2184,189],[380,2244,398],[380,2244,122],[380,2244,477],[380,3447,40],[381,222,213],[381,222,346],[381,222,484],[381,1712,395],[381,3788,60],[381,3788,254],[382,749,230],[382,1353,199],[382,1353,284],[382,1353,480],[382,2794,247],[383,402,132],[383,402,258],[383,402,136],[383,1068,422],[383,1068,194],[383,1090,332],[383,1090,92],[383,2353,451],[383,2608,485],[383,3014,425],[384,774,263],[384,1920,417],[384,1920,422],[384,2502,388],[385,3406,30],[386,1832,435],[386,3379,420],[386,3640,451],[386,3640,468],[387,35,53],[387,35,155],[387,35,475],[387,2437,298],[387,3320,166],[387,3320,375],[388,33,400],[388,157,430],[388,157,364],[388,3444,409],[389,1461,441],[389,1461,105],[389,2082,113],[389,2082,407],[389,2313,168],[389,2313,468],[389,3640,451],[389,3640,468],[389,3656,487],[390,550,393],[390,645,463],[390,645,7],[390,852,9],[390,852,337],[390,852,399],[390,946,95],[390,946,118],[390,2347,220],[390,2380,424],[390,2380,436],[390,2792,460],[391,2890,228],[392,211,194],[392,1704,98],[392,2501,471],[392,3239,443],[393,221,39],[393,221,392],[393,877,402],[393,1255,437],[393,2323,349],[393,2666,430],[394,788,382],[394,2598,461],[394,3401,413],[395,2706,296],[395,3998,472],[396,1327,116],[396,1327,329],[396,3538,43],[396,3538,419],[397,1628,423],[397,1791,444],[397,1791,123],[397,3386,478],[397,3760,427],[397,3760,210],[398,243,447],[398,1178,414],[399,105,426],[399,105,468],[399,382,172],[399,382,495],[399,535,95],[399,535,175],[399,563,341],[399,2338,450],[399,3504,483],[400,11,61],[400,1179,473],[401,94,434],[401,608,471],[401,2489,218],[401,2991,367],[401,3241,296],[401,3453,217],[401,3453,321],[401,3959,52],[401,3959,91],[401,3959,333],[402,2111,275],[402,3398,118],[402,3398,296],[403,2629,461],[404,226,231],[404,226,267],[404,226,383],[405,1430,186],[405,1430,224],[406,1084,412],[406,1084,120],[406,1848,408],[406,1894,452],[406,2276,201],[406,2276,465],[406,2324,214],[406,3177,427],[407,3215,220],[408,1281,311],[408,1477,265],[408,2380,424],[408,2380,436],[408,2583,483],[409,270,315],[410,98,321],[410,98,480],[410,2601,349],[410,2601,9],[411,1660,408],[411,3229,437],[411,3882,476],[411,3882,317],[411,3882,469],[412,1079,427],[412,1079,450],[412,2609,467],[412,2868,279],[412,2868,63],[413,2945,458],[413,2945,407],[413,3597,297],[413,3597,193],[413,3597,174],[414,2160,121],[414,2712,354],[414,3055,341],[414,3055,313],[414,3055,377],[414,3648,81],[415,2456,56],[416,56,486],[416,1719,486],[417,701,201],[417,701,492],[417,2511,64],[417,2511,447],[417,3041,220],[419,2941,294],[420,699,477],[420,808,292],[420,808,476],[420,1801,482],[420,3266,441],[421,2196,249],[421,2330,196],[421,2330,334],[421,2986,33],[421,3833,146],[421,3833,409],[422,1682,495],[422,1682,477],[422,2714,455],[423,200,450],[423,3161,387],[423,3161,300],[424,182,375],[424,2138,268],[424,2138,456],[424,3588,209],[424,3695,297],[424,3695,495],[425,675,478],[425,675,65],[425,1083,489],[425,1250,448],[425,1691,406],[425,1691,495],[425,2033,426],[425,2033,463],[426,515,371],[426,515,439],[426,515,379],[426,2155,165],[426,2793,134],[426,2793,454],[427,2244,398],[427,2244,122],[427,2244,477],[428,82,380],[428,82,415],[429,1034,157],[429,1034,497],[429,1640,473],[429,1768,16],[429,1772,16],[429,1772,315],[429,3422,496],[430,2327,497],[430,3862,452],[431,570,55],[431,570,288],[431,570,413],[431,2480,43],[432,536,9],[432,1769,347],[432,3373,41],[433,1415,232],[433,1473,205],[433,1473,315],[433,3237,469],[434,2346,220],[435,1237,170],[435,1789,465],[435,1789,471],[436,339,325],[436,808,292],[436,808,476],[436,3521,301],[436,3521,434],[436,3521,498],[437,694,196],[437,694,333],[437,2455,485],[438,395,487],[438,2213,126],[438,2213,477],[438,2213,332],[438,2657,490],[438,2657,461],[438,2818,103],[438,3121,8],[438,3121,164],[439,2657,490],[439,2657,461],[440,133,151],[440,1829,8],[442,1517,411],[442,1517,483],[442,1761,489],[443,175,127],[443,175,375],[443,175,405],[443,175,484],[443,835,231],[443,835,492],[443,1132,484],[443,1785,355],[443,1785,435],[443,1785,447],[444,646,460],[444,1758,34],[444,3681,324],[445,2697,76],[445,2697,354],[445,2697,138],[446,3554,27],[447,2628,452],[447,2727,300],[448,1483,155],[448,1483,250],[448,1483,26],[448,2231,267],[448,2231,476],[449,3481,206],[449,3481,445],[449,3562,67],[450,2197,153],[450,2197,250],[450,2197,483],[451,731,500],[451,3512,467],[451,3695,297],[451,3695,495],[452,892,465],[452,892,499],[452,3222,312],[452,3222,56],[452,3222,292],[453,1105,481],[453,2214,459],[453,3138,484],[454,406,6],[454,1677,456],[454,1677,320],[454,3825,462],[455,312,384],[455,701,201],[455,701,492],[455,889,468],[455,889,55],[455,3551,200],[455,3551,404],[456,810,60],[456,2902,227],[456,3758,124],[456,3758,389],[457,3839,105],[457,3860,24],[457,3860,116],[458,2241,23],[458,3030,67],[459,485,330],[459,2386,369],[459,2386,395],[459,3450,119],[459,3450,491],[459,3791,451],[460,1455,261],[461,2335,27],[461,2335,68],[462,543,366],[462,634,443],[463,842,54],[463,1802,319],[463,1802,447],[464,178,251],[464,178,467],[464,1354,81],[464,1812,375],[465,982,175],[465,1309,486],[465,2492,67],[465,2492,256],[465,2742,196],[466,77,478],[466,2515,70],[467,204,208],[467,204,490],[467,2422,493],[468,861,409],[468,861,423],[468,2750,374],[468,2750,456],[469,1084,412],[469,1084,120],[469,3164,287],[471,1213,487],[471,1674,334],[471,3055,341],[471,3055,313],[471,3055,377],[472,220,146],[472,220,258],[472,1063,265],[474,221,39],[474,221,392],[474,2571,221],[474,2676,15],[475,748,354],[475,3280,48],[476,1279,304],[476,2719,272],[476,2719,338],[477,929,165],[477,929,228],[477,986,414],[477,986,410],[477,1069,441],[477,3312,62],[477,3312,13],[478,3051,260],[479,1436,290],[479,1436,275],[479,1436,473],[479,1436,277],[479,1436,492],[479,2909,229],[479,3380,35],[480,1550,210],[480,2050,500],[482,741,52],[482,2500,249],[482,2500,272],[484,564,134],[485,2643,458],[485,3970,235],[486,411,26],[486,3226,119],[486,3343,374],[486,3343,400],[486,3597,297],[486,3597,193],[486,3597,174],[487,588,163],[487,1482,16],[487,2548,250],[488,2398,184],[488,2820,141],[489,3918,153],[489,3984,41],[489,3984,480],[490,1347,499],[490,3332,320],[490,3332,499],[490,3694,462],[491,1730,100],[491,1730,396],[493,1322,315],[493,1816,322],[493,1816,448],[493,2395,492],[494,2264,148],[495,3171,222],[495,3923,500],[495,3923,38],[495,3923,42],[496,222,213],[496,222,346],[496,222,484],[496,1659,157],[496,1659,347],[497,3371,145],[497,3371,22],[497,3804,393],[498,772,466],[498,1880,487],[498,1880,480],[498,3304,362],[499,1160,372],[499,1160,80],[499,1803,492],[500,3384,32]];

jitters = [20000,20000,20000,20000,20000,10000,20000,10000,10000,10000,10000,10000,20000,20000,10000,100000,20000,1000,10000,100000,20000,100000,10000,20000,10000,100000,20000,20000,100000,10000,10000,5000,100000,20000,1000,5000,10000,20000,10000,20000,10000,20000,20000,100000,10000,20000,1000,20000,5000,20000,10000,20000,100000,1000,10000,10000,10000,20000,20000,1000,100000,10000,10000,10000,10000,20000,100000,20000,10000,10000,10000,20000,100000,10000,100000,10000,100000,50000,20000,10000,20000,100000,20000,100000,10000,20000,10000,10000,100000,100000,20000,20000,100000,20000,10000,5000,5000,1000,20000,100000,10000,5000,10000,20000,5000,20000,10000,20000,50000,20000,10000,100000,20000,1000,100000,1000,10000,10000,100000,10000,10000,10000,100000,10000,20000,20000,100000,10000,10000,1000,20000,20000,20000,10000,20000,20000,100000,100000,100000,20000,20000,10000,2000,20000,5000,100000,10000,100000,20000,10000,10000,10000,100000,20000,10000,10000,20000,20000,20000,20000,100000,20000,10000,10000,10000,10000,100000,10000,5000,100000,10000,20000,100000,20000,10000,10000,20000,20000,100000,100000,10000,20000,100000,10000,20000,50000,20000,100000,20000,100000,20000,10000,10000,100000,100000,100000,20000,10000,20000,20000,10000,10000,1000,20000,20000,20000,100000,10000,10000,10000,10000,10000,20000,10000,20000,50000,100000,20000,20000,100000,10000,10000,5000,100000,2000,100000,100000,10000,20000,10000,50000,10000,20000,20000,20000,1000,100000,5000,100000,100000,100000,10000,20000,10000,10000,20000,10000,100000,10000,20000,20000,5000,2000,100000,1000,10000,20000,10000,100000,20000,100000,2000,10000,10000,10000,10000,20000,10000,20000,10000,20000,1000,10000,100000,100000,10000,20000,10000,1000,10000,10000,100000,10000,10000,50000,20000,20000,100000,20000,10000,100000,20000,100000,20000,100000,20000,20000,10000,20000,20000,10000,50000,10000,10000,50000,10000,1000,100000,20000,10000,100000,100000,100000,100000,20000,20000,100000,10000,100000,100000,10000,10000,20000,5000,10000,2000,100000,100000,20000,1000,100000,20000,20000,100000,10000,20000,20000,100000,20000,100000,10000,10000,10000,10000,10000,20000,20000,100000,100000,20000,100000,50000,100000,5000,10000,10000,20000,20000,20000,100000,2000,20000,5000,20000,20000,20000,2000,1000,100000,20000,50000,10000,10000,20000,10000,20000,100000,10000,100000,10000,10000,100000,100000,10000,20000,100000,20000,10000,100000,20000,5000,10000,20000,10000,10000,20000,20000,10000,20000,10000,2000,20000,10000,10000,50000,20000,10000,20000,10000,20000,10000,100000,10000,10000,20000,50000,10000,20000,10000,100000,10000,100000,20000,20000,20000,20000,20000,20000,10000,10000,100000,20000,100000,2000,100000,20000,10000,100000,10000,100000,100000,20000,10000,20000,100000,1000,10000,20000,100000,20000,100000,10000,10000,20000,100000,20000,1000,10000,10000,20000,10000,20000,20000,100000,20000,20000,100000,100000,100000,10000,2000,10000,10000,2000,20000,20000,100000,20000,10000,20000,10000,100000,20000,10000,10000,50000,2000,100000,20000,100000,20000,10000,5000,20000,20000,10000,10000,10000,100000,100000];

