NumChains = 50;
NumResources = 3;
NumRunnablesInChains = 287;
MemoryBoundOnResource = 1048576;
UtilizationBoundOnResource = 100;

numberOfTasksinChain = [13,13,11,7,7,13,11,13,7,11,13,11,11,11,11,9,11,13,7,13,9,13,7,13,13,7,13,13,11,9,11,11,13,13,9,9,11,7,7,9,11,9,9,11,7,13,11,9,7,13];

runnablesInChains = [107,436,307,155,447,479,131,470,303,129,46,463,20,289,82,240,481,308,236,332,438,334,209,410,60,438,303,214,414,371,425,258,175,294,43,420,289,174,214,189,161,229,1,71,178,321,59,367,65,189,57,66,331,75,211,467,435,72,9,458,193,103,352,108,498,52,235,1,55,13,77,462,265,471,209,398,470,227,456,433,306,318,409,49,413,453,224,32,184,443,116,429,142,76,105,163,216,132,263,315,151,53,392,441,185,29,394,412,413,145,113,77,178,408,39,297,491,353,457,114,3,268,180,100,13,387,427,380,459,305,158,31,468,414,458,354,167,260,92,492,389,76,430,321,473,445,319,335,183,251,270,402,219,242,142,67,107,14,307,125,123,269,119,84,429,55,321,250,293,255,445,244,409,494,397,379,310,203,301,411,460,26,150,73,471,99,350,290,284,103,101,205,181,172,199,2,305,71,434,117,411,78,335,494,482,96,277,439,234,220,449,290,63,265,188,420,182,470,65,395,420,126,423,27,351,84,429,232,28,168,17,246,142,170,235,157,78,206,247,299,372,369,321,376,304,298,129,295,15,238,360,114,268,466,35,113,32,90,323,379,146,451,342,256,454,205,139,361,277,69,110,308,270,172,246,476,129,189,423,435,495,7,153,248,309,240,389];

ProcessingTimesOfMessages = [[1,1,1,1,1,1,1],[1,1,1,1,1,1],[1,1,1,1,1,1,1],[1,1,1,1,1,1,1,1,1,1,1,1,1],[1,1,1,1,1,1,1,1,1,1,1],[1,1,1,1,1,1,1,1,1],[1,1,1,1,1,1,1,1,1],[1,1,1,1,1,1,1,1],[1,1,1,1,1,1,1,1],[1,1,1,1,1,1,1,1,1,1],[1,1,1,1,1,1],[1,1,1,1,1,1,1,1],[1,1,1,1,1,1,1,1,1,1,1,1,1],[1,1,1,1,1],[1,1,1,1,1,1,1,1],[1,1,1,1,1,1,1,1,1],[1,1,1,1,1],[1,1,1,1,1,1,1,1],[1,1,1,1,1,1],[1,1,1,1,1,1,1,1,1,1],[1,1,1,1,1,1,1,1],[1,1,1,1,1,1,1,1,1,1,1],[1,1,1,1,1,1,1,1,1,1,1,1,1,1],[1,1,1,1,1,1,1,1,1,1],[1,1,1,1,1,1,1,1,1],[1,1,1,1,1,1],[1,1,1,1,1,1,1],[1,1,1,1,1],[1,1,1,1],[1,1,1,1,1,1,1,1],[1,1,1,1,1,1,1,1,1,1],[1,1,1,1,1],[1,1,1,1,1,1,1],[1,1,1,1,1,2,1,1,1,1],[1,1,1,1,1,1,1],[1,1,1,1,1,1,1,1,1,1],[1,1,1,1,1,1,1],[1,1,1,1,1,1,1,1,1],[1,1,1,1,1,1,1,1,1],[1,1,1,1,1,1,1,1,1],[1,1,1,1,1,1,1,1,1,1],[1,1,1,1,1,1,1],[1,1,1,1,1,1,1,1,1,1],[1,1,1,1,1],[1,1,1,1,1,1,1,1,1,1,1],[1,1,1,1,1,1,1],[1,1,1,1,1,1,1,1,1,1],[1,1,1,1,1,1,1],[1,1,1,1,1,1,1,1,1,1],[1,2,1,1,1,1,1],[1,1,1,1,1,1],[1,1,1,1,1,1],[1,1,1,1],[1,1,1,1,1,1,1,1],[1,1,1,1,1,1],[1,1,1,1,1],[1,1,1,1,1,1,1,1,1,1],[1,1,1,1,1,1,1,1],[1,1,1,1,1,1,1,1,1],[1,2,1,1,1,1,1,1,1,1,1],[1,1,1,1,1],[1,1,1,1],[1,1,1,1,1,1,1,1,1,1],[1,1],[1,1,1,1,1,1,1],[1,1,1,1,1,2,2],[1,1,1,1,1],[1,1,1,1,1,1,1,1],[1,1,1,1,1,1,1,1],[1,1,1,1,1,1],[1,1,1,1,1,1,1,1],[1,1,1,1],[1,1,1,1,1,1,1,1],[1,1,1,1,1,1,1,1,1],[1,1,1,1,1,1,1],[1,1,1,1,1,1,1,1],[1,1,1,1,1,1],[1,1,1,1,1],[1,1,1,1],[1,1,1,1,1,1,1],[1,1,1,1,1,1,1,1,1,1],[1,1,1,1,1,1],[1,1,1,1,1,1,1],[1,1,1,1,1,1,1,1],[1,1,1,1],[1,1,1,1,1,1],[1,1,1,1],[1,1,1,1,1,1,1,1,1],[1,1,1,1,1],[1,1,1,1,1,1],[1,1,1,1,1,1,1,1,1,1,1],[1,1,1,1,1,1,1,1],[1,1,1,1,1],[1,1,1,1,1,1],[1,1,1,1,1,1,1,2],[1,1,1],[1,1,1,1,1,1,1,1,1],[1,1,1,1,1,1,1,1,1,1],[1,1,1,1,1,1,1],[1,1,1,1,1,1,1,1],[1,1,1,1,1,1,1,1],[1,1,1,1,1,1,1],[1,2,1,1,1],[1,1,1,1,1,1,1,1],[1,1,1,1,1],[1,1,1,1,1,1,1,1,1,1,1],[1,1,1,1,1,1,1,1,1,1,1,1,1],[1,1,1,1,1,1,1,1,1],[1,1,1,1,1,1,1,1,1],[1,1,1],[1,1,1,1,1,1],[1,1,1,2,1],[1,1,1,1],[1,1,1],[1,1,1,1],[1,1,1,1,1],[1,1,1,1,1,1,1,1,1,1],[1,1,1,1,1,1,1,1,1,1,1,1,1,1,1,1],[1,1,1,1,1,1,1,1,1,1],[1,1,1,1,1,1,1,1,1],[1,1,1,1,1,1,1],[1,1,1,1,1,1,1],[1,1,1,1,1,1],[1,1,1,1,1,1,1,1],[1,1,1,1,1,1,1,1,1,1,1,2,2],[1,1,1,1,1],[1,1,1,1,1,1,1,1,1,1,1],[1,1,1,1,1,1],[1,1,1,1,1,1],[1,1,1,1,1,1,1,1,1,1],[1,1,1,1,1,1,1,1],[1,1],[1,2,2,1,1,1,1,1,1],[1,1,1,1],[1,1,1,1],[1,1,1,1],[1,1,1,1],[1,1,1,1,1,1,1,1,1],[1,1,1,1,1,1,1,1,1],[1,1,1,1],[1,1,1,1,1,1],[1,1,1],[1,1,1,1,1,1,1,1,1,1],[1,1,2,2,2,2,1,1,1,1,1,1,1,1,1,1,1],[1,1,1],[1,1,1,1,1,1,1,1],[1,1,1,1,1,1,1,1,1,1],[1,1,1,1,1,1],[1,1,1,1,1,1],[1,1,1,1,1,1,1],[1,1,1,1,1,1,1,1,1],[1,1,1,1,1,1],[1,1,1,1,1,1],[1,1,1,1,1],[1,1],[1,1,1,1,1,1,1,1],[1,1,1,1,1],[1,1,1,1,1,1,1,1,1,1],[1,1,1,1,1,1,1,1,2],[1,1,1,1,1,1,1,1,1,1],[1,1,1],[1,1,1,1,1,1,1,1],[1,1,1,1,1,1,1],[1,1,1,1],[1,1,1,1,1,1,1],[1,1,1,1,1,1,1,1,1],[1,1,1,1],[1,1,1],[1,1,1,1,1,1,1],[1,1,1,1,1,1,1,1],[1,1,1,1,1,1,1,1],[1,1,1,1,1,1],[1,1,1,1,1,1,1],[1,1,1,1,1,1,1,1,1],[1,1,1,1,1,1,1,1],[2,2,1],[1,1,1,1,1,1,1],[1,1,1],[1,1,1,1,1,1],[1,1,1,1,1,1],[1,1,1,1,1,1,1,1,1,1],[1,1,1,1],[1,1,1,1,1,1,1,1],[1],[1,1,1,1,1,1,1,1,1,1,1],[1,1,1,1,1,1,1,1],[1,1,1,1,1,1,1,1,1],[1,1,1,1,1],[1,1,1,1,1],[1,1,1],[1,1,1,1,1,1,1],[1,1,1,1,1,1],[1,1],[1,1,1,1,1,1],[1,1,1,1,1,1,1],[1,1,1,1,1,1,1,2,2,2,2,1,2,1],[1,1,1,1,1,1,1],[1,1,1,1,1,1,1],[1,1,1,1,1],[],[1,1,1,1,1,1,1,1,1,1,1,1,1],[1,1,1],[1,1,1,1,1,1,1,1],[1,1,1,1,1,1,1,1,1,1],[1,1,1,1,1],[1,1],[1,1],[1,1,1,1,1,1,1],[1,1,1,1,1],[1,1,1,1,1],[1,1,1,1,1,1],[1,1,1,1,1],[1,1,1,1,1,1],[1,1,1,1,1],[1,1,1,1,1,1,1,1],[1,1,1,1],[1,1,1,1,1,1],[1,1,1,1,1,1,1],[1,1,1,1,1,1,1,1],[1,1,1,1,1,1,1],[1,1,1,1,1,1,1,1,1,1],[1,1,1,1,1,1,1,1],[1,1,1,1,1,1],[1,1,1,1,1,1,1,2],[1,1,1,1,1],[1,1,1,1,1,1,1],[1,1,1,1,1],[1,1,1,1,1,1,1],[1,1,1,1,1],[1,1,1,2,2],[1,1,1,1,1,1,1],[1,1,1,1],[1,1,1,1,1,1],[1,1,1,1,1,1,1],[1,1,1,1],[1,1,1,1,1,1],[1,1,1,1,1],[1,2,1],[1,1,1,1,1,1,1,1,1,1,1],[1,1,1,1,1,1,1,1,1,1],[1,1,1],[1,1,1,1,1,1,1],[1,1,1,1,1,1],[1,1,1,1,1,1,1],[1,1,1,1,1,1,1,1,1,1],[1,1,1],[1,1,1,1,1,1,1],[1,1,1],[1,1,1,1,1,1,1,1,1,1,1,1],[1,1,1,1,1],[1,1,1,1,1],[1,1,1],[1,1,1,1,1,1,1,1,1,1,1],[1,1,1,1,1],[1,1,1,1,1,1,1,1,1],[1,1,1],[1,1,1,1,1,1,1,1],[1,1,1],[1,1,1,1,1],[1,1,1,1,1,1],[1,1,1,1,1,1],[1,1,1],[1,1,1,1,1,1,1,1],[1,1],[1,1,1,1,1],[1,1],[1,1,1],[1,1,1,1],[1,1,1,1,1,1,1,1],[1,1,1],[1,1,1,1,1,1,1,1,1,1],[1,1,1,1],[1,1,1,1,1,1,1,1,1],[1,1,1,1,1,1],[1,1,1,1,1,1,1],[1,1,1],[1,1,1],[1,1,1,1,1,1,1,1,1,1,1],[1,1],[1],[1,1],[1,1,1,1,1,1,1],[1,1,1,1,1,1,1,1],[1,1,1,1,1,1],[1,1,1,1,1],[1,1,1,1,1,1,1,1,1,1],[1,1,1,1,1],[1,1,1,1,1,1],[1],[1,1],[1,1,1,1,1,1,1,1,1],[1,1,1,1,1,1,1,1,1,1],[1,1],[1,1,1,1,1,1],[1,1,1,1,1,1],[1,1,1,1,1,1],[1,1,1,1,1],[1,1,1,1],[1,1,1],[1,1,1,1,1],[1,1,1,1],[1,1],[1,1,1,1],[1,1,1,1,1,1],[1,1,1,1],[1,1,1,1],[1,1,1],[1,1,1],[1,1,1,1,1,1],[1,1,1,1],[1,1],[1,1,1,1,1,1],[1,1,1,1],[1],[1],[1,1,1,1,1,1,1],[1,1,1,1,1,1,1,1],[1,1,1,1,1],[1,1],[1,1],[1,1,1],[1,1,1,1,1,1],[1,1,1,1,1,1],[1,1,1,1,1],[1,1,1,1],[1,1,1,1,1,1,1,1,1,1,1,1],[1,1,1,1,1,1,1,1,1,1,1],[1,1,1,1,1,1,1,1],[1,1,1,1],[1,1,1,1],[1,1,1,1],[1,1,1,1,1,1,1],[1,1,1,1],[1,1,1],[1,1],[1,1,1,1,1,1,1,1],[1,1,1],[1,1,1,1,1,1,1,1,1],[1,2,2,2,2,1,1,1,1,1],[1,1,1,1,1,1,1],[1,1,1,1,1,1,1,1,1,1],[1,1,1,1,1,1,1],[1,1,1],[1,1,1,1,1,1,1,1,1],[1,1,1,1,1,1],[1,1,1,1,1,1,1],[1,1,1,1],[1,1,1],[1,1,1,1,1,1],[1,1,1,1,1,1,1,1],[1,1],[1,1,1,1],[1,1,1,1,1,1],[1,1,1,1,1],[1,1,1,1,1,1],[1,1,1,1,1,1],[1,1,1,1,1,1,1],[1,1,1],[1,1,1],[1,1,1,1],[1,1,1,1],[1,1,1,1,1,1,1,1,1,1,1],[1],[1,1,1,1,1,1,1],[1,1,1,1,1],[1,1,1,1],[1,1,1],[1,1,1,1,1],[1,1,1,1,1],[1,1,1,1],[1,1],[1,1,1,1,1],[1,1],[1,1],[1,1],[1,1,1,1],[1,1],[1,1,1],[1,1,1,1,1,1],[1],[1,1,1,1,1,1,1],[1,1,1,1],[1,1,1,1],[1,1,1,1,1],[1,1],[1,1,1,1,1,1,1,1],[1,1,1,1,1],[1,1,2,2],[],[1,1,1,1,1],[1,1],[1,1,1,1,1,1,1],[1,1],[1,1,1,1,1,1],[1,1,1,1,1,1,1],[1,1,1,1,1],[1,1,1,1,1],[1,1,1,1,1,1],[1,1],[1,1,1,1,1,1],[1,1,1],[1,1,1,1,1,1,1],[1,1,1],[1],[1,1,1,1,1,1,1,1],[1,1,1,1],[1],[1,1,1,1],[1,1,1,1,1,1,1],[1,1,1],[1,1,1,1,1,1],[1,1],[1,1,1,1],[1,1,1],[1,1,1,1],[1],[1,1,1,1],[1,1,1,1,1,1,1,1,1],[1],[1,1,1,1,1],[1,1,1,1,1,1],[1,1,1,1],[1,1,1,1],[1,1,1,1,1,1],[1,1,1,1,1,1],[1,1,1,1,1,1,1,1,1,1],[1,1,1,1,1],[1,1,1,1,1,1,1,1,1,1],[1,1,1,1],[1,1,1],[1,1,1],[1,1,1,1,1,1,1,1],[1],[1,1,1,1,1,1],[1,1,1,1,1,1],[1],[1,1,1,1,1,1,1],[1,1,1,1,1,1],[],[1,1],[1,1,1,1],[],[1,1,1,1,1,1,1],[1,1,1],[1,1,1],[1,1,1],[1,1,1],[1,1,1],[1,1,1,1,1,1],[1,1,1,1,1,1,1,1,1,1,1],[1,1,1,1,1,1],[1,1,2,1,1],[1,1,1],[1,1],[1,1,1,1,1],[1,1,1],[1,1,1,1,1,1,1,1],[1,1,1,1],[1,1,1,1,1,1],[1,1,1,1,1,1],[1],[1,1,1],[1,1],[],[1,1,1,1,1,1],[1,1],[1,1,1,1],[1,1,1],[1,1,1,1,1,1],[1,1,1,1],[1,1,1,1,1],[1,1,1],[1,1,1,1],[1,1,1,1,1],[1],[1,1,1,1,1,1],[1,1,1],[2,2,2,2,1,1,1],[1,1,1,1],[1,1,1],[1],[1,1],[1],[1,1,1],[1,1],[1],[1],[1],[1,1,1,1],[1,1,1],[1],[1,1,1],[1],[1,1,1,1,1,1],[1,1,1,1],[],[2,1,1,1,1],[],[1,1,1,1,1],[1]];

processingTimesRunnables = [11,13,10,13,12,10,10,7,7,13,4,15,12,8,8,10,13,10,13,14,14,7,11,6,14,11,11,7,12,7,12,10,13,15,11,13,16,16,7,8,12,10,12,12,8,10,14,13,14,6,11,8,11,12,12,15,10,13,16,6,12,11,13,6,11,10,11,14,11,11,14,12,6,6,11,15,11,15,14,11,16,12,7,10,14,6,12,7,13,16,11,16,13,12,13,15,10,14,11,11,9,15,12,13,8,12,10,11,13,14,10,6,13,11,7,10,11,5,14,13,11,8,13,13,12,11,5,11,13,11,15,12,12,7,11,10,13,11,12,9,12,11,6,10,9,13,10,14,11,7,15,4,7,9,13,11,10,12,6,11,13,12,13,15,11,14,6,4,11,13,12,10,11,16,7,12,8,13,14,12,12,15,11,6,11,5,10,12,12,10,10,14,17,12,9,13,11,14,6,13,8,12,12,13,7,14,11,9,11,14,11,12,9,8,8,16,12,10,11,13,8,11,12,12,12,11,5,9,8,12,13,15,13,10,9,7,11,13,11,13,11,13,6,10,11,11,7,12,8,11,11,8,12,13,7,10,11,14,7,13,7,13,10,9,5,11,13,11,13,12,12,9,8,12,7,9,12,14,10,10,12,13,11,8,8,12,13,17,10,15,10,12,7,9,5,12,10,12,6,15,6,11,8,12,9,12,12,11,16,12,5,17,12,6,10,13,10,13,12,10,11,12,13,10,8,7,16,9,12,6,7,12,10,12,9,12,9,9,11,7,12,12,13,11,12,5,12,12,8,12,6,8,7,13,11,6,4,13,5,16,11,15,16,16,13,11,5,14,7,15,6,12,5,10,8,7,6,15,13,7,11,7,6,8,4,10,13,7,9,6,8,16,13,11,7,10,10,13,5,12,10,13,14,16,16,6,9,15,10,10,8,15,5,11,11,13,16,12,13,9,10,4,13,13,16,6,11,13,5,13,10,11,5,13,5,6,12,12,16,12,13,9,13,13,11,6,12,11,13,8,8,11,10,14,12,11,9,9,12,17,10,17,12,11,4,13,13,4,10,14,5,12,11,10,13,4,5,13,9,11,11,13,6,13,9,14,13,7,8,13,7,12,9,13,12,10,9,13,13,10];

periods = [10000,20000,1000,5000,2000,20000,20000,20000,20000,100000,20000,10000,10000,10000,1000,20000,20000,10000,20000,100000,20000,50000,10000,2000,10000,10000,10000,20000,5000,10000,10000,50000,100000,10000,50000,20000,20000,20000,10000,100000,20000,100000,10000,10000,20000,100000,20000,20000,50000,10000,100000,10000,5000,20000,10000,20000,100000,20000,10000,100000,10000,20000,100000,100000,100000,100000,10000,20000,20000,10000,10000,100000,100000,10000,100000,10000,10000,10000,10000,10000,20000,20000,20000,10000,20000,20000,20000,20000,10000,50000,20000,20000,20000,10000,100000,20000,20000,2000,100000,10000,20000,10000,20000,50000,2000,20000,10000,20000,20000,20000,10000,10000,50000,1000,10000,10000,10000,20000,10000,20000,100000,100000,10000,20000,10000,100000,10000,20000,100000,100000,10000,2000,100000,10000,100000,10000,100000,20000,20000,20000,10000,10000,10000,100000,50000,20000,20000,10000,10000,10000,5000,100000,20000,20000,10000,10000,10000,10000,10000,20000,100000,20000,2000,20000,20000,100000,20000,20000,100000,10000,10000,20000,100000,100000,10000,10000,10000,10000,2000,1000,20000,100000,20000,50000,5000,20000,20000,100000,100000,20000,100000,10000,20000,20000,20000,10000,20000,10000,20000,10000,100000,10000,10000,20000,20000,10000,100000,10000,100000,1000,100000,20000,10000,100000,100000,2000,50000,20000,10000,100000,100000,10000,20000,50000,100000,10000,20000,10000,10000,100000,20000,20000,50000,100000,10000,20000,10000,1000,100000,20000,10000,10000,100000,10000,10000,20000,10000,20000,100000,10000,20000,100000,20000,2000,10000,20000,100000,10000,10000,20000,20000,50000,2000,20000,100000,20000,100000,1000,10000,20000,20000,100000,20000,20000,10000,100000,20000,20000,10000,10000,10000,20000,100000,100000,20000,100000,20000,20000,100000,100000,100000,20000,10000,10000,100000,20000,10000,100000,10000,20000,10000,20000,100000,100000,10000,20000,10000,20000,20000,20000,20000,20000,2000,50000,2000,100000,10000,20000,10000,2000,10000,20000,20000,100000,10000,100000,20000,100000,10000,100000,100000,20000,100000,100000,10000,10000,20000,10000,10000,100000,20000,20000,100000,20000,20000,2000,100000,20000,20000,100000,10000,20000,10000,20000,20000,20000,100000,20000,10000,1000,20000,20000,10000,10000,100000,20000,10000,10000,10000,100000,10000,10000,20000,100000,10000,100000,10000,10000,20000,10000,20000,10000,100000,100000,10000,100000,10000,20000,20000,10000,100000,5000,20000,5000,100000,20000,20000,100000,20000,20000,20000,20000,20000,10000,20000,2000,10000,10000,20000,100000,10000,50000,50000,10000,100000,20000,100000,100000,20000,100000,20000,100000,100000,20000,10000,1000,10000,20000,10000,10000,20000,100000,20000,10000,100000,10000,10000,100000,20000,20000,5000,10000,10000,100000,10000,20000,10000,10000,100000,20000,20000,100000,50000,20000,10000,20000,1000,20000,10000,10000,10000,100000,100000,20000,10000,1000,100000,10000,20000,100000,100000,20000,10000,20000,20000,20000,20000,50000,10000,20000,20000,20000,20000,100000,10000,10000,1000,20000,100000,100000,10000,20000,100000,20000,20000,20000,5000,20000,100000,20000];

communicationTimeForOrderCriticalMessages = [1,1,1,1,1,1,1,1,1,1,1,1,1,1,1,1,1,1,1,1,1,1,1,1,1,1,1,1,1,1,1,1,1,1,1,1,1,1,1,1,1,1,1,1,1,1,1,1,1,1,1,1,1,1,1,1,1,1,1,1,1,1,1,1,1,1,1,1,1,1,1,1,1,1,1,1,1,1,1,1,1,1,1,1,1,1,1,1,1,1,1,1,1,1,1,1,1,1,1,1,1,1,1,1,1,1,1,1,1,1,1,1,1,1,1,1,1,1,1,1,1,1,1,1,1,1,1,1,1,1,1,1,1,1,1,1,1,1,1,1,1,1,1,1,1,1,1,1,1,1,1,1,1,1,1,1,1,2,1,1,1,1,1,1,1,1,1,1,1,1,1,1,1,1,1,1,1,1,1,1,1,1,1,1,1,1,1,1,1,1,1,1,1,1,1,1,1,1,1,1,1,1,1,1,1,1,1,1,1,1,1,1,1,1,1,1,1,1,1,1,1,1,1,1,1,1,1,1,1,1,1,1,1,1,1,1,1];

sizeOfRunnables = [1038,1278,945,1295,1120,963,978,698,670,1248,400,1405,1178,745,750,993,1253,968,1270,1373,1305,645,1008,503,1365,1068,1058,620,1193,603,1170,930,1255,1463,1013,1233,1528,1540,645,743,1183,938,1148,1180,795,985,1360,1243,1335,565,1035,773,1075,1160,1118,1495,998,1253,1540,555,1155,1090,1255,503,1020,1000,1020,1333,1030,1095,1360,1193,533,593,1080,1438,1073,1448,1305,1028,1545,1113,633,940,1323,585,1178,608,1240,1513,1048,1583,1210,1118,1255,1480,963,1393,1088,1008,833,1475,1128,1300,790,1125,940,1053,1235,1308,910,525,1248,1098,615,945,1020,473,1345,1208,1038,760,1210,1223,1133,1043,423,1090,1290,1095,1438,1150,1178,663,1015,985,1245,1023,1188,815,1165,1005,520,945,900,1268,948,1400,1035,608,1495,378,685,813,1278,1005,990,1120,548,1068,1278,1158,1210,1430,1058,1308,543,375,1005,1298,1110,975,1080,1530,603,1180,765,1275,1373,1148,1125,1495,1035,533,1035,443,968,1148,1198,930,910,1355,1620,1193,900,1300,1020,1305,575,1253,720,1150,1165,1218,683,1313,1088,828,1013,1340,1050,1170,835,735,743,1513,1133,915,1008,1268,780,1038,1178,1150,1105,1075,483,843,765,1185,1285,1463,1215,948,865,610,1053,1218,1020,1263,1095,1298,563,990,1073,1068,678,1140,755,1030,1020,775,1173,1285,653,903,1088,1313,635,1300,690,1205,965,828,420,1083,1275,1068,1278,1118,1140,900,768,1105,698,848,1140,1305,968,990,1140,1240,1038,765,738,1133,1263,1605,978,1490,945,1150,700,805,438,1173,1000,1155,555,1443,520,1053,783,1155,868,1105,1163,1038,1508,1193,480,1620,1193,578,955,1203,970,1253,1138,923,1075,1103,1218,938,768,653,1573,865,1120,588,623,1110,938,1143,820,1193,870,900,1038,653,1125,1140,1208,1095,1140,495,1185,1170,790,1155,533,728,650,1275,1050,535,378,1210,408,1530,1045,1495,1583,1545,1235,1020,475,1308,648,1425,520,1170,423,968,790,668,543,1410,1263,653,1073,663,585,723,398,923,1258,610,878,570,790,1545,1210,1050,620,983,940,1290,445,1178,978,1210,1373,1545,1523,600,855,1470,983,945,705,1465,463,1003,1023,1240,1508,1193,1300,845,978,400,1290,1263,1600,593,1053,1210,423,1275,953,1015,408,1275,423,588,1178,1193,1555,1133,1230,855,1208,1295,1008,593,1140,1043,1290,795,775,1005,910,1328,1173,1098,843,858,1195,1605,963,1615,1125,1013,393,1240,1210,378,1000,1360,480,1138,1013,968,1215,390,488,1275,890,1035,1020,1230,585,1275,840,1355,1270,620,775,1255,695,1173,870,1290,1125,990,900,1223,1300,960];

SenderLabelReceiverOrderCriticalChains = [[107,2134,0,0,436],[436,509,0,0,307],[307,3998,0,0,155],[155,312,0,0,447],[447,2588,0,0,479],[479,1377,0,0,131],[470,810,0,0,303],[303,1015,0,0,129],[129,781,0,0,46],[46,748,0,0,463],[463,1890,0,0,20],[20,2580,0,0,289],[82,3328,0,0,240],[240,1656,0,0,481],[481,1316,0,0,308],[308,598,0,0,236],[236,2126,0,0,332],[438,2219,0,0,334],[334,1977,0,0,209],[209,3206,0,0,410],[60,2347,0,0,438],[438,3483,0,0,303],[303,3335,0,0,214],[414,2364,0,0,371],[371,2289,0,0,425],[425,817,0,0,258],[258,3623,0,0,175],[175,642,0,0,294],[294,1131,0,0,43],[420,3293,0,0,289],[289,1200,0,0,174],[174,3881,0,0,214],[214,1945,0,0,189],[189,796,0,0,161],[229,2263,0,0,1],[1,2198,0,0,71],[71,871,0,0,178],[178,711,0,0,321],[321,2139,0,0,59],[59,1530,0,0,367],[65,1796,0,0,189],[189,1449,0,0,57],[57,370,0,0,66],[331,615,0,0,75],[75,1694,0,0,211],[211,3835,0,0,467],[467,2972,0,0,435],[435,2861,0,0,72],[9,3198,0,0,458],[458,994,3136,0,193],[193,3251,0,0,103],[103,301,0,0,352],[352,3494,0,0,108],[108,871,0,0,498],[52,1193,0,0,235],[235,3493,0,0,1],[1,1516,0,0,55],[55,2686,0,0,13],[13,3597,0,0,77],[462,3009,0,0,265],[265,3773,0,0,471],[471,1778,0,0,209],[209,1808,0,0,398],[398,693,0,0,470],[227,2997,0,0,456],[456,3172,0,0,433],[433,1463,0,0,306],[306,2109,0,0,318],[318,3401,0,0,409],[49,1165,0,0,413],[413,3622,0,0,453],[453,2910,0,0,224],[224,1761,0,0,32],[32,1403,0,0,184],[443,2961,0,0,116],[116,1166,0,0,429],[429,2493,0,0,142],[142,3458,0,0,76],[105,382,1846,0,163],[163,1667,0,0,216],[216,2999,0,0,132],[132,2709,0,0,263],[263,1001,1074,0,315],[151,776,0,0,53],[53,2601,0,0,392],[392,303,1305,0,441],[441,2769,3677,0,185],[185,3339,0,0,29],[29,1782,0,0,394],[412,1414,0,0,413],[413,488,0,0,145],[145,104,0,0,113],[77,23,0,0,178],[178,1691,0,0,408],[408,2718,0,0,39],[39,2831,0,0,297],[297,2836,0,0,491],[491,870,0,0,353],[457,3050,0,0,114],[114,3208,0,0,3],[3,3745,0,0,268],[268,1971,2597,0,180],[100,3785,0,0,13],[13,1027,0,0,387],[387,1558,0,0,427],[427,751,0,0,380],[380,723,0,0,459],[459,635,0,0,305],[158,883,0,0,31],[31,1229,0,0,468],[468,2476,0,0,414],[458,3136,0,0,354],[354,675,0,0,167],[167,2885,0,0,260],[260,424,0,0,92],[92,1896,0,0,492],[492,3952,0,0,389],[76,88,0,0,430],[430,1674,0,0,321],[321,2191,0,0,473],[473,2116,2291,0,445],[445,325,0,0,319],[319,2842,0,0,335],[183,131,0,0,251],[251,3296,0,0,270],[270,3973,0,0,402],[219,241,0,0,242],[242,2479,0,0,142],[142,2627,0,0,67],[67,2643,0,0,107],[107,2109,0,0,14],[14,3360,0,0,307],[125,648,0,0,123],[123,2792,0,0,269],[269,388,0,0,119],[119,3658,0,0,84],[84,2154,3555,0,429],[429,499,0,0,55],[321,3446,0,0,250],[250,3016,0,0,293],[293,3949,0,0,255],[255,2757,0,0,445],[445,1877,0,0,244],[409,3186,0,0,494],[494,3211,0,0,397],[397,1501,0,0,379],[379,1548,0,0,310],[203,2559,0,0,301],[301,542,0,0,411],[411,1493,0,0,460],[460,377,0,0,26],[26,611,0,0,150],[73,463,0,0,471],[471,100,2667,0,99],[99,3114,0,0,350],[350,3506,0,0,290],[290,126,1843,0,284],[103,1130,0,0,101],[101,1794,0,0,205],[205,1377,0,0,181],[181,432,0,0,172],[172,823,0,0,199],[199,1752,0,0,2],[305,2737,0,0,71],[71,2589,0,0,434],[434,928,0,0,117],[117,1289,0,0,411],[411,1918,0,0,78],[78,600,0,0,335],[494,3339,0,0,482],[482,1694,0,0,96],[96,3425,0,0,277],[277,2556,0,0,439],[234,1213,0,0,220],[220,3119,3136,0,449],[449,2997,0,0,290],[290,511,1843,0,63],[265,3141,0,0,188],[188,3579,0,0,420],[420,3285,0,0,182],[182,2937,0,0,470],[470,2606,0,0,65],[395,2688,0,0,420],[420,1636,0,0,126],[126,1143,0,0,423],[27,1554,2952,0,351],[351,3337,0,0,84],[84,2154,3555,0,429],[232,3156,0,0,28],[28,2315,0,0,168],[168,3308,0,0,17],[17,823,0,0,246],[142,1834,0,0,170],[170,3866,0,0,235],[235,1525,0,0,157],[157,2684,0,0,78],[78,866,0,0,206],[247,3744,0,0,299],[299,299,0,0,372],[372,2692,0,0,369],[369,34,0,0,321],[376,1272,0,0,304],[304,2655,0,0,298],[298,1397,0,0,129],[129,452,0,0,295],[15,3548,0,0,238],[238,3113,0,0,360],[360,3506,0,0,114],[114,482,0,0,268],[268,2115,0,0,466],[35,449,0,0,113],[113,2866,0,0,32],[32,2319,0,0,90],[323,333,0,0,379],[379,905,0,0,146],[146,2479,0,0,451],[451,1061,0,0,342],[342,1161,0,0,256],[256,1676,0,0,454],[205,3925,0,0,139],[139,2234,0,0,361],[361,1584,0,0,277],[277,118,0,0,69],[69,2082,0,0,110],[308,2359,0,0,270],[270,679,0,0,172],[172,823,2411,0,246],[246,2817,0,0,476],[129,3032,0,0,189],[189,2211,0,0,423],[423,3031,0,0,435],[495,3655,0,0,7],[7,815,0,0,153],[153,648,0,0,248],[248,1224,0,0,309],[309,2149,0,0,240],[240,2337,0,0,389]];

SenderLabelReceiverNonOrderCriticalChains = [[1,107,155],[1,107,475],[1,379,375],[1,1501,18],[1,1501,379],[1,1516,55],[1,2198,71],[2,2962,65],[2,3184,298],[2,3278,315],[2,3485,6],[2,3698,153],[2,3698,426],[3,2154,238],[3,2154,429],[3,2313,448],[3,2313,16],[3,2874,15],[3,2874,433],[3,3745,268],[4,144,29],[4,1267,163],[4,1267,53],[4,1267,387],[4,1267,143],[4,1646,53],[4,1853,59],[4,2501,289],[4,2501,491],[4,2501,366],[4,2639,427],[4,3209,137],[4,3209,129],[5,741,179],[5,781,46],[5,781,263],[5,1242,296],[5,1242,140],[5,1242,256],[5,1314,315],[5,1322,24],[5,2253,320],[5,2994,422],[5,2994,61],[6,401,7],[6,719,58],[6,1994,187],[6,1994,150],[6,2079,342],[6,3290,395],[6,3503,303],[6,3503,202],[6,3803,231],[7,213,360],[7,213,352],[7,341,111],[7,341,56],[7,341,21],[7,815,153],[7,815,227],[7,2593,41],[7,2593,155],[8,1634,414],[8,1634,17],[8,2014,356],[8,2143,281],[8,3050,114],[8,3050,162],[8,3503,303],[8,3503,202],[9,1582,193],[9,1814,136],[9,2335,310],[9,2757,345],[9,2757,445],[9,3198,458],[9,3279,11],[9,3329,17],[10,115,274],[10,185,459],[10,185,248],[10,185,438],[10,598,202],[10,598,236],[10,2222,20],[10,2222,183],[10,2390,413],[10,2947,123],[11,1647,136],[11,2280,58],[11,2403,241],[11,3357,16],[11,3913,157],[11,3913,251],[12,112,313],[12,1630,18],[12,1644,53],[12,1644,250],[12,1876,280],[12,2078,293],[12,2462,223],[12,2659,224],[13,131,61],[13,131,251],[13,1027,205],[13,1027,387],[13,1170,190],[13,1170,259],[13,1969,232],[13,1969,11],[13,1969,412],[13,3181,300],[13,3181,14],[13,3597,487],[13,3597,77],[14,2701,434],[14,2701,306],[14,3168,18],[14,3175,165],[14,3360,307],[15,537,200],[15,2746,360],[15,2774,114],[15,2774,408],[15,2774,356],[15,3548,376],[15,3548,238],[15,3848,498],[16,430,54],[16,517,243],[16,1307,17],[16,1934,404],[16,1934,264],[16,1934,258],[16,2835,399],[16,2835,291],[16,2835,348],[17,823,246],[17,823,454],[17,823,59],[17,823,140],[17,823,199],[18,2309,136],[18,2460,498],[18,2460,25],[18,2460,213],[18,3025,361],[18,3025,440],[18,3178,235],[18,3409,361],[19,302,319],[19,1857,48],[19,1857,359],[19,2180,182],[19,2798,429],[19,2798,266],[20,350,33],[20,350,389],[20,2580,289],[20,2580,226],[20,2580,267],[20,2763,299],[20,2763,72],[20,2763,216],[20,3838,122],[20,3879,64],[21,56,142],[21,276,28],[21,276,489],[21,2009,101],[21,2430,403],[21,2430,145],[21,2782,242],[21,3235,302],[22,316,70],[22,1310,339],[22,1310,241],[22,2201,57],[22,2201,32],[22,2201,335],[22,2206,88],[22,3476,324],[22,3476,413],[22,3553,217],[22,3553,180],[23,422,70],[23,550,482],[23,550,64],[23,989,128],[23,989,83],[23,1500,111],[23,1500,133],[23,3073,228],[23,3293,52],[23,3293,289],[23,3632,307],[23,3632,40],[23,3632,301],[23,3662,30],[24,476,113],[24,1125,315],[24,1125,482],[24,2107,93],[24,2768,60],[24,3632,307],[24,3632,40],[24,3632,301],[24,3952,179],[24,3952,389],[25,1280,458],[25,1280,276],[25,1880,26],[25,2055,400],[25,2241,148],[25,2334,169],[25,2467,431],[25,3025,361],[25,3025,440],[26,355,377],[26,611,150],[26,1407,149],[26,2656,27],[26,3663,268],[26,3663,390],[27,808,52],[27,915,257],[27,1554,351],[27,1681,154],[27,2624,378],[27,2952,351],[27,2952,142],[28,2315,168],[28,3488,352],[28,3488,448],[28,3961,281],[28,3961,308],[29,652,53],[29,698,441],[29,1047,165],[29,1782,394],[30,239,54],[30,239,459],[30,247,206],[30,1747,34],[30,2394,64],[30,2515,200],[30,2931,88],[30,2931,318],[31,239,54],[31,239,459],[31,758,301],[31,758,398],[31,1229,468],[31,1229,465],[31,2065,71],[31,3784,461],[31,3784,162],[31,3888,68],[32,1264,106],[32,1264,16],[32,1403,184],[32,1581,35],[32,2319,90],[33,378,42],[33,676,443],[33,1070,133],[33,1070,269],[33,1070,485],[33,2457,220],[33,3480,207],[34,1708,158],[34,1780,244],[34,1780,364],[34,1780,498],[34,2625,117],[34,3250,143],[34,3527,481],[34,3527,53],[34,3542,435],[34,3542,182],[35,449,113],[35,449,124],[35,538,453],[35,538,463],[35,3871,141],[35,3871,272],[35,3927,412],[36,93,37],[36,694,404],[36,694,482],[36,973,487],[36,2539,410],[36,2539,294],[36,3243,86],[36,3367,446],[36,3958,363],[36,3958,197],[37,814,286],[37,814,496],[37,2808,307],[37,2808,191],[37,2814,62],[37,3085,251],[37,3109,480],[38,48,352],[38,1468,223],[38,1515,54],[38,1803,93],[38,2126,332],[38,2126,181],[38,2297,355],[38,2297,347],[38,2380,48],[39,436,450],[39,693,470],[39,693,321],[39,828,50],[39,2583,142],[39,2715,413],[39,2831,297],[39,2831,320],[39,3334,8],[40,233,42],[40,1978,368],[40,1978,385],[40,2144,202],[40,2671,76],[40,3529,211],[40,3663,268],[40,3663,390],[40,3709,237],[41,756,409],[41,1206,294],[41,1397,129],[41,1397,200],[41,1397,194],[41,1972,483],[41,2927,302],[41,2927,282],[41,3340,86],[41,3604,298],[42,777,311],[42,777,484],[42,1344,46],[42,2761,391],[42,2927,302],[42,2927,282],[42,3733,283],[43,823,246],[43,823,454],[43,823,59],[43,823,140],[43,823,199],[43,1062,401],[43,1981,343],[43,3059,287],[43,3552,357],[43,3939,277],[44,1678,499],[44,2096,481],[44,2992,35],[44,2992,461],[44,3440,100],[45,521,285],[45,1444,100],[45,2792,269],[45,2792,159],[45,3426,481],[45,3572,28],[45,3572,389],[45,3572,456],[45,3649,499],[45,3818,380],[45,3818,294],[46,748,463],[46,748,472],[46,1755,410],[46,1812,51],[46,2119,99],[46,3217,45],[46,3852,301],[47,153,56],[47,303,342],[47,303,441],[47,305,399],[47,2857,115],[47,3136,193],[47,3136,354],[47,3136,449],[47,3276,499],[47,3807,447],[48,765,253],[48,966,444],[48,966,10],[48,1844,332],[48,1844,192],[48,2010,212],[48,3638,103],[49,1,280],[49,518,262],[49,586,412],[49,646,61],[49,646,486],[49,1165,413],[49,1165,416],[49,1974,233],[49,3578,104],[49,3722,184],[50,661,419],[50,827,168],[50,2161,247],[50,2284,67],[50,2990,371],[50,2990,74],[50,3689,316],[51,1045,357],[51,1910,97],[51,1910,463],[51,3077,482],[51,3311,66],[51,3442,264],[52,1160,55],[52,1193,235],[52,2313,448],[52,2313,16],[52,3757,261],[52,3757,281],[53,2601,483],[53,2601,392],[53,2800,425],[53,2800,416],[54,341,111],[54,341,56],[54,341,21],[54,1306,458],[54,2353,475],[54,2879,324],[54,2931,88],[54,2931,318],[55,568,310],[55,568,134],[55,571,190],[55,571,317],[55,890,79],[55,2686,13],[56,687,67],[56,1190,266],[56,3029,82],[56,3369,96],[56,3777,195],[57,370,66],[57,2231,225],[57,2558,85],[57,2558,172],[57,2558,497],[57,2635,238],[57,2805,64],[57,2850,160],[57,2850,218],[57,2850,484],[58,554,81],[58,554,366],[58,940,430],[58,1145,378],[58,1145,366],[58,1385,62],[58,3253,182],[58,3253,300],[59,381,282],[59,381,94],[59,1408,176],[59,1530,367],[59,3078,404],[59,3078,483],[59,3078,203],[59,3501,179],[59,3501,56],[60,1321,184],[60,1838,183],[60,2347,438],[60,2347,341],[60,2900,462],[60,2900,453],[60,2900,94],[60,2968,126],[60,2968,349],[60,3542,435],[60,3542,182],[61,361,207],[61,1789,80],[61,1789,347],[61,1844,332],[61,1844,192],[62,948,309],[62,3373,100],[62,3373,427],[62,3735,85],[63,163,176],[63,163,374],[63,680,95],[63,680,109],[63,1288,72],[63,1288,176],[63,1843,329],[63,1843,290],[63,1843,343],[63,3146,434],[64,1807,66],[64,3874,250],[65,681,234],[65,1622,121],[65,1622,337],[65,1796,189],[65,1796,244],[65,2081,178],[65,3500,73],[66,181,444],[66,225,388],[66,811,161],[66,1644,53],[66,1644,250],[66,3788,420],[66,3788,452],[67,18,89],[67,18,250],[67,1985,453],[67,2341,305],[67,2643,107],[68,193,399],[68,868,348],[68,937,253],[68,2562,171],[68,2649,213],[68,2701,434],[68,2701,306],[68,2881,82],[69,271,77],[69,1049,454],[69,2082,110],[69,2673,207],[69,3344,78],[69,3830,417],[69,3967,7],[69,3967,167],[70,751,380],[70,751,96],[70,1127,233],[70,1878,274],[70,2992,35],[70,2992,461],[71,871,498],[71,871,178],[71,1929,123],[71,2589,434],[71,2589,73],[71,2589,340],[71,2933,369],[71,3869,134],[72,722,207],[72,1469,17],[72,2507,410],[72,3383,381],[73,327,157],[73,463,393],[73,463,471],[73,567,280],[73,567,343],[73,2547,249],[73,3209,137],[73,3209,129],[74,341,111],[74,341,56],[74,341,21],[74,393,408],[74,552,321],[74,588,170],[74,838,356],[74,1621,213],[74,2056,136],[75,541,137],[75,617,70],[75,1694,211],[75,1694,96],[75,2557,193],[75,2557,488],[75,3636,259],[76,88,430],[76,359,120],[76,359,89],[76,2323,193],[76,3589,196],[76,3607,308],[76,3951,365],[76,3951,280],[77,23,178],[77,254,81],[77,1465,387],[77,2142,91],[77,3910,415],[77,3910,136],[78,600,335],[78,866,320],[78,866,206],[78,1230,22],[78,2508,227],[79,203,228],[79,1114,479],[79,3182,112],[79,3872,368],[80,2777,141],[80,3647,28],[80,3672,35],[80,3677,324],[80,3677,193],[80,3677,441],[80,3924,368],[81,425,325],[81,568,310],[81,568,134],[81,1010,230],[81,1010,485],[81,1227,186],[81,1835,418],[81,1835,276],[81,1835,315],[81,3894,85],[82,1368,86],[82,2002,255],[82,2002,440],[82,2848,31],[82,3328,240],[82,3789,302],[83,524,50],[83,906,85],[83,1482,440],[83,1482,290],[83,1775,320],[83,2566,93],[83,3387,360],[84,34,184],[84,34,256],[84,34,321],[84,1243,241],[84,2154,238],[84,2154,429],[84,2244,452],[84,3555,429],[85,1722,345],[85,3226,456],[85,3313,243],[85,3313,451],[86,1611,95],[86,1611,115],[86,2754,373],[86,3502,453],[86,3698,153],[86,3698,426],[87,1508,162],[87,1508,105],[87,2408,168],[87,3487,124],[88,1087,424],[88,2066,307],[88,2066,456],[88,2278,92],[88,2278,346],[88,2637,77],[88,3395,337],[88,3395,320],[88,3403,337],[89,75,200],[89,856,83],[89,2080,268],[89,3434,102],[89,3444,111],[90,106,145],[90,411,217],[90,2818,233],[90,2818,254],[90,3275,314],[90,3462,171],[91,191,381],[91,191,450],[91,488,120],[91,488,145],[91,866,320],[91,866,206],[91,2105,289],[91,2419,458],[91,2419,334],[91,2502,410],[91,3858,354],[92,1482,440],[92,1482,290],[92,1822,34],[92,1822,230],[92,1896,492],[92,1896,212],[92,2640,134],[92,3042,138],[93,2855,402],[93,2855,245],[93,2901,322],[93,3162,110],[93,3653,308],[94,122,51],[94,229,219],[94,3150,200],[94,3150,411],[94,3596,323],[94,3596,164],[95,443,199],[95,443,461],[95,807,99],[95,1539,135],[95,2589,434],[95,2589,73],[95,2589,340],[95,3510,122],[96,186,410],[96,1869,63],[96,3425,277],[97,235,439],[97,1277,469],[97,2131,235],[97,2131,290],[97,2367,374],[97,2669,292],[97,3147,80],[97,3147,164],[97,3941,483],[98,280,215],[98,280,216],[98,280,490],[98,311,263],[98,985,132],[98,985,284],[98,1109,109],[98,2770,105],[98,2770,204],[98,3686,132],[99,2835,399],[99,2835,291],[99,2835,348],[99,3019,234],[99,3019,274],[99,3114,350],[99,3526,126],[100,443,199],[100,443,461],[100,629,339],[100,775,156],[100,775,131],[100,1994,187],[100,1994,150],[100,3785,13],[101,407,128],[101,407,442],[101,585,279],[101,1794,205],[101,1980,376],[101,1980,128],[101,2607,204],[101,3246,51],[102,78,492],[102,1014,486],[102,1118,85],[102,1649,258],[102,1649,262],[102,2472,119],[102,2828,156],[103,301,352],[103,1130,101],[103,1364,110],[103,2002,255],[103,2002,440],[104,34,184],[104,34,256],[104,34,321],[104,1336,217],[104,1976,19],[104,2466,500],[104,2466,379],[104,3573,217],[105,382,163],[105,1105,432],[105,1846,132],[105,1846,163],[105,2429,346],[106,1182,121],[106,1358,226],[106,1361,456],[106,1361,296],[106,1361,470],[106,2246,173],[106,3069,312],[106,3288,451],[106,3677,324],[106,3677,193],[106,3677,441],[107,185,459],[107,185,248],[107,185,438],[107,1875,147],[107,2037,3],[107,2037,254],[107,2109,14],[107,2109,318],[107,2134,477],[107,2134,436],[107,2219,424],[107,2219,334],[107,2788,309],[108,249,474],[108,680,95],[108,680,109],[108,871,498],[108,871,178],[108,3021,146],[108,3103,467],[108,3103,450],[108,3715,255],[109,450,111],[109,660,194],[109,1315,300],[109,1320,435],[109,1320,58],[109,2203,322],[109,2580,289],[109,2580,226],[109,2580,267],[110,632,154],[110,2880,422],[110,3445,285],[111,2580,289],[111,2580,226],[111,2580,267],[111,2907,157],[111,3430,479],[111,3741,279],[112,18,89],[112,18,250],[112,1343,368],[112,2012,411],[112,2336,293],[113,764,226],[113,897,184],[113,1546,19],[113,2866,32],[114,482,268],[114,1872,238],[114,3208,3],[115,25,212],[115,58,250],[115,183,248],[115,349,96],[116,437,177],[116,1166,429],[116,1173,308],[116,2647,369],[116,3460,448],[117,176,200],[117,1289,407],[117,1289,411],[117,1457,60],[117,1457,484],[117,1802,433],[117,2887,202],[117,3078,404],[117,3078,483],[117,3078,203],[118,381,282],[118,381,94],[118,602,432],[118,602,475],[118,635,306],[118,635,305],[118,823,246],[118,823,454],[118,823,59],[118,823,140],[118,823,199],[118,961,426],[118,961,248],[118,1508,162],[118,1508,105],[118,1571,239],[119,60,184],[119,695,259],[119,695,497],[119,1596,427],[119,2558,85],[119,2558,172],[119,2558,497],[119,3658,468],[119,3658,84],[119,3684,177],[120,1027,205],[120,1027,387],[120,1256,345],[120,2278,92],[120,2278,346],[120,3101,449],[120,3101,265],[120,3101,463],[120,3795,391],[121,843,373],[121,1213,220],[121,1213,432],[121,2571,422],[121,2710,194],[121,2712,134],[121,2712,176],[122,161,416],[122,702,350],[122,929,27],[122,1299,123],[122,1299,379],[122,1470,249],[122,1478,265],[123,238,350],[123,238,264],[123,1733,188],[123,1733,496],[123,2792,269],[123,2792,159],[124,178,488],[124,2248,140],[124,2271,191],[124,2271,153],[124,2275,139],[124,2709,263],[124,2709,477],[124,2986,292],[125,648,123],[125,648,248],[125,1566,37],[125,2201,57],[125,2201,32],[125,2201,335],[125,2593,41],[125,2593,155],[125,3024,430],[125,3024,299],[125,3391,398],[125,3523,430],[125,3523,495],[126,1143,423],[126,2007,209],[126,2540,110],[126,2540,19],[126,3669,113],[127,442,134],[127,465,212],[127,998,465],[127,998,383],[127,1076,316],[127,2001,325],[127,2001,191],[127,2510,149],[127,3224,300],[127,3224,162],[127,4000,169],[128,84,266],[128,1591,407],[128,1634,414],[128,1634,17],[128,2856,440],[128,3865,439],[129,452,295],[129,781,46],[129,781,263],[129,2801,225],[129,3032,189],[129,3195,207],[130,81,135],[130,1278,62],[130,1278,280],[130,2043,188],[130,3014,438],[130,3014,316],[130,3089,205],[130,3122,152],[130,3349,208],[130,3349,386],[131,282,161],[131,364,336],[131,364,415],[131,546,331],[131,875,138],[131,2712,134],[131,2712,176],[131,3342,190],[132,2709,263],[132,2709,477],[133,1295,137],[133,1527,221],[133,1527,380],[133,1897,152],[133,2344,267],[133,2501,289],[133,2501,491],[133,2501,366],[133,3420,243],[134,2430,403],[134,2430,145],[134,3096,444],[134,3236,317],[135,792,276],[135,1100,260],[135,2543,404],[135,3943,295],[136,569,279],[136,579,375],[136,2054,487],[136,2054,221],[137,712,304],[137,1684,70],[137,3082,179],[137,3158,333],[138,71,140],[138,71,445],[138,593,167],[138,1286,436],[138,1286,170],[138,2123,484],[138,2742,194],[138,3532,244],[138,3532,172],[139,2050,296],[139,2222,20],[139,2222,183],[139,2234,361],[139,2770,105],[139,2770,204],[139,3871,141],[139,3871,272],[139,3993,298],[140,420,475],[140,1833,311],[140,1905,488],[140,3571,190],[141,1108,280],[141,1108,427],[141,2157,169],[141,2185,472],[141,2185,461],[141,2575,229],[142,1834,170],[142,2627,67],[142,3458,76],[143,974,146],[143,974,149],[143,1108,280],[143,1108,427],[143,1233,390],[143,1506,156],[143,1506,200],[143,3797,177],[143,3911,168],[143,3911,472],[144,567,280],[144,567,343],[144,1318,312],[144,1318,35],[144,1318,389],[144,1318,496],[144,1822,34],[144,1822,230],[144,2227,448],[144,2557,193],[144,2557,488],[144,2808,307],[144,2808,191],[144,3147,80],[144,3147,164],[144,3373,100],[144,3373,427],[145,104,113],[145,2329,184],[145,3478,151],[146,79,79],[146,1622,121],[146,1622,337],[146,2479,142],[146,2479,451],[146,2479,362],[146,2506,459],[146,3396,172],[147,57,497],[147,191,381],[147,191,450],[147,453,183],[147,1896,492],[147,1896,212],[147,2068,281],[147,2068,400],[147,2432,222],[147,3405,424],[148,200,62],[148,752,479],[148,752,37],[148,1072,445],[148,2037,3],[148,2037,254],[149,220,132],[149,590,135],[149,1269,323],[149,1269,382],[149,1269,488],[149,3033,202],[150,11,241],[150,11,272],[150,11,331],[150,966,444],[150,966,10],[150,2245,155],[150,2775,75],[151,551,337],[151,589,175],[151,776,53],[151,776,442],[151,1259,252],[151,2089,444],[151,2651,441],[151,3476,324],[151,3476,413],[152,20,370],[152,831,267],[152,831,272],[152,1908,220],[152,2115,369],[152,2115,466],[153,300,266],[153,648,123],[153,648,248],[153,1486,241],[153,1923,205],[153,3417,500],[154,130,148],[154,1494,311],[154,2882,199],[154,2954,312],[154,3665,44],[155,312,447],[155,952,363],[156,1935,178],[156,2044,275],[156,2044,161],[156,2074,280],[156,2393,320],[156,2393,394],[156,3798,489],[156,3798,408],[157,815,153],[157,815,227],[157,2684,78],[157,3806,271],[157,3806,351],[158,472,254],[158,776,53],[158,776,442],[158,883,31],[158,2460,498],[158,2460,25],[158,2460,213],[158,2573,323],[158,2573,230],[158,3221,279],[159,338,322],[159,338,448],[159,619,293],[159,619,258],[159,1249,372],[159,1934,404],[159,1934,264],[159,1934,258],[159,2214,328],[160,1186,239],[160,1280,458],[160,1280,276],[160,3051,308],[160,3561,279],[160,3561,421],[160,3561,401],[160,3925,139],[160,3925,44],[160,3925,476],[161,953,243],[161,3826,252],[161,3906,112],[162,539,227],[162,539,314],[162,974,146],[162,974,149],[162,1928,193],[162,1928,272],[162,1928,356],[162,1950,456],[163,1611,95],[163,1611,115],[163,1667,216],[163,3501,179],[163,3501,56],[163,3650,179],[163,3650,394],[164,1208,344],[164,1690,381],[164,2418,189],[164,2731,312],[165,984,287],[165,1132,192],[165,1629,318],[165,1629,282],[165,2199,150],[165,2800,425],[165,2800,416],[166,174,159],[166,725,174],[166,1718,104],[166,3006,281],[166,3657,380],[166,3828,276],[166,3892,431],[166,3892,173],[166,3892,418],[167,1059,197],[167,2658,172],[167,2885,260],[167,3448,464],[168,1017,73],[168,2702,187],[168,3308,17],[169,236,182],[169,236,476],[169,2296,214],[169,2595,52],[169,3009,265],[169,3009,284],[169,3304,289],[170,970,455],[170,970,223],[170,970,367],[170,1019,298],[170,1019,90],[170,1065,176],[170,2665,213],[170,3866,235],[171,989,128],[171,989,83],[171,1288,72],[171,1288,176],[171,3787,498],[171,3787,299],[171,3949,377],[171,3949,255],[172,823,246],[172,823,454],[172,823,59],[172,823,140],[172,823,199],[172,2411,246],[173,150,222],[173,721,291],[173,985,132],[173,985,284],[173,1044,412],[173,1177,440],[173,2321,154],[174,213,360],[174,213,352],[174,587,209],[174,587,467],[174,1594,462],[174,1757,376],[174,2950,283],[174,3881,490],[174,3881,214],[175,642,294],[175,1209,360],[175,1209,477],[175,1209,293],[175,1771,414],[175,1771,466],[175,1867,331],[175,2923,377],[176,1527,221],[176,1527,380],[176,2678,211],[177,1178,319],[177,1209,360],[177,1209,477],[177,1209,293],[177,1488,487],[177,3554,351],[177,3725,403],[178,711,321],[178,1691,408],[178,3845,200],[179,578,293],[179,578,254],[179,2619,266],[179,2763,299],[179,2763,72],[179,2763,216],[180,42,254],[180,1451,267],[180,1451,351],[180,1797,466],[180,2597,268],[180,3120,462],[181,314,197],[181,432,172],[181,1242,296],[181,1242,140],[181,1242,256],[181,1513,488],[181,2044,275],[181,2044,161],[181,2181,36],[181,2181,1],[182,1604,214],[182,1604,26],[182,2937,470],[182,3054,47],[183,131,61],[183,131,251],[183,1353,314],[183,1361,456],[183,1361,296],[183,1361,470],[183,2713,442],[183,3706,387],[184,224,233],[185,177,392],[185,1832,8],[185,1832,44],[185,3339,482],[185,3339,29],[185,3677,324],[185,3677,193],[185,3677,441],[185,3823,394],[185,3967,7],[185,3967,167],[186,139,229],[186,139,290],[186,351,291],[186,351,403],[186,1458,498],[186,2818,233],[186,2818,254],[186,3261,287],[187,1918,195],[187,1918,78],[187,2054,487],[187,2054,221],[187,2131,235],[187,2131,290],[187,2859,419],[187,2859,479],[187,3599,458],[188,2092,417],[188,2271,191],[188,2271,153],[188,2973,446],[188,3579,420],[189,530,393],[189,530,457],[189,796,161],[189,1449,57],[189,2211,423],[190,2407,264],[190,3253,182],[190,3253,300],[191,1223,195],[191,1729,87],[191,1999,52],[191,1999,417],[191,2404,237],[191,3166,22],[191,3166,284],[192,1197,335],[192,1727,259],[192,1727,363],[192,1955,382],[192,2922,160],[192,3736,364],[193,3251,396],[193,3251,103],[194,970,455],[194,970,223],[194,970,367],[194,987,378],[194,1231,264],[194,2086,67],[195,2032,468],[195,2032,166],[195,2591,438],[195,3181,300],[195,3181,14],[195,3470,488],[195,3840,401],[196,729,318],[196,729,437],[196,1070,133],[196,1070,269],[196,1070,485],[196,1212,148],[196,1212,226],[196,1318,312],[196,1318,35],[196,1318,389],[196,1318,496],[196,2801,225],[196,3380,206],[196,3692,335],[197,550,482],[197,550,64],[197,2051,204],[197,2213,409],[197,2415,405],[197,3818,380],[197,3818,294],[198,99,348],[198,1102,335],[198,1529,382],[198,2469,390],[198,3497,132],[198,3497,205],[198,3581,447],[199,500,302],[199,1446,486],[199,1752,2],[199,3110,227],[199,3465,261],[201,11,241],[201,11,272],[201,11,331],[201,27,289],[201,140,340],[201,140,384],[201,742,370],[201,742,210],[201,945,302],[201,945,330],[201,1395,417],[201,3103,467],[201,3103,450],[202,388,119],[202,388,305],[202,813,8],[203,555,486],[203,1009,351],[203,1727,259],[203,1727,363],[203,2030,208],[203,2559,301],[203,2559,313],[203,2559,404],[204,332,236],[204,1212,148],[204,1212,226],[204,1242,296],[204,1242,140],[204,1242,256],[204,1397,129],[204,1397,200],[204,1397,194],[204,2412,267],[205,1377,181],[205,1377,131],[205,3925,139],[205,3925,44],[205,3925,476],[206,1054,237],[206,1363,279],[207,1203,289],[207,1440,112],[208,816,378],[208,877,226],[208,2763,299],[208,2763,72],[208,2763,216],[208,3149,448],[208,3849,283],[209,1808,398],[209,3206,407],[209,3206,410],[209,3608,304],[209,3625,234],[210,268,457],[210,2528,360],[210,2560,426],[210,2608,234],[210,3193,389],[211,417,374],[211,1895,298],[211,1910,97],[211,1910,463],[211,2892,252],[211,3835,467],[212,1477,496],[212,1971,288],[212,1971,180],[212,3819,270],[212,3819,315],[213,338,322],[213,338,448],[213,752,479],[213,752,37],[213,799,375],[213,1556,338],[214,976,301],[214,1192,4],[214,1192,406],[214,1945,189],[214,2478,328],[215,2068,281],[215,2068,400],[215,2303,291],[215,2465,14],[215,2465,492],[215,2830,241],[215,3019,234],[215,3019,274],[216,2559,301],[216,2559,313],[216,2559,404],[216,2999,132],[217,1969,232],[217,1969,11],[217,1969,412],[217,2133,283],[217,2262,224],[217,2421,412],[218,352,442],[218,806,310],[218,1189,306],[218,2584,419],[218,2584,466],[218,2958,232],[218,3959,439],[219,241,242],[219,241,415],[219,901,421],[219,1067,363],[219,1450,237],[219,1821,367],[219,3049,278],[219,3570,385],[220,519,9],[220,853,94],[220,1121,340],[220,3119,449],[220,3136,193],[220,3136,354],[220,3136,449],[221,1451,267],[221,1451,351],[221,1789,80],[221,1789,347],[221,2038,225],[221,2038,452],[221,2297,355],[221,2297,347],[221,2994,422],[221,2994,61],[222,107,155],[222,107,475],[222,171,348],[222,171,359],[222,578,293],[222,578,254],[222,1682,255],[222,1996,261],[223,140,340],[223,140,384],[223,1165,413],[223,1165,416],[223,2760,327],[223,3131,246],[224,1137,493],[224,1137,262],[224,1471,469],[224,1761,32],[224,1969,232],[224,1969,11],[224,1969,412],[224,3191,275],[225,97,167],[225,814,286],[225,814,496],[225,1917,462],[225,3422,295],[226,280,215],[226,280,216],[226,280,490],[226,380,135],[226,3561,279],[226,3561,421],[226,3561,401],[227,696,206],[227,2997,190],[227,2997,456],[227,2997,290],[227,3693,222],[228,65,305],[228,499,55],[228,499,367],[228,499,297],[228,1138,353],[228,2815,414],[228,3756,442],[229,1055,248],[229,1796,189],[229,1796,244],[229,1922,461],[229,2263,1],[230,145,343],[230,841,267],[230,2299,317],[230,3788,420],[230,3788,452],[231,38,311],[231,185,459],[231,185,248],[231,185,438],[231,273,282],[231,556,215],[231,592,296],[232,3156,28],[232,3381,445],[232,3730,104],[232,3975,281],[233,2308,262],[233,2594,489],[233,2900,462],[233,2900,453],[233,2900,94],[233,3779,261],[234,31,366],[234,1213,220],[234,1213,432],[234,1980,376],[234,1980,128],[234,3798,489],[234,3798,408],[235,1525,157],[235,2375,318],[235,2375,486],[235,3493,1],[236,386,262],[236,2102,354],[236,2126,332],[236,2126,181],[236,2991,408],[236,3432,381],[237,1497,227],[237,2040,257],[237,2278,92],[237,2278,346],[237,3219,380],[238,1717,466],[238,2942,268],[238,3113,360],[239,505,165],[239,1139,276],[239,2501,289],[239,2501,491],[239,2501,366],[239,2960,265],[239,3101,449],[239,3101,265],[239,3101,463],[239,3251,396],[239,3251,103],[240,1299,123],[240,1299,379],[240,1328,228],[240,1548,270],[240,1548,310],[240,1656,481],[240,2337,389],[240,2337,455],[240,2870,365],[240,2870,496],[241,528,15],[241,528,436],[241,1655,96],[242,359,120],[242,359,89],[242,423,247],[242,971,385],[242,2479,142],[242,2479,451],[242,2479,362],[243,1883,455],[243,2173,313],[243,2173,422],[243,2375,318],[243,2375,486],[243,2691,333],[244,619,293],[244,619,258],[244,1021,329],[244,2734,500],[244,3632,307],[244,3632,40],[244,3632,301],[245,339,442],[245,707,359],[245,997,382],[245,1085,404],[245,1457,60],[245,1457,484],[245,2559,301],[245,2559,313],[245,2559,404],[245,3721,393],[246,1535,310],[246,2817,476],[246,2817,262],[247,954,371],[247,2913,29],[247,2913,273],[247,3744,299],[247,3961,281],[247,3961,308],[247,3970,437],[248,1224,309],[248,1649,258],[248,1649,262],[249,163,176],[249,163,374],[249,1672,303],[249,1672,406],[249,1928,193],[249,1928,272],[249,1928,356],[249,2327,391],[249,2327,306],[249,3349,208],[249,3349,386],[249,3810,444],[250,587,209],[250,587,467],[250,3016,293],[250,3335,259],[250,3335,214],[251,1057,461],[251,1057,302],[251,1512,373],[251,3296,270],[251,3613,327],[252,1150,493],[252,1201,218],[252,3853,24],[253,626,436],[253,626,393],[253,945,302],[253,945,330],[253,1058,373],[253,1091,207],[253,1941,475],[253,1941,310],[253,3561,279],[253,3561,421],[253,3561,401],[254,2393,320],[254,2393,394],[254,3095,352],[254,3095,403],[254,3095,421],[255,1267,163],[255,1267,53],[255,1267,387],[255,1267,143],[255,1978,368],[255,1978,385],[255,2385,329],[255,2757,345],[255,2757,445],[256,132,389],[256,1676,454],[256,2331,424],[257,289,272],[257,1019,298],[257,1019,90],[257,1626,291],[257,1855,443],[257,1879,358],[257,3951,365],[257,3951,280],[258,9,359],[258,133,314],[258,3623,175],[259,470,295],[259,528,15],[259,528,436],[259,3749,329],[259,3749,491],[260,96,264],[260,189,141],[260,424,92],[260,2001,325],[260,2001,191],[260,3859,288],[261,583,203],[261,2913,29],[261,2913,273],[261,3553,217],[261,3553,180],[261,3854,467],[262,885,412],[262,2382,377],[262,2382,487],[263,1001,315],[263,1074,315],[263,2850,160],[263,2850,218],[263,2850,484],[263,3395,337],[263,3395,320],[263,3972,75],[264,3351,287],[264,3954,216],[265,2724,206],[265,2870,365],[265,2870,496],[265,3141,188],[265,3773,471],[266,408,357],[266,3704,95],[267,1635,284],[267,1635,401],[267,1642,160],[268,1971,288],[268,1971,180],[268,2115,369],[268,2115,466],[269,388,119],[269,388,305],[269,1544,319],[269,1857,48],[269,1857,359],[269,1863,338],[269,3897,369],[269,3991,374],[270,679,172],[270,1545,126],[270,3973,402],[271,536,90],[271,1234,334],[271,1552,278],[271,2016,399],[271,2016,480],[271,2016,478],[271,2759,278],[271,2759,365],[271,2759,454],[271,3233,464],[272,996,384],[272,2059,19],[272,2059,116],[272,3210,330],[273,350,33],[273,350,389],[273,732,433],[273,824,454],[273,1026,348],[273,1125,315],[273,1125,482],[273,1740,94],[273,3037,500],[274,1170,190],[274,1170,259],[274,1522,287],[274,2723,309],[274,3532,244],[274,3532,172],[275,640,319],[275,694,404],[275,694,482],[275,1725,337],[275,2776,436],[275,3723,266],[275,3786,82],[276,119,29],[276,3958,363],[276,3958,197],[277,118,69],[277,2556,439],[277,3850,373],[278,582,102],[278,582,416],[278,582,297],[278,2774,114],[278,2774,408],[278,2774,356],[278,3100,480],[278,3206,407],[278,3206,410],[278,3806,271],[278,3806,351],[279,3196,485],[279,3196,176],[280,3187,110],[281,449,113],[281,449,124],[282,733,423],[282,1075,389],[282,1075,118],[282,2257,431],[282,2257,495],[282,2718,39],[282,2718,285],[283,1267,163],[283,1267,53],[283,1267,387],[283,1267,143],[283,1772,374],[283,1835,418],[283,1835,276],[283,1835,315],[284,1843,329],[284,1843,290],[284,1843,343],[284,2530,324],[284,3310,89],[284,3310,470],[285,641,145],[285,1623,446],[285,2254,419],[285,2363,494],[285,3472,480],[286,699,333],[286,2208,339],[286,2787,2],[286,2900,462],[286,2900,453],[286,2900,94],[286,3240,334],[286,3646,444],[286,3881,490],[286,3881,214],[287,742,370],[287,742,210],[287,831,267],[287,831,272],[287,2047,342],[288,1066,150],[288,1428,483],[288,2031,373],[288,2799,327],[288,3313,243],[288,3313,451],[289,1200,174],[290,126,284],[290,511,63],[291,1267,163],[291,1267,53],[291,1267,387],[291,1267,143],[291,2850,160],[291,2850,218],[291,2850,484],[291,3729,462],[291,3729,383],[292,167,419],[292,351,291],[292,351,403],[292,512,358],[292,2460,498],[292,2460,25],[292,2460,213],[292,3078,404],[292,3078,483],[292,3078,203],[293,3949,377],[293,3949,255],[294,582,102],[294,582,416],[294,582,297],[294,1131,43],[294,2798,429],[294,2798,266],[295,1061,342],[295,1061,370],[295,1204,98],[295,2129,330],[295,2129,433],[295,2849,2],[296,1254,300],[296,2302,313],[296,2558,85],[296,2558,172],[296,2558,497],[296,3751,355],[297,286,359],[297,293,434],[297,2836,491],[297,3150,200],[297,3150,411],[298,1397,129],[298,1397,200],[298,1397,194],[298,2944,330],[299,299,372],[299,790,145],[299,3475,425],[300,208,379],[300,1289,407],[300,1289,411],[300,3650,179],[300,3650,394],[301,542,411],[301,542,473],[301,1891,363],[301,3675,114],[302,127,229],[302,1953,132],[303,257,203],[303,1015,129],[303,3335,259],[303,3335,214],[304,972,443],[304,2179,333],[304,2655,298],[304,3179,198],[304,3310,89],[304,3310,470],[305,2348,467],[305,2737,71],[305,2769,185],[305,2769,260],[306,1039,115],[306,2109,14],[306,2109,318],[306,2864,148],[307,3770,87],[307,3998,155],[307,3998,352],[308,598,202],[308,598,236],[308,2359,270],[309,12,311],[309,2066,307],[309,2066,456],[309,2149,240],[309,2149,353],[309,3674,388],[310,758,301],[310,758,398],[310,1093,311],[310,1093,454],[311,2573,323],[311,2573,230],[312,582,102],[312,582,416],[312,582,297],[312,1629,318],[312,1629,282],[312,2679,458],[313,2419,458],[313,2419,334],[313,2831,297],[313,2831,320],[314,2159,453],[315,1445,346],[316,1218,281],[316,2327,391],[316,2327,306],[316,2706,313],[316,2861,72],[316,2861,121],[316,2861,331],[317,412,486],[317,1145,378],[317,1145,366],[317,1560,397],[317,1560,359],[317,1843,329],[317,1843,290],[317,1843,343],[318,844,366],[318,2559,301],[318,2559,313],[318,2559,404],[318,3401,409],[319,1587,371],[319,2842,335],[320,1034,316],[320,2949,406],[321,2139,59],[321,2191,473],[321,3446,250],[322,530,393],[322,530,457],[322,1526,337],[322,3332,396],[322,3386,409],[322,3893,323],[323,333,379],[323,2952,351],[323,2952,142],[323,3095,352],[323,3095,403],[323,3095,421],[324,3337,84],[324,3337,98],[324,3514,422],[324,3514,485],[324,3720,490],[325,244,351],[325,2333,375],[325,3107,430],[325,3591,419],[326,238,350],[326,238,264],[326,387,347],[326,896,471],[326,998,465],[326,998,383],[326,1010,230],[326,1010,485],[326,1013,355],[326,3742,43],[326,3742,279],[326,3889,11],[327,1070,133],[327,1070,269],[327,1070,485],[327,2601,483],[327,2601,392],[327,2835,399],[327,2835,291],[327,2835,348],[327,2886,498],[327,3742,43],[327,3742,279],[328,602,432],[328,602,475],[328,1320,435],[328,1320,58],[328,1563,112],[328,1748,294],[328,3548,376],[328,3548,238],[329,1523,87],[329,2337,389],[329,2337,455],[329,3536,399],[330,444,491],[330,1244,365],[330,3488,352],[330,3488,448],[331,615,75],[331,1264,106],[331,1264,16],[331,2545,299],[332,1093,311],[332,1093,454],[332,2098,344],[332,3035,450],[332,3199,483],[332,3998,155],[332,3998,352],[333,64,384],[333,2181,36],[333,2181,1],[333,2956,376],[334,438,231],[334,1396,236],[334,1977,209],[335,1487,407],[335,2719,186],[336,776,53],[336,776,442],[336,942,367],[336,3001,473],[336,3044,371],[336,3366,377],[336,3366,186],[336,3456,312],[337,630,396],[337,2990,371],[337,2990,74],[338,1310,339],[338,1310,241],[338,1610,369],[338,2032,468],[338,2032,166],[338,2674,288],[338,2759,278],[338,2759,365],[338,2759,454],[339,988,7],[339,1318,312],[339,1318,35],[339,1318,389],[339,1318,496],[339,2046,155],[339,2046,120],[339,2703,447],[339,2703,463],[339,2703,382],[340,364,336],[340,364,415],[340,1311,216],[340,1311,256],[340,1973,500],[340,3757,261],[340,3757,281],[341,134,344],[341,134,231],[341,999,496],[341,1361,456],[341,1361,296],[341,1361,470],[341,1756,464],[341,2128,358],[341,2195,345],[341,3605,152],[342,1161,256],[342,1275,393],[342,1928,193],[342,1928,272],[342,1928,356],[342,2465,14],[342,2465,492],[343,1462,212],[343,2046,155],[343,2046,120],[344,628,333],[344,823,246],[344,823,454],[344,823,59],[344,823,140],[344,823,199],[344,2232,238],[344,2837,252],[344,3159,328],[345,1012,475],[345,1269,323],[345,1269,382],[345,1269,488],[345,2072,402],[345,3116,439],[346,490,406],[346,979,242],[346,1192,4],[346,1192,406],[346,1672,303],[346,1672,406],[346,2536,202],[347,3273,370],[347,3280,447],[347,3412,208],[347,3867,28],[348,202,44],[348,395,185],[348,2358,399],[349,501,393],[349,616,419],[349,774,397],[349,1771,414],[349,1771,466],[349,3352,401],[350,1835,418],[350,1835,276],[350,1835,315],[350,2480,470],[350,3506,114],[350,3506,290],[350,3819,270],[350,3819,315],[351,3337,84],[351,3337,98],[352,2774,114],[352,2774,408],[352,2774,356],[352,3494,108],[353,11,241],[353,11,272],[353,11,331],[353,666,349],[353,3024,430],[353,3024,299],[354,675,167],[354,1466,210],[354,2498,439],[354,3801,370],[354,3801,305],[355,1999,52],[355,1999,417],[355,3365,276],[355,3537,469],[355,3655,7],[355,3655,32],[356,262,157],[356,463,393],[356,463,471],[356,508,498],[356,508,397],[356,531,10],[357,117,116],[357,788,383],[357,1158,84],[357,2703,447],[357,2703,463],[357,2703,382],[357,3804,391],[358,1382,3],[358,1773,314],[358,2888,388],[359,103,375],[359,542,411],[359,542,473],[360,3294,62],[360,3294,493],[360,3506,114],[360,3506,290],[361,1584,277],[361,2817,476],[361,2817,262],[361,3093,171],[362,1267,163],[362,1267,53],[362,1267,387],[362,1267,143],[362,1941,475],[362,1941,310],[362,2122,433],[362,3053,481],[362,3565,481],[362,3809,421],[362,3837,464],[363,892,465],[364,496,425],[364,905,146],[364,905,15],[364,1993,380],[364,2162,232],[364,2196,407],[364,2739,324],[365,2345,400],[365,2997,190],[365,2997,456],[365,2997,290],[365,3388,205],[366,105,78],[366,105,484],[366,105,331],[366,1409,480],[367,486,330],[367,2615,465],[367,2615,477],[368,1268,372],[368,2636,378],[368,2703,447],[368,2703,463],[368,2703,382],[369,34,184],[369,34,256],[369,34,321],[369,3749,329],[369,3749,491],[370,2479,142],[370,2479,451],[370,2479,362],[370,3439,125],[371,2289,425],[371,3437,180],[372,851,3],[372,1229,468],[372,1229,465],[372,2692,369],[372,3026,424],[373,2129,330],[373,2129,433],[374,3382,247],[374,3780,115],[375,347,460],[375,1163,414],[376,780,386],[376,1272,304],[376,2696,246],[376,3947,386],[377,846,251],[377,3424,385],[378,1286,436],[378,1286,170],[378,3697,446],[379,539,227],[379,539,314],[379,905,146],[379,905,15],[379,1548,270],[379,1548,310],[380,723,459],[381,499,55],[381,499,367],[381,499,297],[381,1560,397],[381,1560,359],[381,1635,284],[381,1635,401],[382,1439,418],[382,2589,434],[382,2589,73],[382,2589,340],[383,138,417],[383,2514,435],[383,3294,62],[383,3294,493],[384,160,358],[384,2434,432],[384,3002,415],[384,3366,377],[384,3366,186],[385,891,64],[385,2029,358],[386,36,423],[386,280,215],[386,280,216],[386,280,490],[386,626,436],[386,626,393],[386,1137,493],[386,1137,262],[387,782,38],[387,1558,427],[387,2667,99],[387,2667,248],[387,2699,223],[388,1489,152],[388,1815,483],[388,3523,430],[388,3523,495],[390,1561,468],[390,1628,465],[390,1779,105],[390,3224,300],[390,3224,162],[391,507,433],[391,1593,415],[392,241,242],[392,241,415],[392,303,342],[392,303,441],[392,1195,407],[392,1305,441],[392,1495,394],[393,1506,156],[393,1506,200],[394,794,161],[394,794,30],[394,1846,132],[394,1846,163],[394,2968,126],[394,2968,349],[395,1590,206],[395,2664,190],[395,2688,420],[395,2726,336],[395,3497,132],[395,3497,205],[395,3861,390],[396,1024,252],[396,1247,188],[396,2185,472],[396,2185,461],[396,2202,472],[397,230,403],[397,236,182],[397,236,476],[397,1501,18],[397,1501,379],[398,693,470],[398,693,321],[398,1850,478],[398,3909,471],[398,3913,157],[398,3913,251],[399,3161,353],[399,3930,314],[400,910,14],[400,2173,313],[400,2173,422],[400,2387,475],[400,2844,5],[400,2978,472],[401,2592,416],[401,3527,481],[401,3527,53],[402,2149,240],[402,2149,353],[402,2257,431],[402,2257,495],[402,3015,492],[402,3911,168],[402,3911,472],[403,2138,416],[403,2138,477],[403,3429,440],[404,3915,436],[405,842,446],[405,1780,244],[405,1780,364],[405,1780,498],[405,2138,416],[405,2138,477],[405,3758,429],[405,3758,493],[406,173,421],[406,961,426],[406,961,248],[406,2304,402],[407,3772,168],[408,1728,201],[408,2718,39],[408,2718,285],[408,2840,103],[409,252,158],[409,695,259],[409,695,497],[409,3186,494],[409,3925,139],[409,3925,44],[409,3925,476],[410,3196,485],[410,3196,176],[410,3490,17],[411,1493,460],[411,1518,164],[411,1918,195],[411,1918,78],[411,2540,110],[411,2540,19],[412,1414,413],[412,2233,12],[413,488,120],[413,488,145],[413,1968,33],[413,3622,453],[414,340,405],[414,2364,439],[414,2364,371],[415,1191,79],[415,1780,244],[415,1780,364],[415,1780,498],[416,1496,130],[417,276,28],[417,276,489],[417,3729,462],[417,3729,383],[418,139,229],[418,139,290],[418,671,484],[418,2382,377],[418,2382,487],[418,2614,108],[418,2614,382],[418,3166,22],[418,3166,284],[419,1848,42],[420,1636,126],[420,2453,86],[420,3285,182],[420,3293,52],[420,3293,289],[421,506,343],[421,2614,108],[421,2614,382],[421,3892,431],[421,3892,173],[421,3892,418],[422,1864,338],[422,3101,449],[422,3101,265],[422,3101,463],[423,538,453],[423,538,463],[423,1933,164],[423,3031,435],[424,2016,399],[424,2016,480],[424,2016,478],[424,3676,488],[424,3801,370],[424,3801,305],[425,817,258],[425,970,455],[425,970,223],[425,970,367],[425,1057,461],[425,1057,302],[426,2059,19],[426,2059,116],[426,2539,410],[426,2539,294],[426,2611,271],[426,3095,352],[426,3095,403],[426,3095,421],[426,3597,487],[426,3597,77],[427,149,65],[427,751,380],[427,751,96],[427,1500,111],[427,1500,133],[428,19,496],[428,747,469],[428,934,439],[428,1906,497],[428,2569,374],[428,2874,15],[428,2874,433],[428,3516,431],[428,3787,498],[428,3787,299],[429,499,55],[429,499,367],[429,499,297],[429,2493,142],[430,1674,321],[430,3910,415],[430,3910,136],[431,1904,474],[431,2049,385],[431,2282,159],[432,105,78],[432,105,484],[432,105,331],[432,978,449],[432,2038,225],[432,2038,452],[432,2347,438],[432,2347,341],[433,1463,306],[434,71,140],[434,71,445],[434,928,117],[434,1832,8],[434,1832,44],[434,2829,230],[435,2861,72],[435,2861,121],[435,2861,331],[435,3572,28],[435,3572,389],[435,3572,456],[436,509,307],[437,120,491],[437,697,20],[437,1719,277],[437,2410,63],[437,3518,349],[437,3658,468],[437,3658,84],[438,134,344],[438,134,231],[438,2219,424],[438,2219,334],[438,3237,171],[438,3483,303],[440,819,476],[440,3414,137],[441,1952,187],[441,2616,242],[441,2769,185],[441,2769,260],[443,646,61],[443,646,486],[443,2961,116],[443,3514,422],[443,3514,485],[443,3596,323],[443,3596,164],[444,777,311],[444,777,484],[444,2527,48],[445,325,319],[445,1877,244],[445,2116,473],[446,1837,451],[446,2205,482],[446,2450,464],[447,448,485],[447,967,476],[447,2588,479],[448,730,33],[448,3784,461],[448,3784,162],[449,785,490],[449,2997,190],[449,2997,456],[449,2997,290],[449,3758,429],[449,3758,493],[450,407,128],[450,407,442],[450,1209,360],[450,1209,477],[450,1209,293],[450,1934,404],[450,1934,264],[450,1934,258],[450,3572,28],[450,3572,389],[450,3572,456],[451,1061,342],[451,1061,370],[451,2759,278],[451,2759,365],[451,2759,454],[451,2929,141],[452,317,491],[452,562,361],[452,1926,270],[452,2343,311],[452,2741,493],[453,1604,214],[453,1604,26],[453,2910,224],[454,3014,438],[454,3014,316],[455,1442,354],[455,1609,464],[455,1903,486],[455,2127,485],[455,3362,485],[456,748,463],[456,748,472],[456,3172,433],[457,431,198],[457,478,466],[457,2361,466],[457,2584,419],[457,2584,466],[457,3050,114],[457,3050,162],[457,3855,487],[458,994,193],[458,3136,193],[458,3136,354],[458,3136,449],[459,287,64],[459,400,21],[459,635,306],[459,635,305],[459,1075,389],[459,1075,118],[460,377,26],[460,962,401],[460,1003,392],[460,1733,188],[460,1733,496],[460,3754,391],[461,1419,388],[462,3009,265],[462,3009,284],[462,3968,80],[463,1890,20],[463,1987,478],[465,794,161],[465,794,30],[465,1274,87],[465,3892,431],[465,3892,173],[465,3892,418],[466,1278,62],[466,1278,280],[467,2720,215],[467,2720,55],[467,2972,435],[467,3165,325],[468,2476,414],[468,3301,99],[468,3747,473],[469,105,78],[469,105,484],[469,105,331],[469,2134,477],[469,2134,436],[469,2433,61],[470,810,303],[470,1311,216],[470,1311,256],[470,2606,65],[471,100,210],[471,410,105],[471,1778,209],[471,2667,99],[471,2667,248],[472,584,477],[472,1963,474],[472,3359,492],[473,2018,495],[473,2291,445],[473,2859,419],[473,2859,479],[474,658,314],[474,2496,221],[474,2720,215],[474,2720,55],[474,3617,407],[475,3836,406],[476,260,478],[476,2016,399],[476,2016,480],[476,2016,478],[476,2615,465],[476,2615,477],[477,2035,496],[477,2466,500],[477,2466,379],[478,1318,312],[478,1318,35],[478,1318,389],[478,1318,496],[478,2039,464],[478,2364,439],[478,2364,371],[479,1377,181],[479,1377,131],[479,1619,277],[479,1677,500],[480,508,498],[480,508,397],[480,926,386],[481,1316,308],[482,1694,211],[482,1694,96],[483,1078,363],[484,775,156],[484,775,131],[484,2736,87],[485,554,81],[485,554,366],[486,434,383],[487,566,347],[488,428,175],[489,603,490],[489,2023,361],[489,2488,493],[489,2524,493],[490,171,348],[490,171,359],[490,1168,405],[491,870,353],[492,2662,495],[492,3952,179],[492,3952,389],[493,2172,229],[494,606,495],[494,1375,340],[494,1754,79],[494,3211,397],[494,3339,482],[494,3339,29],[495,571,190],[495,571,317],[495,3655,7],[495,3655,32],[497,55,103],[497,1300,283],[497,2201,57],[497,2201,32],[497,2201,335],[499,729,318],[499,729,437],[499,886,114],[499,2521,149],[499,3463,246],[500,1613,420]];

jitters = [10000,20000,1000,5000,2000,20000,20000,20000,20000,100000,20000,10000,10000,10000,1000,20000,20000,10000,20000,100000,20000,50000,10000,2000,10000,10000,10000,20000,5000,10000,10000,50000,100000,10000,50000,20000,20000,20000,10000,100000,20000,100000,10000,10000,20000,100000,20000,20000,50000,10000,100000,10000,5000,20000,10000,20000,100000,20000,10000,100000,10000,20000,100000,100000,100000,100000,10000,20000,20000,10000,10000,100000,100000,10000,100000,10000,10000,10000,10000,10000,20000,20000,20000,10000,20000,20000,20000,20000,10000,50000,20000,20000,20000,10000,100000,20000,20000,2000,100000,10000,20000,10000,20000,50000,2000,20000,10000,20000,20000,20000,10000,10000,50000,1000,10000,10000,10000,20000,10000,20000,100000,100000,10000,20000,10000,100000,10000,20000,100000,100000,10000,2000,100000,10000,100000,10000,100000,20000,20000,20000,10000,10000,10000,100000,50000,20000,20000,10000,10000,10000,5000,100000,20000,20000,10000,10000,10000,10000,10000,20000,100000,20000,2000,20000,20000,100000,20000,20000,100000,10000,10000,20000,100000,100000,10000,10000,10000,10000,2000,1000,20000,100000,20000,50000,5000,20000,20000,100000,100000,20000,100000,10000,20000,20000,20000,10000,20000,10000,20000,10000,100000,10000,10000,20000,20000,10000,100000,10000,100000,1000,100000,20000,10000,100000,100000,2000,50000,20000,10000,100000,100000,10000,20000,50000,100000,10000,20000,10000,10000,100000,20000,20000,50000,100000,10000,20000,10000,1000,100000,20000,10000,10000,100000,10000,10000,20000,10000,20000,100000,10000,20000,100000,20000,2000,10000,20000,100000,10000,10000,20000,20000,50000,2000,20000,100000,20000,100000,1000,10000,20000,20000,100000,20000,20000,10000,100000,20000,20000,10000,10000,10000,20000,100000,100000,20000,100000,20000,20000,100000,100000,100000,20000,10000,10000,100000,20000,10000,100000,10000,20000,10000,20000,100000,100000,10000,20000,10000,20000,20000,20000,20000,20000,2000,50000,2000,100000,10000,20000,10000,2000,10000,20000,20000,100000,10000,100000,20000,100000,10000,100000,100000,20000,100000,100000,10000,10000,20000,10000,10000,100000,20000,20000,100000,20000,20000,2000,100000,20000,20000,100000,10000,20000,10000,20000,20000,20000,100000,20000,10000,1000,20000,20000,10000,10000,100000,20000,10000,10000,10000,100000,10000,10000,20000,100000,10000,100000,10000,10000,20000,10000,20000,10000,100000,100000,10000,100000,10000,20000,20000,10000,100000,5000,20000,5000,100000,20000,20000,100000,20000,20000,20000,20000,20000,10000,20000,2000,10000,10000,20000,100000,10000,50000,50000,10000,100000,20000,100000,100000,20000,100000,20000,100000,100000,20000,10000,1000,10000,20000,10000,10000,20000,100000,20000,10000,100000,10000,10000,100000,20000,20000,5000,10000,10000,100000,10000,20000,10000,10000,100000,20000,20000,100000,50000,20000,10000,20000,1000,20000,10000,10000,10000,100000,100000,20000,10000,1000,100000,10000,20000,100000,100000,20000,10000,20000,20000,20000,20000,50000,10000,20000,20000,20000,20000,100000,10000,10000,1000,20000,100000,100000,10000,20000,100000,20000,20000,20000,5000,20000,100000,20000];

