NumChains = 50;
NumResources = 3;
NumRunnablesInChains = 272;
MemoryBoundOnResource = 1048576;
UtilizationBoundOnResource = 100;

numberOfTasksinChain = [9,13,9,13,9,11,11,7,11,9,11,7,7,13,11,13,9,13,13,9,9,7,7,9,9,9,13,11,11,11,11,11,9,9,7,7,7,9,7,11,11,13,11,7,13,13,9,7,9,9];

runnablesInChains = [253,463,459,457,460,331,284,96,90,424,276,343,470,341,393,55,221,152,468,415,436,90,346,67,74,492,328,383,147,273,301,286,204,153,33,435,57,42,234,420,83,122,393,391,175,390,172,287,340,408,306,308,342,148,208,32,9,196,5,327,380,265,164,190,299,217,389,70,456,148,84,275,491,394,244,34,395,263,283,163,485,323,21,454,196,285,402,250,128,265,418,457,84,387,284,391,207,419,312,135,19,26,47,14,134,70,458,224,473,166,44,150,224,112,431,97,412,108,238,10,149,230,140,59,304,472,119,270,191,9,70,226,55,316,312,121,261,215,132,57,219,228,64,499,215,420,151,259,78,328,76,272,210,215,244,71,25,292,300,411,246,185,467,286,27,368,133,122,69,117,49,379,52,158,166,262,86,191,2,228,384,182,441,116,126,287,429,381,484,471,79,490,132,423,96,90,79,300,127,199,411,431,391,6,306,117,290,6,172,139,383,366,59,386,15,475,210,386,275,423,291,384,422,241,126,470,19,131,373,254,310,426,401,108,245,456,297,258,446,342,20,376,355,208,211,258,353,259,398,487,95,107,343,116,358,333,305,395,219,176,80,212,284,228,83,334,236,298,114,497,407,2];

ProcessingTimesOfMessages = [[1,1,1,1,1,1,1,1,1,1,1,1,1,1,1,1,1],[1,1,1,1,1,1,1,1,1,1],[1,1,1,1,1,1,1,1,1,1,1,1],[1,1,1,1,1,1,1,1,1,1,1,1],[1,1,1,1,1,1,1,1],[1,1,1,1,1,1],[1,1,1,1,1],[1,1,1,1,1,1,1,1,1,1,1,1],[1,1,1,1,1,1,1,1,1],[1,1,1,1,1,1,1,1,1],[1,1,1,1,1,1,1,1,1],[1,1,1,1,1,1],[1,1,1,1],[1,1,1,1,1,1,1,1,1,1],[1,1,1,1,1,1],[1,1,1,1,1,1,1,1,1,1],[1,1,1,1,1,1,1,1],[1,1,1,1,1,1,1,1,1,1],[1,1,1,1,1,1],[1,1,1,1,1,1,1,1,1],[1,1,1,1,1,1],[1,1,1,1,1,1,1,1,1],[1,1,1,1,1,1,1],[1,1,1,1,1,1],[1,1,1,1,1,1,1,1],[1,1,1,1,1,1,1,1,1],[1,1,1,1,1,1,1],[1,1,1,1,1,1,1],[1,1,1,1,1,1,1,1,1],[1,1,1,1,1,1,1,1,1,1,1],[1,1,1,1,1,1,1,1,1,1],[1,1,1,1,1,1,1,1],[1,1,1,1,1,1,1],[1,1,1,1,1,1,1],[1,1,1,1,1,1,1,1,1,1,1],[1,1,1,1,1,1,1,1,1,1],[1,1,1,1,1,1,1,1,1,1],[1,1,1,1,1,1,1,1,1,1,1],[1,1,1,1,1,1,1],[1,1,1,1,1,1],[1,1,1,1,1],[1,1,1,1,1,1,1,1,1],[1,1,1,1,1,1,1,1,1],[1,1,1,1,1,1,1],[1,1,1,1,1,1],[1,1,1,1,1,1,1],[1,1,1,1,1,1,1,1],[1,1,1,1,1,1,1,1,1,1],[1,1,1,1,1],[1,1,1,1,1,1,1,1,1,1,1,1,1,1],[1,1,1,1,1,1,1,1,1,1,1,1],[1,1,1,1,1,1],[1,1,1,1,1,1,1,1,1,1,1,1],[1,1,1,1,1,1,1,1,1],[1,1,1,1,1,1,1,1,1,1,1],[1,1,1,1,1,1,1],[1,1,1,1,1,1,1,1,1,1,1],[1,1,1,1,1],[1,1,1,1,1,1,1,1,1,1,1,1],[1,1,1,1,1,1,1,1],[1,1,1,1,1,1,1,1],[1,1,1,1,1,1,1,1,1,1],[1,1,1,1,1],[1,1,1,1,1,1,1,1,1],[1,1,1,1,1,1],[1,1,1,1,1],[1,1,1,1,1,1,1],[1,1,1,1,1,1,1,1],[1,1,1,1,1,1,1,1,1,1,1],[1,1,1,1,1,1,1,1,1,1],[1,1,1,1,1,1,1],[1,1,1,1,1,1,1,1],[1,1,1,1,1,1,1,1,1,1,1,1],[1,1,1,1,1,1,1,1],[1,1,1,1,1,1,1,1,1],[1,1,1,1,1,1,1,1,1,1],[1,1,1,1,1,1,1,1,1],[1,1,1,1],[1,1,1],[1,1,1,1,1,1,1,1,1],[1,1,1,1],[1,1,1,1,1],[1,1,1,1,1,1],[1,1,1,1,1,1],[1,1,1,1,1,1,1,1,1,1,1,1],[1,1,1,1,1,1,1,1],[1,1,1,1,1,1,1],[1,1,1,1,1,1],[1,1,1,1,1,1,1,1],[1,1,1,1,1,1,1,1,1,1],[1,1,1,1,1,1,1,1,1,1,1],[1,1,1,1,1,1,1,1,1,1],[1,1,1,1,1,1,1,1],[1],[1,1,1,1,1,1,1,1,1,1,1,1],[1,1,1,1,1,1,1],[1,1,1,1,1],[1,1,1,1,1,1,1,1,1,1,1,1,1,1],[1,1,1,1,1,1],[1,1,1,1,1,1,1,1,1],[1,1,1,1,1,1,1,1,1],[1,1,1,1,1,1,1],[1,1,1,1,1,1,1,1,1,1],[1,1,1,1,1,1,1,1,1,1,1,1],[1,1,1,1,1,1,1,1,1,1,1,1,1],[1,1,1,1,1,1,1,1,1,1,1,1],[1,1,1,1,1,1,1,1,1,1,1,1,1],[1,1,1,1,1,1,1,1,1],[1,1,1,1,1,1,1,1,1],[1,1,1,1,1,1,1],[1,1,1,1,1,1,1,1,1,1,1],[1,1,1,1,1,1,1,1],[1,1,1,1,1,1],[1,1,1,1,1,1,1,1,1],[1,1,1,1,1],[1,1,1,1,1,1,1,1,1,1,1,1,1,1,1,1,1,1],[1,1,1,1,1,1,1,1,1,1],[1,1,1,1,1,1,1,1,1,1],[1,1,1,1,1,1,1,1],[1,1,1],[1,1,1,1,1,1,1],[1,1,1,1,1,1,1,1,1,1],[1,1,1,1,1,1,1,1,1,1,1,1],[1,1,1,1,1,1],[1,1,1,1],[1,1,1,1,1,1,1,1,1,1],[1,1,1,1,1,1,1],[1,1,1,1,1,1,1,1,1],[1,1,1,1,1,1,1,1,1,1],[1,1,1,1,1,1],[1,1,1,1,1,1,1,1,1,1,1],[1,1,1,1],[1,1,1,1,1,1,1,1,1,1,1],[1,1,1,1,1,1,1],[1,1,1,1,1,1,1,1,1,1,1],[1,1,1,1,1,1,1,1,1,1],[1,1,1,1],[1,1,1,1,1,1,1,1,1,1,1],[1,1,1,1,1,1,1,1],[1,1,1,1,1,1,1,1,1,1,1],[1,1,1,1,1,1,1,1],[1,1,1,1,1,1,1,1,1,1],[1,1,1,1,1],[1,1,1,1],[1,1,1,1],[1,1,1,1,1,1,1,1,1,1],[1,1,1,1,1,1,1,1,1,1,1,1,1],[1,1,1,1],[1,1,1,1,1,1],[1,1,1,1,1],[1,1,1,1,1,1,1,1,1],[1,1,1,1,1,1],[1,1,1,1,1,1,1,1,1],[1,1,1,1,1,1,1,1,1],[1,1,1,1,1],[1,1,1,1,1,1,1,1,1],[1,1,1,1,1,1,1],[1,1,1,1,1,1,1,1,1,1,1,1],[1,1,1,1,1,1,1,1,1,1],[1,1,1,1,1,1,1,1,1,1,1],[1,1,1,1,1,1,1,1,1,1,1,1,1,1,1,1],[1,1,1,1,1,1],[1,1,1,1,1],[1,1,1,1,1,1,1,1,1,1,1,1],[1,1,1,1,1,1,1,1,1,1,1,1,1],[1,1,1,1,1,1,1,1,1],[1,1,1,1,1,1,1,1],[1,1,1,1,1,1,1],[1,1,1,1,1],[1,1,1,1,1,1,1,1],[1,1,1,1,1,1,1,1,1],[1,1,1,1,1,1],[1,1,1,1,1,1,1],[1,1,1,1,1,1,1,1,1],[1,1,1,1,1,1,1],[1,1,1],[1,1,1,1,1,1,1,1,1],[1,1,1,1,1,1,1,1],[1,1,1,1,1,1,1,1,1,1,1,1],[1,1,1,1,1,1,1,1],[1,1,1,1,1,1,1,1,1,1,1],[1,1,1,1,1,1,1,1],[1,1,1,1,1,1,1,1],[1,1,1,1,1,1,1,1,1,1],[1,1,1,1,1,1],[1,1,1,1,1,1,1,1,1,1,1,1,1,1],[1,1,1,1,1,1,1,1,1],[1,1,1,1,1,1,1,1,1],[1,1,1,1,1,1,1,1,1],[1,1,1,1,1,1,1,1,1,1,1],[1,1,1],[1,1,1],[1,1,1,1],[1,1,1,1],[1,1,1,1,1,1,1,1],[1,1,1],[1,1,1,1,1,1,1,1,1,1,1],[1,1,1,1,1,1,1,1],[1,1,1,1,1,1,1,1],[1,1,1,1,1,1,1,1,1],[1,1,1,1,1,1,1,1,1,1],[1,1,1,1,1],[1,1,1,1,1,1,1,1,1,1,1,1,1,1,1],[1,1,1,1,1,1],[1,1,1,1,1,1,1,1],[1,1,1,1,1,1,1,1,1,1,1],[1,1,1,1,1,1,1,1,1],[1,1,1,1,1,1,1,1],[1,1,1,1,1,1,1,1],[1,1,1,1,1,1,1,1,1,1],[1,1,1],[1,1,1,1,1],[1,1,1,1,1,1],[1,1,1,1,1,1,1,1,1,1,1],[1,1,1,1,1,1,1,1],[1,1,1,1],[1,1,1],[1,1,1,1,1,1,1,1,1],[1,1,1,1,1],[1,1,1,1,1,1,1,1],[1,1,1,1,1,1,1,1],[1,1,1,1,1],[1,1,1,1,1,1],[1,1,1,1,1],[1,1,1,1,1],[1,1,1,1,1,1],[1,1,1,1,1,1,1,1,1],[1,1,1,1,1,1,1,1],[1,1,1,1,1,1],[1],[1,1,1,1,1,1,1],[1,1,1,1,1,1,1,1,1,1,1,1],[1,1,1,1,1,1,1,1,1],[1,1,1,1,1,1,1,1],[1,1,1,1,1,1,1,1,1],[1,1,1,1,1,1],[1,1,1,1,1,1],[1,1,1,1,1],[1,1,1,1,1,1,1,1],[1,1,1,1,1,1,1,1,1,1],[1,1,1,1,1,1,1],[1,1,1],[1,1,1,1,1,1,1,1],[1,1,1,1],[1,1],[1,1,1,1,1,1,1],[1,1,1,1],[1,1,1,1,1,1],[1,1,1,1,1,1],[1,1,1,1,1,1,1,1,1,1,1],[1,1,1,1,1,1,1,1,1,1],[1,1,1,1],[1,1,1,1,1,1,1,1,1,1,1,1,1],[1,1,1,1,1,1],[],[1,1,1,1,1,1,1],[1,1,1,1,1,1,1,1,1,1,1,1],[1,1,1,1,1,1,1],[1,1,1,1,1,1,1,1,1,1],[1,1,1,1,1,1,1,1],[1,1,1,1,1,1,1],[1,1,1,1],[1,1,1,1,1],[1,1,1,1,1,1,1,1,1,1],[1,1,1],[1,1,1,1,1,1,1,1,1,1],[1,1,1,1,1,1,1,1,1],[1,1,1,1,1,1],[1,1,1,1,1,1],[1,1,1,1,1,1,1],[1,1,1,1,1,1,1,1],[1,1,1,1],[1,1,1,1,1,1],[1,1,1,1],[1,1,1,1],[1,1,1,1,1,1,1],[1,1,1,1,1,1],[1,1,1,1,1,1,1,1,1],[1,1,1,1,1,1,1],[1,1,1,1,1,1,1,1],[1,1,1,1,1,1,1,1,1,1],[1,1],[1,1,1,1,1,1,1,1],[1,1,1,1,1,1,1],[1,1,1,1,1,1,1,1,1,1,1,1],[1,1],[1,1,1,1,1,1],[1,1,1,1,1,1,1,1,1],[1,1],[1,1,1,1,1,1],[1,1,1,1,1,1,1],[1,1,1,1],[1,1,1,1,1,1,1,1,1,1],[1,1,1,1],[1,1,1,1,1,1,1,1,1],[1,1,1,1,1,1],[1,1,1,1,1,1],[1,1,1,1,1,1,1,1],[1,1,1,1],[1,1,1,1,1],[1,1,1],[1,1,1,1,1,1,1],[1,1,1,1,1,1,1,1,1,1,1,1,1,1,1],[1,1,1,1],[1,1,1,1,1,1,1,1,1,1],[1,1,1,1,1,1,1,1],[1,1,1,1,1,1,1],[1,1,1,1,1,1,1,1,1,1,1],[1,1,1,1,1],[1,1,1,1,1,1,1],[1,1,1,1,1,1,1],[1,1,1,1],[1,1,1,1,1,1,1,1,1,1,1],[1,1,1,1,1,1,1,1,1,1],[1,1,1,1,1,1,1],[1,1,1],[1],[1,1],[1,1,1,1,1,1,1,1,1,1],[1,1,1,1,1,1],[1,1,1,1,1,1,1,1],[1,1,1],[1,1,1,1,1,1,1],[1,1,1,1,1,1,1,1,1,1],[1,1,1,1,1],[1,1,1,1],[1,1],[1,1,1],[1,1,1,1],[],[1,1,1,1,1],[1],[1,1,1,1,1],[1,1],[1,1,1,1,1],[1,1,1,1,1,1],[1,1,1,1,1,1,1,1,1],[1,1,1,1,1,1,1,1],[1,1,1,1,1,1],[1,1,1,1],[1,1],[1,1,1,1],[1],[1,1,1,1,1,1,1,1],[1,1,1,1,1,1,1,1],[1,1,1,1,1,1,1,1],[1,1,1,1,1,1,1,1,1,1],[],[1,1,1,1,1,1,1,1],[1,1],[1,1,1,1,1],[1,1,1,1,1,1,1],[1,1,1,1,1,1,1],[1,1,1,1,1,1],[1,1,1,1,1],[1,1,1,1,1],[1,1,1],[1,1,1,1],[],[1,1,1,1],[1,1,1,1,1,1,1,1,1],[1,1,1],[1,1,1,1,1,1,1,1],[1,1,1,1,1,1],[1,1,1,1,1,1,1],[1,1,1,1],[1,1,1],[1,1,1,1,1,1,1],[1,1,1,1,1],[1,1,1],[1,1,1,1,1,1,1,1,1,1],[1,1,1,1,1],[1,1,1,1,1,1],[1,1,1,1,1,1,1,1,1],[1,1,1,1,1,1,1,1],[1,1,1,1,1],[1,1,1,1,1,1,1,1],[1,1,1,1],[1,1,1,1],[1,1],[1,1,1,1,1,1,1],[1,1,1,1,1,1],[1,1,1,1,1,1,1],[1,1,1,1,1,1,1,1],[1,1],[1,1],[1,1,1,1,1,1,1],[1,1,1,1,1,1,1],[1,1],[1,1,1,1,1,1,1],[1,1,1,1,1,1],[1,1,1,1,1,1],[1,1,1,1],[1,1,1,1,1,1],[1,1],[1,1,1,1,1],[1,1,1,1,1],[1,1,1,1],[1,1,1,1,1,1,1,1,1,1],[1,1,1,1,1],[1,1],[1,1,1,1],[1,1,1,1,1,1],[1],[1,1,1,1,1,1,1,1],[1,1,1],[1,1,1,1],[1,1,1,1,1,1,1],[1,1,1],[1,1,1],[1,1,1,1,1,1,1,1],[1,1,1,1,1],[1,1,1],[1,1,1,1,1,1,1,1],[1,1,1],[1,1,1,1,1,1],[1,1,1,1,1,1,1,1,1],[1,1,1,1,1,1,1],[1,1,1],[1,1,1],[1,1,1,1,1,1,1],[1,1,1,1,1,1,1,1],[1,1,1,1,1],[1,1,1,1],[1,1,1,1],[1,1,1],[1,1],[1,1,1,1,1,1,1,1,1],[1,1,1,1,1,1,1],[],[1,1,1],[1,1,1],[1,1,1],[1,1,1,1,1,1,1],[1,1,1,1,1,1,1],[1,1,1,1,1],[1,1,1,1,1],[1,1,1,1,1],[1,1,1,1,1,1,1,1],[1,1,1],[1,1,1,1,1,1],[1,1,1,1,1,1],[1],[1,1,1,1,1],[1,1],[1,1,1,1],[1],[1],[1,1,1,1,1,1,1,1],[1,1,1,1,1,1],[1,1,1,1,1,1,1],[1,1,1,1,1,1,1],[1,1,1,1,1],[1,1,1,1,1,1,1],[1,1,1,1],[1,1,1],[1,1,1,1,1,1],[1,1,1,1,1,1],[1,1,1,1,1,1,1],[1,1,1],[1,1,1,1,1],[1,1],[1],[1],[1,1,1],[1],[1,1,1,1,1,1,1],[1,1,1],[1],[1,1,1,1,1],[1,1,1,1],[1],[1,1,1,1,1,1,1],[1,1],[1,1,1,1,1],[1,1,1,1,1,1,1],[1,1,1],[1,1,1,1],[1,1,1,1,1,1,1,1],[1],[1],[1,1],[1],[],[1,1,1,1,1,1],[],[1,1,1,1,1],[1,1,1,1,1,1],[1],[1,1,1],[1,1],[1,1,1,1,1,1],[1],[1,1,1,1,1],[1,1,1,1,1],[1,1,1,1,1],[1,1,1],[1,1],[1,1],[1,1]];

processingTimesRunnables = [4,5,2,3,4,4,4,4,5,7,6,6,5,4,3,3,3,6,5,5,5,6,2,3,5,4,3,3,6,4,3,6,6,7,3,5,6,5,2,3,4,4,5,5,6,6,5,4,5,5,6,5,4,3,5,5,5,5,3,5,5,5,4,5,6,5,4,3,6,3,6,3,3,5,5,4,5,5,5,5,5,6,7,4,3,5,5,7,6,2,5,5,7,2,7,5,3,5,5,5,6,6,5,4,5,7,3,5,6,2,3,5,5,3,7,4,7,5,3,5,2,5,2,5,3,5,7,3,6,5,5,5,5,3,5,4,5,6,7,5,5,5,4,6,2,3,3,5,5,5,4,4,2,5,5,6,5,5,5,5,4,5,6,5,4,5,4,6,5,3,2,5,5,5,3,4,7,5,3,6,5,6,4,5,4,5,4,3,4,5,2,5,3,7,3,3,5,3,5,4,5,3,4,4,7,2,4,5,5,5,6,4,5,5,3,4,3,5,2,5,6,3,5,6,5,7,5,2,3,7,7,5,3,4,6,4,4,4,3,5,5,4,6,5,5,5,3,3,3,6,7,5,6,3,2,7,4,5,7,4,7,3,3,5,3,3,3,7,5,5,4,4,4,6,3,5,6,4,5,4,5,5,5,3,6,6,5,2,5,3,4,5,4,4,4,3,6,6,5,6,3,5,5,3,5,5,4,2,5,6,5,6,5,4,6,4,3,6,3,4,5,4,3,3,6,5,6,4,5,2,4,4,4,6,6,5,5,7,5,6,4,6,6,5,4,5,6,4,4,5,5,5,4,6,5,3,5,2,5,5,5,6,4,4,4,6,2,5,5,5,6,4,5,4,5,4,7,3,5,7,3,3,6,6,4,5,6,7,5,5,5,3,5,3,5,5,7,6,7,4,4,5,5,3,7,3,6,5,3,4,5,5,3,5,3,2,4,5,7,4,7,6,5,4,5,4,3,5,5,6,2,4,6,5,4,5,3,5,4,6,3,6,5,5,5,5,3,2,5,4,5,6,5,3,4,3,5,3,3,4,5,6,7,5,3,5,4,5,3,5,5,3,5,4,6,6,2,3,5,4,2,5,4,6,5,5,3,5,6,4,5,5,7,6,6,5,5,5,5,6];

periods = [20000,100000,1000,10000,100000,10000,100000,10000,100000,10000,50000,100000,100000,100000,20000,100000,1000,100000,10000,100000,50000,20000,100000,100000,5000,10000,1000,10000,10000,5000,50000,100000,1000,20000,100000,20000,100000,10000,50000,1000,10000,20000,20000,100000,10000,100000,100000,20000,10000,10000,20000,10000,10000,10000,10000,20000,20000,100000,20000,2000,100000,1000,10000,20000,100000,20000,20000,100000,10000,100000,5000,100000,10000,20000,100000,20000,10000,20000,20000,20000,10000,10000,20000,20000,100000,100000,20000,100000,10000,20000,50000,100000,10000,10000,20000,20000,10000,20000,10000,10000,20000,100000,100000,20000,10000,100000,20000,10000,10000,100000,100000,100000,100000,100000,10000,20000,10000,10000,20000,100000,10000,10000,100000,20000,10000,10000,5000,100000,20000,20000,10000,20000,1000,100000,10000,10000,100000,20000,10000,10000,50000,20000,20000,100000,10000,10000,20000,100000,10000,100000,20000,20000,1000,20000,10000,100000,10000,100000,100000,50000,100000,10000,50000,10000,20000,100000,10000,1000,20000,50000,10000,10000,10000,100000,10000,20000,20000,50000,20000,20000,10000,20000,100000,20000,1000,100000,100000,10000,10000,10000,100000,10000,10000,100000,20000,100000,100000,20000,5000,10000,10000,100000,100000,1000,100000,2000,10000,100000,20000,20000,100000,20000,50000,10000,20000,10000,10000,100000,20000,100000,10000,10000,10000,100000,100000,100000,10000,20000,100000,10000,10000,2000,20000,20000,20000,20000,2000,10000,20000,10000,10000,2000,50000,20000,10000,5000,50000,20000,10000,100000,10000,10000,20000,10000,100000,100000,10000,100000,20000,100000,10000,100000,50000,10000,100000,2000,100000,10000,2000,100000,5000,20000,1000,10000,20000,20000,20000,10000,20000,20000,20000,100000,50000,20000,100000,1000,10000,20000,50000,10000,20000,5000,10000,100000,20000,100000,100000,100000,10000,5000,1000,100000,2000,20000,20000,10000,100000,100000,20000,10000,1000,10000,20000,10000,10000,10000,50000,2000,20000,10000,10000,10000,50000,10000,20000,20000,100000,20000,10000,100000,20000,10000,20000,20000,100000,10000,10000,10000,50000,10000,10000,100000,20000,20000,100000,20000,20000,10000,20000,100000,20000,100000,20000,100000,100000,20000,1000,20000,10000,10000,20000,10000,20000,20000,20000,20000,100000,1000,10000,20000,100000,100000,10000,10000,50000,100000,20000,1000,10000,100000,10000,100000,20000,20000,1000,20000,20000,2000,100000,10000,10000,10000,10000,20000,20000,10000,10000,20000,100000,10000,10000,100000,20000,100000,100000,20000,100000,10000,100000,100000,5000,10000,5000,20000,20000,100000,20000,20000,10000,20000,20000,10000,20000,20000,20000,10000,100000,100000,10000,50000,10000,20000,5000,100000,20000,20000,5000,20000,20000,100000,20000,100000,10000,100000,20000,100000,10000,100000,10000,10000,10000,20000,20000,100000,10000,100000,20000,100000,20000,20000,100000,100000,20000,10000,10000,10000,1000,20000,10000,10000,20000,20000,100000,100000,20000,20000,20000,20000,20000,20000,100000,2000,10000,10000,50000,10000,20000,100000,100000,20000,20000,20000,20000,10000,2000,100000,100000,20000,20000,100000];

communicationTimeForOrderCriticalMessages = [1,1,1,1,1,1,1,1,1,1,1,1,1,1,1,1,1,1,1,1,1,1,1,1,1,1,1,1,1,1,1,1,1,1,1,1,1,1,1,1,1,1,1,1,1,1,1,1,1,1,1,1,1,1,1,1,1,1,1,1,1,1,1,1,1,1,1,1,1,1,1,1,1,1,1,1,1,1,1,1,1,1,1,1,1,1,1,1,1,1,1,1,1,1,1,1,1,1,1,1,1,1,1,1,1,1,1,1,1,1,1,1,1,1,1,1,1,1,1,1,1,1,1,1,1,1,1,1,1,1,1,1,1,1,1,1,1,1,1,1,1,1,1,1,1,1,1,1,1,1,1,1,1,1,1,1,1,1,1,1,1,1,1,1,1,1,1,1,1,1,1,1,1,1,1,1,1,1,1,1,1,1,1,1,1,1,1,1,1,1,1,1,1,1,1,1,1,1,1,1,1,1,1,1,1,1,1,1,1,1,1,1,1,1,1,1,1,1,1,1,1,1];

sizeOfRunnables = [1,1,1,1,1,1,1,1,1,1,1,1,1,1,1,1,1,1,1,1,1,1,1,1,1,1,1,1,1,1,1,1,1,1,1,1,1,1,1,1,1,1,1,1,1,1,1,1,1,1,1,1,1,1,1,1,1,1,1,1,1,1,1,1,1,1,1,1,1,1,1,1,1,1,1,1,1,1,1,1,1,1,1,1,1,1,1,1,1,1,1,1,1,1,1,1,1,1,1,1,1,1,1,1,1,1,1,1,1,1,1,1,1,1,1,1,1,1,1,1,1,1,1,1,1,1,1,1,1,1,1,1,1,1,1,1,1,1,1,1,1,1,1,1,1,1,1,1,1,1,1,1,1,1,1,1,1,1,1,1,1,1,1,1,1,1,1,1,1,1,1,1,1,1,1,1,1,1,1,1,1,1,1,1,1,1,1,1,1,1,1,1,1,1,1,1,1,1,1,1,1,1,1,1,1,1,1,1,1,1,1,1,1,1,1,1,1,1,1,1,1,1,1,1,1,1,1,1,1,1,1,1,1,1,1,1,1,1,1,1,1,1,1,1,1,1,1,1,1,1,1,1,1,1,1,1,1,1,1,1,1,1,1,1,1,1,1,1,1,1,1,1,1,1,1,1,1,1,1,1,1,1,1,1,1,1,1,1,1,1,1,1,1,1,1,1,1,1,1,1,1,1,1,1,1,1,1,1,1,1,1,1,1,1,1,1,1,1,1,1,1,1,1,1,1,1,1,1,1,1,1,1,1,1,1,1,1,1,1,1,1,1,1,1,1,1,1,1,1,1,1,1,1,1,1,1,1,1,1,1,1,1,1,1,1,1,1,1,1,1,1,1,1,1,1,1,1,1,1,1,1,1,1,1,1,1,1,1,1,1,1,1,1,1,1,1,1,1,1,1,1,1,1,1,1,1,1,1,1,1,1,1,1,1,1,1,1,1,1,1,1,1,1,1,1,1,1,1,1,1,1,1,1,1,1,1,1,1,1,1,1,1,1,1,1,1,1,1,1,1,1,1,1,1,1,1,1,1,1,1,1,1,1,1,1,1,1,1,1,1,1,1,1,1,1,1,1,1,1,1,1,1,1,1,1,1,1,1,1,1,1,1,1,1,1,1,1,1,1,1];

SenderLabelReceiverOrderCriticalChains = [[253,808,0,0,463],[463,3599,0,0,459],[459,1309,0,0,457],[457,3678,0,0,460],[331,1654,0,0,284],[284,884,0,0,96],[96,3076,3273,0,90],[90,498,0,0,424],[424,629,0,0,276],[276,2336,0,0,343],[470,593,0,0,341],[341,3383,0,0,393],[393,571,0,0,55],[55,1356,0,0,221],[152,338,0,0,468],[468,2476,0,0,415],[415,3241,0,0,436],[436,2601,0,0,90],[90,1555,0,0,346],[346,2488,0,0,67],[74,2484,0,0,492],[492,3430,0,0,328],[328,2090,0,0,383],[383,2316,0,0,147],[273,1408,0,0,301],[301,3228,0,0,286],[286,598,0,0,204],[204,1440,2880,0,153],[153,1240,0,0,33],[435,27,0,0,57],[57,3989,0,0,42],[42,1179,0,0,234],[234,3307,0,0,420],[420,409,0,0,83],[122,1614,0,0,393],[393,1949,0,0,391],[391,3400,0,0,175],[390,2823,0,0,172],[172,2661,0,0,287],[287,3072,0,0,340],[340,3712,0,0,408],[408,119,0,0,306],[308,2993,3704,0,342],[342,1800,0,0,148],[148,141,0,0,208],[208,2291,0,0,32],[9,3173,0,0,196],[196,496,0,0,5],[5,3326,0,0,327],[327,3281,0,0,380],[380,3070,0,0,265],[164,1858,0,0,190],[190,339,0,0,299],[299,2666,0,0,217],[389,2909,0,0,70],[70,278,0,0,456],[456,1932,0,0,148],[84,2648,0,0,275],[275,3661,0,0,491],[491,234,0,0,394],[394,2828,0,0,244],[244,1494,0,0,34],[34,3679,0,0,395],[263,147,0,0,283],[283,2699,0,0,163],[163,2121,0,0,485],[485,742,0,0,323],[323,2922,0,0,21],[454,1194,0,0,196],[196,2669,0,0,285],[285,3211,0,0,402],[402,1100,0,0,250],[250,2863,0,0,128],[128,3350,0,0,265],[418,1903,2525,0,457],[457,663,0,0,84],[84,2165,0,0,387],[387,2130,0,0,284],[391,422,0,0,207],[207,3456,0,0,419],[419,768,0,0,312],[312,3811,0,0,135],[135,52,0,0,19],[19,3172,3545,0,26],[47,2094,0,0,14],[14,632,0,0,134],[134,1492,0,0,70],[70,2805,0,0,458],[458,438,0,0,224],[224,3130,0,0,473],[166,3453,0,0,44],[44,946,0,0,150],[150,2266,0,0,224],[224,3887,0,0,112],[431,2988,0,0,97],[97,3198,0,0,412],[412,3586,0,0,108],[108,3980,0,0,238],[10,1631,0,0,149],[149,3497,0,0,230],[230,3040,0,0,140],[59,3079,0,0,304],[304,1657,0,0,472],[472,2672,0,0,119],[270,704,0,0,191],[191,3508,3510,0,9],[9,2496,0,0,70],[70,3832,0,0,226],[55,522,0,0,316],[316,1228,0,0,312],[312,375,0,0,121],[121,2258,0,0,261],[215,3585,0,0,132],[132,1600,0,0,57],[57,391,0,0,219],[219,2449,0,0,228],[64,724,0,0,499],[499,2511,0,0,215],[215,1062,0,0,420],[420,3877,0,0,151],[151,2656,0,0,259],[259,3918,0,0,78],[328,849,0,0,76],[76,199,0,0,272],[272,987,0,0,210],[210,1634,0,0,215],[215,1258,0,0,244],[71,1946,0,0,25],[25,1173,2460,2772,292],[292,1433,0,0,300],[300,3041,0,0,411],[411,612,0,0,246],[185,1889,0,0,467],[467,3725,0,0,286],[286,1856,0,0,27],[27,232,2974,0,368],[368,966,0,0,133],[122,2375,0,0,69],[69,3136,0,0,117],[117,219,0,0,49],[49,1070,0,0,379],[379,2268,0,0,52],[158,3228,0,0,166],[166,390,0,0,262],[262,991,0,0,86],[86,1321,0,0,191],[191,2410,0,0,2],[228,2004,0,0,384],[384,960,0,0,182],[182,3069,0,0,441],[441,1924,0,0,116],[126,815,3842,0,287],[287,1117,0,0,429],[429,2009,0,0,381],[381,2204,0,0,484],[471,742,0,0,79],[79,3233,0,0,490],[490,1101,0,0,132],[423,2934,0,0,96],[96,3076,3273,0,90],[90,1773,0,0,79],[300,659,0,0,127],[127,3037,0,0,199],[199,348,0,0,411],[431,2055,0,0,391],[391,10,0,0,6],[6,1045,0,0,306],[306,325,2473,0,117],[290,673,0,0,6],[6,2186,0,0,172],[172,128,0,0,139],[383,647,0,0,366],[366,156,0,0,59],[59,2287,0,0,386],[386,436,0,0,15],[15,266,0,0,475],[210,3306,3854,0,386],[386,1684,0,0,275],[275,212,0,0,423],[423,2002,0,0,291],[291,2086,0,0,384],[422,2244,0,0,241],[241,3223,0,0,126],[126,1969,0,0,470],[470,1166,0,0,19],[19,3545,0,0,131],[131,3636,0,0,373],[254,1340,0,0,310],[310,2009,0,0,426],[426,546,0,0,401],[401,2509,0,0,108],[108,1645,0,0,245],[456,1693,0,0,297],[297,2990,0,0,258],[258,3928,0,0,446],[342,2536,0,0,20],[20,3678,0,0,376],[376,62,0,0,355],[355,3796,0,0,208],[208,610,3364,0,211],[211,3097,0,0,258],[353,3129,0,0,259],[259,1406,0,0,398],[398,364,0,0,487],[487,905,0,0,95],[95,1532,0,0,107],[107,1993,0,0,343],[116,2930,0,0,358],[358,1875,0,0,333],[333,3432,0,0,305],[305,1712,0,0,395],[219,402,0,0,176],[176,481,0,0,80],[80,1442,0,0,212],[284,1474,0,0,228],[228,2733,0,0,83],[83,984,0,0,334],[334,1017,1033,0,236],[298,704,0,0,114],[114,468,0,0,497],[497,114,0,0,407],[407,2392,0,0,2]];

SenderLabelReceiverNonOrderCriticalChains = [[1,37,80],[1,87,49],[1,87,83],[1,399,15],[1,726,476],[1,726,467],[1,1059,88],[1,1059,176],[1,2292,124],[1,2292,462],[1,2292,284],[1,2858,30],[1,2858,277],[1,2858,213],[1,3364,262],[1,3364,376],[1,3364,211],[2,285,222],[2,285,298],[2,872,132],[2,3207,5],[2,3207,439],[2,3219,428],[2,3219,245],[2,3612,41],[2,3612,492],[2,3865,311],[3,571,321],[3,571,55],[3,796,373],[3,796,40],[3,1019,138],[3,1019,17],[3,1146,88],[3,1343,295],[3,1343,125],[3,1343,294],[3,1343,408],[3,1733,311],[4,277,332],[4,1063,340],[4,1063,38],[4,1240,33],[4,1240,6],[4,1240,15],[4,2065,423],[4,2065,462],[4,2120,470],[4,2553,240],[4,3659,469],[4,3713,136],[5,2136,174],[5,2206,480],[5,2206,7],[5,3326,327],[5,3550,289],[5,3550,81],[5,3732,41],[5,3732,448],[6,1045,306],[6,1345,10],[6,1795,379],[6,2186,172],[6,3171,201],[6,3478,447],[7,138,162],[7,194,427],[7,251,448],[7,1099,147],[7,2343,13],[8,196,258],[8,196,481],[8,196,140],[8,959,345],[8,959,205],[8,1643,34],[8,2030,401],[8,2030,211],[8,2030,73],[8,3278,359],[8,3598,10],[8,3903,413],[9,328,13],[9,328,221],[9,1922,39],[9,2496,70],[9,3173,196],[9,3510,35],[9,3510,191],[9,3786,5],[9,3786,178],[10,602,50],[10,602,493],[10,602,357],[10,1296,481],[10,1296,196],[10,1535,483],[10,1631,149],[10,3476,19],[10,3476,261],[11,1043,430],[11,1391,21],[11,1391,145],[11,1974,21],[11,2944,178],[11,3489,148],[11,3854,386],[11,3854,263],[11,3854,480],[12,2150,229],[12,3069,441],[12,3069,345],[12,3435,191],[12,3435,392],[12,3454,13],[13,2176,202],[13,3016,14],[13,3328,290],[13,3328,126],[14,596,18],[14,632,134],[14,632,312],[14,780,224],[14,780,389],[14,2020,285],[14,2020,337],[14,2020,450],[14,2020,448],[14,3104,360],[15,266,475],[15,1116,22],[15,1271,132],[15,2225,355],[15,2225,234],[15,2225,268],[16,385,110],[16,729,427],[16,770,151],[16,770,329],[16,1580,255],[16,1818,35],[16,1818,350],[16,1818,33],[16,2845,415],[16,2991,490],[17,90,273],[17,879,372],[17,940,153],[17,953,363],[17,1038,133],[17,1397,27],[17,2874,133],[17,3600,301],[18,94,472],[18,94,215],[18,379,225],[18,379,360],[18,379,384],[18,453,150],[18,773,280],[18,1275,359],[18,2103,474],[18,3759,24],[19,591,28],[19,1073,491],[19,1073,484],[19,3172,26],[19,3545,131],[19,3545,145],[20,299,481],[20,622,265],[20,1675,340],[20,1675,360],[20,2021,349],[20,2936,23],[20,3678,460],[20,3678,262],[20,3678,376],[21,103,39],[21,1650,39],[21,1762,382],[21,1762,31],[21,2790,271],[21,3214,31],[22,1615,466],[22,1615,61],[22,2930,358],[22,2930,428],[22,2930,370],[22,3408,64],[22,3408,282],[22,3660,152],[22,3843,325],[23,39,359],[23,896,443],[23,2328,229],[23,2328,297],[23,2395,387],[23,2533,495],[23,2533,46],[24,100,440],[24,765,32],[24,2041,186],[24,2647,431],[24,2647,409],[24,3746,113],[25,210,127],[25,756,30],[25,756,493],[25,1173,292],[25,2460,292],[25,2772,110],[25,2772,292],[25,2772,423],[26,587,477],[26,769,132],[26,822,213],[26,2195,310],[26,3352,82],[26,3352,327],[26,3545,131],[26,3545,145],[26,3848,38],[27,232,368],[27,2108,33],[27,2330,125],[27,2383,301],[27,2974,368],[27,3269,357],[27,3269,455],[28,80,63],[28,1333,217],[28,1734,23],[28,1734,466],[28,2386,208],[28,2386,231],[28,3930,162],[29,272,359],[29,1424,193],[29,1424,373],[29,1749,160],[29,2351,99],[29,2351,334],[29,2456,352],[29,3196,41],[29,3196,315],[30,468,271],[30,468,497],[30,2292,124],[30,2292,462],[30,2292,284],[30,2303,413],[30,2303,493],[30,2318,226],[30,3027,71],[30,3499,71],[30,3993,136],[31,342,499],[31,342,188],[31,726,476],[31,726,467],[31,876,283],[31,876,337],[31,1646,468],[31,2580,39],[31,3215,263],[31,3215,352],[32,334,332],[32,334,430],[32,1189,317],[32,1215,265],[32,1355,462],[32,1355,232],[32,2260,61],[32,2788,148],[33,796,373],[33,796,40],[33,2584,195],[33,3031,185],[33,3293,204],[33,3677,336],[33,3677,133],[34,1740,313],[34,1740,468],[34,2213,131],[34,2213,485],[34,2835,413],[34,2835,36],[34,3679,395],[35,410,453],[35,1655,286],[35,1655,113],[35,2403,183],[35,2403,194],[35,2442,20],[35,2442,48],[35,2583,293],[35,2583,371],[35,2708,37],[35,2708,114],[36,173,219],[36,762,212],[36,762,118],[36,1457,63],[36,1907,81],[36,1907,334],[36,1907,66],[36,2145,43],[36,3908,245],[36,3908,169],[37,789,174],[37,1615,466],[37,1615,61],[37,1987,342],[37,2334,148],[37,2390,22],[37,3564,404],[37,3732,41],[37,3732,448],[37,3939,46],[38,17,350],[38,17,457],[38,833,484],[38,1124,253],[38,1124,408],[38,1124,365],[38,1124,425],[38,2125,41],[38,2547,425],[38,3196,41],[38,3196,315],[39,10,6],[39,10,91],[39,190,109],[39,190,430],[39,1073,491],[39,1073,484],[39,2572,347],[40,270,352],[40,270,62],[40,2529,286],[40,2529,407],[40,3548,185],[40,3609,286],[41,66,168],[41,66,484],[41,1777,254],[41,1839,45],[41,3869,238],[42,1179,234],[42,2303,413],[42,2303,493],[42,2521,471],[42,2854,43],[42,3117,342],[42,3202,39],[42,3762,35],[42,3762,297],[43,155,66],[43,332,477],[43,554,166],[43,2062,230],[43,2062,310],[43,2078,445],[43,2252,272],[43,2766,60],[43,2766,331],[44,697,46],[44,946,150],[44,1101,481],[44,1101,132],[44,2351,99],[44,2351,334],[44,2997,350],[45,320,360],[45,1431,256],[45,1603,249],[45,1603,458],[45,3107,471],[45,3107,55],[46,141,149],[46,141,208],[46,141,265],[46,141,370],[46,563,174],[46,1248,229],[46,1912,58],[47,19,241],[47,19,402],[47,735,68],[47,1501,444],[47,1501,429],[47,2094,14],[47,2683,289],[47,3245,56],[48,606,312],[48,1049,194],[48,1994,178],[48,1994,403],[48,2331,344],[48,2766,60],[48,2766,331],[48,3653,247],[48,3653,67],[48,3653,435],[49,487,243],[49,1070,379],[49,1973,52],[49,3634,444],[49,3634,246],[50,996,82],[50,1028,255],[50,1028,307],[50,1028,216],[50,1195,54],[50,2404,274],[50,2497,393],[50,2497,188],[50,2497,418],[50,2656,259],[50,2656,395],[50,3004,326],[50,3479,354],[50,3479,391],[51,160,68],[51,160,157],[51,2288,80],[51,2497,393],[51,2497,188],[51,2497,418],[51,2520,79],[51,2635,376],[51,2723,223],[51,3642,78],[51,3860,26],[51,3860,119],[52,1210,84],[52,1210,330],[52,1210,367],[52,1386,338],[52,2233,483],[52,3315,77],[53,750,150],[53,1752,277],[53,1752,59],[53,1752,206],[53,1752,427],[53,1896,338],[53,2071,270],[53,2387,23],[53,2387,94],[53,2387,414],[53,2899,81],[53,3911,121],[54,36,89],[54,843,61],[54,843,463],[54,1185,287],[54,1185,270],[54,1427,261],[54,2022,394],[54,2332,451],[54,2762,331],[55,522,425],[55,522,316],[55,578,125],[55,578,430],[55,1356,221],[55,2100,62],[55,2230,346],[55,3275,12],[55,3275,481],[55,3275,47],[55,3275,292],[56,528,424],[56,1091,87],[56,2058,67],[56,2365,120],[56,2365,237],[56,2452,471],[56,3631,358],[57,391,219],[57,1900,471],[57,1900,256],[57,1907,81],[57,1907,334],[57,1907,66],[57,2615,108],[57,2641,445],[57,3129,239],[57,3129,259],[57,3989,42],[58,903,104],[58,1377,409],[58,1995,110],[58,2412,433],[58,2803,335],[59,201,75],[59,201,362],[59,240,176],[59,240,448],[59,1681,165],[59,2287,386],[59,2703,444],[59,2703,66],[59,3079,304],[59,3079,348],[59,3079,367],[59,3668,119],[60,329,468],[60,329,329],[60,2076,383],[60,2076,440],[60,2076,223],[60,2767,318],[60,3067,208],[60,3243,137],[61,1031,226],[61,1153,148],[61,1160,155],[61,1160,272],[61,1473,434],[61,1473,318],[61,1473,410],[61,3447,65],[62,165,286],[62,223,385],[62,370,53],[62,370,88],[62,370,264],[62,862,153],[62,1474,228],[62,1474,262],[62,3158,286],[62,3158,96],[63,215,23],[63,1701,115],[63,1701,465],[63,2466,222],[63,2757,332],[64,45,196],[64,45,332],[64,604,353],[64,724,499],[64,2279,79],[64,2442,20],[64,2442,48],[64,2846,228],[64,3311,195],[65,219,166],[65,219,49],[65,1174,372],[65,2519,376],[65,3409,103],[65,3582,399],[66,286,292],[66,634,223],[66,1218,74],[66,1414,326],[66,1850,184],[67,1107,142],[67,1139,297],[67,1139,119],[67,1894,291],[67,2315,474],[67,2315,419],[67,2451,437],[68,777,454],[68,811,124],[68,1460,248],[68,1460,373],[68,1628,289],[68,1628,320],[68,2142,103],[68,3208,456],[69,1011,264],[69,2030,401],[69,2030,211],[69,2030,73],[69,2886,412],[69,3107,471],[69,3107,55],[69,3136,117],[69,3396,82],[69,3396,262],[69,3779,152],[70,278,456],[70,1638,170],[70,1638,199],[70,2014,75],[70,2284,297],[70,2284,202],[70,2805,406],[70,2805,458],[70,3832,469],[70,3832,226],[71,438,224],[71,438,300],[71,477,349],[71,1575,46],[71,1946,25],[71,2242,127],[71,2939,364],[72,228,350],[72,434,389],[72,1291,120],[72,1503,352],[72,1547,414],[72,1547,461],[72,1721,446],[72,3026,139],[73,891,81],[73,1034,99],[73,1124,253],[73,1124,408],[73,1124,365],[73,1124,425],[73,1201,251],[73,1567,137],[73,1819,342],[73,1819,264],[73,3832,469],[73,3832,226],[74,465,334],[74,795,328],[74,2147,234],[74,2484,492],[74,2509,108],[74,2509,274],[74,3318,84],[74,3391,273],[75,524,376],[75,1504,265],[75,2087,237],[75,2087,491],[75,2366,427],[75,2386,208],[75,2386,231],[75,3596,469],[75,3751,131],[76,135,415],[76,135,472],[76,199,272],[76,324,460],[76,1692,104],[76,2724,307],[76,2724,459],[76,3051,468],[76,3350,265],[76,3350,309],[77,157,147],[77,157,392],[77,664,21],[77,691,205],[77,691,424],[77,1188,58],[77,1918,419],[77,2684,93],[77,3558,254],[78,1255,461],[78,1255,421],[78,2709,451],[78,3105,92],[79,3233,490],[79,3304,262],[79,3690,152],[80,415,414],[80,415,360],[80,1260,424],[80,1442,111],[80,1442,212],[80,1859,129],[80,1859,369],[80,2533,495],[80,2533,46],[81,87,49],[81,87,83],[81,1732,100],[81,3314,222],[82,951,115],[82,1069,187],[82,3192,119],[82,3192,179],[82,3490,145],[83,669,213],[83,984,334],[83,1186,18],[83,1251,304],[83,2581,130],[83,3818,326],[84,1723,244],[84,1739,403],[84,1863,143],[84,2097,380],[84,2165,387],[84,2648,275],[85,757,88],[85,1658,148],[85,1663,446],[85,1752,277],[85,1752,59],[85,1752,206],[85,1752,427],[85,2042,202],[85,3277,208],[85,3462,232],[85,3462,302],[85,3462,466],[86,774,457],[86,774,368],[86,1321,191],[86,2261,462],[86,2703,444],[86,2703,66],[86,3762,35],[86,3762,297],[87,321,298],[87,2459,180],[87,2500,277],[87,3190,124],[87,3306,386],[87,3306,365],[87,3889,128],[88,91,293],[88,1293,143],[88,1293,113],[88,1428,148],[88,3396,82],[88,3396,262],[89,1287,93],[89,1667,163],[89,1926,495],[89,3111,206],[89,3111,282],[89,3620,42],[89,3620,168],[89,3931,230],[90,498,424],[90,768,351],[90,768,312],[90,1555,346],[90,1773,79],[90,1773,462],[90,2002,291],[90,2002,109],[90,3635,326],[90,3635,466],[91,51,430],[91,847,317],[91,1491,34],[91,1672,218],[91,1672,159],[91,1672,170],[91,1989,24],[91,2779,247],[91,2779,319],[91,3786,5],[91,3786,178],[92,1124,253],[92,1124,408],[92,1124,365],[92,1124,425],[92,1838,100],[92,3260,150],[92,3439,499],[92,3439,112],[92,3439,458],[92,3812,192],[93,310,356],[93,310,464],[93,310,201],[93,894,92],[93,2172,97],[93,2407,486],[93,3125,379],[93,3165,122],[94,2101,484],[95,201,75],[95,201,362],[95,679,480],[95,1532,107],[95,2475,496],[95,2475,104],[95,2475,192],[95,3178,500],[95,3178,333],[95,3354,480],[95,3354,337],[95,3795,475],[96,1541,413],[96,1541,130],[96,1771,397],[96,3076,90],[96,3273,90],[96,3273,334],[96,3458,176],[97,2348,99],[97,2950,486],[97,3198,412],[97,3526,366],[97,3785,488],[98,743,368],[98,859,403],[98,859,419],[98,2772,110],[98,2772,292],[98,2772,423],[98,2858,30],[98,2858,277],[98,2858,213],[98,3033,281],[98,3035,195],[98,3168,177],[98,3648,216],[98,3648,291],[99,843,61],[99,843,463],[99,1645,245],[99,1645,335],[99,2037,140],[99,2879,182],[100,85,298],[100,762,212],[100,762,118],[100,2438,115],[100,3372,378],[100,3372,489],[100,3372,280],[100,3372,481],[100,3951,351],[101,283,347],[101,941,277],[101,941,317],[101,1247,364],[101,2554,436],[101,2569,351],[101,2852,152],[101,3765,28],[101,3765,226],[102,540,367],[102,1149,294],[102,1844,130],[102,2389,115],[102,2787,482],[102,3052,290],[102,3052,354],[103,162,172],[103,350,207],[103,1660,120],[103,1660,330],[103,1919,205],[103,2315,474],[103,2315,419],[103,2922,496],[103,2922,21],[103,3092,120],[104,287,425],[104,287,450],[104,580,159],[104,1752,277],[104,1752,59],[104,1752,206],[104,1752,427],[104,3393,212],[104,3419,331],[104,3419,416],[104,3838,124],[104,3838,393],[105,70,102],[105,70,480],[105,190,109],[105,190,430],[105,1072,200],[105,1448,78],[105,1448,421],[105,2004,86],[105,2004,364],[105,2004,384],[105,2273,422],[105,2770,401],[105,3566,431],[106,730,440],[106,764,466],[106,764,298],[106,1382,243],[106,1699,183],[106,1705,380],[106,1705,228],[106,2365,120],[106,2365,237],[106,2741,463],[106,2859,255],[106,2915,238],[107,289,188],[107,597,498],[107,597,102],[107,832,145],[107,832,496],[107,1285,173],[107,1285,386],[107,1629,444],[107,1993,343],[107,2938,47],[107,2938,394],[107,3399,348],[107,3399,201],[108,1573,56],[108,1573,64],[108,1645,245],[108,1645,335],[108,2534,248],[108,2901,167],[108,3247,51],[108,3247,45],[108,3980,238],[109,1128,406],[109,1128,317],[109,1813,401],[109,1813,446],[109,2341,254],[109,3132,145],[109,3132,442],[109,3132,223],[109,3342,134],[110,1210,84],[110,1210,330],[110,1210,367],[110,1527,296],[110,2560,274],[110,2783,229],[110,3947,270],[111,1448,78],[111,1448,421],[111,1819,342],[111,1819,264],[111,2151,183],[111,2151,139],[111,2558,427],[111,2604,405],[111,2708,37],[111,2708,114],[111,2726,474],[112,15,194],[112,47,220],[112,47,418],[112,884,96],[112,884,203],[112,1203,294],[112,1203,329],[112,2345,134],[113,2009,381],[113,2009,28],[113,2009,426],[113,3860,26],[113,3860,119],[113,3916,149],[114,468,271],[114,468,497],[114,910,96],[114,1040,398],[114,1040,123],[114,1250,461],[114,1385,134],[114,1385,282],[114,3837,194],[115,282,191],[115,1068,316],[115,1222,366],[115,1976,431],[115,3095,155],[116,427,129],[116,1481,414],[116,1490,362],[116,2895,24],[116,2930,358],[116,2930,428],[116,2930,370],[116,3372,378],[116,3372,489],[116,3372,280],[116,3372,481],[116,3426,161],[116,3426,500],[116,3426,343],[116,3426,481],[116,3653,247],[116,3653,67],[116,3653,435],[117,219,166],[117,219,49],[117,256,180],[117,665,167],[117,665,152],[117,665,343],[117,665,139],[117,1373,245],[117,2473,306],[117,2473,433],[118,490,431],[118,504,426],[118,1391,21],[118,1391,145],[118,1478,214],[118,1478,101],[118,2610,484],[118,2654,429],[118,3588,464],[118,3588,493],[119,160,68],[119,160,157],[119,766,363],[119,766,443],[119,1019,138],[119,1019,17],[119,2892,307],[119,2892,254],[120,1368,400],[120,2394,150],[120,2734,335],[121,937,426],[121,1098,157],[121,2114,141],[121,2114,294],[121,2258,261],[121,3810,497],[121,3824,122],[122,641,162],[122,1614,393],[122,2319,120],[122,2319,267],[122,2375,69],[122,2940,134],[122,3790,439],[122,3790,498],[122,3790,422],[122,3921,313],[123,273,94],[123,963,137],[123,2959,404],[123,2959,3],[123,3215,263],[123,3215,352],[123,3674,486],[123,3678,460],[123,3678,262],[123,3678,376],[123,3909,382],[123,3909,360],[124,107,460],[124,1139,297],[124,1139,119],[124,1598,177],[124,1712,395],[124,1712,151],[125,1175,393],[125,1175,339],[125,2998,490],[125,3156,144],[126,120,238],[126,815,287],[126,1969,144],[126,1969,470],[126,2475,496],[126,2475,104],[126,2475,192],[126,2697,320],[126,2697,310],[126,3842,287],[127,483,486],[127,483,271],[127,1541,413],[127,1541,130],[127,3037,199],[127,3037,268],[127,3037,323],[128,127,101],[128,1117,429],[128,1117,376],[128,1255,461],[128,1255,421],[128,1931,317],[128,3350,265],[128,3350,309],[128,3868,137],[129,1445,471],[129,2089,182],[129,3028,415],[129,3133,494],[129,3133,384],[129,3634,444],[129,3634,246],[129,3790,439],[129,3790,498],[129,3790,422],[130,177,269],[130,1426,164],[130,2307,328],[130,3201,219],[130,3729,498],[130,3729,322],[131,849,76],[131,849,80],[131,1310,238],[131,2076,383],[131,2076,440],[131,2076,223],[131,2114,141],[131,2114,294],[131,3636,373],[131,3636,398],[131,3697,47],[132,826,165],[132,1600,57],[132,1600,441],[132,1940,307],[133,1332,204],[133,1332,105],[133,1453,94],[133,1634,500],[133,1634,215],[133,2020,285],[133,2020,337],[133,2020,450],[133,2020,448],[133,3995,97],[133,3995,153],[134,885,379],[134,1492,70],[134,1492,13],[134,1492,276],[134,2174,405],[134,3434,158],[134,3434,207],[135,52,19],[135,52,426],[135,334,332],[135,334,430],[135,1236,227],[135,1552,374],[135,1552,379],[135,1607,163],[135,2755,274],[135,3161,287],[135,3901,362],[136,104,304],[136,104,460],[136,474,189],[136,483,486],[136,483,271],[136,713,112],[136,1927,173],[136,1927,407],[136,2320,341],[136,3341,175],[137,327,191],[137,968,289],[137,1923,11],[137,1923,220],[138,582,408],[138,1125,217],[138,1125,261],[138,1125,412],[138,1533,422],[138,1925,99],[138,1925,235],[138,2779,247],[138,2779,319],[138,3904,142],[138,3904,239],[139,30,312],[139,30,447],[139,141,149],[139,141,208],[139,141,265],[139,141,370],[139,488,22],[139,3303,214],[140,157,147],[140,157,392],[140,927,322],[140,1322,318],[140,1322,222],[140,1498,257],[140,1498,102],[140,1498,454],[140,1498,15],[140,1500,351],[140,1571,162],[141,558,323],[141,558,309],[141,2296,289],[141,2296,49],[141,2605,326],[141,2678,435],[141,3556,263],[141,3822,163],[142,2244,240],[142,2244,241],[142,2319,120],[142,2319,267],[142,2474,187],[142,2513,387],[142,2715,385],[142,2715,303],[142,2715,77],[142,3175,353],[143,1085,175],[143,1534,289],[143,1534,254],[143,1990,152],[143,3012,169],[144,542,335],[144,2377,52],[144,2491,388],[144,3882,389],[145,276,372],[145,2841,359],[145,2951,304],[145,3581,310],[146,696,200],[146,1237,462],[146,1280,294],[146,1975,192],[146,1975,473],[146,2289,447],[146,2647,431],[146,2647,409],[146,2797,278],[146,2797,310],[147,328,13],[147,328,221],[147,665,167],[147,665,152],[147,665,343],[147,665,139],[147,673,318],[147,673,6],[147,2264,82],[147,2574,325],[147,3638,498],[147,3638,435],[147,3638,206],[148,141,149],[148,141,208],[148,141,265],[148,141,370],[149,1668,306],[149,1756,128],[149,2696,332],[149,2696,299],[149,3497,230],[149,3835,164],[150,1086,187],[150,1813,401],[150,1813,446],[150,2266,224],[150,3945,141],[151,722,433],[151,722,343],[151,722,465],[151,1061,387],[151,1360,169],[151,2211,463],[151,2363,432],[151,2656,259],[151,2656,395],[152,338,468],[152,1440,204],[152,1440,357],[152,2030,401],[152,2030,211],[152,2030,73],[153,452,184],[153,452,13],[153,1240,33],[153,1240,6],[153,1240,15],[153,1440,204],[153,1440,357],[153,2658,327],[153,2658,127],[154,463,325],[154,1460,248],[154,1460,373],[154,1463,275],[154,1686,169],[154,2117,305],[154,2309,464],[154,2309,493],[154,3776,326],[155,574,181],[155,1482,316],[155,1832,175],[155,2223,488],[155,2479,466],[156,1064,294],[156,1630,375],[156,1630,139],[156,2424,196],[156,2424,46],[156,2529,286],[156,2529,407],[156,2562,186],[156,2958,205],[157,1549,268],[157,1549,315],[157,1588,489],[157,1909,322],[157,2640,87],[157,2690,192],[157,2847,249],[158,1032,470],[158,1240,33],[158,1240,6],[158,1240,15],[158,2013,248],[158,2013,377],[158,2793,327],[158,3218,358],[158,3218,434],[158,3228,166],[158,3228,286],[158,3982,327],[159,1037,459],[159,1037,225],[159,1547,414],[159,1547,461],[159,1762,382],[159,1762,31],[159,1798,446],[159,2251,407],[159,2403,183],[159,2403,194],[160,1450,243],[160,1450,482],[160,1845,430],[160,1892,339],[160,2209,247],[160,2907,289],[160,3037,199],[160,3037,268],[160,3037,323],[160,3319,375],[160,3683,78],[161,685,252],[161,1016,248],[161,1016,94],[161,1016,488],[161,1016,493],[161,1028,255],[161,1028,307],[161,1028,216],[161,1309,409],[161,1309,443],[161,1309,457],[161,1554,494],[161,1554,81],[161,1558,177],[161,3479,354],[161,3479,391],[162,1655,286],[162,1655,113],[162,2328,229],[162,2328,297],[162,2342,143],[162,3932,193],[163,158,114],[163,1994,178],[163,1994,403],[163,2121,485],[163,3402,263],[164,932,34],[164,1124,253],[164,1124,408],[164,1124,365],[164,1124,425],[164,1858,279],[164,1858,190],[164,2486,397],[164,2600,171],[164,3144,318],[164,3144,478],[164,3363,275],[165,25,363],[165,616,239],[165,616,240],[165,740,276],[165,828,176],[165,1170,73],[165,1170,463],[165,3110,9],[165,3110,265],[165,3372,378],[165,3372,489],[165,3372,280],[165,3372,481],[166,390,262],[166,704,256],[166,704,114],[166,704,191],[166,889,260],[166,889,485],[166,2892,307],[166,2892,254],[166,3453,44],[167,1052,231],[167,2354,447],[167,2354,216],[167,3573,385],[167,3573,290],[167,3727,359],[167,3908,245],[167,3908,169],[168,184,357],[168,184,402],[168,875,376],[168,918,185],[168,1402,86],[168,3575,301],[168,3734,311],[169,331,498],[169,1920,176],[169,2697,320],[169,2697,310],[169,2833,301],[170,778,5],[170,813,178],[170,1210,84],[170,1210,330],[170,1210,367],[170,1526,380],[170,1742,29],[170,2205,375],[171,360,268],[171,1119,494],[171,1119,278],[171,1750,412],[171,1938,380],[171,1938,324],[171,1938,332],[171,2039,85],[171,2430,401],[172,128,139],[172,230,12],[172,1546,127],[172,2095,193],[172,2661,287],[172,2661,143],[173,1361,227],[173,2374,175],[173,2955,214],[173,3166,471],[173,3519,249],[173,3915,16],[173,3915,299],[174,1726,194],[174,2082,256],[174,2154,205],[174,2475,496],[174,2475,104],[174,2475,192],[174,3364,262],[174,3364,376],[174,3364,211],[175,456,456],[175,638,178],[175,638,338],[175,1638,170],[175,1638,199],[175,3498,13],[175,3498,375],[176,481,80],[176,2662,167],[176,2686,284],[177,379,225],[177,379,360],[177,379,384],[177,1063,340],[177,1063,38],[177,1381,202],[177,1516,438],[177,1516,14],[177,2350,248],[178,1339,473],[178,2858,30],[178,2858,277],[178,2858,213],[178,3465,430],[178,3653,247],[178,3653,67],[178,3653,435],[179,60,109],[179,1925,99],[179,1925,235],[179,2360,295],[179,2732,477],[179,3037,199],[179,3037,268],[179,3037,323],[179,3638,498],[179,3638,435],[179,3638,206],[179,3841,237],[180,98,296],[180,144,496],[180,168,236],[180,2013,248],[180,2013,377],[180,2080,280],[180,2655,395],[180,3975,195],[181,94,472],[181,94,215],[181,123,341],[181,123,477],[181,934,491],[181,2994,92],[181,2994,112],[181,3440,347],[181,3440,367],[181,3476,19],[181,3476,261],[182,459,184],[182,715,386],[182,738,158],[182,738,463],[182,2157,493],[182,3069,441],[182,3069,345],[182,3771,305],[183,129,124],[183,665,167],[183,665,152],[183,665,343],[183,665,139],[183,2624,330],[183,3018,379],[183,3296,407],[184,1024,382],[184,1024,332],[184,2044,254],[184,2715,385],[184,2715,303],[184,2715,77],[184,2772,110],[184,2772,292],[184,2772,423],[184,3395,137],[185,1095,400],[185,1095,7],[185,1889,467],[185,3048,273],[185,3539,301],[185,3861,273],[186,42,260],[186,42,277],[186,590,330],[186,722,433],[186,722,343],[186,722,465],[186,848,405],[186,848,100],[186,848,460],[186,1252,322],[186,1498,257],[186,1498,102],[186,1498,454],[186,1498,15],[187,310,356],[187,310,464],[187,310,201],[187,505,454],[187,770,151],[187,770,329],[187,1927,173],[187,1927,407],[187,3143,423],[188,379,225],[188,379,360],[188,379,384],[188,1054,193],[188,1424,193],[188,1424,373],[188,1548,335],[188,1789,330],[188,2875,192],[189,389,395],[189,1191,320],[189,1767,476],[189,1791,299],[189,1911,12],[189,1911,341],[189,2062,230],[189,2062,310],[189,2212,401],[190,339,299],[190,889,260],[190,889,485],[190,1262,321],[190,2068,336],[190,2068,423],[190,2825,374],[190,2825,421],[190,2902,397],[190,3192,119],[190,3192,179],[191,206,202],[191,2410,2],[191,3508,9],[192,543,396],[192,1478,214],[192,1478,101],[193,1621,222],[193,1773,79],[193,1773,462],[193,2123,242],[194,545,320],[194,630,88],[194,630,211],[194,1702,255],[195,1007,58],[195,1442,111],[195,1442,212],[195,1928,432],[195,1928,471],[195,1928,399],[195,2214,319],[195,3019,267],[196,496,5],[196,1270,331],[196,2669,285],[197,46,431],[197,82,255],[197,97,355],[197,209,205],[197,209,487],[197,1051,255],[197,1430,462],[197,2911,350],[197,3177,19],[197,3177,211],[197,3512,172],[198,305,334],[198,1037,459],[198,1037,225],[198,1196,343],[198,1196,448],[198,1415,359],[198,2166,478],[198,3337,94],[199,348,411],[199,577,156],[199,1232,300],[199,1636,269],[199,1939,244],[199,1939,72],[199,2441,336],[199,3433,171],[200,383,110],[200,383,478],[200,415,414],[200,415,360],[200,1157,217],[200,2339,231],[200,2339,362],[200,3022,268],[200,3467,455],[201,30,312],[201,30,447],[201,62,227],[201,62,355],[201,62,210],[201,1254,299],[201,1254,456],[201,1660,120],[201,1660,330],[201,2688,389],[202,635,416],[202,3555,489],[202,3620,42],[202,3620,168],[202,3905,210],[203,62,227],[203,62,355],[203,62,210],[203,71,432],[203,1343,295],[203,1343,125],[203,1343,294],[203,1343,408],[203,1808,442],[203,1808,481],[203,2043,448],[203,3111,206],[203,3111,282],[203,3379,267],[203,3531,486],[204,810,282],[204,1719,24],[204,2464,301],[204,2880,153],[204,3399,348],[204,3399,201],[205,1343,295],[205,1343,125],[205,1343,294],[205,1343,408],[205,1752,277],[205,1752,59],[205,1752,206],[205,1752,427],[206,738,158],[206,738,463],[206,1359,33],[206,1359,237],[206,1498,257],[206,1498,102],[206,1498,454],[206,1498,15],[206,2953,242],[206,3449,232],[206,3449,378],[207,182,452],[207,226,15],[207,450,153],[207,1125,217],[207,1125,261],[207,1125,412],[207,2128,217],[207,3456,270],[207,3456,419],[208,610,218],[208,610,211],[208,610,269],[208,2291,32],[208,3364,262],[208,3364,376],[208,3364,211],[208,3532,146],[209,146,421],[209,1158,217],[209,1160,155],[209,1160,272],[209,1781,60],[209,1867,65],[209,2151,183],[209,2151,139],[210,19,241],[210,19,402],[210,1455,364],[210,1634,500],[210,1634,215],[210,3306,386],[210,3306,365],[210,3854,386],[210,3854,263],[210,3854,480],[211,484,372],[211,2249,185],[211,3097,258],[212,1808,442],[212,1808,481],[212,1816,234],[212,2825,374],[212,2825,421],[213,485,231],[213,2085,283],[213,2337,444],[213,2337,462],[213,3498,13],[213,3498,375],[214,119,58],[214,119,237],[214,119,306],[214,987,221],[214,987,210],[214,1599,156],[214,1599,443],[214,1710,359],[214,2785,279],[214,2785,317],[214,3329,143],[215,42,260],[215,42,277],[215,1062,420],[215,1258,244],[215,2087,237],[215,2087,491],[215,3585,132],[215,3597,276],[216,1001,184],[216,1703,322],[216,1788,348],[216,3094,330],[217,1176,11],[217,1837,367],[217,2210,332],[218,1794,327],[218,1794,409],[218,2218,209],[218,2704,444],[218,2724,307],[218,2724,459],[218,3087,458],[218,3807,25],[218,3962,389],[219,402,371],[219,402,176],[219,2449,228],[219,2468,472],[219,3544,190],[220,270,352],[220,270,62],[220,335,483],[220,592,36],[220,943,258],[220,2306,380],[220,2391,27],[220,3123,229],[221,45,196],[221,45,332],[221,1369,11],[221,1429,209],[221,2309,464],[221,2309,493],[221,3693,230],[221,3961,439],[222,1023,230],[222,1439,458],[222,1534,289],[222,1534,254],[222,3743,486],[223,79,390],[223,631,412],[223,938,137],[223,1024,382],[223,1024,332],[223,1544,241],[224,1036,442],[224,1569,3],[224,2707,236],[224,3130,473],[224,3887,112],[225,1471,236],[225,2335,461],[225,3273,90],[225,3273,334],[225,3425,54],[226,11,60],[226,11,98],[226,1337,302],[226,3382,29],[226,3434,158],[226,3434,207],[227,585,74],[227,644,230],[227,892,65],[227,1637,293],[227,1938,380],[227,1938,324],[227,1938,332],[227,2182,433],[227,2182,231],[228,897,438],[228,897,365],[228,1196,343],[228,1196,448],[228,2004,86],[228,2004,364],[228,2004,384],[228,2733,83],[229,1824,258],[229,3271,255],[229,3426,161],[229,3426,500],[229,3426,343],[229,3426,481],[230,3040,140],[231,73,252],[231,511,174],[231,511,400],[231,511,113],[231,2797,278],[231,2797,310],[231,3644,396],[232,119,58],[232,119,237],[232,119,306],[232,721,377],[232,1480,91],[232,2699,266],[232,2699,163],[232,2699,213],[232,3640,266],[232,3640,331],[232,3909,382],[232,3909,360],[233,121,365],[233,802,363],[233,2012,386],[233,2012,411],[233,2799,323],[233,3288,361],[233,3681,349],[233,3855,483],[233,3855,353],[234,1492,70],[234,1492,13],[234,1492,276],[234,1625,272],[234,2323,424],[234,3307,420],[234,3855,483],[234,3855,353],[235,104,304],[235,104,460],[235,1192,229],[235,1239,255],[235,1585,192],[235,1674,44],[235,1753,448],[235,1753,272],[235,2203,363],[236,1033,334],[236,2011,328],[236,2119,245],[236,2224,325],[236,2224,477],[236,2224,154],[237,1044,109],[237,3167,349],[237,3167,413],[237,3550,289],[237,3550,81],[237,3748,242],[238,511,174],[238,511,400],[238,511,113],[238,1330,320],[238,3731,340],[239,800,211],[239,966,133],[239,966,45],[239,1071,490],[239,3218,358],[239,3218,434],[239,3438,45],[239,3438,159],[240,1119,494],[240,1119,278],[240,2059,429],[240,2059,476],[240,2225,355],[240,2225,234],[240,2225,268],[240,3284,76],[240,3589,161],[240,3897,385],[241,1041,469],[241,1269,445],[241,1269,322],[241,1325,316],[241,1371,483],[241,1876,348],[241,3223,126],[242,1306,245],[242,2832,201],[242,2848,269],[243,607,247],[243,607,372],[243,1466,317],[243,1970,263],[243,3462,232],[243,3462,302],[243,3462,466],[243,3806,247],[244,1494,34],[244,3077,412],[244,3677,336],[244,3677,133],[245,336,228],[245,1910,365],[246,925,48],[246,1230,144],[246,1230,213],[246,1611,401],[246,1611,186],[246,1642,205],[246,3423,433],[247,1761,20],[247,2785,279],[247,2785,317],[247,3892,339],[248,1978,189],[248,2563,307],[248,2563,356],[248,2947,193],[248,3765,28],[248,3765,226],[249,258,252],[249,420,252],[249,1385,134],[249,1385,282],[249,1817,261],[249,2198,329],[250,303,437],[250,447,404],[250,544,282],[250,1818,35],[250,1818,350],[250,1818,33],[250,1879,400],[250,2863,128],[250,2863,487],[250,3110,9],[250,3110,265],[251,632,134],[251,632,312],[251,1022,447],[251,2623,348],[251,2746,423],[251,2883,278],[251,3006,390],[251,3006,404],[251,3791,474],[251,3791,360],[252,1628,289],[252,1628,320],[252,2849,426],[252,3643,397],[253,416,349],[253,793,325],[253,808,437],[253,808,463],[253,2020,285],[253,2020,337],[253,2020,450],[253,2020,448],[253,2609,370],[253,2631,500],[253,2631,420],[253,3188,272],[253,3875,420],[254,464,12],[254,464,484],[254,1340,310],[254,1938,380],[254,1938,324],[254,1938,332],[256,1394,382],[256,1869,356],[256,1928,432],[256,1928,471],[256,1928,399],[256,3183,446],[256,3715,407],[257,1566,447],[257,1603,249],[257,1603,458],[257,1955,314],[257,2034,367],[257,2034,337],[257,2522,62],[257,3049,401],[257,3052,290],[257,3052,354],[257,3738,415],[257,3738,419],[258,2297,410],[258,3275,12],[258,3275,481],[258,3275,47],[258,3275,292],[258,3928,446],[258,3978,371],[259,848,405],[259,848,100],[259,848,460],[259,919,492],[259,1406,398],[259,1672,218],[259,1672,159],[259,1672,170],[259,1982,358],[259,3918,78],[260,682,496],[260,979,210],[260,1004,295],[260,1807,474],[260,2583,293],[260,2583,371],[260,2861,19],[260,3373,456],[261,1552,374],[261,1552,379],[261,2076,383],[261,2076,440],[261,2076,223],[261,2274,391],[261,2458,299],[262,873,313],[262,991,86],[262,2337,444],[262,2337,462],[263,147,283],[263,957,445],[263,957,485],[263,2122,316],[263,3359,48],[264,186,464],[264,411,478],[264,411,275],[264,882,379],[264,1675,340],[264,1675,360],[264,2611,470],[264,3079,304],[264,3079,348],[264,3079,367],[265,2034,367],[265,2034,337],[265,3820,270],[266,610,218],[266,610,211],[266,610,269],[266,1322,318],[266,1322,222],[266,2061,482],[266,2158,362],[266,2905,296],[266,3235,383],[266,3623,388],[267,1059,88],[267,1059,176],[267,1133,81],[267,1508,78],[267,1508,402],[267,1549,268],[267,1549,315],[267,2164,282],[267,3407,94],[268,452,184],[268,452,13],[268,1501,444],[268,1501,429],[268,1945,288],[268,2603,466],[269,269,388],[269,448,314],[269,967,303],[269,967,125],[269,1911,12],[269,1911,341],[270,135,415],[270,135,472],[270,704,256],[270,704,114],[270,704,191],[270,723,340],[270,3010,434],[271,759,433],[271,808,437],[271,808,463],[271,960,182],[271,960,300],[271,1734,23],[271,1734,466],[271,3752,155],[272,172,432],[272,987,221],[272,987,210],[272,1570,313],[273,163,141],[273,616,239],[273,616,240],[273,1002,385],[273,1408,301],[273,1408,488],[274,145,341],[274,222,465],[274,2146,87],[274,3081,370],[275,6,418],[275,212,423],[275,3613,291],[275,3661,491],[276,355,242],[276,579,500],[276,1357,396],[276,1357,280],[276,2336,343],[276,2424,196],[276,2424,46],[277,1130,38],[277,3736,343],[277,3790,439],[277,3790,498],[277,3790,422],[277,3974,388],[278,74,312],[278,1705,380],[278,1705,228],[278,2433,239],[278,3328,290],[278,3328,126],[278,3628,242],[278,3994,167],[278,3994,373],[279,1923,11],[279,1923,220],[279,2308,305],[279,3089,361],[279,3089,330],[279,3639,491],[279,3883,472],[280,593,328],[280,593,308],[280,593,341],[280,1135,295],[280,2118,381],[280,3149,477],[280,3995,97],[280,3995,153],[281,897,438],[281,897,365],[281,1078,309],[281,1907,81],[281,1907,334],[281,1907,66],[281,3207,5],[281,3207,439],[281,3650,459],[281,3919,443],[282,2448,344],[282,2454,179],[283,965,302],[283,1359,33],[283,1359,237],[283,1671,323],[283,2699,266],[283,2699,163],[283,2699,213],[283,2894,95],[284,881,493],[284,884,96],[284,884,203],[284,1474,228],[284,1474,262],[284,1583,353],[284,1606,144],[285,293,63],[285,1125,217],[285,1125,261],[285,1125,412],[285,1475,416],[285,2568,446],[285,3089,361],[285,3089,330],[285,3211,394],[285,3211,402],[285,3791,474],[285,3791,360],[286,598,204],[286,1856,27],[287,1117,429],[287,1117,376],[287,1230,144],[287,1230,213],[287,2999,7],[287,3072,340],[288,830,417],[288,1950,325],[288,2019,435],[288,2267,255],[288,2485,432],[288,2992,292],[288,3408,64],[288,3408,282],[288,3457,249],[289,2796,209],[289,3976,339],[290,118,443],[290,118,449],[290,673,318],[290,673,6],[290,1121,452],[290,3624,491],[291,200,460],[291,1939,244],[291,1939,72],[291,2086,384],[291,2742,370],[291,3640,266],[291,3640,331],[292,1433,300],[292,2300,413],[292,2473,306],[292,2473,433],[293,333,495],[293,1343,295],[293,1343,125],[293,1343,294],[293,1343,408],[293,1357,396],[293,1357,280],[293,1410,315],[293,2673,497],[293,2701,314],[294,1753,448],[294,1753,272],[294,2747,40],[294,3546,308],[295,1597,440],[295,1597,309],[295,2429,251],[295,2429,309],[295,3063,356],[295,3177,19],[295,3177,211],[295,3636,373],[295,3636,398],[296,824,410],[296,1040,398],[296,1040,123],[296,2380,405],[296,3320,330],[296,3963,350],[297,240,176],[297,240,448],[297,2745,381],[297,2990,258],[297,3352,82],[297,3352,327],[298,558,323],[298,558,309],[298,704,256],[298,704,114],[298,704,191],[298,771,354],[298,1586,246],[298,3412,404],[299,1859,129],[299,1859,369],[299,2148,194],[299,2666,217],[300,326,78],[300,659,127],[300,3014,138],[300,3041,411],[300,3488,9],[301,930,67],[301,3228,166],[301,3228,286],[302,23,442],[302,83,36],[302,602,50],[302,602,493],[302,602,357],[302,2786,335],[302,3844,243],[303,370,53],[303,370,88],[303,370,264],[303,1473,434],[303,1473,318],[303,1473,410],[303,2253,132],[303,3079,304],[303,3079,348],[303,3079,367],[303,3144,318],[303,3144,478],[303,3552,344],[303,3552,436],[303,3552,120],[304,1416,283],[304,1657,472],[304,1713,445],[304,3814,432],[305,175,351],[305,1712,395],[305,1712,151],[305,1740,313],[305,1740,468],[305,2387,23],[305,2387,94],[305,2387,414],[305,3915,16],[305,3915,299],[306,325,117],[306,2124,341],[306,2824,431],[306,3275,12],[306,3275,481],[306,3275,47],[306,3275,292],[306,3793,324],[307,187,327],[307,187,372],[307,1983,281],[307,3439,499],[307,3439,112],[307,3439,458],[307,3816,456],[308,17,350],[308,17,457],[308,153,389],[308,1074,348],[308,1074,441],[308,2930,358],[308,2930,428],[308,2930,370],[308,2993,342],[308,3216,233],[308,3704,342],[309,125,453],[309,224,269],[309,2525,328],[309,2525,457],[309,3050,361],[310,941,277],[310,941,317],[310,2009,381],[310,2009,28],[310,2009,426],[310,2511,436],[310,2511,215],[311,377,357],[311,2263,357],[311,2627,66],[311,2715,385],[311,2715,303],[311,2715,77],[311,2763,68],[312,375,121],[312,2595,61],[312,3811,135],[312,3811,472],[313,1170,73],[313,1170,463],[313,2497,393],[313,2497,188],[313,2497,418],[313,3616,449],[313,3616,477],[313,3670,479],[313,3854,386],[313,3854,263],[313,3854,480],[314,607,247],[314,607,372],[314,2020,285],[314,2020,337],[314,2020,450],[314,2020,448],[314,2617,419],[314,3381,390],[314,3729,498],[314,3729,322],[315,248,452],[315,1118,44],[315,1203,294],[315,1203,329],[315,1284,393],[315,1595,341],[315,2626,455],[316,275,156],[316,479,466],[316,1228,312],[317,1804,129],[318,1935,482],[318,2113,238],[319,106,157],[319,106,487],[319,967,303],[319,967,125],[319,1028,255],[319,1028,307],[319,1028,216],[319,1273,475],[319,1687,354],[319,3846,499],[320,1669,455],[320,3211,394],[320,3211,402],[320,3435,191],[320,3435,392],[320,3950,469],[321,859,403],[321,859,419],[321,1605,426],[321,2247,400],[321,2339,231],[321,2339,362],[321,3838,124],[321,3838,393],[322,494,56],[322,494,419],[322,3162,422],[323,848,405],[323,848,100],[323,848,460],[323,1860,375],[323,2040,10],[323,2922,496],[323,2922,21],[324,52,19],[324,52,426],[324,1200,429],[324,1233,378],[324,1233,369],[324,1269,445],[324,1269,322],[324,2593,362],[324,3158,286],[324,3158,96],[325,1516,438],[325,1516,14],[325,3462,232],[325,3462,302],[325,3462,466],[326,1185,287],[326,1185,270],[326,3662,361],[326,3662,489],[327,2549,177],[327,3281,380],[328,849,76],[328,849,80],[328,2090,383],[329,170,469],[329,695,469],[329,3006,390],[329,3006,404],[331,47,220],[331,47,418],[331,562,459],[331,1654,284],[331,3142,349],[332,3389,422],[333,244,200],[333,880,397],[333,2187,398],[333,3003,479],[333,3432,305],[334,1017,236],[334,3610,271],[335,959,345],[335,959,205],[335,2255,389],[335,2629,336],[335,2629,55],[336,1074,348],[336,1074,441],[336,1597,440],[336,1597,309],[336,3788,464],[336,3929,123],[337,610,218],[337,610,211],[337,610,269],[337,767,198],[337,2699,266],[337,2699,163],[337,2699,213],[337,2882,404],[337,3629,415],[338,196,258],[338,196,481],[338,196,140],[338,1409,449],[338,1608,348],[338,1810,226],[338,1810,463],[338,3568,470],[339,365,369],[339,638,178],[339,638,338],[339,2810,430],[339,3994,167],[339,3994,373],[340,2751,369],[340,2835,413],[340,2835,36],[340,3712,408],[341,1458,319],[341,3383,393],[342,1316,79],[342,1785,392],[342,1800,148],[342,2536,20],[343,3295,346],[344,1565,395],[344,1843,358],[344,2652,163],[344,2652,478],[344,2863,128],[344,2863,487],[344,3738,415],[344,3738,419],[345,221,489],[345,1683,434],[345,2001,402],[345,2012,386],[345,2012,411],[345,2629,336],[345,2629,55],[345,3038,353],[346,1380,8],[346,1561,395],[346,2488,67],[346,3248,406],[346,3588,464],[346,3588,493],[346,3811,135],[346,3811,472],[347,141,149],[347,141,208],[347,141,265],[347,141,370],[347,383,110],[347,383,478],[347,689,366],[347,1293,143],[347,1293,113],[347,3321,472],[349,2387,23],[349,2387,94],[349,2387,414],[349,2805,406],[349,2805,458],[349,3638,498],[349,3638,435],[349,3638,206],[350,2737,247],[350,2777,374],[351,106,157],[351,106,487],[351,1355,462],[351,1355,232],[351,1986,52],[352,665,167],[352,665,152],[352,665,343],[352,665,139],[352,2179,60],[352,2607,93],[352,2729,474],[353,573,482],[353,1928,432],[353,1928,471],[353,1928,399],[353,2092,414],[353,3129,239],[353,3129,259],[354,1128,406],[354,1128,317],[354,1254,299],[354,1254,456],[354,2682,8],[354,3768,118],[355,1689,25],[355,2134,459],[355,3112,496],[355,3796,208],[355,3873,279],[356,2059,429],[356,2059,476],[356,2224,325],[356,2224,477],[356,2224,154],[357,3449,232],[357,3449,378],[357,3740,7],[358,647,366],[358,647,472],[358,1875,333],[358,3717,99],[360,196,258],[360,196,481],[360,196,140],[360,3222,450],[361,1311,467],[361,2182,433],[361,2182,231],[361,2586,438],[361,3093,383],[361,3372,378],[361,3372,489],[361,3372,280],[361,3372,481],[362,287,425],[362,287,450],[362,1435,2],[363,1308,193],[363,1308,418],[363,2696,332],[363,2696,299],[363,3132,145],[363,3132,442],[363,3132,223],[363,3637,230],[364,322,113],[364,1167,460],[364,1479,314],[364,1479,417],[364,1618,86],[364,2750,425],[365,602,50],[365,602,493],[365,602,357],[365,957,445],[365,957,485],[365,1388,381],[365,3122,311],[366,156,59],[366,1137,378],[366,1627,498],[366,3075,463],[367,2275,366],[367,2718,10],[367,3879,169],[368,532,343],[368,966,133],[368,966,45],[368,1233,378],[368,1233,369],[368,2194,378],[368,2440,385],[369,202,439],[369,202,482],[369,1161,443],[369,3514,244],[369,3937,396],[370,2,252],[370,681,421],[370,861,420],[371,472,448],[371,516,4],[371,1016,248],[371,1016,94],[371,1016,488],[371,1016,493],[371,2213,131],[371,2213,485],[371,2421,483],[371,3229,79],[372,1016,248],[372,1016,94],[372,1016,488],[372,1016,493],[372,3966,328],[373,310,356],[373,310,464],[373,310,201],[373,1822,470],[373,2806,486],[373,2806,357],[374,66,168],[374,66,484],[374,648,469],[374,1006,317],[374,1790,494],[374,2806,486],[374,2806,357],[374,3510,35],[374,3510,191],[375,417,430],[375,578,125],[375,578,430],[375,1492,70],[375,1492,13],[375,1492,276],[375,2563,307],[375,2563,356],[376,62,227],[376,62,355],[376,62,210],[376,1858,279],[376,1858,190],[377,553,25],[377,691,205],[377,691,424],[377,1563,296],[377,2143,479],[377,2434,303],[377,2471,52],[377,3979,432],[378,2107,385],[378,2630,142],[378,3573,385],[378,3573,290],[379,2268,52],[379,2268,259],[379,3133,494],[379,3133,384],[380,954,125],[380,3070,265],[381,1341,130],[381,1508,78],[381,1508,402],[381,1701,115],[381,1701,465],[381,2204,484],[381,2373,282],[382,126,409],[382,1285,173],[382,1285,386],[382,2292,124],[382,2292,462],[382,2292,284],[383,647,366],[383,647,472],[383,1969,144],[383,1969,470],[383,2316,147],[383,2938,47],[383,2938,394],[384,3,85],[384,11,60],[384,11,98],[384,630,88],[384,630,211],[384,714,32],[384,960,182],[384,960,300],[385,3619,356],[385,3981,467],[386,436,15],[386,1684,275],[387,662,425],[387,687,406],[387,2130,284],[387,3552,344],[387,3552,436],[387,3552,120],[387,3954,162],[388,1296,481],[388,1296,196],[388,1450,243],[388,1450,482],[388,2317,482],[388,2429,251],[388,2429,309],[389,1234,427],[389,2909,70],[390,2065,423],[390,2065,462],[390,2782,461],[390,2823,172],[390,3269,357],[390,3269,455],[390,3493,447],[391,10,6],[391,10,91],[391,422,207],[391,1103,113],[391,1942,279],[391,3400,175],[392,280,397],[392,1313,111],[392,1821,414],[392,2354,447],[392,2354,216],[392,2518,455],[393,571,321],[393,571,55],[393,1949,391],[393,3782,92],[394,905,95],[394,905,420],[394,1505,445],[394,2828,244],[394,2929,117],[394,3170,403],[395,2313,398],[395,2588,345],[396,766,363],[396,766,443],[396,3174,475],[396,3390,40],[396,3802,352],[397,115,455],[397,1309,409],[397,1309,443],[397,1309,457],[397,1384,465],[398,364,487],[398,1268,53],[398,1348,438],[398,2964,406],[399,184,357],[399,184,402],[399,1109,63],[399,1498,257],[399,1498,102],[399,1498,454],[399,1498,15],[399,1794,327],[399,1794,409],[399,3422,489],[400,643,483],[400,2197,487],[400,2197,246],[400,2551,455],[400,3505,404],[401,2509,108],[401,2509,274],[402,533,405],[402,1089,409],[402,1100,250],[402,2376,489],[403,202,439],[403,202,482],[403,411,478],[403,411,275],[403,1300,406],[403,2371,418],[404,2918,173],[405,1332,204],[405,1332,105],[405,1573,56],[405,1573,64],[405,3275,12],[405,3275,481],[405,3275,47],[405,3275,292],[406,205,452],[406,2068,336],[406,2068,423],[407,1473,434],[407,1473,318],[407,1473,410],[407,2392,2],[408,118,443],[408,118,449],[408,119,58],[408,119,237],[408,119,306],[408,1267,449],[408,1963,465],[409,807,492],[409,807,416],[409,3332,410],[410,1111,425],[410,1539,474],[410,3655,370],[411,70,102],[411,70,480],[411,612,246],[411,809,100],[411,814,405],[411,2202,437],[411,3167,349],[411,3167,413],[412,593,328],[412,593,308],[412,593,341],[412,748,1],[412,3586,108],[413,700,399],[413,1140,399],[413,1960,212],[414,2248,490],[414,2248,72],[414,2631,500],[414,2631,420],[414,3426,161],[414,3426,500],[414,3426,343],[414,3426,481],[415,1374,417],[415,2774,441],[415,3241,436],[416,4,89],[416,1408,301],[416,1408,488],[416,1836,497],[416,2200,440],[416,3375,461],[417,522,425],[417,522,316],[417,756,30],[417,756,493],[417,1308,193],[417,1308,418],[417,2115,473],[417,2115,445],[417,3427,480],[418,1026,467],[418,1026,452],[418,1903,457],[418,2284,297],[418,2284,202],[418,2525,328],[418,2525,457],[419,768,351],[419,768,312],[419,3047,233],[420,409,83],[420,1156,348],[420,3877,151],[421,992,359],[421,1016,248],[421,1016,94],[421,1016,488],[421,1016,493],[421,1097,206],[421,1576,437],[422,1818,35],[422,1818,350],[422,1818,33],[422,2244,240],[422,2244,241],[422,2661,287],[422,2661,143],[422,2775,219],[423,1601,31],[423,1601,499],[423,2002,291],[423,2002,109],[423,2934,96],[424,123,341],[424,123,477],[424,629,276],[424,3101,49],[425,3219,428],[425,3219,245],[425,3612,41],[425,3612,492],[426,546,401],[426,1276,281],[426,3772,14],[427,28,22],[427,2184,252],[428,137,94],[428,137,489],[428,285,222],[428,285,298],[428,2372,63],[428,3274,434],[428,3576,497],[428,3648,216],[428,3648,291],[429,557,40],[429,1095,400],[429,1095,7],[429,2009,381],[429,2009,28],[429,2009,426],[429,2639,34],[431,2055,391],[431,2906,212],[431,2988,97],[432,2869,453],[432,3616,449],[432,3616,477],[433,2221,198],[433,3862,170],[433,3864,125],[434,888,126],[434,2115,473],[434,2115,445],[434,3439,499],[434,3439,112],[434,3439,458],[434,3891,340],[435,27,57],[435,825,338],[435,1599,156],[435,1599,443],[435,3442,97],[435,3456,270],[435,3456,419],[436,1630,375],[436,1630,139],[436,1735,329],[436,2514,82],[436,2601,90],[437,1878,492],[437,1878,181],[437,2268,52],[437,2268,259],[437,2566,428],[438,1975,192],[438,1975,473],[438,3225,496],[438,3385,3],[438,3405,12],[439,402,371],[439,402,176],[439,1026,467],[439,1026,452],[439,1810,226],[439,1810,463],[439,1864,250],[439,2896,476],[440,961,417],[440,2800,454],[440,3013,290],[441,1056,69],[441,1924,116],[441,2004,86],[441,2004,364],[441,2004,384],[441,3266,453],[442,137,94],[442,137,489],[442,2060,192],[442,3178,500],[442,3178,333],[442,3518,356],[443,3506,183],[444,3354,480],[444,3354,337],[444,3552,344],[444,3552,436],[444,3552,120],[445,41,171],[445,2984,451],[446,2003,216],[446,3132,145],[446,3132,442],[446,3132,223],[447,2396,354],[448,3592,321],[449,1604,486],[449,2224,325],[449,2224,477],[449,2224,154],[449,3635,326],[449,3635,466],[449,3904,142],[449,3904,239],[450,764,466],[450,764,298],[450,855,465],[450,1105,464],[450,2408,484],[450,3210,464],[451,319,484],[451,722,433],[451,722,343],[451,722,465],[451,1127,490],[451,2994,92],[451,2994,112],[452,370,53],[452,370,88],[452,370,264],[452,876,283],[452,876,337],[452,2659,451],[452,3924,499],[453,329,468],[453,329,329],[453,1996,492],[453,2891,498],[453,3760,442],[454,229,41],[454,654,89],[454,1194,196],[454,1958,71],[454,1958,373],[454,2652,163],[454,2652,478],[455,511,174],[455,511,400],[455,511,113],[455,3134,225],[456,1314,28],[456,1693,297],[456,1932,148],[457,663,84],[457,1134,336],[457,2671,45],[457,3678,460],[457,3678,262],[457,3678,376],[458,438,224],[458,438,300],[458,972,138],[458,2070,244],[458,2296,289],[458,2296,49],[459,1309,409],[459,1309,443],[459,1309,457],[459,1900,471],[459,1900,256],[459,1958,71],[459,1958,373],[460,1672,218],[460,1672,159],[460,1672,170],[461,792,29],[461,1600,57],[461,1600,441],[461,1878,492],[461,1878,181],[462,2959,404],[462,2959,3],[463,3599,459],[464,1745,486],[465,44,225],[465,464,12],[465,464,484],[466,1286,154],[467,359,65],[467,494,56],[467,494,419],[467,3262,495],[467,3725,318],[467,3725,117],[467,3725,286],[468,2132,94],[468,2229,382],[468,2476,415],[469,3632,187],[470,593,328],[470,593,308],[470,593,341],[470,1166,19],[470,1954,350],[471,742,79],[471,742,323],[471,3247,51],[471,3247,45],[472,2672,119],[473,1479,314],[473,1479,417],[473,1554,494],[473,1554,81],[473,1601,31],[473,1601,499],[473,3871,488],[474,3830,212],[474,3990,235],[475,807,492],[475,807,416],[475,1181,480],[475,2727,478],[475,3737,491],[476,209,205],[476,209,487],[476,1175,393],[476,1175,339],[476,1648,410],[476,2005,500],[476,3418,49],[477,122,168],[477,342,499],[477,342,188],[478,1611,401],[478,1611,186],[478,2197,487],[478,2197,246],[479,755,487],[479,2196,490],[479,2206,480],[479,2206,7],[479,2248,490],[479,2248,72],[479,3440,347],[479,3440,367],[480,2706,451],[481,1988,333],[482,187,327],[482,187,372],[483,3203,40],[485,597,498],[485,597,102],[485,742,79],[485,742,323],[485,774,457],[485,774,368],[487,905,95],[487,905,420],[487,3725,318],[487,3725,117],[487,3725,286],[488,351,499],[488,832,145],[488,832,496],[488,3504,497],[488,3662,361],[488,3662,489],[489,2952,127],[490,555,225],[490,1101,481],[490,1101,132],[491,234,394],[491,3745,121],[492,2658,327],[492,2658,127],[492,3430,328],[492,3725,318],[492,3725,117],[492,3725,286],[493,394,146],[494,2555,480],[494,3084,495],[494,3419,331],[494,3419,416],[494,3831,498],[495,995,16],[495,2029,44],[495,2225,355],[495,2225,234],[495,2225,268],[496,2625,198],[496,3426,161],[496,3426,500],[496,3426,343],[496,3426,481],[497,114,407],[497,2446,155],[497,2633,485],[498,3438,45],[498,3438,159],[499,2511,436],[499,2511,215],[500,298,216],[500,3469,406]];

jitters = [20000,100000,1000,10000,100000,10000,100000,10000,100000,10000,50000,100000,100000,100000,20000,100000,1000,100000,10000,100000,50000,20000,100000,100000,5000,10000,1000,10000,10000,5000,50000,100000,1000,20000,100000,20000,100000,10000,50000,1000,10000,20000,20000,100000,10000,100000,100000,20000,10000,10000,20000,10000,10000,10000,10000,20000,20000,100000,20000,2000,100000,1000,10000,20000,100000,20000,20000,100000,10000,100000,5000,100000,10000,20000,100000,20000,10000,20000,20000,20000,10000,10000,20000,20000,100000,100000,20000,100000,10000,20000,50000,100000,10000,10000,20000,20000,10000,20000,10000,10000,20000,100000,100000,20000,10000,100000,20000,10000,10000,100000,100000,100000,100000,100000,10000,20000,10000,10000,20000,100000,10000,10000,100000,20000,10000,10000,5000,100000,20000,20000,10000,20000,1000,100000,10000,10000,100000,20000,10000,10000,50000,20000,20000,100000,10000,10000,20000,100000,10000,100000,20000,20000,1000,20000,10000,100000,10000,100000,100000,50000,100000,10000,50000,10000,20000,100000,10000,1000,20000,50000,10000,10000,10000,100000,10000,20000,20000,50000,20000,20000,10000,20000,100000,20000,1000,100000,100000,10000,10000,10000,100000,10000,10000,100000,20000,100000,100000,20000,5000,10000,10000,100000,100000,1000,100000,2000,10000,100000,20000,20000,100000,20000,50000,10000,20000,10000,10000,100000,20000,100000,10000,10000,10000,100000,100000,100000,10000,20000,100000,10000,10000,2000,20000,20000,20000,20000,2000,10000,20000,10000,10000,2000,50000,20000,10000,5000,50000,20000,10000,100000,10000,10000,20000,10000,100000,100000,10000,100000,20000,100000,10000,100000,50000,10000,100000,2000,100000,10000,2000,100000,5000,20000,1000,10000,20000,20000,20000,10000,20000,20000,20000,100000,50000,20000,100000,1000,10000,20000,50000,10000,20000,5000,10000,100000,20000,100000,100000,100000,10000,5000,1000,100000,2000,20000,20000,10000,100000,100000,20000,10000,1000,10000,20000,10000,10000,10000,50000,2000,20000,10000,10000,10000,50000,10000,20000,20000,100000,20000,10000,100000,20000,10000,20000,20000,100000,10000,10000,10000,50000,10000,10000,100000,20000,20000,100000,20000,20000,10000,20000,100000,20000,100000,20000,100000,100000,20000,1000,20000,10000,10000,20000,10000,20000,20000,20000,20000,100000,1000,10000,20000,100000,100000,10000,10000,50000,100000,20000,1000,10000,100000,10000,100000,20000,20000,1000,20000,20000,2000,100000,10000,10000,10000,10000,20000,20000,10000,10000,20000,100000,10000,10000,100000,20000,100000,100000,20000,100000,10000,100000,100000,5000,10000,5000,20000,20000,100000,20000,20000,10000,20000,20000,10000,20000,20000,20000,10000,100000,100000,10000,50000,10000,20000,5000,100000,20000,20000,5000,20000,20000,100000,20000,100000,10000,100000,20000,100000,10000,100000,10000,10000,10000,20000,20000,100000,10000,100000,20000,100000,20000,20000,100000,100000,20000,10000,10000,10000,1000,20000,10000,10000,20000,20000,100000,100000,20000,20000,20000,20000,20000,20000,100000,2000,10000,10000,50000,10000,20000,100000,100000,20000,20000,20000,20000,10000,2000,100000,100000,20000,20000,100000];

