NumChains = 50;
NumResources = 3;
NumRunnablesInChains = 266;
MemoryBoundOnResource = 1048576;
UtilizationBoundOnResource = 100;

numberOfTasksinChain = [9,7,9,7,13,13,7,9,7,7,7,11,7,9,9,13,7,13,7,9,11,13,13,7,9,7,9,13,7,11,9,7,7,7,9,13,9,13,11,13,13,9,13,9,13,11,11,7,11,7];

runnablesInChains = [19,218,424,451,133,281,280,117,370,141,125,88,168,267,300,126,403,469,208,20,470,74,23,97,332,212,420,387,399,351,96,206,220,254,28,238,189,275,207,444,224,462,144,294,235,405,161,47,75,457,166,88,96,339,476,386,79,273,431,89,334,127,461,90,24,136,354,444,500,379,170,88,295,224,219,198,319,149,417,227,106,29,130,289,176,215,121,453,265,196,103,365,180,423,78,146,261,454,6,306,336,83,33,16,496,349,300,427,200,224,426,265,101,352,48,66,127,24,149,227,116,484,6,53,341,10,343,480,210,224,341,284,194,426,480,451,188,205,50,8,408,344,263,364,452,289,348,105,307,257,455,212,57,182,235,251,336,16,456,172,333,494,138,429,15,176,84,469,98,207,352,160,78,214,99,373,177,222,300,7,205,448,52,103,55,143,387,144,356,367,405,94,328,292,102,330,164,439,311,433,228,12,26,19,194,126,270,363,426,47,253,390,245,376,420,500,233,196,425,378,298,398,313,410,258,53,283,459,362,484,365,30,437,212,486,213,379,201,495,72,236,316,177,150,8,488,152,324,232,414,184,266,451,7,199,219,52,134,210,393,71,319,87,145,201,28];

ProcessingTimesOfMessages = [[1,1,1,1,1,1],[1,1,1,1,1,1,1,1],[1,1,1,1,1,1,1,1,1,1,1],[1,1,1,1,1,1,1,1,1,1,1,1,1],[1,1,1,1,1,1,1,1],[1,1,1,1,1,1],[1,1,1,1,1,1,1,1],[1,1,1,1,1,1,1],[1,1,1,1,1],[1,1,1,1,1],[1,1,1,1],[1,1,1,1,1,1,1,1,1],[1,1,1,1,1,1],[1,1,1,1,1,1],[1,1,1,1,1,1,1,1,1,1,1],[1,1,1,1,1,1],[1,1,1,1,1,1],[1,1,1,1,1],[1,1,2,2,1,1,1,1],[1,1,1,1,1,1,1],[1,1,1,1,1,1,1,1],[2,2,1,1,1,1,1],[1,1,1,1,1,1,1,1,1,1],[1,1,1,1,1,1,1,1,1,1],[1,1,1,1,1,1,1,1],[1,1,1,1,1,1],[1,1,1,1,1,1,1,1],[1,1,1,1,1,1,1,1],[1,1,1,1,1,1,1,1],[1,1,1,1,1,1],[1,1,1,1,1,1,1],[1,1,1,1,1,1],[1,1,1,1,1,1],[1,1,1,1,1,1,1,1],[1,1,1,1,1],[1,1,1,1,1,1,1,1,1,1,1],[1,1,1,1],[1,1,1,1,1,1,1,1],[1,1,1,1,1,1,1,1],[1,2,1,1,1,1,1],[1,1,1,1,1,1,1,1,1,1,1],[1,1,1,1,1],[1,1,1,1],[1,1,1,1,1,1,1,1,1,1],[1,1,1,1,1,1],[1,1,1],[1,1,1,1,1,1,1],[1,1,1,1],[1,1,1,1],[1,1,1,1,1,1,1,1,1,1,1,1,1],[1,1,1,1],[1,1,1,1,1],[1,1,1,1,1,1,1],[1,1,1,1,1,1,1,1],[1,1,1,1,1,1,1],[1,1,1,1,1,1],[1,1,1,1,1,1,1,1,1],[1,1,1,1,1,1],[1,1,1,1,1,1,1,1,1],[1,1,1,1,1,1,1],[1,1,1,1,1,1],[1,1,1,1,1,1],[2,1,1,1,1,1],[1,1,1,1,1,1,1],[1,1,1],[2,2,1,1,1,1,1],[1,1,1,1,1,1,1,1],[1,1,1,1,1,1,1,1],[1,1,1,1,1,1,1,1],[1,1,1,1,1,1,1,1,1,1],[1,1,1,1,1,1,1,1,1,1,1,1],[1,1,1,1,1,1,1,1],[1,1,1,1,1,1,1],[1,1,1,1,1,1,1,1],[1,1,1,1,1],[1,1,1,1,1],[1,1,1,2],[1,1,1],[1,1,1,1,1,1,1],[1,1,1,1,1,1,1,1,1,1,1,1],[1,1,1,1,1,1],[1,1,1,1],[1,1,1,1,1,1,1,1],[1,1,1,1,1],[1,1,1,1,1,1,1,1,1],[1,1,1,1,1,1,1,1],[1,1,1],[1,1,1,1],[1,2,2,1,1,1,1,1,1,1,1],[1,1,1,1,1,1,1,1],[1,1,1,1,1,1,1,1,1],[1,1,1,1,1],[1,1,1,1,1,1,1,1,1,1],[1,1,1,1,1,1,1,1],[1,1,1,1,1,1,1,1,1,1,1,1,1],[1,1,1,1,1,1,1,1],[1,1,1,1,1,1,1,1,1],[1,1,1,1,1,1,1,1,1],[1,1,1,1,1,1,1,1],[1,1,1,1,1,1,1,1,1],[1,1,1,1,1],[1,1,1,1,1,1,1,1],[1,1,1,1,1,1],[1,1,1,1,1,1],[1,1,1,1,1,1,1],[1,1,1,1,1],[1,1,1,1,1,1],[1,1,1,1,1,1],[1,1,1,1,1],[1,1,1,1,1,1,1,1,1],[1,1,1,1,1,1,1],[1,1,1,1,1],[1,1,1,1,1,1],[1,1,1,1,1,1,1,1],[1,2,1,1,1,1,1,1,1,1],[1,1,1,1,1,1,1,1,1],[1,1,1,1,1,1,1,1],[1,1,1,1],[1,1,1,1,1,1,1,1,1,1],[1,1,1,1,1,1,1,1,1,1,1,1],[1,1,1,1,1,1,1,1,1,1],[1,1,1,1,1,1,1,1],[1,1,1,1],[1,1,1,1,1,1,1,1],[1,1,1,1,1,1,1],[1,1,1,1,1,1],[1,1,1,1,1,1,1,1,1,1],[1,1,1,1,1,1,1,1],[1,1,1,1,1,1,1,1,1,1],[1,1,1,1,1,1],[1,1,1,1,1],[1,1,1,1,1,1,1,1,1],[1,1,1,1,1,1,1,1,1,1],[1,1,1,1,1,1,1,1,1],[1,1,1,1,1,1,1],[1,1,1,1],[1,1,1,1],[1,1,1,1,1,1,1,1],[1,1,1,1,1,1,1,1,1,1],[1,1,1,1,1,1,1],[1,1,1,1,1,1],[1,1,1,1],[1,1,1,1,1,1,1,1],[1,1,1,1,1],[1,1,1,1,1,1,1,1,1,1],[1,1,1,1,1,1,1,1,1,1,1],[1,1,1,1,1,1],[1,1,1,1,1,1,1,1,1],[1,1,1,1,1],[1,1,1,1,1,1,1],[1,1,1,1,1,1,1,1],[1,1,1,1,1,1,1],[1,1,1,1,1,1,1,1,1,1],[1,1,1,1,1,1],[1,1,1,1,1,1,1,1,1,1],[1,1,1,1,2,1],[1,1,1,1,1,1,1,1,1,1],[1,1,1,1],[1,1,1,1,1,1,1],[1,1,1,1,1,1,1],[1,1,1,1,1,1,1,1,1],[1,1,1,1,1],[1,1,1,1,1,1,1,1,1,1],[1,1,1,1,1,1,1,1,1,1,1],[1,1,1,1],[1,1,1,1,1,1,1,1,1,1],[1,1,1,1,1,1,1,1,1,1,1,1],[1,1,1,1,1,1,1,1,1,1,1,1],[1,1,1,1,1,1],[1,1,1,1,1,1,1],[1,1,1,1],[1,1,1,1,1,1,1,1,1,1,1],[1,1,1,1,1,1],[1,1,1,1,1,1,1,1,1,1],[1,1,1,1,1,1],[1,1,1,1],[1,1],[1,1,1,1,1,1],[1,1,1,1,1,1],[1,1,1,1,1,1,1,1,1,1],[1,1,1,1,1,1,1,1,1,1,1],[1,1,1,1,1],[1,1],[1,1,1,1,1,1,1],[1,1,1],[1,1,1,1,1,1,1,1,1,1],[1,1,1,1,1,1,1,1],[1,1,1,1,1,1,1,1,1],[1,1,1,1,1,1,1,1],[1,1,1,1,1,1,1],[1,1,1,1,1,1,1,1,1,1,1,1,1],[1,1,1,1,1,1],[1,1,1,1,1,1,1,1],[1,1,1],[1,1,1,1,1,1],[1,1,1,1,1,1],[1,1,1,1,1,1,1,1,1,1,1,1,1,1],[1,1,1,1,1,1,1,1,1],[1,1,1,1,1,1],[1,1,1,1,1,1,1],[1,1,1,1,1,1,1,1],[1,1],[1,1,1,1,1,1],[2,1],[1,1,1,1,1,1,1,1,1],[1,1,1,1,1,2,1],[1,1,1,1,1,1],[1,1,1,1,1,1,1],[1,1,1,1,1,1],[1,1,1,1,1,1,1],[1,1,1,1,1,1],[1,1,1,1,1,1,1,1,1,1,1],[1,1,1,1,1,1],[1,1,1,1,1,1,1,1],[1,1,1,1,1,1,1,1],[1,1,1,1,1,1,1,1],[1,1,1,1,1,1],[1,1,1,1,1,1,1],[1],[1,1,1,1,1,1,1,1,1,1],[1,1,1,1,1,1,1,1,1,1,1,1],[1,1,1,1,1],[1,1,1,1,1,1,1,1],[1,1,1,1],[1,1,1,1],[1,1,1,1],[1,1],[1,1,1,1,1,1,1],[1,1,1,1,1],[1,1,1],[1,1,1,1,1,1],[1,1,1,1,1,1,1,1],[1,1,1,1],[1,1,1,1,1,1],[1,1,1,1],[1,1,1,1,1,1,1,1,1],[1,1,1,1,1,1,1,1],[1,1,2,1,1,1,1,1],[1,1,1,1,1,1,1],[1,1,1,1,1],[1,1,1,1],[1,1,1,1],[1,1,1,1,1],[1,1,1,1,1,1],[1,1,1,1,1,1,1],[1,1,1,1,1,1,1,1,1,1,1,1,1,1,1,1],[1,1,1,1,1,1,1,1,1,1,1],[1,1,1,1,1,1],[1,1,1,1,1,1],[1,1,1,1,1,1,1],[1,1,1,1],[1,1],[1,1,1,1,2,2,1,1,1,1,1,1,1],[1,1,1,1,1,1,1],[1,1,1,1,1,1,1],[1,1,1,1,1,1,1,1],[1,1,1,1,1,1,1,1,1],[1,1,1,1,1],[1,1,1,1],[1,1,1,1],[1,1,1,1,1],[1,1,1],[1,1,1,1,1,1],[1,1,1,1,1,1,1,1],[1,1,1,1,1,1],[1,1],[1,1,1,1,1],[1,1,1,1,1],[1,1,1,1,1,1,1,1,1],[1,1,1,1,1,1,1,1,1,1],[1,1,1,1,1,1,1,1,1,1],[1,1,1,1],[1,1,1,1,1,1,1,1],[1,1,1,1],[1,1,1],[1,1],[1,1,1,1,1,1],[1,1,1,1,1],[1,1,1,1,1,1,1],[1,1,1,1,1],[1,2,2,1,1],[1,1,1,1,1],[1,1,1],[1,1,1,1,1,2,2,1],[1,1,1,1,1],[1,1,1,1,1,1,1,1],[1,1,1,1],[1,1,1,1,1,1,1,1,1,1,1],[1,1,1,1,1,1,1],[1,1,1,1,1,1],[1],[1,1,1,1,1,1,1],[1,1,1],[1,1,1,1,1,1,1,1,1],[1,1,1,1,1,1,1],[1,1,1,1,1,1,1],[1,1,1],[1],[1,1,1,1,1,1,1],[2,2,1,1,1,1,1,1],[1,1,1,1,1],[1,1,1,1,1],[1,1,1,1],[1,1,1,1,1],[1,1,1,1,1,1],[1,1,1,1],[1],[1,1,1,1,1],[1,1,1,1,1],[1,1,1,1,1,1],[1,1,1,1,1,1,1,1,1,1],[1,1,1,1,1,1],[1,1],[1,1,1,1],[1,1,1,1],[1,1,1,1,1],[1,1,1,1,1,1,1,1],[1,1],[1,1],[1,1,1,1],[1,1,1,1,1,1,1,1,1,1,1],[1,2],[1,1,1,1],[1,1,1,1,1],[1,1,1,1,1,1],[1,1,1,1,1,1,1],[1,1,1,1,1],[1,1,1,1],[1,1,1,1,1,1,1],[1,1,1,1,1,1],[1,1,1,1,1,1,1],[1,1],[1,1,1,1,1],[1,1,1,1,1,1,1,1],[1,1],[1,1,1,1,1,1,1,1],[],[1,1,1,1,1,1],[1,1,2,1,1,1,1,1,1,1],[1,1,1,1,1],[1,1,1,1,1,1],[1,1,1,1,1],[1,1,1],[1,1,1,1,1],[1,1,1,1,1,2],[1,1,1,1],[1,1,1],[1,1,1,1],[1,1],[1,1,1,1],[1,1,1],[1,1,1,1],[1,1],[1,1,1],[1,1,1,1,1,1,1],[1,1,1,1,1],[1,1],[1,1,1,1],[1,1,1,1,1,1,1,1],[1,1,1,1,1],[1,1],[1,1,1,1,1],[1,1,1,1],[1,1,1,1,1],[1,1,1],[1,1,1,1],[1,1,1,1],[1,1,1,1],[],[1,1],[1,1,1,1],[1],[1,1,1,1],[1,1,1,1,1,1],[1,1,1,1,1],[1,1],[1,1,1,1,1,1,1,1,1],[1,1],[1,1,1,1,1],[1,1,1],[1,1,1,1],[1,1,1],[1],[1,1,1],[1,1,1],[1,1,1,1,1,1,1,1,1,1,1,1,1],[1,1,1,1],[1],[1,1,1,1,1],[1,1,1,1,1],[1,1,1,1,1,1,1],[1,1,1],[1],[1,1,1],[1,1],[1],[1,1,1,1,1,1,1],[1,1,1,1],[1,1,1,1,1,1],[1,1,1,1,1,1],[1,1,1,1,1,1],[1,1,1,1,1,1],[1,1,1],[1,1,1],[1,1],[1,1,1,1,1,1],[1,1,1,1],[1,1,1,1],[1,1,1,1,1,1],[1,1,1,1],[1,1,1,1,1,1],[],[1,1,1,1,1,1],[1,1,1,1,1,1,1],[1,1,1,1],[],[1,1,1],[1,1,1,1,1],[1,1,1,1,1,1],[1,1,1,1,1,1],[1,1,1,1,1],[1,1,1,1,1,1,1],[1,1,1,1,1,1,1],[1,1,1,1,1],[1,1,1,1],[1,1,1,1,1,1],[1,1,1,1],[1,1,1,1,1,1,1],[1],[1,1,1,1],[1,1],[1,1,1,1,1,1,1,1,1],[1],[1],[1,1,1,1],[1,1,1,1],[1,1,1,1,1,1,1],[1],[1,1,1,1,1,1,1,1,1,1],[1,1,1],[1,1,1],[1,1],[1,1,1],[1,1,1],[1,1,1,1,1],[1],[1,1,1],[1,1],[1,1],[1,1,1,1,1,1,1],[1,1,1,1],[],[1,1],[1,1,1],[1,1,1,1,1,1,1],[1,1,1,1,1,1],[1,1,1,1,1],[],[],[1,1,1],[],[1,1,1],[1,1,1,1,1,1,1],[],[],[],[1,1],[1,1],[1,1,1,1,1],[1,1,1],[1,1,1,1,1],[1,1],[1,1,1],[],[1,1],[1,1,1,1],[1,1,1,1,1],[1,1,1,1,1,1],[1,1,1,1,1,1,1,1,1],[1,1,1],[1],[1,1,1,1],[1,1],[1,1,1,1],[1,1,1,1],[1,1,1,1,1,1,1,1],[1,1,1],[1],[1],[1,1],[1,1,1],[1,1,1],[1,1],[1,1,1,1],[1,1,1],[1,1,1,1,1],[1,1,1,1,1,1,1],[1],[1,1,1,1,1,1,1,1,1,1,1],[1,1,1]];

processingTimesRunnables = [12,12,10,12,11,17,15,13,8,11,8,12,11,13,11,5,12,8,15,13,13,10,11,13,11,12,12,9,12,12,11,7,5,12,16,6,15,12,10,11,12,10,6,10,8,12,12,10,9,12,6,5,14,9,6,7,10,5,9,12,11,9,8,10,11,12,13,12,11,13,10,11,10,15,11,11,12,13,13,13,14,12,11,6,8,12,13,11,8,7,11,12,14,13,11,10,11,13,12,14,7,12,14,8,16,13,10,14,16,6,11,17,6,8,11,8,12,12,12,8,16,5,13,6,13,10,5,8,6,7,13,8,9,12,13,13,15,6,12,14,12,10,10,13,6,12,11,13,12,13,12,8,11,13,11,14,11,13,7,8,14,13,12,8,9,10,12,14,10,12,13,13,5,11,12,13,6,16,17,6,14,13,5,12,15,13,12,13,13,10,11,14,11,15,11,6,16,15,7,14,12,8,10,8,13,9,12,13,13,10,13,6,11,14,13,12,8,15,10,4,6,6,12,11,14,16,13,8,10,10,10,10,8,12,11,6,8,12,13,16,7,11,10,12,6,14,10,8,11,16,10,13,12,12,14,16,10,11,10,12,11,14,11,7,16,12,14,7,13,12,7,10,12,15,13,13,10,14,11,11,12,11,9,13,5,14,11,13,9,10,12,10,12,12,12,15,13,7,5,12,15,12,10,10,13,12,16,13,13,9,11,12,13,10,9,12,15,15,11,12,13,12,12,15,11,13,12,11,12,4,5,9,11,6,4,9,11,12,11,15,10,5,9,13,14,5,8,14,12,16,11,11,7,13,10,13,12,12,13,13,8,16,10,6,16,4,13,13,11,16,12,11,13,5,12,15,10,11,8,7,9,13,6,16,12,12,12,11,5,14,12,13,5,13,12,4,12,10,11,10,13,12,11,6,13,13,14,16,5,11,11,13,8,12,8,13,15,12,13,13,13,7,13,13,8,8,15,10,6,5,15,12,7,14,11,7,14,13,15,7,12,10,14,11,12,12,8,15,10,13,7,10,12,12,13,6,15,7,13,12,5,7,13,11,13,11,14,5,13,11,13,12,8,10,5,10,12,13,13,13,11,16,10,13,11,13,8,11,11,14,10,11,13,12,7,16,13,5,12,12];

periods = [20000,2000,100000,100000,20000,100000,10000,100000,20000,10000,10000,100000,20000,10000,10000,2000,100000,100000,10000,50000,100000,5000,50000,10000,50000,10000,100000,20000,1000,100000,100000,20000,2000,100000,1000,20000,20000,100000,10000,20000,100000,10000,100000,10000,100000,100000,20000,10000,100000,100000,20000,10000,100000,10000,20000,10000,20000,10000,20000,20000,20000,20000,10000,10000,2000,10000,20000,20000,100000,20000,10000,20000,10000,50000,20000,100000,50000,100000,10000,20000,20000,20000,2000,10000,100000,20000,20000,20000,10000,10000,100000,10000,100000,20000,100000,20000,50000,10000,100000,20000,10000,20000,10000,10000,1000,1000,20000,20000,20000,10000,100000,100000,100000,10000,10000,100000,10000,20000,10000,20000,10000,20000,10000,10000,20000,10000,10000,20000,20000,1000,100000,100000,10000,10000,1000,10000,20000,20000,100000,20000,20000,20000,20000,20000,20000,100000,50000,20000,10000,100000,5000,100000,20000,10000,20000,20000,100000,2000,5000,10000,20000,10000,100000,100000,20000,20000,20000,20000,20000,20000,20000,2000,10000,100000,20000,10000,100000,100000,100000,100000,20000,20000,20000,100000,20000,20000,10000,10000,10000,20000,100000,20000,20000,10000,10000,10000,10000,10000,10000,10000,20000,5000,1000,20000,10000,20000,10000,50000,10000,10000,20000,20000,20000,100000,10000,10000,20000,10000,10000,20000,100000,10000,1000,10000,100000,100000,10000,100000,20000,5000,10000,100000,10000,100000,20000,100000,10000,20000,20000,100000,20000,10000,100000,10000,20000,20000,100000,10000,10000,10000,2000,50000,20000,20000,100000,10000,20000,100000,100000,10000,100000,100000,100000,100000,10000,100000,20000,10000,20000,10000,20000,10000,10000,20000,10000,20000,100000,20000,10000,10000,10000,100000,100000,10000,20000,10000,100000,20000,1000,1000,20000,20000,100000,20000,20000,10000,100000,10000,20000,10000,10000,10000,20000,5000,100000,100000,1000,10000,20000,20000,100000,20000,100000,100000,50000,100000,100000,20000,10000,10000,100000,10000,10000,100000,20000,100000,10000,20000,10000,20000,10000,50000,20000,10000,10000,2000,20000,10000,10000,100000,10000,10000,10000,100000,20000,10000,100000,1000,2000,2000,20000,10000,100000,10000,10000,20000,10000,10000,20000,5000,20000,100000,10000,100000,100000,10000,20000,100000,100000,10000,20000,100000,100000,10000,100000,20000,20000,10000,20000,20000,20000,100000,2000,100000,10000,10000,20000,20000,20000,20000,20000,20000,10000,100000,100000,20000,100000,100000,20000,10000,100000,100000,10000,10000,20000,20000,10000,100000,20000,100000,100000,20000,100000,100000,5000,20000,10000,10000,100000,20000,20000,100000,100000,10000,10000,10000,10000,10000,20000,100000,10000,20000,100000,100000,10000,100000,100000,20000,100000,20000,20000,100000,20000,10000,10000,10000,10000,10000,100000,100000,10000,100000,10000,100000,20000,2000,20000,20000,100000,100000,10000,20000,10000,20000,10000,100000,100000,5000,10000,50000,100000,100000,20000,20000,20000,10000,20000,10000,5000,10000,100000,20000,20000,100000,5000,20000,10000,100000,20000,100000,10000,10000,10000,20000,20000,2000,100000,100000,100000,20000];

communicationTimeForOrderCriticalMessages = [1,1,1,1,1,1,1,1,1,1,1,2,1,1,1,1,1,1,1,1,1,1,1,1,1,1,1,1,1,1,1,1,1,1,1,1,1,1,1,1,1,1,1,1,1,1,1,2,1,1,1,1,1,1,1,1,1,1,1,1,1,1,1,1,1,1,1,1,1,1,1,1,1,1,1,1,1,1,1,1,1,1,1,1,1,1,1,1,1,1,1,1,1,1,1,1,1,1,1,1,1,1,1,1,1,1,2,1,1,1,1,1,1,1,1,1,1,1,1,1,1,1,1,1,1,1,1,1,1,1,1,1,1,1,1,1,1,1,1,1,1,1,1,1,1,1,1,1,1,1,1,1,1,1,1,1,1,1,1,1,1,1,1,2,1,1,1,1,1,1,1,1,1,1,1,1,1,1,1,1,1,1,1,1,1,1,1,1,1,1,1,1,1,1,1,1,1,1,1,1,1,1,1,1,1,1,1,1,1,1,1,1,1,1,1,1];

sizeOfRunnables = [1155,1155,933,1105,1058,1605,1463,1260,773,1083,705,1170,1068,1293,1098,428,1120,753,1458,1240,1205,933,1028,1225,1010,1155,1113,818,1178,1110,1058,660,445,1148,1560,505,1485,1140,968,1100,1180,943,538,970,750,1125,1165,998,813,1163,600,435,1398,810,550,693,940,483,850,1178,1080,815,715,998,1020,1135,1205,1160,1028,1238,990,1043,910,1458,1043,1073,1165,1225,1240,1300,1333,1128,1035,548,765,1103,1253,1053,728,675,1030,1110,1368,1208,1068,948,1038,1230,1148,1368,683,1165,1400,743,1528,1270,983,1308,1540,503,1083,1605,600,723,1008,775,1163,1183,1150,738,1535,450,1205,580,1245,908,460,798,505,700,1248,750,815,1180,1208,1263,1470,600,1188,1393,1200,945,998,1210,595,1155,1088,1278,1118,1300,1198,753,1008,1268,1090,1303,1088,1203,630,790,1328,1245,1133,733,878,968,1170,1308,930,1133,1278,1225,483,1073,1150,1215,510,1503,1620,503,1383,1253,445,1120,1458,1290,1193,1293,1293,978,1080,1335,1058,1470,1015,565,1528,1490,670,1313,1123,730,978,798,1240,888,1193,1260,1290,938,1218,593,1040,1373,1278,1170,715,1415,940,393,540,513,1193,1073,1313,1528,1270,713,990,970,998,998,705,1178,1068,505,713,1140,1223,1528,645,1060,953,1170,585,1365,955,783,1020,1545,990,1263,1155,1165,1350,1595,945,1068,938,1180,1015,1305,1073,670,1528,1173,1383,693,1268,1163,638,983,1173,1430,1215,1285,953,1398,1005,1053,1193,1060,845,1260,430,1328,1095,1290,855,955,1120,938,1180,1185,1120,1495,1270,670,498,1140,1410,1163,985,968,1205,1185,1578,1278,1235,868,1095,1183,1295,940,853,1173,1485,1405,1080,1165,1285,1118,1178,1443,1035,1243,1188,1020,1105,383,405,840,1043,548,383,828,1073,1128,1020,1463,983,450,813,1283,1333,473,753,1368,1188,1563,1095,1015,678,1223,963,1295,1170,1128,1223,1275,743,1573,945,565,1560,390,1210,1245,1035,1573,1113,1023,1258,488,1163,1443,948,1028,788,690,885,1275,550,1563,1193,1188,1173,1065,450,1393,1140,1238,465,1240,1128,393,1200,950,1020,993,1225,1105,1005,555,1208,1238,1303,1568,495,1038,1090,1233,788,1105,743,1275,1480,1178,1238,1300,1243,683,1205,1248,723,730,1433,945,585,430,1415,1150,625,1393,1068,648,1368,1245,1465,685,1198,953,1328,1038,1155,1135,788,1458,978,1220,603,908,1128,1105,1238,600,1438,698,1293,1193,468,638,1260,1098,1253,1030,1350,478,1268,1095,1218,1185,788,918,415,928,1165,1215,1263,1253,1068,1528,970,1238,1028,1300,765,1095,1013,1373,998,1050,1280,1180,615,1528,1290,498,1165,1155];

SenderLabelReceiverOrderCriticalChains = [[19,381,0,0,218],[218,2738,0,0,424],[424,3691,0,0,451],[451,314,0,0,133],[281,3506,0,0,280],[280,3912,0,0,117],[117,2008,0,0,370],[141,741,0,0,125],[125,3218,0,0,88],[88,3261,0,0,168],[168,3581,0,0,267],[300,960,0,0,126],[126,819,0,0,403],[403,2386,0,0,469],[208,2648,0,0,20],[20,3785,0,0,470],[470,3884,0,0,74],[74,1405,0,0,23],[23,30,0,0,97],[97,564,0,0,332],[212,1,0,0,420],[420,2671,0,0,387],[387,3323,0,0,399],[399,1972,0,0,351],[351,2149,0,0,96],[96,1653,0,0,206],[220,2494,0,0,254],[254,2870,0,0,28],[28,3787,0,0,238],[189,496,0,0,275],[275,2070,0,0,207],[207,3616,0,0,444],[444,502,0,0,224],[462,3470,0,0,144],[144,1714,0,0,294],[294,1034,0,0,235],[405,1280,0,0,161],[161,2171,0,0,47],[47,1672,0,0,75],[457,3097,0,0,166],[166,1395,0,0,88],[88,1140,0,0,96],[339,1647,3948,0,476],[476,205,328,0,386],[386,205,0,0,79],[79,3147,0,0,273],[273,3875,0,0,431],[89,1201,0,0,334],[334,1762,0,0,127],[127,1054,0,0,461],[90,2038,0,0,24],[24,2268,0,0,136],[136,1104,0,0,354],[354,3300,0,0,444],[500,359,0,0,379],[379,2189,0,0,170],[170,1454,0,0,88],[88,637,0,0,295],[224,225,3000,0,219],[219,750,0,0,198],[198,3681,0,0,319],[319,2761,0,0,149],[149,3643,0,0,417],[417,3957,0,0,227],[106,3069,0,0,29],[29,1086,0,0,130],[130,3649,0,0,289],[176,929,1956,0,215],[215,2016,0,0,121],[121,104,0,0,453],[453,3533,0,0,265],[265,2166,0,0,196],[196,1589,0,0,103],[365,346,0,0,180],[180,1622,0,0,423],[423,3192,0,0,78],[146,1873,0,0,261],[261,2405,0,0,454],[454,1949,0,0,6],[6,2695,0,0,306],[336,402,0,0,83],[83,1368,0,0,33],[33,420,0,0,16],[16,2456,0,0,496],[496,1072,0,0,349],[300,3351,0,0,427],[427,892,0,0,200],[200,690,0,0,224],[224,1207,0,0,426],[426,558,0,0,265],[265,3730,0,0,101],[352,1849,0,0,48],[48,874,0,0,66],[66,3052,0,0,127],[127,2439,0,0,24],[24,2150,0,0,149],[149,1602,0,0,227],[116,3785,0,0,484],[484,115,0,0,6],[6,2541,0,0,53],[341,2767,0,0,10],[10,893,0,0,343],[343,3406,0,0,480],[480,1289,0,0,210],[224,1814,0,0,341],[341,1238,0,0,284],[284,1866,0,0,194],[426,3360,0,0,480],[480,2848,0,0,451],[451,482,0,0,188],[188,1421,0,0,205],[50,744,0,0,8],[8,1428,0,0,408],[408,1367,0,0,344],[344,1536,0,0,263],[263,3408,0,0,364],[364,3563,0,0,452],[289,197,0,0,348],[348,747,0,0,105],[105,1110,3024,0,307],[257,1803,0,0,455],[455,2027,0,0,212],[212,3334,0,0,57],[57,3468,0,0,182],[182,3956,0,0,235],[251,908,2241,0,336],[336,1511,0,0,16],[16,1732,3705,0,456],[456,1021,0,0,172],[333,3491,0,0,494],[494,3510,0,0,138],[138,1751,0,0,429],[15,929,0,0,176],[176,158,0,0,84],[84,1007,0,0,469],[98,759,0,0,207],[207,2437,0,0,352],[352,1748,0,0,160],[78,3790,0,0,214],[214,3691,0,0,99],[99,3608,0,0,373],[373,3667,0,0,177],[222,3337,0,0,300],[300,2708,3731,0,7],[7,2708,0,0,205],[205,3412,0,0,448],[448,2797,0,0,52],[52,888,0,0,103],[55,1870,0,0,143],[143,1922,0,0,387],[387,1373,0,0,144],[144,1905,0,0,356],[367,2819,0,0,405],[405,2139,0,0,94],[94,55,0,0,328],[328,1489,0,0,292],[292,170,0,0,102],[102,2699,0,0,330],[164,2584,0,0,439],[439,3123,0,0,311],[311,2582,0,0,433],[433,3962,0,0,228],[228,2648,0,0,12],[26,694,2773,0,19],[19,780,0,0,194],[194,3134,0,0,126],[126,201,0,0,270],[270,536,0,0,363],[363,3030,0,0,426],[47,385,0,0,253],[253,1972,0,0,390],[390,3257,0,0,245],[245,3026,3928,0,376],[376,1371,0,0,420],[420,634,0,0,500],[233,672,0,0,196],[196,2195,0,0,425],[425,2172,0,0,378],[378,2298,0,0,298],[398,80,0,0,313],[313,2761,0,0,410],[410,1686,0,0,258],[258,136,0,0,53],[53,806,0,0,283],[283,2956,3577,0,459],[362,3832,0,0,484],[484,1127,0,0,365],[365,972,0,0,30],[30,661,0,0,437],[212,3381,0,0,486],[486,2568,0,0,213],[213,1927,0,0,379],[379,1715,0,0,201],[201,3698,0,0,495],[495,3277,0,0,72],[236,574,0,0,316],[316,634,0,0,177],[177,472,0,0,150],[150,2270,3598,0,8],[8,976,0,0,488],[152,1715,0,0,324],[324,3476,0,0,232],[232,2873,0,0,414],[414,1146,0,0,184],[184,1629,0,0,266],[451,3285,0,0,7],[7,2215,0,0,199],[199,402,0,0,219],[52,2246,0,0,134],[134,805,0,0,210],[210,2013,0,0,393],[393,3542,0,0,71],[71,3698,0,0,319],[87,3628,0,0,145],[145,536,0,0,201],[201,2374,0,0,28]];

SenderLabelReceiverNonOrderCriticalChains = [[1,471,318],[1,2508,156],[1,3440,5],[1,3440,230],[1,3440,164],[1,3775,165],[2,41,337],[2,41,383],[2,649,486],[2,881,398],[2,881,442],[2,1878,66],[2,1878,93],[2,2499,16],[3,146,57],[3,146,296],[3,552,372],[3,830,288],[3,830,31],[3,918,455],[3,918,447],[3,2323,69],[3,2769,4],[3,3489,306],[3,3761,259],[4,3210,6],[4,3210,389],[4,3577,31],[4,3577,283],[4,3577,459],[4,3577,30],[4,3577,181],[4,3632,36],[4,3797,45],[4,3797,297],[4,3797,383],[4,3862,291],[4,3862,304],[5,468,183],[5,468,185],[5,566,2],[5,1724,473],[5,3209,9],[5,3707,447],[5,3920,483],[5,3920,443],[6,212,398],[6,2541,53],[6,2579,86],[6,2579,18],[6,2695,306],[6,3678,305],[7,1433,183],[7,1433,236],[7,1872,10],[7,2215,199],[7,2215,290],[7,2708,300],[7,2708,205],[7,3105,244],[8,976,488],[8,1059,17],[8,1428,173],[8,1428,404],[8,1428,408],[8,1542,112],[8,3598,150],[9,895,361],[9,1002,421],[9,1398,93],[9,2789,279],[9,3839,13],[10,893,343],[10,1818,2],[10,1907,11],[10,2288,406],[10,2288,237],[11,538,14],[11,1493,432],[11,2483,222],[11,3878,14],[12,707,394],[12,1224,424],[12,1224,183],[12,1224,220],[12,1224,464],[12,1376,433],[12,1376,338],[12,2727,18],[12,3723,261],[13,519,119],[13,588,60],[13,1963,32],[13,3028,239],[13,3028,328],[13,3206,371],[14,360,250],[14,1980,26],[14,2393,426],[14,2393,471],[14,3752,358],[14,3752,399],[15,390,350],[15,600,227],[15,929,20],[15,929,176],[15,929,428],[15,3098,365],[15,3098,438],[15,3158,91],[15,3186,137],[15,3563,404],[15,3563,452],[16,1732,456],[16,2456,496],[16,3705,65],[16,3705,456],[16,3793,65],[16,3838,350],[17,318,18],[17,744,8],[17,744,459],[17,1527,383],[17,1994,472],[17,3502,46],[18,285,313],[18,325,297],[18,325,397],[18,336,27],[18,1073,433],[19,381,373],[19,381,218],[19,694,114],[19,694,26],[19,780,194],[19,879,52],[19,1589,48],[19,1589,103],[20,157,23],[20,1082,467],[20,1891,206],[20,1891,466],[20,3128,278],[20,3785,470],[20,3785,484],[21,574,43],[21,574,316],[21,1216,388],[21,1216,437],[21,2405,168],[21,2405,454],[21,3330,236],[21,3330,186],[22,694,114],[22,694,26],[22,1146,184],[22,1146,360],[22,1984,230],[22,2059,202],[22,2059,84],[23,30,97],[23,30,460],[23,30,469],[23,883,25],[23,995,92],[23,2127,377],[23,2127,252],[23,2251,147],[23,3730,25],[23,3730,101],[24,7,395],[24,580,464],[24,580,177],[24,2150,149],[24,2268,136],[24,2268,467],[24,3133,240],[24,3133,288],[24,3133,44],[24,3271,123],[25,319,438],[25,319,35],[25,381,373],[25,381,218],[25,898,38],[25,3525,85],[25,3525,332],[25,3573,335],[26,187,39],[26,474,492],[26,474,51],[26,1234,429],[26,1784,228],[26,2773,19],[27,1664,30],[27,1988,43],[27,2000,85],[27,2000,308],[27,2408,368],[27,3202,228],[27,3458,460],[27,3458,257],[28,1317,463],[28,1317,204],[28,1317,423],[28,2051,32],[28,3011,175],[28,3301,98],[28,3301,178],[28,3787,238],[29,108,35],[29,599,307],[29,1086,130],[29,1086,384],[29,2443,76],[29,2443,381],[29,2535,223],[29,3914,203],[30,661,380],[30,661,437],[30,1969,34],[30,2209,465],[30,2209,414],[30,2536,62],[31,111,332],[31,111,40],[31,698,38],[31,698,383],[31,2918,277],[31,2918,430],[31,3355,340],[32,813,417],[32,1796,88],[32,1796,190],[32,3387,291],[32,3997,31],[32,3997,37],[33,230,350],[33,307,349],[33,420,16],[33,2961,65],[33,3543,349],[33,3543,466],[34,21,459],[34,347,452],[34,791,37],[34,1318,11],[34,1695,72],[34,2718,305],[34,2718,388],[34,2718,330],[35,1873,396],[35,1873,261],[35,1873,290],[35,2235,265],[35,2349,105],[36,1000,17],[36,1086,130],[36,1086,384],[36,1668,249],[36,1668,183],[36,1668,303],[36,1874,86],[36,2754,212],[36,3280,37],[36,3874,276],[36,3874,34],[37,161,154],[37,715,40],[37,1726,185],[37,1726,330],[38,810,140],[38,810,287],[38,810,320],[38,810,449],[38,1143,22],[38,1466,137],[38,1466,273],[38,3432,49],[39,990,378],[39,990,484],[39,1357,366],[39,2371,400],[39,2371,56],[39,2492,322],[39,2708,300],[39,2708,205],[40,19,196],[40,1165,429],[40,1487,57],[40,1752,266],[40,2476,474],[40,2476,496],[40,2616,268],[41,261,150],[41,578,369],[41,1041,307],[41,2172,113],[41,2172,378],[41,2357,55],[41,2360,283],[41,2360,367],[41,3031,43],[41,3751,302],[41,3751,326],[42,685,129],[42,840,58],[42,2574,194],[42,2574,224],[42,3358,46],[43,1459,69],[43,1887,472],[43,1974,49],[43,3303,375],[44,139,111],[44,139,351],[44,997,48],[44,1428,173],[44,1428,404],[44,1428,408],[44,2489,391],[44,2489,63],[44,2489,251],[44,3096,109],[45,2179,209],[45,2184,297],[45,2213,46],[45,3043,49],[45,3969,169],[45,3969,308],[46,904,190],[46,1332,373],[46,1528,138],[47,146,57],[47,146,296],[47,385,253],[47,1495,288],[47,1495,393],[47,1672,75],[47,3732,309],[48,874,66],[48,2099,446],[48,3519,267],[48,3966,58],[49,755,79],[49,755,178],[49,755,186],[49,2825,230],[50,103,14],[50,103,187],[50,103,232],[50,601,474],[50,601,467],[50,740,344],[50,740,290],[50,744,8],[50,744,459],[50,1848,131],[50,2245,78],[50,3062,210],[50,3680,313],[51,86,171],[51,666,125],[51,1750,182],[51,2388,360],[52,113,58],[52,506,196],[52,743,56],[52,888,103],[52,2246,134],[53,56,434],[53,806,283],[53,1565,116],[53,1679,78],[53,3797,45],[53,3797,297],[53,3797,383],[54,769,224],[54,800,319],[54,1450,303],[54,1795,275],[54,1843,71],[54,1843,349],[54,1916,296],[54,3077,63],[55,576,179],[55,993,61],[55,1870,382],[55,1870,143],[55,2848,451],[55,2848,464],[55,3863,396],[56,811,374],[56,811,329],[56,815,320],[56,815,365],[56,914,197],[56,1987,117],[57,353,347],[57,353,135],[57,353,337],[57,2505,59],[57,3428,49],[57,3428,137],[57,3468,182],[57,3582,337],[57,3582,454],[58,1703,114],[58,1703,51],[58,2206,443],[58,2206,487],[58,3940,64],[58,3988,134],[59,353,347],[59,353,135],[59,353,337],[59,905,118],[59,905,14],[59,1771,96],[59,1771,380],[59,1857,381],[59,3145,140],[60,205,67],[60,205,79],[60,205,109],[60,535,337],[60,1052,87],[60,3330,236],[60,3330,186],[61,105,123],[61,1386,151],[61,2169,497],[61,2565,376],[61,3816,479],[61,3848,46],[62,1063,122],[62,1743,42],[62,2544,387],[62,2544,393],[62,3532,261],[62,3760,76],[63,1132,334],[63,1559,244],[63,1559,485],[63,2053,222],[63,2053,226],[63,2291,365],[64,142,449],[64,2059,202],[64,2059,84],[64,2591,416],[64,2591,285],[64,3808,149],[64,3989,187],[65,473,158],[65,875,456],[65,875,325],[66,1201,334],[66,1201,451],[66,3052,127],[66,3395,324],[66,3395,154],[66,3463,331],[66,3676,75],[67,2089,489],[67,2125,490],[67,2125,361],[67,2691,75],[67,2691,52],[67,2692,402],[67,2692,314],[67,3524,195],[68,805,210],[68,805,333],[68,805,353],[68,2026,417],[68,2026,225],[68,3665,232],[68,3693,136],[68,3693,176],[69,1042,443],[69,1042,297],[69,1323,472],[69,2279,98],[69,2279,302],[69,2313,306],[69,2841,188],[69,3286,111],[70,121,135],[70,121,118],[70,206,483],[70,206,315],[70,2156,412],[70,2156,457],[70,2156,25],[70,2343,388],[70,3253,280],[70,3813,140],[71,122,329],[71,511,68],[71,1563,160],[71,1563,82],[71,2946,97],[71,2946,428],[71,3301,98],[71,3301,178],[71,3698,347],[71,3698,62],[71,3698,495],[71,3698,319],[72,470,367],[72,470,35],[72,1301,376],[72,1301,448],[72,1301,231],[72,2567,287],[72,2567,474],[72,3071,269],[73,241,300],[73,503,470],[73,848,112],[73,2100,458],[73,2397,169],[73,2397,217],[73,2410,110],[74,419,77],[74,448,332],[74,448,434],[74,876,72],[74,1206,433],[74,1206,313],[74,1405,23],[74,1587,54],[75,63,241],[75,455,129],[75,484,245],[75,875,456],[75,875,325],[76,881,398],[76,881,442],[76,3525,85],[76,3525,332],[76,3786,364],[77,656,281],[77,656,252],[77,681,315],[77,2646,82],[78,190,176],[78,2913,48],[78,3790,214],[79,2968,376],[79,3087,159],[79,3147,273],[79,3216,35],[79,3297,92],[79,3297,298],[79,3603,207],[80,1194,108],[80,1873,396],[80,1873,261],[80,1873,290],[80,2371,400],[80,2371,56],[80,2928,142],[80,3192,227],[80,3192,78],[80,3192,249],[80,3673,396],[80,3673,461],[81,393,170],[81,900,263],[81,1369,435],[81,3016,388],[81,3345,100],[81,3967,141],[82,610,465],[82,2837,168],[82,2969,183],[82,2969,353],[83,412,158],[83,732,77],[83,776,251],[83,884,400],[83,884,350],[83,1368,33],[83,1757,464],[83,1757,249],[84,1007,469],[84,1612,428],[84,2277,101],[84,2929,219],[84,3373,443],[85,1224,424],[85,1224,183],[85,1224,220],[85,1224,464],[85,2249,291],[85,3095,63],[85,3284,77],[85,3901,384],[85,3901,263],[86,172,361],[86,172,435],[86,172,241],[86,1181,378],[86,1181,142],[86,1486,303],[86,2965,162],[86,3976,155],[87,246,247],[87,3343,303],[87,3628,145],[88,637,295],[88,1140,96],[88,1608,109],[88,3261,168],[89,839,335],[89,1201,334],[89,1201,451],[89,2017,182],[89,2017,207],[89,2162,162],[89,2162,403],[89,2206,443],[89,2206,487],[89,2292,335],[89,3727,404],[90,1206,433],[90,1206,313],[90,1253,248],[90,2038,24],[90,3455,343],[90,3492,404],[90,3492,371],[90,3512,136],[91,1852,491],[91,1852,365],[91,2333,467],[91,2905,460],[91,3277,373],[91,3277,72],[91,3300,444],[91,3300,297],[91,3599,413],[92,665,433],[92,1095,67],[92,1309,128],[92,2335,480],[92,3778,200],[93,149,82],[93,591,81],[93,591,126],[93,810,140],[93,810,287],[93,810,320],[93,810,449],[93,1382,440],[93,1382,475],[93,1382,313],[94,55,328],[94,55,445],[94,435,285],[94,1614,190],[94,2326,318],[94,2326,399],[94,3562,452],[94,3562,107],[95,59,426],[95,366,372],[95,366,221],[95,755,79],[95,755,178],[95,755,186],[95,1162,174],[95,1233,435],[95,1415,481],[95,2574,194],[95,2574,224],[95,3225,113],[95,3225,446],[96,183,153],[96,792,89],[96,792,207],[96,1653,206],[96,1653,276],[96,2703,179],[96,2703,472],[96,3585,158],[97,402,83],[97,402,76],[97,402,219],[97,564,332],[97,643,447],[97,643,147],[97,815,320],[97,815,365],[97,3086,208],[98,759,207],[98,853,103],[98,1181,378],[98,1181,142],[98,1554,319],[98,2013,431],[98,2013,393],[98,2013,405],[98,2720,301],[99,648,165],[99,906,467],[99,1058,232],[99,1585,269],[99,2376,58],[99,2376,184],[99,2728,282],[99,3608,373],[100,226,344],[100,226,385],[100,226,171],[100,642,343],[100,642,441],[100,901,332],[100,1468,407],[100,3852,491],[100,3867,85],[101,912,219],[101,1529,117],[101,3012,413],[101,3704,320],[101,3704,144],[102,41,337],[102,41,383],[102,819,403],[102,819,171],[102,1046,128],[102,1231,147],[102,2699,330],[102,3672,103],[103,963,9],[103,963,454],[103,1142,102],[103,1703,114],[103,1703,51],[103,2978,60],[104,12,268],[104,925,298],[104,1883,393],[104,2175,486],[104,2175,233],[104,3164,91],[105,1110,87],[105,1110,307],[105,1523,81],[105,2267,177],[105,3024,307],[105,3351,427],[105,3351,106],[106,2390,289],[106,2521,377],[106,2521,130],[106,3069,64],[106,3069,29],[107,167,32],[107,167,268],[107,659,493],[107,659,145],[107,1278,145],[107,3858,324],[108,1366,272],[108,1366,147],[108,1393,106],[108,2387,193],[108,2676,165],[108,2676,236],[109,880,323],[109,1120,226],[109,1120,369],[109,2194,181],[109,3842,366],[110,709,234],[110,990,378],[110,990,484],[110,1399,38],[110,1466,137],[110,1466,273],[110,1879,305],[110,1879,115],[110,2496,100],[111,366,372],[111,366,221],[111,2168,293],[111,2311,474],[111,2975,293],[111,3165,322],[111,3642,112],[112,1678,351],[112,1678,500],[112,3168,347],[112,3180,374],[112,3180,104],[113,814,471],[113,1522,259],[113,2855,318],[113,2855,131],[113,3374,164],[113,3501,306],[114,811,374],[114,811,329],[114,1352,189],[114,1900,297],[114,1900,35],[114,1920,226],[114,1920,485],[114,2045,396],[115,613,313],[115,1093,250],[115,1331,219],[115,1681,176],[115,2660,226],[115,2660,393],[115,2780,123],[115,2780,146],[115,2900,49],[115,2900,75],[116,195,326],[116,195,457],[116,322,254],[116,1144,131],[116,1742,376],[116,1742,372],[116,2399,496],[116,3785,470],[116,3785,484],[117,189,268],[117,2008,370],[117,2134,119],[117,2540,171],[117,2540,248],[117,3192,227],[117,3192,78],[117,3192,249],[118,110,217],[118,1747,106],[118,3536,441],[118,3910,169],[119,886,295],[119,886,439],[119,1205,417],[119,1446,189],[119,1652,204],[119,1652,208],[119,2156,412],[119,2156,457],[119,2156,25],[119,2263,199],[120,356,318],[120,1021,172],[120,1021,65],[120,1161,134],[120,1161,188],[120,1346,257],[120,1965,280],[120,1965,401],[120,3161,354],[120,3173,276],[120,3173,26],[120,3559,125],[121,104,453],[121,932,225],[121,1013,299],[121,1013,110],[121,1068,123],[121,1195,351],[121,3100,470],[121,3100,407],[121,3969,169],[121,3969,308],[122,325,297],[122,325,397],[122,1285,377],[122,2548,12],[122,2842,458],[122,2853,385],[122,2853,128],[122,3560,242],[123,3210,6],[123,3210,389],[123,3693,136],[123,3693,176],[124,127,394],[124,3369,448],[124,3698,347],[124,3698,62],[124,3698,495],[124,3698,319],[124,3704,320],[124,3704,144],[125,172,361],[125,172,435],[125,172,241],[125,1003,144],[125,1081,357],[125,3218,88],[125,3644,317],[126,201,282],[126,201,270],[126,490,107],[126,819,403],[126,819,171],[126,1102,133],[127,1054,461],[127,1563,160],[127,1563,82],[127,2039,101],[127,2039,308],[127,2439,24],[127,2950,319],[127,2950,218],[127,2950,453],[127,3859,445],[128,563,369],[128,1772,267],[128,1772,441],[128,1772,338],[128,2584,214],[128,2584,439],[128,2855,318],[128,2855,131],[129,916,234],[129,916,423],[129,916,492],[129,916,266],[129,974,142],[129,1772,267],[129,1772,441],[129,1772,338],[129,2538,334],[129,3720,153],[130,121,135],[130,121,118],[130,2011,468],[130,2011,272],[130,2170,223],[130,3649,289],[131,2000,85],[131,2000,308],[131,2527,450],[131,2759,213],[131,3841,416],[132,123,205],[132,1429,378],[132,1800,277],[132,2651,370],[132,2945,177],[132,2945,192],[132,3562,452],[132,3562,107],[132,3621,225],[133,103,14],[133,103,187],[133,103,232],[133,1652,204],[133,1652,208],[133,1707,402],[133,1777,240],[133,2073,296],[133,3997,31],[133,3997,37],[134,646,19],[134,646,279],[134,805,210],[134,805,333],[134,805,353],[134,918,455],[134,918,447],[134,1996,45],[134,3500,86],[135,1024,202],[135,1129,482],[135,1129,234],[135,1982,170],[135,1986,307],[135,3381,486],[135,3381,122],[136,1104,354],[136,2514,250],[136,2735,378],[136,3991,352],[137,521,143],[137,1541,476],[137,2859,202],[137,3090,145],[138,326,156],[138,1751,357],[138,1751,429],[138,2360,283],[138,2360,367],[138,3384,220],[138,3737,148],[138,3847,292],[139,172,361],[139,172,435],[139,172,241],[139,605,422],[139,1520,446],[139,1520,313],[139,1842,395],[139,2229,247],[139,2229,271],[139,2619,490],[140,846,267],[140,1592,143],[140,1898,489],[140,1898,187],[140,2017,182],[140,2017,207],[140,3027,382],[141,215,169],[141,334,76],[141,741,125],[141,1721,388],[141,2250,433],[141,2250,142],[142,89,66],[142,89,87],[142,809,464],[142,3721,165],[143,703,149],[143,1499,497],[143,1499,201],[143,1922,387],[143,1922,241],[143,1971,193],[143,2229,247],[143,2229,271],[144,1364,354],[144,1714,294],[144,1905,37],[144,1905,356],[144,3410,162],[145,536,363],[145,536,201],[145,1120,226],[145,1120,369],[145,1972,390],[145,1972,78],[145,1972,351],[145,1972,372],[145,2397,169],[145,2397,217],[146,489,331],[146,792,89],[146,792,207],[146,862,466],[146,862,353],[146,1873,396],[146,1873,261],[146,1873,290],[146,2617,259],[146,2676,165],[146,2676,236],[147,111,332],[147,111,40],[147,178,252],[147,886,295],[147,886,439],[147,2062,332],[148,159,235],[148,1892,185],[148,1892,438],[148,1917,20],[148,2369,212],[148,3395,324],[148,3395,154],[148,3427,405],[148,3742,90],[149,768,298],[149,1602,227],[149,2152,335],[149,2152,161],[149,3643,417],[150,1184,434],[150,2270,8],[150,2497,204],[150,3698,347],[150,3698,62],[150,3698,495],[150,3698,319],[151,167,32],[151,167,268],[151,170,159],[151,170,102],[151,1758,497],[151,1879,305],[151,1879,115],[151,2644,202],[152,37,472],[152,1045,180],[152,1715,201],[152,1715,324],[152,1715,126],[152,2125,490],[152,2125,361],[153,740,344],[153,740,290],[153,1037,193],[153,1037,384],[153,1037,274],[153,1436,381],[153,3309,175],[153,3537,192],[153,3864,446],[153,3864,468],[154,1015,194],[154,2996,368],[154,3117,112],[154,3233,385],[154,3862,291],[154,3862,304],[155,1062,217],[155,1062,18],[155,1547,281],[155,1876,333],[155,2019,291],[155,2867,489],[155,2867,291],[155,2899,280],[155,3063,175],[155,3063,261],[156,1376,433],[156,1376,338],[156,3459,337],[156,3710,480],[156,3726,235],[156,3745,340],[157,991,401],[157,1372,442],[157,1444,294],[157,1444,459],[157,1686,258],[157,1686,423],[157,2111,178],[157,2111,195],[157,2665,296],[157,2665,335],[158,1878,66],[158,1878,93],[158,3065,383],[158,3641,383],[159,1330,438],[159,1699,230],[159,2171,343],[159,2171,47],[159,2171,53],[159,2269,202],[159,3590,304],[160,494,446],[160,1668,249],[160,1668,183],[160,1668,303],[160,2326,318],[160,2326,399],[160,2336,185],[161,60,416],[161,218,225],[161,735,419],[161,735,274],[161,1644,116],[161,1926,165],[161,2171,343],[161,2171,47],[161,2171,53],[162,1481,385],[162,2149,96],[162,2149,275],[162,2742,197],[162,3362,312],[163,223,373],[163,327,442],[163,1117,421],[163,1236,234],[163,1514,380],[163,2003,423],[163,3440,5],[163,3440,230],[163,3440,164],[163,3448,159],[164,463,154],[164,1242,177],[164,1242,329],[164,2238,192],[164,2238,336],[164,2238,243],[164,2584,214],[164,2584,439],[164,2636,278],[164,2636,401],[164,2745,371],[165,3007,183],[165,3222,396],[165,3222,357],[165,3552,325],[166,624,267],[166,624,146],[166,911,167],[166,1395,88],[166,1802,390],[166,1802,449],[166,2621,201],[166,2881,395],[166,3323,399],[166,3323,415],[167,601,474],[167,601,467],[167,950,262],[167,1317,463],[167,1317,204],[167,1317,423],[167,1682,387],[167,1682,363],[167,3133,240],[167,3133,288],[167,3133,44],[167,3662,367],[168,755,79],[168,755,178],[168,755,186],[168,2204,181],[168,2204,409],[168,3304,262],[168,3304,478],[168,3304,303],[168,3433,309],[168,3581,267],[168,3581,392],[168,3581,73],[169,1477,274],[169,1641,388],[169,1641,473],[169,1641,425],[169,3063,175],[169,3063,261],[170,1454,88],[170,1900,297],[170,1900,35],[170,2567,287],[170,2567,474],[170,3308,17],[170,3438,204],[171,353,347],[171,353,135],[171,353,337],[171,383,256],[172,1799,436],[172,1843,71],[172,1843,349],[172,2238,192],[172,2238,336],[172,2238,243],[172,2660,226],[172,2660,393],[172,2680,349],[172,2680,368],[172,3039,21],[173,1616,60],[173,2489,391],[173,2489,63],[173,2489,251],[173,3028,239],[173,3028,328],[174,116,270],[174,1473,225],[174,1552,184],[174,2489,391],[174,2489,63],[174,2489,251],[174,2588,498],[174,3417,1],[174,3417,408],[174,3417,468],[175,589,204],[175,832,238],[175,994,412],[175,2094,482],[175,3262,486],[175,3262,241],[176,158,84],[176,1161,134],[176,1161,188],[176,1956,215],[177,472,150],[177,3886,240],[178,11,324],[178,1290,362],[178,2228,368],[178,2593,369],[178,2703,179],[178,2703,472],[179,106,481],[179,1343,414],[179,1343,389],[179,2220,33],[179,2601,65],[179,2901,484],[180,805,210],[180,805,333],[180,805,353],[180,1622,492],[180,1622,408],[180,1622,423],[180,1712,222],[180,1999,70],[180,2550,314],[180,3376,401],[181,1224,424],[181,1224,183],[181,1224,220],[181,1224,464],[181,2078,185],[181,2078,337],[181,2126,321],[181,2126,252],[181,2521,377],[181,2521,130],[181,2737,386],[182,50,392],[182,2612,185],[182,3070,462],[182,3956,434],[182,3956,235],[183,1613,192],[183,1770,231],[184,735,419],[184,735,274],[184,1629,266],[184,2103,402],[184,2103,452],[184,2687,293],[184,2687,9],[185,2081,211],[185,3334,57],[185,3334,465],[186,269,229],[186,1129,482],[186,1129,234],[186,1796,88],[186,1796,190],[186,1821,473],[186,2127,377],[186,2127,252],[186,2540,171],[186,2540,248],[187,1762,450],[187,1762,127],[187,1762,244],[187,1897,357],[187,2014,157],[187,2014,453],[187,2337,199],[187,2909,342],[188,281,425],[188,1062,217],[188,1062,18],[188,1258,352],[188,1258,118],[188,1421,205],[188,2171,343],[188,2171,47],[188,2171,53],[189,496,275],[189,1751,357],[189,1751,429],[189,2795,216],[189,3716,32],[189,3722,158],[189,3722,199],[189,3955,216],[190,461,173],[190,1148,213],[190,1444,294],[190,1444,459],[190,1502,452],[190,3285,483],[190,3285,7],[191,862,466],[191,862,353],[191,1006,295],[191,1728,444],[191,1728,258],[191,1895,360],[191,2250,433],[191,2250,142],[191,3417,1],[191,3417,408],[191,3417,468],[191,3794,204],[191,3794,392],[192,962,293],[192,2367,367],[192,2819,459],[192,2819,405],[192,3595,427],[192,3595,242],[193,185,239],[193,185,490],[193,2004,487],[193,2111,178],[193,2111,195],[193,3673,396],[193,3673,461],[193,3877,320],[194,1412,195],[194,3134,126],[194,3697,262],[195,459,227],[195,1470,78],[195,2739,21],[195,2874,68],[195,2874,94],[195,3496,152],[196,410,358],[196,1589,48],[196,1589,103],[196,2195,425],[196,3612,198],[196,3612,340],[197,57,219],[197,810,140],[197,810,287],[197,810,320],[197,810,449],[197,1852,491],[197,1852,365],[197,2437,352],[197,2437,497],[197,2437,109],[197,3612,198],[197,3612,340],[197,3705,65],[197,3705,456],[198,74,428],[198,74,461],[198,641,194],[198,641,410],[198,2945,177],[198,2945,192],[198,3472,222],[198,3538,132],[198,3681,319],[199,402,83],[199,402,76],[199,402,219],[199,788,298],[199,788,21],[199,3154,491],[200,468,183],[200,468,185],[200,577,244],[200,690,224],[200,690,260],[200,913,151],[200,3250,237],[201,323,213],[201,323,123],[201,2119,316],[201,2374,28],[201,3698,347],[201,3698,62],[201,3698,495],[201,3698,319],[202,3108,364],[202,3942,318],[203,9,290],[203,1722,449],[203,2076,400],[203,2093,289],[203,2293,390],[203,2293,307],[204,966,345],[204,3033,209],[205,226,344],[205,226,385],[205,226,171],[205,749,209],[205,1495,288],[205,1495,393],[205,3412,485],[205,3412,448],[205,3826,354],[206,288,211],[206,1809,494],[206,1809,495],[206,2197,325],[206,2569,412],[206,2911,367],[206,3327,274],[207,1606,13],[207,2437,352],[207,2437,497],[207,2437,109],[207,3616,381],[207,3616,444],[208,592,252],[208,625,276],[208,2648,12],[208,2648,20],[208,3097,166],[208,3097,252],[208,3386,46],[209,643,447],[209,643,147],[209,737,353],[209,2628,399],[209,2628,338],[209,3589,215],[210,1498,371],[210,1498,173],[210,1498,461],[210,2013,431],[210,2013,393],[210,2013,405],[210,3067,229],[211,1669,369],[211,1720,488],[211,2741,274],[211,3003,392],[211,3684,361],[211,3684,388],[212,1,411],[212,1,420],[212,1044,124],[212,1224,424],[212,1224,183],[212,1224,220],[212,1224,464],[212,3334,57],[212,3334,465],[212,3381,486],[212,3381,122],[213,1771,96],[213,1771,380],[213,1927,379],[213,2604,394],[213,2604,253],[213,2828,396],[214,194,162],[214,1084,324],[214,1084,209],[214,2359,240],[214,2969,183],[214,2969,353],[214,3691,99],[214,3691,451],[215,929,20],[215,929,176],[215,929,428],[215,1091,495],[215,1476,262],[215,1515,448],[215,2016,121],[215,2488,307],[216,156,218],[216,775,259],[216,775,405],[216,1011,461],[216,2006,38],[216,2320,233],[216,2625,413],[216,2625,327],[217,443,432],[217,443,266],[217,1480,385],[217,1668,249],[217,1668,183],[217,1668,303],[218,225,219],[218,225,328],[218,1531,293],[218,2738,242],[218,2738,424],[218,3864,446],[218,3864,468],[219,750,198],[220,529,202],[220,529,482],[220,1727,462],[220,2013,431],[220,2013,393],[220,2013,405],[220,2126,321],[220,2126,252],[220,2494,254],[220,3759,229],[221,273,445],[221,273,472],[221,1646,327],[221,1646,434],[221,1808,282],[221,2477,364],[221,2477,62],[221,2877,394],[221,3133,240],[221,3133,288],[221,3133,44],[221,3298,464],[222,659,493],[222,659,145],[222,781,8],[222,1819,469],[222,3337,300],[223,609,68],[223,609,290],[223,766,290],[223,1595,260],[223,1830,327],[223,2215,199],[223,2215,290],[223,3634,157],[224,1207,426],[224,1814,341],[224,3000,219],[224,3477,87],[225,263,460],[225,1286,264],[225,3265,171],[225,3265,421],[226,1797,124],[226,1797,316],[226,1973,173],[226,3322,473],[227,333,319],[227,3765,231],[228,201,282],[228,201,270],[228,1227,354],[228,1648,51],[228,2648,12],[228,2648,20],[228,3908,347],[229,1169,353],[229,1826,477],[229,2950,319],[229,2950,218],[229,2950,453],[230,1078,415],[230,2702,468],[230,3002,310],[231,476,137],[231,639,30],[231,3503,487],[231,3503,472],[231,3827,416],[231,3827,171],[232,100,408],[232,1433,183],[232,1433,236],[232,1972,390],[232,1972,78],[232,1972,351],[232,1972,372],[232,2873,414],[233,296,428],[233,672,196],[233,1637,424],[233,1774,357],[234,1109,264],[234,1176,471],[234,3570,306],[234,3570,160],[234,3901,384],[234,3901,263],[235,173,251],[235,235,328],[235,1467,409],[235,3356,458],[236,574,43],[236,574,316],[236,754,495],[236,754,369],[236,916,234],[236,916,423],[236,916,492],[236,916,266],[236,2670,431],[237,43,266],[237,55,328],[237,55,445],[237,1696,330],[237,2308,281],[237,2417,242],[237,2417,440],[237,2782,355],[238,1978,130],[238,1978,382],[238,2064,379],[238,2256,464],[238,3262,486],[238,3262,241],[238,3406,480],[238,3406,356],[239,488,233],[239,729,438],[239,782,412],[239,1301,376],[239,1301,448],[239,1301,231],[239,2113,385],[240,340,260],[240,340,454],[240,1549,258],[240,2692,402],[240,2692,314],[241,804,405],[241,1850,464],[241,3492,404],[241,3492,371],[242,2794,323],[242,2845,284],[242,3593,312],[242,3593,491],[243,987,262],[243,1121,440],[243,1401,44],[243,1474,488],[243,2920,498],[244,140,366],[244,1757,464],[244,1757,249],[244,3311,286],[244,3846,437],[244,3846,272],[245,1343,414],[245,1343,389],[245,2146,498],[245,3026,376],[245,3114,191],[245,3272,246],[245,3928,376],[246,1498,371],[246,1498,173],[246,1498,461],[246,1678,351],[246,1678,500],[246,2636,278],[246,2636,401],[246,2712,412],[246,3094,351],[246,3577,31],[246,3577,283],[246,3577,459],[246,3577,30],[246,3577,181],[246,3874,276],[246,3874,34],[247,62,418],[247,62,442],[247,203,242],[247,916,234],[247,916,423],[247,916,492],[247,916,266],[247,2339,42],[247,2339,383],[247,3392,488],[247,3749,481],[248,209,241],[248,1266,481],[248,2162,162],[248,2162,403],[248,2398,354],[248,3922,323],[249,259,352],[249,492,453],[249,1717,451],[249,2041,463],[249,3222,396],[249,3222,357],[250,690,224],[250,690,260],[250,965,316],[250,1282,451],[250,1905,37],[250,1905,356],[250,3042,1],[251,733,456],[251,908,336],[251,2241,336],[251,2481,461],[252,206,483],[252,206,315],[253,225,219],[253,225,328],[253,830,288],[253,830,31],[253,1866,22],[253,1866,194],[253,1972,390],[253,1972,78],[253,1972,351],[253,1972,372],[253,2576,458],[253,2591,416],[253,2591,285],[254,2718,305],[254,2718,388],[254,2718,330],[254,2870,28],[254,2875,295],[254,2875,356],[254,3228,152],[255,340,260],[255,340,454],[255,1312,261],[255,1576,265],[255,1627,393],[255,2180,459],[255,2804,498],[256,1137,229],[256,1298,174],[256,1740,357],[256,1740,55],[256,2284,362],[256,2317,280],[256,2317,317],[256,2852,372],[257,143,359],[257,458,285],[257,1803,455],[257,1892,185],[257,1892,438],[257,2156,412],[257,2156,457],[257,2156,25],[257,2243,104],[258,136,53],[258,1645,74],[258,1713,254],[258,2287,107],[258,3950,169],[259,1092,211],[259,1190,7],[259,2148,217],[259,2491,287],[260,779,301],[260,2402,461],[260,2838,139],[260,3109,273],[261,609,68],[261,609,290],[261,836,156],[261,2405,168],[261,2405,454],[262,211,422],[262,1820,314],[262,3449,73],[263,1,411],[263,1,420],[263,3408,364],[263,3846,437],[263,3846,272],[263,3898,283],[264,548,277],[264,1815,382],[264,1815,266],[264,1923,398],[264,2039,101],[264,2039,308],[264,2903,500],[264,3348,408],[265,1382,440],[265,1382,475],[265,1382,313],[265,2166,196],[265,3730,25],[265,3730,101],[266,3507,311],[266,3507,370],[267,2340,370],[267,2780,123],[267,2780,146],[267,3827,416],[267,3827,171],[268,2416,158],[268,2416,490],[268,2675,112],[268,3751,302],[268,3751,326],[269,1084,324],[269,1084,209],[269,1941,397],[269,1993,421],[269,2118,328],[269,2926,494],[269,2926,397],[269,2946,97],[269,2946,428],[270,536,363],[270,536,201],[270,810,140],[270,810,287],[270,810,320],[270,810,449],[270,1163,308],[270,2032,130],[270,2032,37],[270,2486,335],[271,656,281],[271,656,252],[271,1802,390],[271,1802,449],[271,2065,113],[271,2158,272],[271,2406,291],[271,2446,457],[271,3180,374],[271,3180,104],[272,99,301],[272,1016,284],[272,2279,98],[272,2279,302],[273,1037,193],[273,1037,384],[273,1037,274],[273,1110,87],[273,1110,307],[273,2086,93],[273,3584,141],[273,3875,431],[274,139,111],[274,139,351],[274,841,405],[274,2234,292],[275,2070,207],[275,2091,476],[275,2654,465],[276,151,266],[276,2627,416],[277,25,467],[277,1762,450],[277,1762,127],[277,1762,244],[277,1962,210],[277,2948,344],[278,2198,399],[278,2223,391],[278,2915,420],[278,3098,365],[278,3098,438],[279,44,403],[279,1823,310],[279,2164,418],[279,2396,418],[279,2918,277],[279,2918,430],[279,3814,338],[280,1199,333],[280,1199,292],[280,3752,358],[280,3752,399],[280,3912,117],[281,824,319],[281,960,226],[281,960,126],[281,982,355],[281,3506,280],[282,493,452],[282,1704,304],[282,3503,487],[282,3503,472],[282,3540,422],[283,2575,135],[283,2956,459],[283,3005,438],[284,30,97],[284,30,460],[284,30,469],[284,1214,431],[284,1816,379],[284,1866,22],[284,1866,194],[284,2868,432],[285,1992,63],[285,1992,441],[285,2297,179],[285,3684,361],[285,3684,388],[286,319,438],[286,319,35],[286,1506,182],[286,2085,367],[286,2085,337],[286,2610,374],[286,3592,318],[286,3596,346],[287,2274,412],[287,2334,317],[287,3534,436],[287,3654,410],[288,1715,201],[288,1715,324],[288,1715,126],[288,2204,181],[288,2204,409],[288,2376,58],[288,2376,184],[288,3091,348],[288,3440,5],[288,3440,230],[288,3440,164],[289,163,389],[289,197,348],[289,362,51],[289,2568,213],[289,2568,238],[289,3750,56],[289,3750,315],[290,417,128],[290,3577,31],[290,3577,283],[290,3577,459],[290,3577,30],[290,3577,181],[291,2461,396],[292,170,159],[292,170,102],[292,1079,393],[292,1079,416],[292,2085,367],[292,2085,337],[292,3405,387],[293,2896,369],[293,3892,400],[293,3936,484],[294,23,429],[294,1034,235],[294,2066,328],[294,2628,399],[294,2628,338],[294,2718,305],[294,2718,388],[294,2718,330],[294,3251,406],[295,2563,474],[295,2563,160],[295,2738,242],[295,2738,424],[295,3971,427],[295,3971,477],[295,3971,150],[296,439,72],[296,1241,301],[296,1641,388],[296,1641,473],[296,1641,425],[296,3297,92],[296,3297,298],[297,71,310],[297,71,485],[297,2970,440],[298,1775,394],[299,304,76],[299,1726,185],[299,1726,330],[299,2131,318],[299,2305,320],[299,3460,345],[299,3784,361],[300,960,226],[300,960,126],[300,2951,129],[300,3351,427],[300,3351,106],[300,3464,106],[300,3731,315],[300,3731,7],[301,1242,177],[301,1242,329],[301,1653,206],[301,1653,276],[301,2821,70],[302,236,337],[302,996,287],[302,2101,375],[302,2247,403],[302,3943,322],[303,775,259],[303,775,405],[303,949,380],[303,2364,380],[304,264,251],[304,611,360],[304,1355,322],[304,1731,283],[304,3259,229],[305,297,353],[305,1299,362],[305,1646,327],[305,1646,434],[305,2997,200],[305,2997,498],[306,1123,203],[306,2317,280],[306,2317,317],[306,3992,433],[307,248,64],[308,425,403],[308,606,309],[308,2209,465],[308,2209,414],[308,3917,366],[309,231,397],[309,2175,486],[309,2175,233],[309,2203,389],[309,3541,494],[310,1397,358],[310,1535,243],[310,1538,377],[310,2867,489],[310,2867,291],[310,3895,333],[311,71,310],[311,71,485],[311,1870,382],[311,1870,143],[311,2331,321],[311,2582,433],[311,2625,413],[311,2625,327],[311,3690,440],[311,3690,316],[312,1275,363],[312,1790,356],[312,2602,39],[312,3140,346],[312,3140,429],[312,3935,275],[313,2761,410],[313,2761,149],[314,570,395],[314,697,167],[314,1419,340],[314,2240,411],[315,102,375],[315,1139,326],[315,1139,299],[315,3163,443],[316,634,500],[316,634,177],[316,1860,55],[316,1860,176],[316,2177,340],[317,226,344],[317,226,385],[317,226,171],[317,1139,326],[317,1139,299],[317,1861,1],[317,2211,395],[317,3515,343],[318,2997,200],[318,2997,498],[319,2761,410],[319,2761,149],[320,1384,346],[320,2544,387],[320,2544,393],[320,3418,444],[321,448,332],[321,448,434],[321,1909,382],[321,1909,491],[321,2163,410],[321,2437,352],[321,2437,497],[321,2437,109],[321,3332,372],[321,3582,337],[321,3582,454],[322,522,254],[322,2698,424],[323,45,341],[323,795,463],[323,1396,331],[323,2201,339],[324,474,492],[324,474,51],[324,1711,312],[324,1711,10],[324,3476,232],[325,498,301],[325,635,432],[325,2519,412],[325,3581,267],[325,3581,392],[325,3581,73],[326,1505,123],[326,2028,11],[326,2674,498],[326,2674,398],[326,3581,267],[326,3581,392],[326,3581,73],[327,1621,425],[327,1718,107],[327,1815,382],[327,1815,266],[327,2224,467],[328,103,14],[328,103,187],[328,103,232],[328,1489,292],[329,252,418],[329,695,465],[329,1978,130],[329,1978,382],[329,2026,417],[329,2026,225],[329,2329,424],[330,247,381],[330,2288,406],[330,2288,237],[330,2417,242],[330,2417,440],[330,2551,351],[331,671,366],[331,927,355],[331,2403,378],[331,3100,470],[331,3100,407],[331,3595,427],[331,3595,242],[332,975,59],[332,3776,139],[333,1797,124],[333,1797,316],[333,3491,494],[333,3688,348],[333,3688,230],[334,821,108],[334,1762,450],[334,1762,127],[334,1762,244],[334,2352,357],[334,2665,296],[334,2665,335],[334,3335,59],[335,323,213],[335,323,123],[336,402,83],[336,402,76],[336,402,219],[336,1511,16],[336,1864,350],[336,2579,86],[336,2579,18],[336,3973,13],[338,559,359],[338,798,291],[338,869,480],[338,869,370],[338,1032,286],[338,1032,366],[339,74,428],[339,74,461],[339,119,4],[339,1641,388],[339,1641,473],[339,1641,425],[339,1647,476],[339,2715,346],[339,3419,255],[339,3948,476],[340,1891,206],[340,1891,466],[340,2293,390],[340,2293,307],[340,2643,493],[341,175,469],[341,1079,393],[341,1079,416],[341,1238,284],[341,1997,342],[341,2767,10],[342,512,446],[342,1728,444],[342,1728,258],[342,1903,430],[342,3008,60],[343,2441,476],[343,3406,480],[343,3406,356],[344,1536,263],[344,2443,76],[344,2443,381],[344,2615,22],[344,2812,498],[345,504,325],[345,504,379],[345,545,199],[345,2137,475],[345,2989,231],[345,3872,474],[346,608,435],[346,2570,478],[346,3593,312],[346,3593,491],[347,507,108],[347,924,442],[347,3357,454],[348,747,105],[348,1812,118],[348,2887,315],[348,3712,411],[349,416,44],[349,3719,272],[350,698,38],[350,698,383],[350,1225,124],[350,2513,233],[351,202,12],[351,2149,96],[351,2149,275],[352,1748,160],[352,1849,48],[352,1849,494],[352,3868,476],[353,1588,278],[353,3150,1],[354,3300,444],[354,3300,297],[354,3815,27],[355,129,418],[355,624,267],[355,624,146],[355,871,445],[355,2807,82],[355,3507,311],[355,3507,370],[356,963,9],[356,963,454],[356,1013,299],[356,1013,110],[356,1027,429],[357,3616,381],[357,3616,444],[358,1277,447],[358,1682,387],[358,1682,363],[358,2467,97],[359,661,380],[359,661,437],[359,1382,440],[359,1382,475],[359,1382,313],[359,1742,376],[359,1742,372],[359,2863,475],[360,1860,55],[360,1860,176],[360,1906,415],[360,2606,436],[360,2606,415],[361,692,342],[361,3462,489],[362,227,466],[362,504,325],[362,504,379],[362,2159,460],[362,3832,484],[363,1226,425],[363,2401,407],[363,3030,426],[363,3246,435],[364,633,65],[364,2817,47],[364,3273,42],[364,3563,404],[364,3563,452],[365,346,180],[365,972,30],[365,3516,298],[366,869,480],[366,869,370],[366,1711,312],[366,1711,10],[367,1032,286],[367,1032,366],[367,2819,459],[367,2819,405],[368,24,369],[368,421,384],[368,1499,497],[368,1499,201],[370,52,404],[370,132,453],[371,213,342],[371,443,432],[371,443,266],[371,2449,31],[372,3064,449],[373,730,380],[373,1258,352],[373,1258,118],[373,3667,177],[374,540,448],[374,1317,463],[374,1317,204],[374,1317,423],[374,2857,431],[374,3547,417],[375,77,256],[375,2188,419],[375,2207,218],[375,2926,494],[375,2926,397],[376,1371,420],[376,2239,302],[377,541,77],[377,1544,263],[377,2691,75],[377,2691,52],[377,3577,31],[377,3577,283],[377,3577,459],[377,3577,30],[377,3577,181],[378,2298,298],[378,3556,359],[379,1715,201],[379,1715,324],[379,1715,126],[379,2189,170],[379,3319,391],[380,742,33],[380,3794,204],[380,3794,392],[381,1175,441],[381,1175,493],[381,2428,462],[381,3626,482],[382,818,67],[382,856,419],[382,2501,394],[383,657,372],[384,1155,466],[384,2669,471],[384,3411,82],[385,3365,417],[385,3731,315],[385,3731,7],[386,205,67],[386,205,79],[386,205,109],[386,1520,446],[386,1520,313],[386,1622,492],[386,1622,408],[386,1622,423],[386,2014,157],[386,2014,453],[386,2078,185],[386,2078,337],[386,2379,470],[387,436,45],[387,1373,144],[387,3323,399],[387,3323,415],[388,237,10],[389,195,326],[389,195,457],[389,1072,392],[389,1072,349],[389,2858,390],[390,663,458],[390,2312,483],[390,3257,245],[390,3690,440],[390,3690,316],[391,1183,429],[391,1849,48],[391,1849,494],[391,1898,489],[391,1898,187],[391,3173,276],[391,3173,26],[392,1133,489],[392,1858,101],[392,2694,474],[393,3542,71],[394,184,173],[394,905,118],[394,905,14],[395,1594,414],[395,2458,203],[396,1248,131],[397,30,97],[397,30,460],[397,30,469],[397,801,488],[397,801,248],[397,801,277],[397,3200,450],[398,80,313],[398,3417,1],[398,3417,408],[398,3417,468],[399,1175,441],[399,1175,493],[399,1972,390],[399,1972,78],[399,1972,351],[399,1972,372],[400,1247,108],[400,1690,309],[400,3304,262],[400,3304,478],[400,3304,303],[400,3972,77],[401,1498,371],[401,1498,173],[401,1498,461],[401,2475,422],[401,3615,452],[401,3951,402],[402,1255,94],[402,1622,492],[402,1622,408],[402,1622,423],[402,3069,64],[402,3069,29],[403,2386,469],[403,2604,394],[403,2604,253],[404,1085,425],[404,3225,113],[404,3225,446],[405,1280,161],[405,2139,94],[406,1567,105],[406,1945,458],[406,1945,420],[406,2583,462],[406,2954,500],[406,3019,348],[407,464,93],[407,1913,326],[407,2839,448],[407,2839,462],[408,1367,344],[408,3797,45],[408,3797,297],[408,3797,383],[409,845,475],[409,852,494],[409,1945,458],[409,1945,420],[409,2778,477],[409,3561,444],[410,1686,258],[410,1686,423],[410,3183,449],[410,3609,409],[411,373,430],[411,1786,281],[411,1965,280],[411,1965,401],[411,2002,481],[411,3041,466],[413,646,19],[413,646,279],[413,1921,493],[413,3120,431],[413,3120,39],[413,3444,422],[414,929,20],[414,929,176],[414,929,428],[414,1146,184],[414,1146,360],[414,2393,426],[414,2393,471],[415,133,468],[415,2011,468],[415,2011,272],[415,2960,479],[417,1366,272],[417,1366,147],[417,3957,227],[418,2122,493],[418,3120,431],[418,3120,39],[418,3466,214],[418,3466,466],[419,1124,481],[419,1216,388],[419,1216,437],[419,1261,496],[419,1504,449],[419,1654,104],[420,634,500],[420,634,177],[420,641,194],[420,641,410],[420,2671,387],[420,3687,268],[421,955,15],[421,1080,275],[421,2454,477],[421,3722,158],[421,3722,199],[422,2606,436],[422,2606,415],[422,3956,434],[422,3956,235],[422,3971,427],[422,3971,477],[422,3971,150],[423,408,56],[423,1301,376],[423,1301,448],[423,1301,231],[423,3192,227],[423,3192,78],[423,3192,249],[424,1740,357],[424,1740,55],[424,2522,345],[424,3691,99],[424,3691,451],[425,2172,113],[425,2172,378],[425,2875,295],[425,2875,356],[426,558,265],[426,931,142],[426,3304,262],[426,3304,478],[426,3304,303],[426,3360,480],[427,179,447],[427,892,200],[427,1865,445],[427,2681,453],[428,1199,333],[428,1199,292],[428,1922,387],[428,1922,241],[428,2238,192],[428,2238,336],[428,2238,243],[429,1170,322],[430,1272,436],[430,1337,434],[430,1569,481],[430,1954,488],[431,470,367],[431,470,35],[432,788,298],[432,788,21],[432,1809,494],[432,1809,495],[432,3577,31],[432,3577,283],[432,3577,459],[432,3577,30],[432,3577,181],[433,3962,228],[434,2083,5],[435,2772,43],[435,2950,319],[435,2950,218],[435,2950,453],[436,2874,68],[436,2874,94],[436,3647,28],[436,3739,466],[437,580,464],[437,580,177],[437,2055,42],[437,2797,488],[437,2797,52],[437,2839,448],[437,2839,462],[438,889,474],[439,575,442],[439,801,488],[439,801,248],[439,801,277],[439,1834,83],[439,2268,136],[439,2268,467],[439,3123,311],[439,3458,460],[439,3458,257],[440,2415,462],[440,3920,483],[440,3920,443],[441,2339,42],[441,2339,383],[441,2466,482],[442,2674,498],[442,2674,398],[443,2608,483],[443,3414,477],[443,3713,473],[444,502,224],[444,2001,455],[444,2696,448],[445,2053,222],[445,2053,226],[445,2716,278],[445,2900,49],[445,2900,75],[446,3889,492],[447,1042,443],[447,1042,297],[447,2808,2],[448,2797,488],[448,2797,52],[449,3428,49],[449,3428,137],[450,62,418],[450,62,442],[450,2416,158],[450,2416,490],[450,2596,490],[450,3543,349],[450,3543,466],[451,314,133],[451,482,188],[451,3285,483],[451,3285,7],[453,1482,49],[453,3533,265],[454,1949,6],[454,1959,446],[454,2935,11],[455,529,202],[455,529,482],[455,1772,267],[455,1772,441],[455,1772,338],[455,2027,212],[455,2523,475],[456,89,66],[456,89,87],[456,1021,172],[456,1021,65],[456,2373,141],[456,2924,80],[457,954,458],[457,2587,362],[457,3097,166],[457,3097,252],[457,3434,90],[460,1992,63],[460,1992,441],[460,3306,210],[462,400,208],[462,3470,358],[462,3470,144],[463,1441,465],[463,1909,382],[463,1909,491],[463,2476,474],[463,2476,496],[463,3495,465],[463,3744,480],[467,3140,346],[467,3140,429],[468,1427,479],[468,2618,479],[469,349,398],[469,916,234],[469,916,423],[469,916,492],[469,916,266],[470,289,68],[470,1689,413],[470,3884,74],[471,152,491],[471,185,239],[471,185,490],[471,884,400],[471,884,350],[472,2563,474],[472,2563,160],[473,754,495],[473,754,369],[473,1107,270],[475,244,407],[475,1785,240],[476,205,67],[476,205,79],[476,205,109],[476,328,386],[477,2103,402],[477,2103,452],[477,3688,348],[477,3688,230],[477,3994,4],[478,480,21],[478,1131,487],[478,1507,276],[478,3388,29],[478,3466,214],[478,3466,466],[479,1037,193],[479,1037,384],[479,1037,274],[479,1559,244],[479,1559,485],[479,1920,226],[479,1920,485],[479,3412,485],[479,3412,448],[480,1289,210],[480,2848,451],[480,2848,464],[481,3718,416],[482,1340,495],[482,3971,427],[482,3971,477],[482,3971,150],[483,708,478],[483,1539,489],[484,115,6],[484,1127,365],[484,3750,56],[484,3750,315],[485,273,445],[485,273,472],[485,293,335],[485,2869,19],[486,801,488],[486,801,248],[486,801,277],[486,2568,213],[486,2568,238],[486,3499,92],[486,3570,306],[486,3570,160],[487,618,22],[487,2740,80],[487,3340,492],[488,2347,406],[489,3214,495],[490,1220,151],[490,3238,84],[491,181,152],[491,591,81],[491,591,126],[492,2992,285],[492,3265,171],[492,3265,421],[493,1379,471],[493,2426,47],[494,1428,173],[494,1428,404],[494,1428,408],[494,3510,138],[495,3277,373],[495,3277,72],[495,3880,360],[496,642,343],[496,642,441],[496,1072,392],[496,1072,349],[496,3741,124],[497,1741,106],[497,2477,364],[497,2477,62],[497,2687,293],[497,2687,9],[497,3470,358],[497,3470,144],[498,1512,87],[499,81,252],[499,1472,152],[499,1472,482],[499,1618,500],[499,2032,130],[499,2032,37],[499,2152,335],[499,2152,161],[499,2853,385],[499,2853,128],[499,2907,114],[500,359,379],[500,1472,152],[500,1472,482]];

jitters = [20000,2000,100000,100000,20000,100000,10000,100000,20000,10000,10000,100000,20000,10000,10000,2000,100000,100000,10000,50000,100000,5000,50000,10000,50000,10000,100000,20000,1000,100000,100000,20000,2000,100000,1000,20000,20000,100000,10000,20000,100000,10000,100000,10000,100000,100000,20000,10000,100000,100000,20000,10000,100000,10000,20000,10000,20000,10000,20000,20000,20000,20000,10000,10000,2000,10000,20000,20000,100000,20000,10000,20000,10000,50000,20000,100000,50000,100000,10000,20000,20000,20000,2000,10000,100000,20000,20000,20000,10000,10000,100000,10000,100000,20000,100000,20000,50000,10000,100000,20000,10000,20000,10000,10000,1000,1000,20000,20000,20000,10000,100000,100000,100000,10000,10000,100000,10000,20000,10000,20000,10000,20000,10000,10000,20000,10000,10000,20000,20000,1000,100000,100000,10000,10000,1000,10000,20000,20000,100000,20000,20000,20000,20000,20000,20000,100000,50000,20000,10000,100000,5000,100000,20000,10000,20000,20000,100000,2000,5000,10000,20000,10000,100000,100000,20000,20000,20000,20000,20000,20000,20000,2000,10000,100000,20000,10000,100000,100000,100000,100000,20000,20000,20000,100000,20000,20000,10000,10000,10000,20000,100000,20000,20000,10000,10000,10000,10000,10000,10000,10000,20000,5000,1000,20000,10000,20000,10000,50000,10000,10000,20000,20000,20000,100000,10000,10000,20000,10000,10000,20000,100000,10000,1000,10000,100000,100000,10000,100000,20000,5000,10000,100000,10000,100000,20000,100000,10000,20000,20000,100000,20000,10000,100000,10000,20000,20000,100000,10000,10000,10000,2000,50000,20000,20000,100000,10000,20000,100000,100000,10000,100000,100000,100000,100000,10000,100000,20000,10000,20000,10000,20000,10000,10000,20000,10000,20000,100000,20000,10000,10000,10000,100000,100000,10000,20000,10000,100000,20000,1000,1000,20000,20000,100000,20000,20000,10000,100000,10000,20000,10000,10000,10000,20000,5000,100000,100000,1000,10000,20000,20000,100000,20000,100000,100000,50000,100000,100000,20000,10000,10000,100000,10000,10000,100000,20000,100000,10000,20000,10000,20000,10000,50000,20000,10000,10000,2000,20000,10000,10000,100000,10000,10000,10000,100000,20000,10000,100000,1000,2000,2000,20000,10000,100000,10000,10000,20000,10000,10000,20000,5000,20000,100000,10000,100000,100000,10000,20000,100000,100000,10000,20000,100000,100000,10000,100000,20000,20000,10000,20000,20000,20000,100000,2000,100000,10000,10000,20000,20000,20000,20000,20000,20000,10000,100000,100000,20000,100000,100000,20000,10000,100000,100000,10000,10000,20000,20000,10000,100000,20000,100000,100000,20000,100000,100000,5000,20000,10000,10000,100000,20000,20000,100000,100000,10000,10000,10000,10000,10000,20000,100000,10000,20000,100000,100000,10000,100000,100000,20000,100000,20000,20000,100000,20000,10000,10000,10000,10000,10000,100000,100000,10000,100000,10000,100000,20000,2000,20000,20000,100000,100000,10000,20000,10000,20000,10000,100000,100000,5000,10000,50000,100000,100000,20000,20000,20000,10000,20000,10000,5000,10000,100000,20000,20000,100000,5000,20000,10000,100000,20000,100000,10000,10000,10000,20000,20000,2000,100000,100000,100000,20000];

