NumChains = 50;
NumResources = 3;
NumRunnablesInChains = 213;
MemoryBoundOnResource = 1048576;
UtilizationBoundOnResource = 100;

numberOfTasksinChain = [9,7,5,9,7,5,7,5,7,5,5,9,9,7,7,7,7,7,9,9,7,5,9,9,9,9,7,9,5,9,7,9,5,9,7,5,9,7,7,9,9,7,7,9,5,9,9,9,9,9];

runnablesInChains = [433,65,126,12,169,203,402,481,211,140,323,87,15,488,395,250,212,187,278,80,252,302,366,401,193,249,181,5,392,54,212,373,189,288,209,62,287,47,154,166,304,219,211,186,466,283,301,191,163,123,51,204,369,20,302,390,387,359,330,264,316,196,227,431,73,36,92,437,71,204,482,84,41,20,253,114,260,425,159,150,181,234,90,113,26,119,125,240,292,110,377,77,257,2,5,307,236,126,46,342,191,445,63,403,390,93,37,330,85,301,9,404,391,59,230,316,216,259,31,15,100,223,84,152,103,145,131,493,51,436,438,60,300,153,68,91,88,136,23,376,298,310,360,15,10,432,111,186,337,19,297,472,126,479,294,121,149,307,195,301,484,17,471,403,256,390,477,296,12,424,298,475,143,279,313,480,18,352,124,463,74,338,351,205,178,286,498,30,371,401,174,189,309,190,76,64,212,446,348,96,183,436,210,8,181,426,42,222,453,274,363,475,271];

ProcessingTimesOfMessages = [[1,1,1,2,1,1,1,1,1],[1,1,1,1,1,1,1,1],[2,1,1,1,1,1,1],[1,1,1,1,1,1,1,1,1,1,1],[1,1,1,1,1,1],[1,1,1,1,1],[1,1,1,1,1,1,1,1,1,1],[1,1,1,1,1,1,1,1,1,1,1],[1,1,1,1,1,1,1,1],[1,1,1,1,1,1,1,1,1],[1,1,1,1,1,1,1,1],[1,1,1,1,1,1,1],[1,1,1,1,1,1,1,1,1,1],[1,1,1,1,1,1],[1,1,1,1,1,1,1,1],[1,1,1,1,1,1],[1,1,1,1,1,1,1,1],[1,1,1,1,1,1,1,1,1,1,1,1,1,1,1],[1,1,1,1,1,1,1,1,1,1],[1,1,1,1,1],[1,1,1,1,1,1,1],[1,1,1,1,1,1,1,1,1,1,1,1,1,1],[1,1,1,1,1,1,1,1,1,1],[1,1,1,1,1,1,1,1,1,1],[1,1,1,1,1,1],[1,1,1,1,1,1,1,1,1,1],[1,1,1,1,1],[1,1,1,1,1,1,1],[1,1,1,1,1,1,1,1],[1,1,1,1,1,1,1],[1,1,1,1,1,1],[1,1,1,1,1],[1,1,1,1],[1,1,1,1,1],[1,1,1,1,1,1,1,1,1,1],[1,1,1,1,1,1],[1,1,1,1,1,1],[1,1,1,1,1,1,1],[1,1,1,1,1,1,1,1,1,1,1,1,1],[1,1,1,1,1,1,1],[1,1,1,1,1,1],[1,1,1,2,2,1,1,1,1],[1,1,1,1,1,1],[1,1,1,1,1,1,1,1],[1,1,1,1,1,1,1],[1,1,1,1,1,1,1,1],[1,1,1,1,1,1,1],[1,1,1,1,1,1,1,1,1],[1,1,1,1],[1,1,1,1,1,1,1,1,1],[1,1,1,1,1,1,1],[1,1,1,1,1,1,1],[1,1,1,1,1,1,1],[1,1,1,1,1,1,1,1,1],[1,1,1,1,1,1,1,1,1,1,1,1],[1,1,1,1,1,1,1],[1,1,1,1,1,1,1,1,1],[1,1,1,1,1],[1,1,1,1,1,1,1,1,1,1],[1,1,1,1,1,1],[1,1,1,1,1,1,1,1,1],[1,1,1,1,1,1,1,1,1],[1,1,1,1,1,1],[1,1,1,1,1],[1,1,1,1,1,1,1],[1,1,1,1,1,1,1,1,1,1],[1,1,1,1,1,1,1],[1,1,1,1,1,1],[1,1,1,1,1],[1,1,1,1,1,1,1],[1,1,1,1,1,1,1],[1,1,1,1,1,1,1,1,1],[1,1,1,1,1,1,1],[1,1,1,1,1],[1,1,1,1,1,1],[1,1,1,1,1,1,1,1],[1,1,1,1,1,1,1],[1,1,1,1,1,1],[1,1,1,1,1,1,1,1,1,1],[1,1,1,1,1,1],[1,1,1,1],[1,1,1,1,1],[1,1,1,2,1],[1,1,1,1,1,1,1],[1,1,1,1,1,1,1,1],[1,1,1,1,1],[1,1,1,1,1,1,1,1],[1,1,1,1,1,1,1],[1,1,1,1,1,1,1,1,1,1],[1,1,1,2,2,1,1],[1,1,1,1,1,1,1,1],[1,1,1,1,1,1,1,1,1],[1,1,1,1,1,1,1,1,1],[1,1,1,1,1],[1,1,1,1,1,1,1,1],[1,1,1,1,1,1],[1,1,1,1,1,1,1],[1,1,1],[1,1,1,1,1,1,1,1,1],[1,1,1,1,1,1,1,1,1,1],[1,1,1,1,1,1,1,1],[1,1,1,1,1,1,1,1,1,1,1,1,1,1],[1,1,1,1,1,1],[1,1,1,1,1,1],[1,1,1,1,1],[1,1],[1,1,1,1,1,1,1,1],[1,1,1,1],[1,1,1,1,1,1,1],[1,1,1,1],[1,1,1,1,1,1,1,1,1,1,1],[1,1,1,1],[1,1,1,1,1,1,1,1,1,1],[1,1],[1,1,1,1,1,1,1,1,1],[1,1,1,1,1,1,1],[1,1,1,1,1,1,1],[1,1,1,1,1,1,1],[1,1,1,1,1,1],[1,1,1,1,1,1],[1,1,1,1,1,1,1,1],[1,1,1,1,1,1,1,1,1],[1,1,1,1,1],[1],[1,1,1,1,1,1,1,1,1],[1,1,1,1,1,1,1],[1,1,1,1,1,1,1],[1,1,1,1,1,1,1,1,1,1],[1,1,1,1,1,1,1,1,1,1,1,1,1],[1,1,1,1,1,1,1,1],[1,1,1,1,1],[1,1,1,1,1,1,1],[1,1,1],[1,1,1,1,1,1],[1,1,1,1,1,1],[1,1,1,1,1,1,1],[1,1,1,1,1,1,1,1,1,1],[1,1],[1,1,1,1,1,1,1],[1,1,1,1,1,1,1,1,1,1],[1,1,1,1],[1,1,1,1,1,1,1],[1,1,1,1,1,1,1],[1,1,1,1],[1,1,1,1,1,1,1,1,1,1],[1,1,1,1,1,1,1,1],[1,1,1,1,1,1,1,1],[1,1,1,1,1,1,1],[1,1,1,1,1,1,1],[1,1,1,1,1,1,1,1,1,1,1,1],[1,1,1,1,1],[1,1,1,1,1],[1,1,1,1],[1,1,1,1,1,1,1],[1,1,1,1,1,1],[1,1,1,1,1,1,1,1,1],[1,1,1,1,1,1,1,1,1,1],[1,1,1,1],[1,1,1,1,1,1,1,1],[1,1,1,1,1],[1,1,1,1,1,1],[1,1,1,1,1,1,1],[1,1,1,1],[1,1,1,1,1,1],[1,1,1,1,1,1,1],[1,1,1,1,1,1,1,1],[1,1,1,1,1],[1,1,1,1],[1,1,1,1,1,1,1,1,2,2],[1,1,1,1,1,1,1,1,1,1,1],[1,1,1,1,1,1,1,1,1,1],[1,1],[1,1,1,1,1,1,1,1,1,1,1],[1,1,1,1,1,1],[1,1,1,1,1,1,1,1,1,1,1,1,1],[1,1,1,2,1,1,1,1],[1,1,1,1,1,1,2],[1,1,1,1,1,1,1],[1,1,1,1,1,1],[1,1,1,1,1,1,1],[1,1,1,1,1],[1,1,1,1,1,1,1],[1,1,1],[1,1,1,1,1],[1,1,1,1,1,1,1,1],[1,1,1,1,1,1,1,1],[1,1,1,1,1,1,1,1,1],[1,1,1,1,1],[1,1,1,1,1,1],[1,1,1,1,1,1,1,1,1],[1,1,1,1,1,1,1,1,1],[1,1,1,1],[1,1,1,1,1,1],[1,1,1,1,1,1,1,1,1,1,1,1],[1,1,1,1,1,1,1,1],[1,1,1,1,1,1],[1,1,1,1,1,1,1,1,1,1],[1,1,1,1,1,1],[1,1,1,1,1,1,1,1,1],[1,1,1,1,1,1,2,1,1,1],[1,1,1,1,1],[1,1,1],[1,1,1,1,1,1,1],[1,1,1,1,1,1,1],[1,1,1,1,1,1,1,1,1],[1,1,1,1,1],[1,1,1,1,1,1,1],[1,1,1,1,1,1,1,1],[1,1,1,1,1,1,1,1,1],[1,1,1,1],[1,1,1,1],[1,1,1],[1,1,1,1,1,1,1,1,1],[1,1,1,1,1],[1,1,1,1,1,1,1,1,1],[1,1,1,1,1,1,1],[1,1,1,1],[1,1,1,1,1,1,1,1,1,1,1],[1,1,1,1,1,1,1,1],[1,1,1,1],[1,1,1,1,1,1],[1,1,1,1,1,1],[1,1,1],[1,1,1,1,1,1,1,1,1,1,1],[1,1,1,1,1,1,1,1,1,1,1,1,1],[1,1,1,1],[1,1,1,1,1,1],[1,1,1],[1,1,1,1,1,1,1],[1,1,1,1,1],[1,1,1,1,1,1],[1,1,1,1,1,1,1],[1,1,1,1,1],[1,1,1,1,1,1],[1,1,1,1,1],[1,1,1,1],[1,1,1,1,1,1,1,1,1],[1,1,1,1,1,1,1],[1,1,1,1,1,1,1,1,1,1],[1,1,1,1,1],[1,1],[1,1,1,1,1,1,1,1,1,1],[1,1,1,1,1,1,1,1,1,1,1],[1,1,1,1],[1,1,1,1,1,1,1,1,1,1,1,1,1],[1,1,1,1,1,1,1,1,1,1,1,1,1,1,1],[1,1,1],[1,1,1,1],[1,1,1,1],[1,1],[1,1,1,1,1,1,1,1,1],[2,2,1,1],[1,1,1,1,1,1,1,1,1,1],[1,1,1,1,1,1,1],[1,1,1,1,1,1,1,1,1,1,1,1,1,1,1],[1,1,1,1,1,1,1,1,1],[1,1,1,1,1,1,1,1,1],[1,1,1,1,1,1,1],[1,1,2,1,1,1,1],[1,1,1,1],[1,1,1,1,1],[1,1],[1,1,1,1],[1,1,1,1,1,1,1,1,1,1,1,1,1,1,1,1,1],[1,1,1,1,1,1,1,1],[1,1],[1,1,1],[1,1],[1,1,1,1,1,1,1],[1,1,1,2,2],[1,1,1,1,1,1],[1,1,1],[1,1],[1,1,1,1,1,1,1,1,1],[1,1,1,1,1,1,1,1],[1,1,1],[2,2,1],[1,1,1,1,1,1],[1,1],[1,1,1,1,1,1,1,1,1],[1,1,1,1,1,1,1,1],[1,1,1,1,1,1,1,1,1],[1,1,1,1,1,1,1,1,1],[1,1,1,1],[1,1,1,1,1],[1,1,1,1,1],[1,1,1,1,1,1],[1,1,1],[1,1,1,1,1,1,1,1,1,1,1,1],[1,1,1,1],[1,1,1,1,1,1],[1,1,1,1],[1,1,1,1,1],[1,1,1,1,1,1,1,1,1],[1,1,1,1,1,1,1],[1,1,1,1,1,1,1,1,1,1,1,1],[1,1,1,1,1],[1,1,1],[1,1,1,1,1,1,1],[1,1,1],[1,1,1,1],[1,1,1,1,1,1,1,1],[1,1,1,1,1,1,1],[1,1,1,1,1,1],[1,1,1,1,1,1],[1,1],[1,1,1,1,1],[1,1,1,1,1,1,1,2],[],[1,1,1,1,1],[1],[1,1,1,1,1,1,1,1,1,1,1,1],[1,1,1,1,1],[1,1,1,1,1,1,1],[1,1,1,1,1,1,1,1],[1,1,1],[1,1,1,1,1,1,1,1,1],[1,1,1,1],[1,1,1,1,1,1,1],[1,1,1,1,1,1],[1],[1,1,1,1,1,1],[1,1,1,1,1,1,1,1,1,1,1],[1,1,1,1,1,1,1],[1,2,1,1,1],[1,1,1,1,1,1,1],[1,1,1,1,1,1,1,1,1,1,1],[1,1,1,1,1,1,1],[1,1,2,1,1],[1,1,1,1,1,1],[1,1,1,1,1,1],[1,1],[1,1],[1,1,1,1,1],[1,1,1,1,1,1,1,1,1,1,1],[1],[1,1,1,1,1],[1,1,1,1,1],[1,1,1,1],[1,1,1,1,1,1],[1,1,1,1,1],[1,1,1],[1,1,1,1,1,1],[1,1,1,1,1,1,1],[1,1],[1,1,1,1,1,1,1,1,1,1,1],[1,1,1,1,1,1,1],[1,1,1,1,1,1,1],[1,1,1,1,1,1],[1,1,1],[1,1,1,1],[1,1,1,1,1,1,1],[1,1,1,1,1],[1,1,1,1],[1,1,1,1,1,1,1],[1,1],[1,1,1,1,1],[1,1],[1,1,1,1,1,1,1,1,1,1,1],[1,1,1,1,1],[1,1,1,1,1,1,1],[1,1,1,1],[1,1,1,1],[1,1,1,1,1,1,1],[1,1,1],[1,1,1],[1,1,1,1,1],[1,1,1,1,1,1],[1,1,1,1,1,1],[1,1,1,1,1],[1,1,1,1,1,1,1],[1,1],[1,1,1,1],[1,1],[1,1],[1,1,1],[1,1,1],[1,1,1,1,1,1,1,1],[1,1,1],[1,1,1,1,1],[1,1,1,1,1,1,1,1],[1],[1,1,1],[],[1,1,1,1],[1,1,1],[1,1,1,1,1,1,1],[1,1,1],[1,1,1,1,1,1,1,1,1,1,1,1],[1,1,1,1,1,1,1,1],[1,1,1,1,1,1,1],[1,1,1,1,1],[1,1],[1,1,1,1,1],[1,1,1],[1,1,1,1,1,1,1,1,1,1],[1,1,1,1],[1,1,1,1,1,1,1],[1,1,1,1,1,1],[1,1,1,1,1,1,1,1],[1,1],[1,1,1,1,1,1],[1,1,1,1,1,1,1,1,1],[1],[1,1,1,1,1,1,1],[1,1,1,1],[1,1],[1,1,1,1,1,1,1,1],[1,1],[1,1],[1,1,1,1,1,1],[1,1,1,1,1,1,1,1],[],[1,1,1,1],[],[1,1,1],[1,1,1,1,1],[1,1,1],[1,1,1,1],[1,1,1],[1,1,1,1,1,1,1],[1,1],[1],[1,1],[1,1,1,1,1],[1],[1,1,1,1],[1,1],[1,1,1,1],[1,1,1,1,1,1,1,1],[1,1,1,1,1,1],[1,1,1],[1,1,1,1,1,1,1,1],[1,1,1],[],[1,1,1],[1,1,1,1,1,1,1,1],[1,1,1],[1,1,1,1,1,1],[1,1],[1],[1,1,1,1,1],[],[1,1,1],[1,1],[1,1,1,1,1,1],[1,1],[1,1,1,1,1],[1],[1,1,1,1],[1,1,1,1],[1,1,1,1,1,1,1,1,1],[1,1,1,1,1,1],[1,1],[1,1,1],[1,1],[1,1],[],[1,1,1,1],[],[1,1,1],[1,1,1,1,1],[1,1,1,1],[1,1],[1,1,1],[1,1],[1],[1],[1,1],[1,1,1,1],[1,1,1,1,1,1],[1],[1,1,1,1],[1,1],[1,1,1,1,1],[1,1,1,1,1],[1,1,1,1,1],[1,1,1,1,1],[],[],[1,1],[1,1,1,1],[1],[1,1],[1,1,1],[1,1,1,1],[1,1,1,1,1,1,1,1,1],[1,1],[],[1,1],[1],[1,1],[1,1,1,1,1,1],[1],[1],[1,1],[1,1,1,1,1,1],[1],[1,1,1,1],[1,1,1,1,1,1,1,1]];

processingTimesRunnables = [13,8,15,11,13,12,14,6,12,12,6,12,8,9,11,13,13,17,14,12,8,12,8,14,11,4,13,13,10,15,12,11,12,8,11,11,9,5,9,14,14,13,11,16,11,13,13,12,12,12,13,11,8,8,16,6,10,13,13,9,13,13,13,15,11,15,8,16,12,15,6,4,8,6,11,12,6,11,15,5,13,5,6,5,7,12,11,10,12,5,15,15,8,13,13,6,15,10,12,10,10,6,13,13,5,13,9,12,13,13,6,12,10,8,6,4,10,5,13,12,12,12,14,13,10,13,8,8,8,6,14,8,15,11,9,13,13,6,11,10,12,12,7,10,10,12,13,11,12,16,16,11,13,6,9,8,15,11,12,14,9,13,10,11,11,14,17,11,11,7,12,13,9,8,12,10,13,12,10,11,13,9,10,16,12,14,14,12,12,12,15,5,12,6,10,12,17,15,9,10,12,8,6,12,11,5,10,11,12,9,12,11,13,8,11,12,9,11,11,11,13,11,8,9,11,13,13,15,9,15,10,12,7,7,13,10,13,12,13,10,11,13,9,12,17,11,11,12,5,12,7,15,11,9,14,12,8,9,13,11,11,7,14,6,11,12,7,5,14,11,12,5,10,12,7,13,11,11,10,7,5,11,7,7,10,11,16,11,5,10,12,10,4,6,14,10,12,13,10,12,11,16,12,10,12,11,14,10,9,13,16,6,11,16,8,15,7,6,11,5,11,12,11,5,10,11,16,14,15,12,6,11,10,12,12,11,6,8,8,6,10,13,5,8,8,14,13,12,11,14,10,15,12,13,9,12,13,8,13,10,16,8,16,11,11,13,12,10,17,13,10,11,7,8,13,14,10,13,12,8,14,11,7,12,15,9,10,11,15,13,6,12,11,13,12,7,6,13,13,12,13,5,12,13,8,12,13,7,10,6,11,11,11,10,16,16,11,15,15,8,6,6,11,13,10,11,12,9,5,14,15,10,13,6,14,13,12,14,12,12,16,7,13,10,14,14,12,5,15,12,13,10,6,9,8,9,12,11,13,17,11,10,8,11,12,9,15,14,10,15,10,11,16,15,11,11,7,14,5,14,13,8,10,9,6,10,8,9,12,13,7,13,11,12,14,7,13,11,11,13];

periods = [2000,10000,100000,100000,10000,10000,100000,10000,100000,100000,50000,10000,10000,10000,100000,10000,100000,50000,10000,20000,20000,100000,10000,20000,10000,100000,20000,100000,10000,20000,100000,50000,20000,2000,100000,20000,5000,20000,50000,100000,20000,10000,20000,20000,10000,100000,100000,20000,100000,20000,100000,10000,20000,100000,10000,10000,100000,20000,20000,1000,10000,100000,100000,100000,10000,2000,1000,10000,20000,20000,20000,20000,20000,2000,20000,100000,10000,20000,100000,10000,10000,20000,10000,20000,100000,100000,100000,10000,50000,100000,10000,20000,5000,20000,100000,1000,10000,2000,20000,20000,10000,10000,20000,100000,10000,1000,1000,10000,50000,10000,100000,20000,100000,20000,20000,10000,100000,100000,20000,100000,10000,100000,100000,50000,20000,10000,100000,10000,1000,10000,100000,10000,100000,10000,20000,10000,1000,10000,100000,100000,100000,10000,10000,20000,100000,100000,100000,100000,10000,10000,20000,20000,1000,100000,20000,10000,1000,20000,10000,10000,100000,1000,100000,1000,100000,100000,10000,20000,10000,20000,20000,10000,20000,20000,20000,20000,10000,2000,100000,10000,10000,100000,1000,20000,10000,100000,10000,20000,20000,100000,100000,10000,10000,20000,100000,20000,10000,100000,20000,10000,10000,10000,100000,20000,2000,100000,50000,10000,20000,1000,100000,100000,20000,10000,20000,20000,10000,1000,100000,50000,20000,10000,20000,10000,100000,20000,20000,100000,1000,20000,10000,20000,20000,100000,20000,10000,10000,10000,20000,20000,10000,20000,20000,10000,20000,20000,10000,100000,10000,100000,50000,10000,20000,100000,5000,5000,10000,1000,100000,10000,100000,100000,20000,20000,20000,20000,20000,10000,20000,20000,10000,100000,20000,10000,20000,10000,20000,10000,10000,100000,10000,50000,100000,100000,20000,20000,100000,20000,10000,100000,100000,10000,20000,10000,10000,10000,10000,10000,20000,1000,100000,20000,2000,100000,20000,10000,10000,100000,20000,10000,50000,20000,10000,10000,10000,20000,20000,10000,10000,20000,100000,20000,100000,20000,20000,20000,20000,100000,10000,5000,10000,20000,2000,100000,20000,10000,100000,2000,10000,20000,100000,100000,10000,20000,2000,20000,100000,1000,50000,20000,2000,50000,10000,100000,100000,100000,100000,20000,5000,100000,1000,50000,10000,10000,20000,20000,100000,20000,20000,10000,20000,20000,20000,100000,100000,10000,10000,10000,20000,100000,10000,100000,20000,20000,10000,100000,5000,50000,10000,5000,20000,100000,20000,10000,100000,100000,20000,100000,100000,20000,20000,100000,5000,100000,100000,20000,100000,1000,20000,20000,10000,100000,20000,100000,100000,100000,20000,20000,10000,20000,10000,10000,10000,10000,10000,10000,20000,20000,10000,20000,20000,100000,10000,20000,20000,1000,20000,1000,5000,20000,10000,10000,20000,20000,100000,100000,10000,100000,1000,50000,10000,100000,10000,10000,5000,20000,100000,20000,100000,10000,10000,100000,50000,20000,100000,100000,100000,20000,10000,10000,5000,10000,20000,5000,10000,10000,5000,20000,10000,10000,100000,20000,2000,100000,10000,20000,10000,100000,10000,10000,20000,20000,100000,20000,100000,10000,1000,20000,100000,1000];

communicationTimeForOrderCriticalMessages = [1,1,1,1,1,1,1,1,1,1,1,1,1,1,1,1,1,1,1,1,1,1,1,1,1,1,1,1,1,1,1,1,1,1,1,1,1,1,1,1,1,1,1,1,1,1,1,1,1,1,1,1,1,1,1,1,1,1,1,1,1,1,1,1,1,1,1,1,1,1,1,1,1,1,1,1,1,1,1,1,1,1,1,1,1,1,1,1,1,2,1,1,1,1,1,1,1,1,1,1,1,1,1,1,1,1,1,1,1,1,1,1,1,1,1,1,1,1,1,1,1,1,1,1,1,1,1,1,1,1,1,1,1,1,1,1,1,1,1,1,1,1,1,1,1,1,1,1,1,1,1,1,1,1,1,1,1,1,2,1,1,1,1];

sizeOfRunnables = [1205,773,1480,1058,1290,1178,1303,550,1173,1120,550,1170,745,828,1008,1248,1260,1605,1328,1113,753,1128,780,1368,1048,385,1255,1285,968,1463,1103,1023,1150,755,1080,1015,895,453,865,1323,1308,1298,1050,1545,1045,1208,1203,1135,1148,1163,1210,1003,780,775,1595,543,925,1263,1258,850,1238,1245,1268,1448,1023,1420,730,1573,1140,1480,595,398,793,575,1005,1125,518,1053,1438,490,1203,405,540,460,623,1155,1090,1000,1178,413,1463,1463,710,1268,1275,595,1498,970,1140,960,948,535,1223,1275,465,1268,848,1150,1258,1210,548,1178,955,728,580,398,968,413,1258,1108,1170,1135,1398,1275,985,1275,738,795,745,580,1305,790,1433,1050,820,1240,1298,578,1020,983,1103,1158,658,940,975,1155,1285,1080,1148,1530,1528,1050,1268,565,840,783,1425,1045,1118,1318,878,1293,998,1058,1083,1350,1610,1020,1015,640,1135,1230,803,728,1140,938,1285,1165,953,1068,1218,840,968,1568,1173,1350,1335,1103,1113,1120,1463,498,1163,570,968,1155,1615,1463,858,933,1110,758,575,1193,1030,460,1000,1030,1158,835,1143,1068,1233,750,1058,1180,858,1023,1050,1080,1233,1098,730,828,1020,1263,1208,1453,820,1448,940,1185,648,660,1208,930,1260,1165,1258,1000,1045,1203,858,1185,1620,1075,1053,1185,420,1128,633,1458,1068,818,1303,1138,743,900,1290,1035,1020,690,1368,600,1073,1135,685,460,1308,1035,1135,428,940,1195,640,1253,1065,1100,930,655,415,1045,620,608,915,1035,1508,1050,480,923,1165,948,398,560,1398,945,1180,1210,970,1170,1020,1503,1173,990,1118,1068,1323,983,880,1225,1583,510,1073,1573,790,1410,650,558,1008,465,1038,1193,1015,490,983,1005,1563,1313,1485,1110,540,1090,975,1165,1185,1015,533,720,718,588,968,1238,473,723,743,1368,1255,1103,1053,1345,993,1470,1133,1270,863,1118,1285,775,1298,928,1518,743,1568,1088,1083,1258,1173,923,1610,1248,910,1053,675,780,1210,1393,955,1223,1193,723,1355,1088,663,1103,1420,848,948,1010,1495,1223,528,1125,1053,1230,1160,675,520,1248,1210,1178,1298,430,1118,1285,770,1185,1255,660,938,580,1098,1098,1053,983,1573,1560,1038,1495,1430,765,580,548,1060,1208,993,1043,1165,835,495,1345,1430,923,1225,528,1345,1215,1128,1323,1193,1178,1560,645,1215,963,1365,1308,1170,480,1430,1178,1238,938,573,825,768,900,1200,1083,1215,1610,1088,968,720,1065,1160,885,1433,1308,983,1475,978,1028,1518,1453,1030,1053,630,1328,413,1355,1240,788,970,858,565,915,775,848,1110,1203,648,1285,1028,1178,1305,638,1253,1060,1080,1263];

SenderLabelReceiverOrderCriticalChains = [[433,86,0,0,65],[65,2642,0,0,126],[126,1542,0,0,12],[12,3864,0,0,169],[203,2710,0,0,402],[402,2885,0,0,481],[481,2272,0,0,211],[140,2814,0,0,323],[323,1804,0,0,87],[15,495,0,0,488],[488,2965,0,0,395],[395,2089,0,0,250],[250,1330,0,0,212],[187,713,0,0,278],[278,2851,0,0,80],[80,3956,0,0,252],[302,1813,0,0,366],[366,56,0,0,401],[193,2570,0,0,249],[249,1635,0,0,181],[181,1597,0,0,5],[392,1354,0,0,54],[54,422,0,0,212],[373,3813,0,0,189],[189,1996,0,0,288],[288,3865,0,0,209],[62,906,0,0,287],[287,468,0,0,47],[154,2218,0,0,166],[166,3278,0,0,304],[219,222,0,0,211],[211,1332,0,0,186],[186,1722,0,0,466],[466,3346,0,0,283],[301,3492,0,0,191],[191,1397,0,0,163],[163,3871,0,0,123],[123,86,0,0,51],[204,2979,0,0,369],[369,2562,0,0,20],[20,992,0,0,302],[390,1548,0,0,387],[387,2251,0,0,359],[359,2592,0,0,330],[264,1830,0,0,316],[316,1792,0,0,196],[196,885,3627,0,227],[431,1293,0,0,73],[73,3656,0,0,36],[36,933,0,0,92],[437,3790,0,0,71],[71,1614,0,0,204],[204,368,0,0,482],[84,1497,0,0,41],[41,1832,0,0,20],[20,1471,0,0,253],[253,3675,0,0,114],[260,3777,0,0,425],[425,3712,0,0,159],[159,295,0,0,150],[150,3070,0,0,181],[234,1705,0,0,90],[90,3913,0,0,113],[113,23,0,0,26],[119,636,0,0,125],[125,373,0,0,240],[292,1438,0,0,110],[110,785,0,0,377],[377,1609,0,0,77],[77,2857,0,0,257],[2,505,2817,0,5],[5,1271,0,0,307],[307,2964,0,0,236],[236,1542,3320,0,126],[46,2297,0,0,342],[342,1434,0,0,191],[191,1797,0,0,445],[445,2044,0,0,63],[403,1665,0,0,390],[390,2127,0,0,93],[93,3608,0,0,37],[37,1926,0,0,330],[85,3012,0,0,301],[301,541,0,0,9],[9,879,0,0,404],[391,1170,0,0,59],[59,3314,0,0,230],[230,1513,0,0,316],[316,452,0,0,216],[259,2010,0,0,31],[31,387,1208,0,15],[100,1873,0,0,223],[223,577,0,0,84],[84,1480,0,0,152],[152,1931,0,0,103],[145,834,0,0,131],[131,3431,0,0,493],[493,1819,3646,0,51],[436,3239,0,0,438],[438,1648,0,0,60],[60,1097,0,0,300],[300,508,0,0,153],[68,2230,0,0,91],[91,977,0,0,88],[136,1133,0,0,23],[23,943,0,0,376],[376,79,0,0,298],[298,635,0,0,310],[360,2441,0,0,15],[15,1490,0,0,10],[10,2905,0,0,432],[111,2410,0,0,186],[186,2439,0,0,337],[19,1150,0,0,297],[297,333,0,0,472],[472,1964,0,0,126],[126,3706,0,0,479],[294,1714,0,0,121],[121,3710,0,0,149],[149,2433,0,0,307],[195,3484,0,0,301],[301,1047,0,0,484],[484,1967,0,0,17],[471,3378,0,0,403],[403,3575,0,0,256],[256,1095,1548,0,390],[390,481,0,0,477],[296,3010,0,0,12],[12,1999,0,0,424],[424,3075,0,0,298],[298,3118,0,0,475],[143,1024,0,0,279],[279,2903,0,0,313],[313,1875,0,0,480],[18,2580,0,0,352],[352,3575,0,0,124],[124,3099,0,0,463],[74,3457,0,0,338],[338,1776,0,0,351],[351,1082,0,0,205],[205,3897,0,0,178],[286,2891,0,0,498],[498,1103,0,0,30],[371,2326,0,0,401],[401,2101,0,0,174],[174,870,0,0,189],[189,314,0,0,309],[190,1432,0,0,76],[76,2317,0,0,64],[64,3329,0,0,212],[212,3125,0,0,446],[348,1786,0,0,96],[96,101,0,0,183],[183,1949,3285,0,436],[436,3953,0,0,210],[8,1480,0,0,181],[181,3880,0,0,426],[426,1407,0,0,42],[42,651,0,0,222],[453,2209,3190,0,274],[274,3413,0,0,363],[363,3379,0,0,475],[475,580,760,0,271]];

SenderLabelReceiverNonOrderCriticalChains = [[1,1659,66],[1,1659,283],[1,1751,74],[1,1766,316],[1,3219,34],[1,3297,126],[1,3297,98],[1,3536,66],[1,3536,160],[2,505,5],[2,756,292],[2,1123,77],[2,2020,383],[2,2817,5],[2,3622,490],[2,3800,199],[2,3800,377],[3,63,449],[3,633,4],[3,633,158],[3,1408,26],[3,3065,303],[3,3207,158],[3,3276,87],[4,910,445],[4,910,497],[4,1550,429],[4,1550,7],[4,1570,52],[4,1570,131],[4,2443,108],[4,2443,123],[4,2443,300],[4,3904,342],[4,3986,117],[5,1271,307],[5,1288,29],[5,2086,214],[5,3194,479],[5,3837,8],[5,3837,362],[6,706,485],[6,1181,132],[6,1523,25],[6,1555,81],[6,2246,14],[7,158,32],[7,158,196],[7,158,427],[7,633,4],[7,633,158],[7,1541,28],[7,2581,457],[7,2614,123],[7,3932,226],[7,3932,442],[8,75,210],[8,895,17],[8,895,365],[8,895,475],[8,1480,152],[8,1480,181],[8,2310,461],[8,2613,252],[8,2853,490],[8,2853,205],[8,2917,16],[9,879,404],[9,1814,35],[9,3288,38],[9,3288,87],[9,3438,317],[9,3438,319],[9,3482,150],[9,3482,182],[10,472,357],[10,895,17],[10,895,365],[10,895,475],[10,1899,495],[10,2905,432],[10,3472,374],[10,3668,198],[10,3796,328],[11,197,311],[11,1879,294],[11,2041,124],[11,2041,197],[11,2258,220],[11,2489,97],[11,2489,282],[11,3051,32],[12,1146,467],[12,1146,4],[12,1999,424],[12,1999,460],[12,3468,14],[12,3468,310],[12,3864,169],[13,597,347],[13,597,475],[13,650,333],[13,650,426],[13,907,109],[13,907,298],[13,2243,97],[13,2342,14],[13,2342,94],[13,2839,21],[14,576,312],[14,1663,489],[14,2148,405],[14,2148,16],[14,3474,330],[14,3474,317],[15,495,488],[15,656,347],[15,1208,31],[15,1208,364],[15,1490,10],[15,1490,480],[15,3313,374],[15,3410,135],[16,628,78],[16,740,385],[16,960,313],[16,1010,247],[16,2659,268],[16,3017,40],[17,430,19],[17,1073,46],[17,2802,22],[17,2802,172],[17,3241,47],[17,3625,392],[17,3953,210],[17,3953,270],[18,485,388],[18,1660,252],[18,1660,183],[18,1875,228],[18,1875,480],[18,2580,352],[18,2580,96],[18,2580,209],[18,2580,471],[18,2580,358],[18,2580,112],[18,2580,420],[18,3063,236],[18,3063,32],[18,3232,490],[19,794,263],[19,794,328],[19,794,486],[19,1150,297],[19,1440,206],[19,1440,480],[19,1939,55],[19,3529,176],[19,3529,298],[19,3934,367],[20,992,302],[20,992,489],[20,1471,253],[20,3498,21],[20,3498,462],[21,19,27],[21,695,372],[21,695,474],[21,2164,277],[21,2164,492],[21,3010,12],[21,3010,37],[22,1317,244],[22,1317,460],[22,1317,414],[22,1455,166],[22,1455,436],[22,1738,336],[22,1818,220],[22,1818,279],[22,1818,405],[22,1818,167],[22,3339,154],[22,3339,490],[22,3580,108],[22,3615,28],[23,943,226],[23,943,376],[23,943,487],[23,1157,321],[23,1293,73],[23,1293,52],[23,2497,462],[23,2550,385],[23,3349,430],[23,3349,217],[24,217,332],[24,688,43],[24,711,376],[24,800,192],[24,800,43],[24,1773,30],[24,2921,277],[24,2921,357],[24,3104,444],[24,3104,36],[25,80,388],[25,513,175],[25,1500,188],[25,1500,222],[25,1500,184],[25,2388,36],[26,158,32],[26,158,196],[26,158,427],[26,309,325],[26,998,467],[26,998,420],[26,998,355],[26,998,147],[26,3202,311],[26,3202,63],[27,827,240],[27,1109,223],[27,1400,59],[27,3532,38],[27,3978,130],[28,478,428],[28,478,481],[28,1628,47],[28,1903,470],[28,1903,356],[28,2305,300],[28,2848,248],[29,1056,21],[29,1056,426],[29,1456,239],[29,1950,81],[29,2040,85],[29,2265,61],[29,2265,266],[29,2765,476],[30,527,486],[30,624,158],[30,713,276],[30,713,278],[30,859,103],[30,2832,58],[30,2970,435],[31,387,15],[31,2609,64],[31,2763,363],[31,3547,40],[31,3806,354],[31,3806,468],[32,655,425],[32,1000,124],[32,2034,39],[32,2758,105],[32,2809,362],[33,2577,494],[33,3231,464],[33,3237,43],[33,3647,80],[34,1134,366],[34,1217,345],[34,1217,408],[34,1761,178],[34,3774,388],[35,1786,96],[35,1786,384],[35,1786,399],[35,2131,46],[35,2131,393],[35,2424,161],[35,2846,194],[35,2900,195],[35,2900,334],[35,3218,191],[36,109,44],[36,216,435],[36,933,144],[36,933,92],[36,2112,78],[36,2306,379],[37,18,112],[37,1926,330],[37,1945,255],[37,2447,242],[37,2561,152],[37,2682,354],[38,1117,366],[38,1117,223],[38,1440,206],[38,1440,480],[38,1666,269],[38,1816,101],[38,1816,50],[39,305,432],[39,305,362],[39,2139,454],[39,2139,385],[39,2702,89],[39,2702,467],[39,2728,474],[39,2728,267],[39,2884,450],[39,3526,220],[39,3526,434],[39,3526,278],[39,3526,401],[40,74,46],[40,74,404],[40,1591,434],[40,1591,95],[40,2182,295],[40,3116,81],[40,3895,148],[41,48,57],[41,48,235],[41,1575,72],[41,1832,20],[41,1857,269],[41,3566,69],[42,175,128],[42,175,162],[42,615,61],[42,651,222],[42,651,289],[42,1228,80],[42,2289,451],[42,3322,411],[42,3857,44],[43,239,57],[43,1188,87],[43,1188,223],[43,1477,201],[43,1608,419],[43,1608,285],[44,1067,447],[44,1067,309],[44,1386,53],[44,2111,267],[44,2111,178],[44,3006,69],[44,3326,269],[44,3445,411],[45,2429,101],[45,2717,434],[45,2961,441],[45,2961,498],[45,3505,139],[45,3505,14],[45,3990,77],[46,1256,480],[46,2297,342],[46,2453,281],[46,2453,349],[46,3170,483],[46,3170,180],[46,3170,91],[46,3611,79],[47,101,280],[47,101,183],[47,1409,382],[47,1870,404],[47,2384,49],[47,3928,215],[47,3928,296],[48,161,184],[48,657,177],[48,745,233],[48,1560,107],[48,1854,53],[48,3107,433],[48,3107,438],[48,3107,70],[48,3205,332],[49,2003,396],[49,2102,290],[49,2102,374],[49,2958,341],[50,755,58],[50,1198,53],[50,1198,286],[50,2069,209],[50,2103,202],[50,2237,309],[50,2831,60],[50,2831,313],[50,2831,413],[51,1065,371],[51,1210,62],[51,2105,60],[51,2794,301],[51,3646,153],[51,3646,493],[51,3941,221],[52,92,110],[52,1932,260],[52,2260,244],[52,2517,79],[52,2517,2],[52,2517,101],[52,3930,56],[53,121,371],[53,892,465],[53,1452,58],[53,1452,365],[53,1452,286],[53,2065,266],[53,2492,393],[54,48,57],[54,48,235],[54,74,46],[54,74,404],[54,422,212],[54,642,80],[54,642,440],[54,2216,488],[54,3354,150],[55,202,423],[55,202,363],[55,580,277],[55,580,378],[55,580,414],[55,580,211],[55,927,442],[55,927,237],[55,965,234],[55,969,102],[55,3255,484],[55,3255,143],[56,661,108],[56,807,177],[56,807,496],[56,967,34],[56,1125,433],[56,2437,274],[56,3597,83],[57,658,91],[57,1087,161],[57,1557,331],[57,1557,146],[57,2043,25],[57,2399,265],[57,2399,131],[57,2582,87],[57,2582,201],[58,869,69],[58,2446,277],[58,3089,112],[58,3661,135],[58,3901,181],[59,1055,384],[59,1067,447],[59,1067,309],[59,1564,114],[59,2617,130],[59,2617,75],[59,3314,426],[59,3314,123],[59,3314,147],[59,3314,230],[60,1097,300],[60,1097,380],[60,1620,19],[60,2397,67],[60,2397,106],[60,2934,153],[61,274,125],[61,274,490],[61,274,353],[61,2453,281],[61,2453,349],[61,2796,489],[61,2973,187],[61,2989,423],[61,2989,100],[62,906,287],[62,1359,98],[62,2356,179],[62,2356,373],[62,2928,85],[62,3170,483],[62,3170,180],[62,3170,91],[62,3527,86],[63,148,6],[63,331,27],[63,2038,86],[63,2038,218],[63,2643,124],[63,3087,94],[64,483,70],[64,483,7],[64,3111,219],[64,3329,212],[64,3450,91],[65,1273,447],[65,1273,343],[65,1841,238],[65,1906,215],[65,1906,339],[65,2642,126],[65,3993,289],[66,1353,178],[66,2443,108],[66,2443,123],[66,2443,300],[66,2830,333],[66,3424,345],[66,3870,333],[66,3960,127],[66,3960,345],[66,3960,443],[67,1680,449],[67,2993,106],[67,2993,204],[67,2993,276],[67,2993,461],[67,3554,65],[67,3672,348],[68,338,138],[68,1864,230],[68,2230,91],[68,2489,97],[68,2489,282],[68,2690,425],[69,353,276],[69,353,223],[69,484,49],[69,1148,368],[69,2844,26],[70,977,88],[70,977,183],[70,1402,73],[70,1495,230],[70,1495,490],[70,2091,119],[70,2615,139],[71,27,415],[71,1614,204],[71,1614,86],[71,3715,260],[71,3715,152],[71,3850,485],[71,3918,309],[72,4,135],[72,567,346],[72,567,388],[72,2195,82],[72,2276,378],[72,2276,436],[72,2407,168],[72,3224,212],[72,3594,176],[73,2593,78],[73,2617,130],[73,2617,75],[73,3413,467],[73,3413,363],[73,3413,408],[73,3656,36],[74,1582,408],[74,1639,98],[74,2047,20],[74,2047,178],[74,3457,338],[75,700,462],[75,840,117],[75,958,230],[75,958,411],[75,3696,342],[75,3696,464],[76,1035,136],[76,2317,64],[76,2828,402],[76,3041,382],[76,3505,139],[76,3505,14],[76,3858,142],[76,3858,134],[77,1892,142],[77,1892,432],[77,1892,438],[77,1959,387],[77,1959,425],[77,2857,257],[77,3373,472],[78,384,163],[78,2426,410],[78,2721,82],[78,3047,39],[78,3047,316],[78,3508,111],[79,834,33],[79,834,114],[79,834,131],[79,834,381],[79,1146,467],[79,1146,4],[79,2759,457],[79,3563,448],[79,3837,8],[79,3837,362],[80,2720,88],[80,3459,287],[80,3459,316],[80,3956,252],[80,3967,406],[80,3967,476],[81,1956,331],[81,2215,454],[81,2840,118],[81,3363,244],[82,753,68],[82,2731,92],[82,2815,162],[82,3972,282],[82,3972,384],[83,774,143],[83,2947,110],[83,3393,461],[83,3785,253],[83,3970,306],[84,1029,439],[84,1480,152],[84,1480,181],[84,1497,41],[84,2232,94],[84,2635,65],[84,3342,325],[85,1099,379],[85,1978,182],[85,2797,206],[85,3012,332],[85,3012,464],[85,3012,301],[85,3012,43],[85,3971,103],[86,224,90],[86,2135,172],[86,2135,469],[86,2670,33],[86,2670,328],[87,1818,220],[87,1818,279],[87,1818,405],[87,1818,167],[87,2330,262],[87,2330,95],[87,2660,127],[87,2660,361],[88,1046,75],[88,1898,445],[88,2902,249],[88,2950,132],[88,2950,460],[88,3092,163],[88,3092,290],[89,44,251],[89,115,79],[89,115,398],[89,2067,429],[89,2067,465],[89,3030,124],[89,3270,450],[89,3270,422],[89,3338,352],[89,3464,207],[90,1191,439],[90,1728,139],[90,2298,321],[90,2775,371],[90,2775,312],[90,2898,103],[90,3913,113],[91,977,88],[91,977,183],[91,1818,220],[91,1818,279],[91,1818,405],[91,1818,167],[91,2518,392],[91,2518,238],[92,79,298],[92,79,397],[92,477,468],[92,477,340],[92,723,435],[92,794,263],[92,794,328],[92,794,486],[92,1607,112],[93,917,403],[93,917,491],[93,1375,474],[93,2471,338],[93,2471,455],[93,3172,60],[93,3191,467],[93,3608,367],[93,3608,37],[94,1371,171],[94,1886,443],[94,2044,3],[94,2044,63],[94,2801,382],[95,14,228],[95,17,183],[95,17,480],[95,17,496],[95,17,141],[95,648,392],[95,871,380],[95,2169,119],[96,101,280],[96,101,183],[96,2851,80],[96,2851,210],[96,2985,74],[96,3512,106],[97,592,291],[97,592,105],[97,1265,203],[97,2637,256],[97,2845,423],[97,3536,66],[97,3536,160],[98,2111,267],[98,2111,178],[98,3497,174],[99,643,413],[99,1106,325],[99,1490,10],[99,1490,480],[99,1503,436],[99,2214,324],[99,3699,114],[99,3800,199],[99,3800,377],[100,190,464],[100,874,327],[100,1539,430],[100,1539,240],[100,1873,223],[100,1996,288],[100,1996,369],[100,1996,132],[100,2411,486],[100,2822,428],[101,1090,479],[101,2024,236],[101,2024,225],[101,2592,271],[101,2592,330],[101,3936,292],[101,3984,180],[101,3984,445],[102,602,280],[102,695,372],[102,695,474],[102,1599,167],[102,2478,307],[102,2580,352],[102,2580,96],[102,2580,209],[102,2580,471],[102,2580,358],[102,2580,112],[102,2580,420],[102,3715,260],[102,3715,152],[103,1737,379],[103,1737,413],[103,2197,135],[103,2480,299],[103,2480,179],[103,3544,106],[104,2342,14],[104,2342,94],[104,2431,352],[104,2431,407],[104,3281,105],[104,3281,248],[105,308,217],[105,1825,156],[105,2802,22],[105,2802,172],[105,3068,149],[106,542,107],[106,1474,497],[107,242,75],[107,242,137],[107,653,164],[107,653,248],[107,653,431],[107,2225,300],[107,3143,500],[107,3143,456],[108,2038,86],[108,2038,218],[108,2882,427],[108,3962,169],[109,501,465],[109,555,311],[109,715,309],[109,715,311],[109,1320,413],[109,1385,124],[109,2555,418],[110,785,377],[110,876,116],[110,2962,247],[110,3149,167],[111,955,250],[111,1653,495],[111,2410,186],[111,2573,70],[111,2853,490],[111,2853,205],[111,2922,133],[111,3314,426],[111,3314,123],[111,3314,147],[111,3314,230],[112,346,282],[112,933,144],[112,933,92],[112,3950,383],[113,23,26],[113,23,170],[113,939,328],[113,1561,316],[113,2619,27],[113,3526,220],[113,3526,434],[113,3526,278],[113,3526,401],[113,3836,279],[114,433,151],[114,2122,135],[115,423,269],[115,992,302],[115,992,489],[115,1020,336],[115,1929,188],[115,2745,301],[115,2745,258],[115,3602,64],[115,3602,431],[116,167,147],[116,730,456],[116,1194,126],[116,2621,276],[116,3712,96],[116,3712,138],[116,3712,159],[117,1317,244],[117,1317,460],[117,1317,414],[117,1629,68],[117,2106,348],[117,2136,21],[117,2627,18],[118,182,404],[118,411,99],[118,596,221],[118,1031,141],[118,1450,457],[118,1667,120],[118,2017,254],[119,51,173],[119,636,323],[119,636,125],[119,1180,133],[119,1180,340],[119,2170,160],[120,781,436],[120,781,416],[120,1568,366],[120,1891,157],[120,3230,329],[120,3982,145],[121,2694,33],[121,3092,163],[121,3092,290],[121,3267,474],[121,3297,126],[121,3297,98],[121,3357,144],[121,3710,149],[122,2596,382],[122,2604,221],[122,2886,272],[122,2886,468],[122,2996,165],[122,3282,268],[122,3282,342],[122,3402,305],[122,3922,200],[123,86,51],[123,86,65],[123,1335,6],[123,1335,34],[123,2956,129],[124,3099,463],[125,373,240],[125,1638,318],[125,1638,173],[125,3110,141],[125,3110,470],[125,3211,189],[125,3211,416],[125,3877,332],[125,3877,478],[126,1542,12],[126,1542,236],[126,1542,370],[126,3037,265],[126,3037,306],[126,3706,466],[126,3706,479],[127,1097,300],[127,1097,380],[127,1156,334],[127,2546,134],[127,2648,287],[127,3405,388],[127,3427,356],[128,209,313],[128,209,415],[128,1542,12],[128,1542,236],[128,1542,370],[128,3104,444],[128,3104,36],[128,3154,204],[128,3859,137],[128,3859,465],[129,262,68],[129,262,138],[129,262,162],[129,262,350],[129,910,445],[129,910,497],[129,1418,153],[129,1692,164],[129,2940,35],[129,2940,300],[129,3353,258],[129,3353,105],[129,3454,164],[130,1605,71],[130,1853,314],[130,1853,131],[130,1853,398],[130,2000,311],[130,2000,315],[130,2961,441],[130,2961,498],[131,463,190],[131,2824,399],[131,3431,491],[131,3431,493],[131,3955,136],[132,262,68],[132,262,138],[132,262,162],[132,262,350],[132,1332,186],[132,1332,159],[132,2930,424],[133,905,146],[133,1089,355],[133,3801,445],[134,520,143],[134,842,339],[134,842,210],[134,1608,419],[134,1608,285],[134,2252,387],[135,158,32],[135,158,196],[135,158,427],[135,2711,142],[135,2711,56],[135,2829,173],[136,404,196],[136,404,221],[136,1133,23],[136,2107,475],[136,2355,214],[136,3020,185],[136,3027,138],[137,318,497],[137,1455,166],[137,1455,436],[137,2979,231],[137,2979,369],[137,3404,434],[137,3404,160],[137,3404,229],[137,3664,241],[137,3664,356],[138,1318,124],[138,2674,306],[139,2780,146],[139,3082,470],[139,3082,321],[139,3255,484],[139,3255,143],[139,3833,148],[139,3833,400],[140,386,232],[140,998,467],[140,998,420],[140,998,355],[140,998,147],[140,2722,360],[140,2814,323],[140,2969,352],[140,2969,193],[140,3501,495],[141,1117,366],[141,1117,223],[141,3608,367],[141,3608,37],[142,45,363],[142,2582,87],[142,2582,201],[142,3335,375],[142,3335,457],[142,3928,215],[142,3928,296],[143,46,234],[143,1024,279],[143,1458,310],[143,2897,401],[143,2897,375],[143,2944,391],[143,2944,217],[144,1577,230],[144,1595,349],[144,2249,285],[144,3453,199],[145,834,33],[145,834,114],[145,834,131],[145,834,381],[145,2465,412],[145,2465,416],[145,2616,334],[145,2685,407],[145,2685,462],[145,3725,67],[146,364,443],[146,364,426],[146,597,347],[146,597,475],[146,3312,154],[146,3413,467],[146,3413,363],[146,3413,408],[147,59,40],[147,59,334],[147,900,285],[147,900,458],[147,2024,236],[147,2024,225],[147,3349,430],[147,3349,217],[148,931,432],[148,1302,414],[148,1459,375],[148,1525,254],[148,1525,41],[148,1938,398],[148,1938,273],[149,1573,202],[149,1975,166],[149,1975,472],[149,2433,162],[149,2433,307],[149,2678,267],[149,3053,427],[150,653,164],[150,653,248],[150,653,431],[150,2415,472],[150,2415,366],[150,3070,181],[150,3314,426],[150,3314,123],[150,3314,147],[150,3314,230],[150,3887,460],[150,3887,151],[151,329,384],[151,850,326],[151,868,269],[151,1674,158],[151,1909,427],[152,1519,74],[152,1519,140],[152,1931,103],[152,2629,171],[152,2629,377],[153,842,339],[153,842,210],[153,3460,162],[153,3750,229],[154,1258,161],[154,2218,166],[154,3529,176],[154,3529,298],[154,3571,416],[154,3738,337],[154,3738,430],[155,518,113],[155,639,260],[155,2445,234],[155,2590,199],[155,3273,424],[155,3535,279],[156,115,79],[156,115,398],[156,826,295],[156,1622,231],[156,1863,441],[156,2056,370],[156,3047,39],[156,3047,316],[156,3455,185],[157,351,410],[157,368,482],[157,368,267],[157,368,325],[157,901,228],[157,2823,38],[157,2988,93],[157,3107,433],[157,3107,438],[157,3107,70],[158,1214,326],[158,1239,184],[158,3325,168],[158,3632,413],[159,84,270],[159,295,150],[159,1263,304],[159,1263,381],[159,1742,179],[159,2231,73],[159,2231,172],[159,2254,366],[160,31,268],[160,1167,202],[160,2672,350],[160,3334,145],[160,3852,425],[161,284,163],[161,1364,198],[161,3408,165],[161,3696,342],[161,3696,464],[161,3799,488],[162,2231,73],[162,2231,172],[162,2517,79],[162,2517,2],[162,2517,101],[162,3806,354],[162,3806,468],[163,833,328],[163,3871,123],[163,3984,180],[163,3984,445],[164,17,183],[164,17,480],[164,17,496],[164,17,141],[164,2681,210],[164,3021,114],[165,593,356],[165,593,399],[165,708,407],[165,766,354],[165,1057,284],[165,3899,469],[165,3899,234],[166,927,442],[166,927,237],[166,2001,375],[166,2001,473],[166,2102,290],[166,2102,374],[166,3278,500],[166,3278,304],[167,822,370],[167,948,476],[167,2980,485],[167,3143,500],[167,3143,456],[168,23,26],[168,23,170],[168,1767,485],[168,3562,246],[169,800,192],[169,800,43],[169,1132,451],[169,1275,376],[169,1616,9],[169,1616,431],[169,1960,442],[169,1960,202],[169,2564,244],[169,2564,420],[170,28,223],[170,28,254],[170,226,267],[170,226,336],[170,1452,58],[170,1452,365],[170,1452,286],[170,1755,413],[170,1884,138],[170,3274,52],[170,3274,346],[171,592,291],[171,592,105],[171,2167,133],[171,2167,336],[171,2831,60],[171,2831,313],[171,2831,413],[171,2852,228],[171,2869,176],[171,3157,458],[172,2244,141],[172,3655,297],[173,395,201],[173,567,346],[173,567,388],[173,2658,71],[173,2658,386],[173,2993,106],[173,2993,204],[173,2993,276],[173,2993,461],[173,3843,177],[173,3843,486],[174,73,145],[174,73,201],[174,870,9],[174,870,189],[174,3196,380],[174,3196,415],[175,623,284],[175,623,92],[175,1714,121],[175,1714,444],[175,2189,384],[175,2200,336],[175,2443,108],[175,2443,123],[175,2443,300],[175,3185,192],[175,3185,458],[175,3602,64],[175,3602,431],[176,209,313],[176,209,415],[176,743,349],[176,2600,226],[176,3293,147],[176,3293,240],[176,3293,270],[176,3293,300],[177,1116,306],[177,1187,438],[177,3526,220],[177,3526,434],[177,3526,278],[177,3526,401],[177,3599,190],[178,623,284],[178,623,92],[178,1996,288],[178,1996,369],[178,1996,132],[178,2245,12],[178,2245,466],[179,465,220],[179,764,367],[179,2529,375],[179,2742,321],[179,3180,386],[179,3180,498],[180,1086,385],[180,1273,447],[180,1273,343],[180,2271,271],[180,3091,193],[180,3662,260],[180,3662,290],[181,383,33],[181,693,26],[181,1597,5],[181,3880,426],[181,3880,233],[182,895,17],[182,895,365],[182,895,475],[182,1362,333],[182,3088,380],[182,3729,320],[182,3729,347],[183,1535,218],[183,1949,436],[183,3285,436],[184,419,215],[184,982,263],[184,1732,12],[184,1732,305],[184,1998,166],[185,160,182],[185,160,292],[185,160,477],[185,810,319],[185,946,425],[185,3171,422],[185,3664,241],[185,3664,356],[186,1500,188],[186,1500,222],[186,1500,184],[186,1722,466],[186,1844,411],[186,1844,304],[186,2439,337],[186,2466,201],[187,713,276],[187,713,278],[187,2227,75],[187,2330,262],[187,2330,95],[187,2647,192],[187,2699,498],[187,2699,236],[187,3745,125],[188,848,212],[188,848,455],[188,2389,493],[188,3568,339],[188,3616,204],[189,314,309],[189,1996,288],[189,1996,369],[189,1996,132],[189,3162,242],[189,3371,233],[190,28,223],[190,28,254],[190,1015,196],[190,1432,76],[190,1804,87],[190,1804,379],[190,2640,140],[190,2640,272],[190,2640,262],[191,116,310],[191,998,467],[191,998,420],[191,998,355],[191,998,147],[191,1397,163],[191,1705,241],[191,1705,90],[191,1797,445],[192,1042,115],[192,1785,318],[192,3167,208],[192,3305,500],[193,73,145],[193,73,201],[193,145,479],[193,779,351],[193,2295,208],[193,2570,249],[194,17,183],[194,17,480],[194,17,496],[194,17,141],[194,36,413],[194,324,186],[194,2253,418],[194,2866,383],[194,3078,227],[194,3960,127],[194,3960,345],[194,3960,443],[195,432,258],[195,589,452],[195,872,272],[195,956,284],[195,2378,284],[195,3484,177],[195,3484,301],[195,3484,327],[196,477,468],[196,477,340],[196,885,227],[196,2834,371],[196,3627,227],[196,3627,335],[197,160,182],[197,160,292],[197,160,477],[197,253,343],[197,253,473],[197,253,224],[197,2157,298],[197,2864,279],[197,3037,265],[197,3037,306],[198,299,392],[198,699,374],[198,1641,369],[198,1641,261],[198,2559,83],[198,3591,318],[199,945,235],[199,2568,157],[199,2993,106],[199,2993,204],[199,2993,276],[199,2993,461],[199,3268,25],[199,3877,332],[199,3877,478],[200,1492,202],[200,1492,384],[200,1638,318],[200,1638,173],[200,2579,249],[200,2579,357],[200,3102,419],[200,3282,268],[200,3282,342],[200,3809,377],[201,577,84],[201,577,251],[201,692,353],[201,1995,315],[201,1995,335],[202,1513,316],[202,1513,419],[202,2444,214],[203,445,374],[203,980,259],[203,980,410],[203,1733,416],[203,2576,415],[203,2710,402],[203,3200,276],[204,368,482],[204,368,267],[204,368,325],[204,1508,292],[204,2430,320],[204,2979,231],[204,2979,369],[205,650,333],[205,650,426],[205,2325,303],[205,2469,73],[205,2469,440],[205,2469,343],[205,3039,228],[205,3897,404],[205,3897,178],[206,2228,382],[206,2640,140],[206,2640,272],[206,2640,262],[206,3028,248],[207,1160,250],[207,1565,486],[207,1565,491],[207,3420,362],[207,3972,282],[207,3972,384],[207,3998,220],[208,202,423],[208,202,363],[208,280,207],[208,1520,231],[208,1572,394],[208,1672,419],[208,3418,444],[208,3418,496],[209,1319,322],[209,1335,6],[209,1335,34],[209,2831,60],[209,2831,313],[209,2831,413],[209,2837,407],[209,3897,404],[209,3897,178],[210,675,408],[210,742,386],[210,742,329],[210,1717,469],[211,1332,186],[211,1332,159],[211,2685,407],[211,2685,462],[212,2702,89],[212,2702,467],[212,3125,446],[213,208,496],[213,396,466],[213,972,358],[213,976,130],[213,1660,252],[213,1660,183],[213,2900,195],[213,2900,334],[213,3147,205],[214,1227,212],[214,2603,441],[214,2651,306],[214,2820,268],[214,3437,268],[215,1044,443],[215,1723,455],[215,1819,51],[215,1819,305],[215,1819,216],[215,2940,35],[215,2940,300],[215,3693,241],[215,3693,471],[216,349,318],[216,349,423],[216,528,261],[216,894,365],[216,894,357],[216,1420,393],[216,2348,400],[217,20,237],[217,941,247],[217,2969,352],[217,2969,193],[218,1038,348],[218,1354,277],[218,1354,305],[218,1354,383],[218,1354,54],[218,1542,12],[218,1542,236],[218,1542,370],[218,3891,258],[218,3906,449],[218,3937,483],[219,222,211],[219,1158,330],[219,1158,250],[219,2191,386],[219,2191,361],[219,2818,478],[219,2897,401],[219,2897,375],[220,668,241],[220,668,247],[220,3271,132],[220,3822,282],[221,29,329],[221,29,444],[221,114,418],[221,525,372],[221,1737,379],[221,1737,413],[222,1584,422],[222,2480,299],[222,2480,179],[222,2854,288],[222,3433,454],[222,3470,231],[223,322,266],[223,577,84],[223,577,251],[224,13,141],[224,1959,387],[224,1959,425],[224,1975,166],[224,1975,472],[224,2167,133],[224,2167,336],[224,3296,401],[224,3296,479],[224,3764,109],[224,3764,313],[225,998,467],[225,998,420],[225,998,355],[225,998,147],[225,1435,272],[225,1532,495],[225,1604,293],[225,1604,291],[225,1819,51],[225,1819,305],[225,1819,216],[225,2058,355],[225,3630,321],[226,1706,423],[226,2110,454],[226,3368,395],[226,3466,273],[227,2327,293],[227,2656,482],[227,2656,372],[227,3387,456],[227,3693,241],[227,3693,471],[228,227,455],[228,227,262],[228,1606,414],[229,1217,345],[229,1217,408],[229,3005,458],[229,3293,147],[229,3293,240],[229,3293,270],[229,3293,300],[230,1513,316],[230,1513,419],[230,1669,28],[230,2998,386],[230,2998,244],[231,834,33],[231,834,114],[231,834,131],[231,834,381],[231,2291,469],[231,3479,241],[232,33,271],[232,446,301],[232,1196,138],[232,1678,263],[232,2860,277],[232,3662,260],[232,3662,290],[233,670,357],[233,899,275],[233,3691,428],[233,3729,320],[233,3729,347],[234,593,356],[234,593,399],[234,1300,266],[234,1705,241],[234,1705,90],[234,2302,398],[235,1413,167],[235,1631,134],[235,2356,179],[235,2356,373],[235,3592,263],[236,907,109],[236,907,298],[236,1393,445],[236,3320,126],[237,231,393],[237,253,343],[237,253,473],[237,253,224],[237,524,420],[237,1487,463],[237,1487,183],[237,3482,150],[237,3482,182],[238,85,461],[238,353,276],[238,353,223],[238,1693,442],[238,2235,139],[238,2235,116],[238,2544,241],[239,365,263],[239,365,362],[239,398,451],[239,917,403],[239,917,491],[239,980,259],[239,980,410],[239,1539,430],[239,1539,240],[239,2462,206],[240,1452,58],[240,1452,365],[240,1452,286],[240,2767,293],[240,3436,401],[241,3269,311],[241,3269,441],[242,507,468],[242,580,277],[242,580,378],[242,580,414],[242,580,211],[242,664,482],[242,1088,142],[242,1088,372],[242,2379,347],[242,2626,409],[243,1198,53],[243,1198,286],[243,1591,434],[243,1591,95],[243,1777,264],[243,1866,417],[243,1896,164],[243,3296,401],[243,3296,479],[243,3498,21],[243,3498,462],[244,1223,252],[244,1550,429],[244,1550,7],[244,3394,314],[245,815,323],[245,1391,305],[245,1776,351],[245,1776,418],[245,2235,139],[245,2235,116],[245,2265,61],[245,2265,266],[245,2662,263],[245,3138,219],[245,3657,483],[245,3657,41],[245,3657,265],[246,168,324],[246,199,273],[246,368,482],[246,368,267],[246,368,325],[246,846,435],[246,2580,352],[246,2580,96],[246,2580,209],[246,2580,471],[246,2580,358],[246,2580,112],[246,2580,420],[246,3738,337],[246,3738,430],[247,1176,446],[247,1176,485],[247,3480,297],[248,573,299],[248,636,323],[248,636,125],[248,2505,375],[249,562,479],[249,1501,302],[249,1635,181],[249,3567,144],[250,252,174],[250,1330,212],[251,175,128],[251,175,162],[251,1357,349],[251,2450,362],[251,3202,311],[251,3202,63],[251,3269,311],[251,3269,441],[251,4000,406],[252,651,222],[252,651,289],[252,1821,168],[252,3145,363],[253,638,268],[253,1354,277],[253,1354,305],[253,1354,383],[253,1354,54],[253,1641,369],[253,1641,261],[253,2803,270],[253,3675,114],[253,3912,259],[254,2000,311],[254,2000,315],[254,2015,457],[254,2733,290],[254,3657,483],[254,3657,41],[254,3657,265],[255,319,170],[255,2524,338],[255,2580,352],[255,2580,96],[255,2580,209],[255,2580,471],[255,2580,358],[255,2580,112],[255,2580,420],[255,2729,476],[255,2729,471],[255,3474,330],[255,3474,317],[255,3700,83],[255,3700,447],[256,790,192],[256,1095,390],[256,1158,330],[256,1158,250],[256,1216,359],[256,1216,351],[256,1548,387],[256,1548,439],[256,3019,474],[257,42,489],[257,1908,307],[257,2135,172],[257,2135,469],[257,3339,154],[257,3339,490],[257,3682,235],[257,3682,174],[257,3940,409],[258,311,123],[258,311,237],[258,1739,497],[258,1906,215],[258,1906,339],[258,2660,127],[258,2660,361],[259,557,229],[259,557,360],[259,2010,31],[259,2039,308],[259,2070,293],[259,2579,249],[259,2579,357],[260,637,59],[260,2240,227],[260,2240,168],[260,3777,425],[261,107,402],[261,2118,395],[261,2518,392],[261,2518,238],[261,3718,373],[262,74,46],[262,74,404],[263,2321,257],[263,3575,108],[263,3575,124],[263,3575,256],[264,287,320],[264,974,219],[264,974,481],[264,1830,316],[264,2580,352],[264,2580,96],[264,2580,209],[264,2580,471],[264,2580,358],[264,2580,112],[264,2580,420],[264,2944,391],[264,2944,217],[264,3012,332],[264,3012,464],[264,3012,301],[264,3012,43],[265,16,108],[265,2528,20],[265,2528,428],[265,2705,211],[265,3247,309],[265,3247,13],[265,3585,260],[265,3585,155],[266,1234,339],[266,3465,391],[267,1339,122],[267,1913,322],[267,2687,406],[268,3700,83],[268,3700,447],[269,541,9],[269,541,286],[269,2711,142],[269,2711,56],[269,3170,483],[269,3170,180],[269,3170,91],[270,935,428],[270,1118,134],[270,1118,273],[270,2564,244],[270,2564,420],[271,580,277],[271,580,378],[271,580,414],[271,580,211],[271,2935,155],[271,3471,272],[272,310,355],[272,3034,445],[272,3179,172],[273,245,324],[273,3910,471],[274,557,229],[274,557,360],[274,1991,421],[274,3190,453],[274,3413,467],[274,3413,363],[274,3413,408],[274,3932,226],[274,3932,442],[275,215,107],[275,1462,443],[275,1687,458],[275,1687,468],[275,1985,350],[275,2716,262],[275,3247,309],[275,3247,13],[276,1806,106],[276,2781,295],[276,3376,228],[277,2775,371],[277,2775,312],[277,3389,133],[278,181,365],[278,1495,230],[278,1495,490],[278,2851,80],[278,2851,210],[278,3097,1],[279,886,189],[279,2903,313],[280,313,493],[280,974,219],[280,974,481],[280,1180,133],[280,1180,340],[280,1853,314],[280,1853,131],[280,1853,398],[280,2097,459],[281,2414,389],[281,2888,292],[281,2888,104],[281,3029,250],[281,3270,450],[281,3270,422],[281,3880,426],[281,3880,233],[282,1056,21],[282,1056,426],[282,1816,101],[282,1816,50],[282,1820,337],[282,1820,350],[282,1820,422],[282,2431,352],[282,2431,407],[283,1102,397],[283,3211,189],[283,3211,416],[283,3278,500],[283,3278,304],[283,3335,375],[283,3335,457],[283,3459,287],[283,3459,316],[284,1552,246],[284,3300,20],[284,3300,457],[284,3841,365],[285,616,284],[285,1118,134],[285,1118,273],[285,1544,322],[285,2057,358],[286,569,306],[286,1238,435],[286,2078,435],[286,2891,498],[286,2891,384],[287,468,47],[287,1170,495],[287,1170,59],[287,2121,432],[287,2369,344],[287,2369,326],[288,2841,335],[288,2909,309],[288,3865,209],[289,228,239],[289,228,296],[289,365,263],[289,365,362],[289,1938,398],[289,1938,273],[289,2921,277],[289,2921,357],[289,3621,114],[289,3960,127],[289,3960,345],[289,3960,443],[290,117,350],[290,1365,443],[290,2154,467],[290,3923,356],[291,930,324],[291,1263,304],[291,1263,381],[291,1954,24],[291,3280,152],[291,3873,467],[292,1438,110],[292,3153,195],[292,3682,235],[292,3682,174],[293,728,302],[293,860,324],[293,2005,120],[293,2891,498],[293,2891,384],[294,1039,421],[294,1039,48],[294,1714,121],[294,1714,444],[294,2273,435],[294,2629,171],[294,2629,377],[294,2872,198],[294,3217,485],[295,1394,86],[295,1604,293],[295,1604,291],[295,2558,345],[295,3484,177],[295,3484,301],[295,3484,327],[296,226,267],[296,226,336],[296,263,461],[296,1853,314],[296,1853,131],[296,1853,398],[296,2399,265],[296,2399,131],[296,3010,12],[296,3010,37],[296,3706,466],[296,3706,479],[297,333,472],[297,333,394],[297,1430,275],[297,3438,317],[297,3438,319],[298,611,283],[298,635,310],[298,3118,475],[299,2079,373],[299,2079,414],[299,2805,453],[299,3390,454],[299,3681,491],[299,3869,332],[299,3939,287],[300,321,182],[300,321,449],[300,508,153],[301,541,9],[301,541,286],[301,1047,484],[301,3492,191],[302,274,125],[302,274,490],[302,274,353],[302,1813,492],[302,1813,366],[302,1813,385],[302,1901,494],[302,3210,384],[303,1005,368],[303,1679,345],[303,1698,336],[303,2471,338],[303,2471,455],[303,3014,345],[303,3872,333],[304,305,432],[304,305,362],[304,414,328],[304,1299,91],[304,1791,360],[304,1791,381],[305,172,392],[305,2432,415],[305,2432,110],[305,2432,413],[305,3967,406],[305,3967,476],[306,599,380],[306,1043,331],[307,311,123],[307,311,237],[307,514,483],[307,2964,236],[307,3422,378],[308,943,226],[308,943,376],[308,943,487],[308,1129,454],[308,1176,446],[308,1176,485],[308,1377,438],[308,3826,416],[310,1557,331],[310,1557,146],[310,1619,389],[310,1961,146],[310,3198,449],[311,1441,174],[312,87,409],[312,1287,438],[312,1287,478],[312,1354,277],[312,1354,305],[312,1354,383],[312,1354,54],[312,1643,172],[312,3274,52],[312,3274,346],[312,3418,444],[312,3418,496],[313,942,477],[313,1208,31],[313,1208,364],[313,1875,228],[313,1875,480],[314,828,367],[314,1216,359],[314,1216,351],[314,2180,377],[314,2989,423],[314,2989,100],[314,3952,470],[315,270,340],[315,270,3],[315,333,472],[315,333,394],[315,1094,422],[315,2071,95],[315,2415,472],[315,2415,366],[316,452,216],[316,1792,262],[316,1792,196],[317,68,494],[317,164,428],[317,1446,482],[317,1492,202],[317,1492,384],[317,1897,185],[317,2469,73],[317,2469,440],[317,2469,343],[318,1999,424],[318,1999,460],[318,3431,491],[318,3431,493],[319,802,429],[319,1252,376],[319,1252,473],[319,2506,464],[319,2873,64],[319,3303,480],[319,3304,433],[320,59,40],[320,59,334],[320,866,266],[320,866,304],[320,1412,393],[320,2515,206],[321,814,382],[322,478,428],[322,478,481],[322,2656,482],[322,2656,372],[322,3627,227],[322,3627,335],[323,1615,462],[323,1804,87],[323,1804,379],[323,2580,352],[323,2580,96],[323,2580,209],[323,2580,471],[323,2580,358],[323,2580,112],[323,2580,420],[323,3024,407],[324,401,326],[324,1818,220],[324,1818,279],[324,1818,405],[324,1818,167],[324,1844,411],[324,1844,304],[325,177,18],[325,332,332],[325,1226,429],[325,1226,456],[325,3117,372],[326,807,177],[326,807,496],[326,1252,376],[326,1252,473],[326,3110,141],[326,3110,470],[326,3644,397],[327,275,473],[327,1995,315],[327,1995,335],[327,2432,415],[327,2432,110],[327,2432,413],[327,2728,474],[327,2728,267],[327,2798,397],[327,2886,272],[327,2886,468],[328,17,183],[328,17,480],[328,17,496],[328,17,141],[328,3484,177],[328,3484,301],[328,3484,327],[329,1712,11],[329,1712,331],[329,2059,472],[329,2276,378],[329,2276,436],[330,78,387],[330,2047,20],[330,2047,178],[330,2574,184],[330,3991,322],[330,3991,474],[331,1659,66],[331,1659,283],[331,1820,337],[331,1820,350],[331,1820,422],[331,1850,255],[332,719,358],[332,2162,308],[333,654,206],[333,3129,104],[334,789,288],[334,789,168],[334,1895,88],[334,3858,142],[334,3858,134],[335,29,329],[335,29,444],[335,321,182],[335,321,449],[335,1820,337],[335,1820,350],[335,1820,422],[335,3526,220],[335,3526,434],[335,3526,278],[335,3526,401],[336,1379,233],[337,102,341],[337,1062,441],[337,1512,278],[337,2998,386],[337,2998,244],[338,1776,351],[338,1776,418],[338,2143,130],[338,2160,216],[338,3259,259],[339,3293,147],[339,3293,240],[339,3293,270],[339,3293,300],[340,1235,418],[340,1813,492],[340,1813,366],[340,1813,385],[340,2725,344],[340,3286,403],[341,554,339],[341,1735,356],[341,1892,142],[341,1892,432],[341,1892,438],[342,552,45],[342,632,465],[342,1434,191],[343,715,309],[343,715,311],[343,2139,454],[343,2139,385],[343,2950,132],[343,2950,460],[344,1398,494],[344,2309,231],[344,2521,488],[344,3234,440],[344,3257,254],[344,3257,459],[344,3660,334],[345,1186,351],[345,2482,483],[346,253,343],[346,253,473],[346,253,224],[346,262,68],[346,262,138],[346,262,162],[346,262,350],[346,2096,409],[346,2773,429],[346,2875,358],[346,2990,67],[347,200,354],[347,742,386],[347,742,329],[347,1039,421],[347,1039,48],[347,1088,142],[347,1088,372],[348,625,409],[348,1040,273],[348,1786,96],[348,1786,384],[348,1786,399],[348,2088,82],[348,2927,497],[349,1813,492],[349,1813,366],[349,1813,385],[349,2777,297],[349,2777,29],[349,3816,352],[350,687,440],[350,2475,6],[350,2782,492],[351,289,34],[351,289,274],[351,1082,205],[351,3204,45],[352,3300,20],[352,3300,457],[352,3575,108],[352,3575,124],[352,3575,256],[352,3899,469],[352,3899,234],[353,178,104],[353,1251,86],[353,1589,472],[353,2049,98],[353,2452,364],[354,1786,96],[354,1786,384],[354,1786,399],[354,2304,102],[355,244,470],[355,244,238],[355,1718,499],[355,1791,360],[355,1791,381],[355,2394,495],[355,2394,367],[356,866,266],[356,866,304],[357,1366,405],[357,2369,344],[357,2369,326],[357,3557,415],[357,3557,489],[358,1213,262],[358,3128,410],[359,427,63],[359,958,230],[359,958,411],[359,2433,162],[359,2433,307],[359,2528,20],[359,2528,428],[359,2592,271],[359,2592,330],[359,2618,229],[359,2618,107],[360,1309,382],[360,1543,398],[360,2245,12],[360,2245,466],[360,2441,15],[361,904,45],[361,904,483],[361,1696,469],[361,2041,124],[361,2041,197],[361,2735,449],[361,3502,372],[362,274,125],[362,274,490],[362,274,353],[362,1546,273],[363,1519,74],[363,1519,140],[363,1940,447],[363,3379,475],[364,244,470],[364,244,238],[364,1307,469],[364,3180,386],[364,3180,498],[364,3678,49],[364,3892,270],[365,2381,444],[365,2553,481],[365,2863,190],[366,56,401],[366,2250,104],[366,2250,98],[367,163,374],[367,1892,142],[367,1892,432],[367,1892,438],[367,2371,410],[368,119,460],[368,248,450],[368,653,164],[368,653,248],[368,653,431],[368,2511,85],[369,304,339],[369,2131,46],[369,2131,393],[369,2562,20],[369,3490,321],[369,3707,394],[370,1270,419],[370,3096,488],[370,3613,376],[370,3764,109],[370,3764,313],[371,870,9],[371,870,189],[371,2326,401],[371,3185,192],[371,3185,458],[371,3281,105],[371,3281,248],[372,997,104],[372,2468,391],[373,820,154],[373,2141,427],[373,2345,494],[373,3813,189],[374,2465,412],[374,2465,416],[375,112,499],[375,3397,153],[376,79,298],[376,79,397],[376,2146,120],[377,1101,211],[377,1609,77],[377,3743,232],[378,1585,460],[378,1881,479],[378,2250,104],[378,2250,98],[378,2364,291],[378,2364,421],[378,3082,470],[378,3082,321],[379,2296,417],[379,3076,395],[379,3461,437],[380,3095,364],[380,3293,147],[380,3293,240],[380,3293,270],[380,3293,300],[381,349,318],[381,349,423],[381,364,443],[381,364,426],[381,601,321],[381,3533,389],[381,3646,153],[381,3646,493],[382,2630,249],[383,64,318],[383,2646,400],[383,3002,343],[385,1421,475],[385,1792,262],[385,1792,196],[385,1800,439],[386,3063,236],[386,3063,32],[386,3921,320],[387,1171,76],[387,1171,459],[387,2251,359],[387,2251,77],[387,2867,477],[387,3468,14],[387,3468,310],[388,614,343],[388,2618,229],[388,2618,107],[389,2580,352],[389,2580,96],[389,2580,209],[389,2580,471],[389,2580,358],[389,2580,112],[389,2580,420],[389,3827,442],[389,3827,211],[389,3887,460],[389,3887,151],[389,3947,433],[390,481,477],[390,1206,98],[390,1548,387],[390,1548,439],[390,2127,93],[390,3712,96],[390,3712,138],[390,3712,159],[391,1170,495],[391,1170,59],[391,1687,458],[391,1687,468],[391,3404,434],[391,3404,160],[391,3404,229],[392,1354,277],[392,1354,305],[392,1354,383],[392,1354,54],[392,3811,309],[393,1127,81],[393,1780,458],[394,58,426],[394,642,80],[394,642,440],[394,1522,479],[394,3643,240],[395,1326,294],[395,1690,412],[395,2089,250],[396,90,412],[396,228,239],[396,228,296],[396,242,75],[396,242,137],[396,2148,405],[396,2148,16],[396,2240,227],[396,2240,168],[396,2738,82],[397,1229,163],[397,1436,410],[397,2284,49],[397,3927,434],[398,262,68],[398,262,138],[398,262,162],[398,262,350],[398,3657,483],[398,3657,41],[398,3657,265],[399,750,38],[399,750,466],[399,789,288],[399,789,168],[399,1859,446],[399,3447,495],[400,646,458],[400,900,285],[400,900,458],[400,1802,468],[400,3012,332],[400,3012,464],[400,3012,301],[400,3012,43],[401,2101,174],[401,3184,247],[402,781,436],[402,781,416],[402,2394,495],[402,2394,367],[402,2885,481],[402,2937,484],[403,1500,188],[403,1500,222],[403,1500,184],[403,1665,390],[403,2657,455],[403,3575,108],[403,3575,124],[403,3575,256],[403,3810,424],[404,151,415],[405,77,448],[405,2699,498],[405,2699,236],[405,3196,380],[405,3196,415],[405,3416,222],[405,3617,414],[406,519,491],[406,718,280],[406,1406,458],[406,2484,440],[407,1570,52],[407,1570,131],[408,750,38],[408,750,466],[408,834,33],[408,834,114],[408,834,131],[408,834,381],[408,1164,94],[408,3242,133],[409,251,116],[409,1538,491],[410,1414,420],[410,1530,498],[411,500,341],[411,916,106],[411,1188,87],[411,1188,223],[411,2364,291],[411,2364,421],[412,390,281],[412,2658,71],[412,2658,386],[412,2895,252],[412,3288,38],[412,3288,87],[412,3353,258],[412,3353,105],[414,2308,390],[414,2432,415],[414,2432,110],[414,2432,413],[416,666,437],[416,666,329],[416,2477,452],[417,409,418],[417,768,491],[417,1389,128],[417,1396,473],[417,3787,121],[418,1317,244],[418,1317,460],[418,1317,414],[419,1226,429],[419,1226,456],[419,1769,368],[419,2398,354],[420,1712,11],[420,1712,331],[420,2698,398],[421,265,335],[421,666,437],[421,666,329],[421,1536,323],[421,2076,446],[421,2729,476],[421,2729,471],[422,2783,480],[422,3266,489],[423,2665,340],[424,1598,476],[424,3075,298],[425,1525,254],[425,1525,41],[425,3712,96],[425,3712,138],[425,3712,159],[426,1407,42],[427,1634,389],[427,2640,140],[427,2640,272],[427,2640,262],[428,536,486],[428,3731,492],[429,1485,451],[429,3666,151],[429,3991,322],[429,3991,474],[430,1287,438],[430,1287,478],[430,1404,499],[430,1616,9],[430,1616,431],[430,2469,73],[430,2469,440],[430,2469,343],[431,273,197],[431,415,443],[431,1091,492],[431,1293,73],[431,1293,52],[431,3443,248],[432,2375,488],[432,3859,137],[432,3859,465],[433,86,51],[433,86,65],[433,1960,442],[433,1960,202],[433,2517,79],[433,2517,2],[433,2517,101],[433,3158,441],[434,336,187],[434,2251,359],[434,2251,77],[436,3239,438],[436,3953,210],[436,3953,270],[437,904,45],[437,904,483],[437,1072,440],[437,2748,456],[437,3406,478],[437,3406,379],[437,3669,407],[437,3790,71],[438,603,202],[438,603,392],[438,1648,60],[439,227,455],[439,227,262],[439,758,471],[439,848,212],[439,848,455],[439,2787,447],[440,1487,463],[440,1487,183],[441,3977,69],[442,943,226],[442,943,376],[442,943,487],[442,1200,418],[442,3919,463],[444,686,468],[444,2001,375],[444,2001,473],[445,2044,3],[445,2044,63],[446,270,340],[446,270,3],[446,1171,76],[446,1171,459],[446,1321,112],[446,1772,339],[447,1580,472],[447,2686,443],[448,278,481],[448,818,422],[448,981,466],[448,1112,217],[448,2762,96],[449,761,261],[450,674,463],[450,1363,463],[450,1745,193],[450,3648,402],[451,1084,489],[451,1650,460],[451,3406,478],[451,3406,379],[452,22,459],[452,1732,12],[452,1732,305],[452,2333,494],[452,2945,459],[452,3107,433],[452,3107,438],[452,3107,70],[452,3451,484],[453,570,349],[453,2209,274],[453,2968,480],[453,3052,285],[453,3585,260],[453,3585,155],[454,1384,361],[454,3374,165],[455,1716,341],[455,2542,176],[455,2907,180],[456,2068,25],[456,2513,424],[457,1052,97],[457,2918,164],[459,372,484],[459,404,196],[459,404,221],[459,816,229],[461,1554,288],[461,2138,226],[461,2261,31],[462,2591,23],[462,2745,301],[462,2745,258],[462,2777,297],[462,2777,29],[463,1614,204],[463,1614,86],[463,3272,261],[463,3957,128],[464,1352,247],[464,1710,386],[465,954,152],[465,1983,1],[465,3663,217],[466,2661,11],[466,3346,283],[467,1296,243],[468,1262,61],[469,1903,470],[469,1903,356],[470,2191,386],[470,2191,361],[470,2670,33],[470,2670,328],[471,160,182],[471,160,292],[471,160,477],[471,2067,429],[471,2067,465],[471,3378,403],[472,1964,126],[473,794,263],[473,794,328],[473,794,486],[473,940,478],[474,549,62],[474,3943,137],[475,580,277],[475,580,378],[475,580,414],[475,580,211],[475,760,271],[476,1725,262],[476,2993,106],[476,2993,204],[476,2993,276],[476,2993,461],[477,603,202],[477,603,392],[477,894,365],[477,894,357],[477,2239,264],[478,553,498],[478,2888,292],[478,2888,104],[478,3843,177],[478,3843,486],[481,2272,211],[481,3890,74],[482,1565,486],[482,1565,491],[482,3415,132],[482,3961,203],[483,558,55],[484,223,144],[484,1967,17],[485,483,70],[485,483,7],[485,1562,119],[486,289,34],[486,289,274],[486,2164,277],[486,2164,492],[487,626,489],[487,889,119],[487,2079,373],[487,2079,414],[487,3132,341],[487,3257,254],[487,3257,459],[487,3557,415],[487,3557,489],[488,1590,394],[488,2965,395],[490,2055,407],[490,3737,207],[491,3126,423],[492,1928,494],[492,3876,49],[493,1175,115],[493,1819,51],[493,1819,305],[493,1819,216],[493,3183,84],[493,3386,188],[494,2779,13],[495,3421,197],[496,179,266],[496,210,456],[497,100,224],[497,2299,54],[497,3012,332],[497,3012,464],[497,3012,301],[497,3012,43],[498,1103,30],[499,425,487],[499,1907,50],[499,2036,441],[499,2695,496],[500,3314,426],[500,3314,123],[500,3314,147],[500,3314,230],[500,3514,496],[500,3825,188],[500,3827,442],[500,3827,211]];

jitters = [2000,10000,100000,100000,10000,10000,100000,10000,100000,100000,50000,10000,10000,10000,100000,10000,100000,50000,10000,20000,20000,100000,10000,20000,10000,100000,20000,100000,10000,20000,100000,50000,20000,2000,100000,20000,5000,20000,50000,100000,20000,10000,20000,20000,10000,100000,100000,20000,100000,20000,100000,10000,20000,100000,10000,10000,100000,20000,20000,1000,10000,100000,100000,100000,10000,2000,1000,10000,20000,20000,20000,20000,20000,2000,20000,100000,10000,20000,100000,10000,10000,20000,10000,20000,100000,100000,100000,10000,50000,100000,10000,20000,5000,20000,100000,1000,10000,2000,20000,20000,10000,10000,20000,100000,10000,1000,1000,10000,50000,10000,100000,20000,100000,20000,20000,10000,100000,100000,20000,100000,10000,100000,100000,50000,20000,10000,100000,10000,1000,10000,100000,10000,100000,10000,20000,10000,1000,10000,100000,100000,100000,10000,10000,20000,100000,100000,100000,100000,10000,10000,20000,20000,1000,100000,20000,10000,1000,20000,10000,10000,100000,1000,100000,1000,100000,100000,10000,20000,10000,20000,20000,10000,20000,20000,20000,20000,10000,2000,100000,10000,10000,100000,1000,20000,10000,100000,10000,20000,20000,100000,100000,10000,10000,20000,100000,20000,10000,100000,20000,10000,10000,10000,100000,20000,2000,100000,50000,10000,20000,1000,100000,100000,20000,10000,20000,20000,10000,1000,100000,50000,20000,10000,20000,10000,100000,20000,20000,100000,1000,20000,10000,20000,20000,100000,20000,10000,10000,10000,20000,20000,10000,20000,20000,10000,20000,20000,10000,100000,10000,100000,50000,10000,20000,100000,5000,5000,10000,1000,100000,10000,100000,100000,20000,20000,20000,20000,20000,10000,20000,20000,10000,100000,20000,10000,20000,10000,20000,10000,10000,100000,10000,50000,100000,100000,20000,20000,100000,20000,10000,100000,100000,10000,20000,10000,10000,10000,10000,10000,20000,1000,100000,20000,2000,100000,20000,10000,10000,100000,20000,10000,50000,20000,10000,10000,10000,20000,20000,10000,10000,20000,100000,20000,100000,20000,20000,20000,20000,100000,10000,5000,10000,20000,2000,100000,20000,10000,100000,2000,10000,20000,100000,100000,10000,20000,2000,20000,100000,1000,50000,20000,2000,50000,10000,100000,100000,100000,100000,20000,5000,100000,1000,50000,10000,10000,20000,20000,100000,20000,20000,10000,20000,20000,20000,100000,100000,10000,10000,10000,20000,100000,10000,100000,20000,20000,10000,100000,5000,50000,10000,5000,20000,100000,20000,10000,100000,100000,20000,100000,100000,20000,20000,100000,5000,100000,100000,20000,100000,1000,20000,20000,10000,100000,20000,100000,100000,100000,20000,20000,10000,20000,10000,10000,10000,10000,10000,10000,20000,20000,10000,20000,20000,100000,10000,20000,20000,1000,20000,1000,5000,20000,10000,10000,20000,20000,100000,100000,10000,100000,1000,50000,10000,100000,10000,10000,5000,20000,100000,20000,100000,10000,10000,100000,50000,20000,100000,100000,100000,20000,10000,10000,5000,10000,20000,5000,10000,10000,5000,20000,10000,10000,100000,20000,2000,100000,10000,20000,10000,100000,10000,10000,20000,20000,100000,20000,100000,10000,1000,20000,100000,1000];

