NumChains = 50;
NumResources = 3;
NumRunnablesInChains = 271;
MemoryBoundOnResource = 1048576;
UtilizationBoundOnResource = 100;

numberOfTasksinChain = [7,7,9,13,7,7,9,9,13,13,11,7,9,9,11,13,13,9,13,11,13,9,11,11,9,9,9,9,11,13,7,13,7,13,9,7,9,9,7,7,13,9,11,11,7,9,13,7,11,9];

runnablesInChains = [13,436,347,302,168,313,270,488,32,391,81,206,111,46,264,287,481,132,336,421,220,3,145,417,32,174,395,245,119,26,110,304,380,19,376,418,368,250,204,80,299,401,238,439,263,368,488,115,81,225,241,471,8,367,222,461,377,429,201,448,471,314,313,145,489,275,87,280,210,370,121,13,236,150,420,93,357,324,470,242,13,84,311,146,430,294,224,435,400,130,382,103,456,246,188,25,413,134,408,455,182,126,393,78,61,218,305,195,138,60,104,159,22,23,31,127,261,178,214,113,442,137,212,424,459,438,40,329,61,178,203,475,338,127,299,401,439,310,142,398,2,92,51,415,181,420,283,77,463,8,167,461,70,277,54,237,106,4,17,203,433,334,13,316,58,158,320,383,381,414,147,327,153,57,219,14,115,333,312,342,208,91,390,184,156,1,473,466,32,63,144,197,361,107,400,223,376,300,432,210,53,158,450,117,215,352,479,138,268,184,171,467,468,208,459,372,155,186,63,394,13,91,451,353,189,154,167,233,125,120,183,294,383,456,242,267,372,362,40,430,200,309,447,498,172,398,151,404,386,389,258,305,66,82,429,192,124,368,323,143,342,370,430,329,50,361,358,99,433,166,397];

ProcessingTimesOfMessages = [[1,1,1,1,1,1,1],[1,1,1,1,1,1,1,1,1,1,1,1,1],[1,1,1,1,1,1,1,1,1],[1,1,1,1,1,1,1,1,1],[1,1,1,1,1,2,1],[1,1,1,1,1,1,1,1,1,1],[1,1,1,1,1,1,1,1,1],[1,1,1,1,1,1,1,1,1,1,1],[1,1,1,1,1],[1,1,1,1,1,1,1,1,1,1,1],[1,1,1,1,1,1,1,1,1],[1,1,1,1,1,1,1],[1,1,1,1,1,1],[1,1,1,1,1],[1,1,1,1,1,1,1,1],[1,1,1,1,1,1,1],[1,1,1,1],[1,1,1,1,1,1,1,1],[1,1,1,1,1,1],[1,1,1,1,1],[1,1,1,1,1,1,1],[1,1,1,1,1,1,1],[1,2,1,1,1,1,1,1,1,1],[1,1,1,1,1,1],[1,1,1,2,2],[1,1,1,2,2,1,1,1,1,1],[1,1,1,1,1,1],[1,1,1,1,1,1,1],[1,1,1,1,1,1,1,1,1,1],[1,1,1,1,1,1,1,1,1],[1,1,1,1,1,1,1,1,1,1,2],[1,1,1,1,1,1,1,1],[1,1,1],[2,1,1,1,1,1,1,1,1],[1,1,1,1,1,1,1,1,1],[1,1,1,1,1,1,1,1,1,1],[1,1,1,1,1],[1,1,1,1,1,1],[1,1,1,1,1,1],[1,1,1,1,1,1],[1,1,1,1,1,1,1,1,1,1,1],[1,1,1,1,1,1,1,1,1,1,1,1],[1,1,1,1,1,1,1,1,1,1,1,1],[1,1,1,1,1,1,1,1,1,1],[1,1,1,1,1],[1,1,1,1,1,1,1,1,1],[1,1],[1,1,1,1,1,1,1,1],[1,1,1,1,1],[1,1,1,1,1,1,1,1],[1,1,1,1,1,1],[1,1,1,1,1],[1,1,1,1,1,1,1],[1,1,1,1,1,1,1,1,1,2,2],[1,1,1,1,1,1,1],[1,1,1,1,1,1,1,1,1,1,1,1],[1,1,1,1,1,1,1,1,1,1,2],[1,1,1,1,1,1,1,1,1],[1,1,1,1,1,1,1,1],[1,1,1,1,1,1,1,1],[1,1,2,1,1,1,1,1],[1,1,1],[1,1,1,1,1,1,1],[1,1,1,1,1,1,1,1,1,1,1],[1,1,1,1,1,1,1,1,1],[1,1,1,1,1],[1,1,1,1,1,1,1,1,1,1],[2,1,2],[1,1,1],[1,1,1],[1,1,1,1,1],[1,1,1,1,1,1,1,1],[1,1,1,1],[1,1,1,1,1,1,1],[1,1,1,1,1,1],[1,1,1,1,1,1,1,1,1,1,1],[1,1,1,1],[1,1,1,1,1,1,1,1],[1,1,1,1,1,1],[1,1,1,1,1,1,1,1,1,1],[1,1,1,1,1,1,1],[1,1,1,1],[1,1,1,1,1,1,1,1],[1,1,1,1,1,1,1,1,1],[1,1,1,1,1,1,1,1],[1,1,1,1,1,1,1],[1,1],[1,1,1,1,1,1],[1,1,1,1],[1,1,1,1,1,1,1,1,1,1],[1,1,1,1,1,1],[1,1,1,1,1,1,1,1,1,1,1,1],[1,2,1,1,1,1,1,1],[1,1,1,1,1,1],[1,1,1,1],[1,1,1,1,1],[1,1,1,1,1,1,1],[1,1,1,1,1,1,1,1],[1,1,1,1,1,1,1],[1,1,1,1,1],[1,1,1,1,1,1,1,1,1,1],[1,1,1,1,1,1,1,1,1],[1,1,1,1,1,1,1,1,1,1],[1,1,1,1,1],[1,1,1,1,1,1],[1,1,1,1,1,1,1],[1,1,1,1],[1,1,1,1,1,1,1,1],[1,1,1,1,1,1,1,1],[1,1,1,1,1,1,1,1,1,1],[1,1,1,1,1,1,1,1],[1,1,1,1,1,1,1,1,1],[1,1,1,1,1],[1,1,1,1,1,1,1,1,1,1],[1,1,1,1,1],[1,1,1,1,1,1,1],[1,1,1,1],[1,1,1,1,1,1],[1,1,1,1,1,1,1,1,1,1],[1,1,1,1,1,1,1,1],[1,1,1,1,1,1,1],[1,1,1,1,1,1,1,1,1,1],[1,1,1,1,1],[1,1,1,1,1,1,1,1,1,1,1,1],[1,1,1,1,1,1,1],[1,1,1],[1,1,1,1,1,1],[1,1,1,1,1,1,1,1,1],[1,1,1],[1,1,1,1,1,1,1,1],[1,1,1,1],[1,1,1,1,1,1,1,1,1,1,1],[1,1],[1,1,1,1],[1,1,1,1],[1,1,1,1,1,1],[1,1,1],[1,1,1],[1,1,1,1,1,1,1,1],[1,1,1,1,1,1,1,1],[1,1,1,1,1,1,1,1],[1,1,1,1,1,1,1],[1,1,1,1,1,1],[1,1,1,1,1,1,1],[1,1,1,1,1,1,1],[1,1,1,1,1,1,1],[1,1,1,1,1],[1,1,1,1,1,1],[1,1,1,2,1,1],[1,1,1],[1,1,1,1,1,1,1,1,1,1,1],[1,1,1,1,1,1,1],[1,1,1,1,1],[1,1,1,1,1,1,1,1,1],[1,1,1,1,1,1,1,1,1,1,1,1,1],[1,1,1,1,1],[1,1,1,1,1],[1,1,1,1,1,1,1,1,1],[1,1,1,1,1],[1,1,2,2,2],[1,1,1,1,1],[1,1,1,1,1,1,1,1,1],[1,1,1,1,1,1],[1,1,1,1,1,1,1,1],[1,1,1,1,1,1,1],[1,1,1,1,1],[1,1,1,1,1,1,1,1,1,1],[1,1],[1,1,1,1,1,1,1],[1,1,1,1,1,1,1,1,1,1],[1,1,1,1,1,1,1,1],[1,1,1,1,1,1,1,1],[1,1,1,1,1,1,1,1,1],[1,1,1,1,1,1,1,1,1],[1,1,1,1,1,1,1,1,1,1],[1,1,1,1,1,1],[1,1,1,1,1,1,1,1],[1,1,1,1,1,1,1],[1,1,1,1,1,1,1],[1,1,1,1,1,1,1,1],[1,1,1,1,1,1,1,1],[1,1,1,1,1,1,1],[1,1,1,1],[1,1,1,1,1],[1,1,1,1,1,1],[1,1,1,1,1,1,1],[1,1,1,1,1,1,1,1,1],[1,1,1,1,1,1,1,1],[1,1,1,1,1,1],[1,1,1,1,1,1,1],[1,1,1,1,1,1,1,1],[1,1,1,1,1],[1,1,1,1],[1,1,1,1,1,1,1,1,1,1],[1,1,1,1],[1,1,1],[1,1,1,1,1,1,1,1,1],[1,1,1,1,1,1,1,1],[1,1,1,1,1,1,1,1,1],[1,1,1,1,1,1,1,1,1,1],[1,1,1,1,1,1,1,1,1,1],[1,1,1,1,1,1,1,1,1,1,1],[1],[1,1,1,1,1,1,1,1,1],[1,1,1,1],[1,1],[1,1,1,1,1],[1,1,1,1,1,1,1,1,1,1],[1,1,1,1,1,1,1,1,1,1,1,1],[1,1,1,1],[1,1,1,1,1,1,1,1,1,1,1,1],[1,1,1,1,1,1,1,1,1],[1,1,1,1],[1,1,1,1,1,1,1,1,1,1],[1,1,1,1,1,1,1],[1,1,1,1,1,1,1],[1,1,1,1,1,1,1],[1,1,1,1,1],[1,1,1,1,1,1,1],[1,1,1,1,1,1],[1,1],[1,1],[1,1,1,1,1,1,1,1,1,1],[1,1,1,1,1,1,1],[1,1,1,1,1,1],[1,1,1,1,1],[1,1,1,1,1,1],[1,1,1],[1],[1,1,1,1,1,1],[1,1,1,1,1,1,1,1],[1,1],[1,1,1,1,1,1],[1,1,1,1,1,1,1,1],[1,1,1,1,1,1,1],[1,1,1,1],[1,1,1,1],[1,1,1,1,1,1,1],[1,1],[],[1,1,1,1,1],[1,1,1,1,1],[1,1,1,1,1,1,1,1,1,1],[1,1,1,1,1],[1,1,1,1,1,1,1],[1,1,1,1],[1,1,1,1,1,1],[1,1,2,2,1,1,1],[1,1,1,1,1,1,1],[1,1,1,1,1],[1,1,1,1,1,1,1,1],[1,1,1,1,1,1],[1,1,1],[1,1,1,1,2,1,1,1,1],[1,1,1,1,1,1,1],[1,1,1,1,1],[1,1,1,1,1,1,1,1,1],[1,1,1,1,1],[1,1,1,1,1,1,1,1,1,1],[1,1,1,1,1,1],[1,1,1,1],[1,1,1,1,1],[1,1,1,1,1],[1,1,1,1],[1,1,1,1,1],[1,1,1,1,1,1],[1],[1,1,1,1,1],[1,1,1,1,1,1],[1,1,1,1,1,1,1,1],[1,1,1,1,1,1,1,1,1],[1,1,1,1,1,1,1],[1,1,1],[1,1,1,1],[1,1,1,1],[1,1],[1],[1,1,1],[1,1,1,1,1,1],[1,1,1,1,1,1,1,1],[1,1,1,1,1,1],[1,1,1,1,1,1,1,1],[1,1],[1,1,1,1,1,1],[1,1,1,1,1,1,1,1,1],[1,1,1,1,1,1,1],[1,1,1,1,1,1,1],[1,1],[1,1,1,1,1,1],[1,1,1],[1,1,1,1,1,1,1,1,1],[1,1,1,1,1,1,2,2],[1,1,1,1,1,1,1,1],[1,1,1,1,1],[1,1,1,1,1,1,1],[1,1,1,1,1,1],[1,1,1,1],[1,1,1,1,1,1],[1,1,1,1,1,1,1],[1,1,1,1,1,1,1,1],[1,1,1,1,1,1],[1,1,1,1,1,1,1,1,1,1],[1,1,1],[1,1,1,1,1,1],[1,1,1,1],[1,1,1],[1,1,1,1,1,1,1,1,1,1],[1,1],[1,1,1,1,1,1,1,1,1,1],[1],[1,1,1,1,1,1,1,1],[1,1,1,1,1,1],[1,1,1,1,1,1,1,1,1,1],[1,1],[1,1,1,1,1],[1,1,1],[1,1,1,1],[1,1,1,1],[1,1,1,1,1,1],[1,1,1,1,1,1,1,1],[1,1,1,1,1,1,1,1,1,1],[1],[1,1,1,1,1,1],[1,1,1,1,1,1,1],[1,1,1,1,1,1,1],[1,1,1,1,1,1,1,1,1],[1,1,1,1,1,1,1,1],[1,1,1,1],[1,1,1,1,1,1],[1,1,1,1,1,1,1,1,1,1],[1,1,1,1,1,1,1,1,1,1,1],[1,1,1,1],[1,1],[1,1,1,1,1,1,1],[1,1,1],[1,1,1,1],[1,1,1,1,1],[1,1,1,1,1,1],[1,1,1,1,1],[1,1,1,1,1],[1,1,1,1,1,1,2],[1,1,1,1],[1,1,1,1,1,1],[1,1,1,1,1,1,1,1,1],[1,1,1,1,1],[1,1,1,1,1,1,1,1,1],[1,1,1,1,1,1],[1,1,1,1],[1,1,1,1,1],[1],[1,1,1],[1],[1,1,1,1,1],[1,1],[1,1,1,1,1,1,1,1,1],[1,1,1,1],[1,1,1,1,1,1],[1,1,1,1,1,1],[1,1],[1,1],[1,1,1,1,1,1],[1,1,1,1,1,1],[1],[1,1],[1,1],[1,1,1,1,1,1],[1,1,1,1,1],[1,1,1,1,1,1,1],[1,1,1,1,1],[1,1],[1,1,1,1,1,1,1,1],[1,1,1,1,1],[1,1,1,1,1,1],[1,1,1,1,1,1],[1,1,1,1],[1,1,1,1],[1,1,1,1,1],[1,1],[1,1],[1,1,1,1,1,1,1,1,1,1],[1,1,1],[1,1,1,1,1,1,1],[1,1,1],[1,1,1,1],[1,1,1,1,1],[1,1,1,1],[1,1],[1,1,1,1,1,1,1,1,1,1,1,1,1],[1,1,1,1,1,1,1],[1,1,1],[1,1,1,1],[1,1,1,1,1],[1,1,1,1],[1,2,1,1,1],[1],[1,1,1,1,1,1,1,1],[],[1,1,1,1],[],[1,1,1,1],[1,1,1,1],[1,1,1,1,1,1,1,1,1],[1,1,1,1,1],[1,1,1,1],[1,1,1,1],[1,1,1],[1,1,1,1],[1,1],[1,1,1],[1,1,1,1,1],[1,1],[1,1,1,1,1,1,1,1,2,1],[1,1],[1,1,1],[1,1,1,1,1,1,1],[1,1,1,1,1],[],[1,1,1,1,1,1],[1],[1,1,1,1,1,1],[1],[1,1,1],[1,1],[1,1,1,1,1,1,1],[1,1,1,1,1,1,1,1],[1,1],[1,1,1],[1],[1,1,1,1,1],[1,1,1,1,1],[1,1],[1,1,1,1,1,1,1],[1,1,1,1],[1,1,1],[1,1,1,1],[1,1,1],[1,1],[1,1],[1,1],[1,1,1,1],[1,1,1,1,1,1,1,1],[1,1,1],[1,1,1,1,1],[1,1],[1,1,1],[1],[1,1,1,1,1,1,1,1],[1,1,1,1,1],[1,1,1,1,1],[1,1,1,1,1],[1,1],[1,1,1,1,1],[2,1,1,1,1,1],[1,1,1,1,1],[1,1,1,1,1],[1,1,1,1,1],[1,1],[1,1,1,1,1,1],[1,1,1],[1,1,1,1,1],[1,1,1],[1,1,1,1],[1],[1,1,1],[1,1],[1,1,1,1,1],[],[1,1,1,1,1],[1,1],[1,1,1,1,1,1,1,1],[1],[1,1,1,1],[1,1,1,1],[1,1,1],[1,1,1],[1],[1,1,1,1,1,1],[1,1,1],[1,1],[1],[1,1,1,1,1],[1,1,1],[1],[1,1,1],[1,1,1,1,1,1],[1,1,1,1,1,1],[1,1,1,1,1,1,1,1],[1,1,1,1,1],[1],[1,1,1,1],[],[1,1,1],[1,1,1,1,1,1],[1,1],[1,1],[1,1],[1,1,1,1,1,1],[1],[1,1],[1,1,1,1]];

processingTimesRunnables = [12,14,13,16,7,15,6,12,13,13,12,11,13,9,9,13,17,10,14,8,13,14,12,13,9,12,11,11,16,5,8,12,8,13,7,10,12,10,13,11,13,7,7,17,11,11,12,15,12,9,13,12,13,13,16,12,10,8,12,5,12,13,10,13,11,10,10,10,9,10,11,12,15,12,12,13,13,10,15,12,15,13,4,5,9,9,10,11,12,12,13,16,17,12,16,13,10,16,6,12,12,12,13,14,12,10,7,15,10,12,14,11,10,13,7,10,8,6,9,16,10,4,10,14,12,5,9,16,11,13,10,12,13,5,12,12,10,10,13,10,7,13,11,11,8,16,12,7,15,10,13,13,13,6,15,6,8,9,5,16,14,14,10,11,12,13,11,9,11,9,11,11,13,5,14,10,6,11,16,12,12,16,11,7,13,5,11,14,12,13,6,14,16,11,11,12,12,8,10,13,4,14,7,5,5,6,12,6,10,14,9,13,11,10,11,6,14,6,8,8,10,11,12,15,12,14,13,12,5,10,13,10,4,12,16,4,14,10,6,10,8,14,9,13,11,11,11,8,13,14,9,10,15,15,8,13,10,8,13,12,12,10,13,12,14,11,17,12,11,12,5,12,10,5,16,11,14,9,7,6,10,15,13,7,11,13,10,11,10,11,11,5,13,13,9,10,7,9,11,15,12,12,8,13,16,11,10,14,10,13,12,11,13,16,12,12,9,14,16,7,9,13,8,16,16,5,7,9,16,10,12,13,11,13,13,11,12,5,11,11,16,13,10,7,11,9,11,12,6,11,13,11,12,7,17,15,9,12,12,13,9,16,10,12,12,7,13,12,11,12,11,15,9,14,12,14,14,10,11,13,13,12,9,5,15,13,12,15,16,13,9,13,11,14,5,9,9,6,13,6,12,15,13,10,13,12,8,11,12,15,12,12,13,10,13,12,12,11,13,10,11,11,14,16,10,9,12,12,11,11,8,7,14,11,16,10,6,9,15,11,13,15,13,6,5,9,11,14,14,13,12,12,13,7,13,13,16,11,12,11,10,7,13,11,12,6,13,14,16,12,11,12,13,10,14,12,10,15,6,10,10,11,13,12,12,11,8,10,8,15,12,12,16,5,6,16,8,6,16,15];

periods = [20000,10000,20000,10000,20000,1000,1000,10000,20000,20000,20000,20000,100000,20000,1000,20000,10000,10000,20000,10000,10000,10000,10000,10000,20000,100000,10000,10000,10000,1000,10000,20000,10000,10000,1000,10000,100000,10000,100000,100000,100000,1000,10000,20000,20000,5000,1000,10000,20000,100000,10000,20000,100000,10000,100000,10000,20000,100000,10000,10000,10000,10000,100000,10000,10000,10000,20000,20000,20000,10000,10000,10000,10000,10000,1000,100000,10000,50000,100000,2000,20000,10000,20000,100000,20000,100000,20000,10000,10000,50000,100000,10000,10000,10000,100000,1000,10000,20000,100000,100000,20000,20000,20000,10000,100000,10000,100000,20000,20000,100000,20000,20000,10000,100000,20000,20000,10000,10000,100000,20000,100000,100000,20000,20000,20000,50000,10000,20000,10000,20000,100000,5000,100000,50000,10000,20000,10000,10000,100000,10000,20000,2000,20000,100000,20000,100000,20000,10000,20000,10000,10000,50000,20000,10000,100000,20000,10000,100000,10000,10000,20000,20000,20000,100000,50000,100000,10000,20000,10000,20000,20000,10000,10000,20000,20000,100000,100000,10000,10000,10000,10000,50000,20000,20000,10000,100000,100000,20000,10000,20000,100000,10000,10000,20000,10000,10000,100000,20000,100000,10000,20000,50000,10000,2000,1000,20000,100000,100000,100000,100000,2000,100000,10000,10000,10000,100000,10000,10000,20000,20000,20000,10000,20000,20000,20000,20000,10000,10000,20000,20000,100000,10000,10000,20000,50000,10000,10000,2000,20000,20000,20000,100000,5000,10000,20000,20000,1000,20000,20000,20000,20000,10000,10000,10000,20000,10000,100000,10000,100000,100000,10000,10000,2000,5000,20000,100000,100000,20000,20000,20000,100000,20000,10000,20000,20000,20000,10000,20000,20000,100000,100000,50000,10000,100000,20000,1000,5000,1000,100000,10000,20000,50000,50000,20000,20000,50000,20000,10000,2000,20000,100000,100000,10000,100000,10000,20000,100000,20000,10000,2000,100000,100000,20000,20000,100000,100000,20000,50000,10000,100000,10000,100000,20000,10000,50000,10000,20000,20000,100000,100000,20000,100000,20000,100000,100000,5000,10000,10000,20000,20000,100000,100000,5000,10000,20000,20000,100000,10000,10000,100000,100000,10000,10000,50000,10000,10000,10000,100000,20000,10000,100000,100000,100000,20000,100000,20000,10000,20000,20000,100000,10000,100000,10000,10000,20000,20000,10000,100000,100000,100000,20000,20000,20000,100000,20000,10000,10000,20000,10000,20000,20000,10000,50000,100000,20000,10000,100000,10000,5000,20000,2000,5000,10000,10000,1000,100000,100000,50000,50000,20000,10000,10000,20000,20000,10000,20000,20000,20000,10000,10000,5000,20000,100000,100000,1000,20000,10000,20000,10000,100000,100000,100000,100000,1000,20000,100000,100000,100000,2000,100000,100000,10000,20000,10000,20000,100000,10000,20000,20000,100000,100000,50000,10000,20000,50000,20000,20000,100000,100000,10000,10000,10000,10000,100000,100000,20000,20000,100000,10000,100000,20000,100000,20000,100000,10000,50000,100000,100000,10000,20000,5000,20000,20000,50000,10000,20000,20000,20000,20000,1000,20000,100000,1000,1000,1000,20000,100000,10000,10000,20000];

communicationTimeForOrderCriticalMessages = [1,1,1,1,1,1,1,1,1,1,1,1,1,1,1,1,1,1,1,1,1,1,1,1,1,1,1,1,1,1,1,1,1,1,1,1,1,1,1,1,1,1,1,1,1,1,1,1,1,1,1,1,1,1,1,1,1,1,1,1,1,2,1,1,1,1,1,1,1,1,1,1,1,1,1,1,1,1,1,1,1,1,1,1,1,1,1,1,1,1,1,1,1,1,2,1,1,1,1,1,1,1,1,1,1,1,1,1,1,1,1,1,1,1,1,1,1,1,1,1,1,1,1,1,1,1,2,1,1,1,1,1,1,1,1,1,1,1,1,1,1,1,1,1,1,1,1,1,1,1,1,1,1,1,1,1,1,1,1,1,1,1,1,1,1,1,1,1,1,1,1,1,1,1,1,1,1,1,1,1,1,1,1,1,1,1,1,1,1,1,1,1,1,1,1,1,1,1,1,1,1,1,1,1,1,1,1,1,1,1,1,1,1,1,1,1,1,1,1,1,1];

sizeOfRunnables = [1138,1388,1258,1550,700,1475,535,1178,1253,1263,1108,1013,1280,833,848,1263,1620,978,1323,780,1278,1308,1185,1223,848,1170,1090,1015,1540,405,743,1198,788,1268,678,985,1170,1000,1220,1083,1233,638,630,1605,1035,1020,1133,1490,1188,888,1230,1198,1285,1203,1540,1165,998,745,1125,495,1103,1275,923,1285,1053,968,918,948,840,938,1095,1180,1405,1158,1128,1208,1270,933,1498,1188,1498,1208,400,490,848,808,975,1090,1140,1188,1210,1545,1620,1155,1578,1300,978,1578,520,1180,1158,1178,1230,1308,1178,985,625,1458,970,1125,1365,1075,933,1255,610,983,798,550,803,1573,985,375,963,1340,1170,453,873,1593,1045,1295,940,1128,1225,460,1140,1173,970,983,1283,963,693,1210,1058,1088,735,1595,1193,668,1485,953,1210,1220,1215,538,1425,573,795,803,468,1528,1340,1398,915,1013,1165,1283,1065,880,1050,828,1030,1030,1223,435,1360,975,570,1025,1523,1113,1180,1503,1023,685,1235,495,1020,1340,1105,1253,518,1318,1518,1080,1045,1110,1150,723,993,1255,400,1308,630,438,480,565,1148,528,903,1393,848,1223,1020,915,1035,565,1305,573,723,750,945,1038,1198,1470,1138,1308,1290,1178,428,990,1215,953,383,1155,1545,383,1328,953,598,1000,798,1313,818,1278,1060,1045,1088,735,1235,1365,843,975,1463,1430,783,1208,918,783,1270,1128,1163,905,1293,1170,1308,1073,1620,1200,1095,1178,460,1173,933,465,1530,1010,1305,833,615,580,993,1453,1268,645,1075,1253,923,1005,948,1088,1083,488,1293,1253,878,975,610,840,1060,1438,1135,1173,728,1238,1583,1013,993,1308,1000,1300,1195,1073,1203,1528,1103,1193,880,1333,1508,660,833,1230,723,1513,1593,490,625,848,1588,968,1113,1203,1080,1298,1280,1023,1180,500,1088,1020,1530,1215,903,695,1030,878,1080,1173,575,1080,1255,1065,1148,695,1615,1420,870,1128,1155,1293,865,1528,940,1173,1110,695,1233,1178,1080,1165,1090,1443,840,1393,1110,1368,1355,975,1038,1238,1300,1173,853,415,1425,1255,1135,1475,1568,1230,863,1210,1090,1388,435,880,895,558,1275,525,1105,1430,1255,963,1208,1198,790,1068,1200,1465,1193,1120,1238,955,1210,1148,1148,1030,1225,978,1100,1005,1383,1560,975,888,1173,1148,1005,1080,705,640,1303,1065,1528,990,578,805,1415,1065,1215,1480,1210,503,405,863,1060,1400,1345,1263,1165,1158,1238,690,1240,1253,1573,1008,1108,1060,953,668,1215,1043,1135,565,1268,1393,1513,1158,1043,1140,1243,963,1378,1160,968,1448,558,968,960,1080,1295,1155,1143,1030,705,915,753,1485,1140,1180,1600,490,560,1583,775,565,1513,1495];

SenderLabelReceiverOrderCriticalChains = [[13,1265,0,0,436],[436,1170,0,0,347],[347,2440,0,0,302],[168,1133,0,0,313],[313,1068,0,0,270],[270,826,0,0,488],[32,3072,0,0,391],[391,3020,0,0,81],[81,513,0,0,206],[206,1741,0,0,111],[46,3774,0,0,264],[264,458,0,0,287],[287,2468,0,0,481],[481,1889,0,0,132],[132,2597,3575,0,336],[336,2621,0,0,421],[220,2981,0,0,3],[3,1960,0,0,145],[145,1050,0,0,417],[32,471,0,0,174],[174,3674,0,0,395],[395,3269,0,0,245],[119,68,0,0,26],[26,2123,0,0,110],[110,2708,0,0,304],[304,284,0,0,380],[19,3919,0,0,376],[376,2920,0,0,418],[418,2036,2199,0,368],[368,3009,0,0,250],[204,3225,0,0,80],[80,2528,0,0,299],[299,492,2447,0,401],[401,3824,0,0,238],[238,2949,0,0,439],[439,1725,0,0,263],[368,736,0,0,488],[488,3746,0,0,115],[115,280,0,0,81],[81,1402,0,0,225],[225,3617,0,0,241],[241,3623,0,0,471],[8,2379,0,0,367],[367,3573,0,0,222],[222,3880,0,0,461],[461,3826,0,0,377],[377,269,0,0,429],[201,609,0,0,448],[448,2328,0,0,471],[471,2055,0,0,314],[313,3819,0,0,145],[145,1964,0,0,489],[489,1968,0,0,275],[275,636,0,0,87],[280,3886,0,0,210],[210,728,0,0,370],[370,3385,0,0,121],[121,2655,0,0,13],[236,1068,3631,0,150],[150,1157,0,0,420],[420,2962,0,0,93],[93,1270,0,0,357],[357,999,0,0,324],[470,1801,0,0,242],[242,583,0,0,13],[13,2958,0,0,84],[84,576,0,0,311],[311,532,0,0,146],[146,745,0,0,430],[294,3196,0,0,224],[224,2086,0,0,435],[435,666,0,0,400],[400,726,0,0,130],[130,2832,0,0,382],[382,2204,0,0,103],[456,2036,0,0,246],[246,3797,0,0,188],[188,2468,0,0,25],[25,149,0,0,413],[134,2138,0,0,408],[408,1193,0,0,455],[455,1251,0,0,182],[182,333,0,0,126],[126,1518,0,0,393],[393,613,0,0,78],[61,438,0,0,218],[218,3983,0,0,305],[305,3759,0,0,195],[195,3000,0,0,138],[138,3111,0,0,60],[104,3947,0,0,159],[159,940,0,0,22],[22,2075,0,0,23],[23,2808,0,0,31],[31,2927,0,0,127],[127,3285,0,0,261],[178,1757,0,0,214],[214,2553,0,0,113],[113,2373,0,0,442],[442,3718,0,0,137],[212,2928,0,0,424],[424,623,0,0,459],[459,2195,0,0,438],[438,3885,0,0,40],[40,3424,0,0,329],[61,2189,0,0,178],[178,3946,0,0,203],[203,2895,0,0,475],[475,522,0,0,338],[338,2445,0,0,127],[299,492,2447,0,401],[401,3638,0,0,439],[439,445,0,0,310],[310,3166,0,0,142],[398,177,0,0,2],[2,3042,0,0,92],[92,691,0,0,51],[51,2374,0,0,415],[181,2850,0,0,420],[420,2715,0,0,283],[283,3323,0,0,77],[77,97,0,0,463],[8,3483,0,0,167],[167,2105,0,0,461],[461,526,0,0,70],[70,963,0,0,277],[54,3185,0,0,237],[237,908,0,0,106],[106,854,0,0,4],[4,558,0,0,17],[17,2340,0,0,203],[433,2757,3884,0,334],[334,1506,0,0,13],[13,2867,0,0,316],[316,3556,3606,0,58],[58,2776,0,0,158],[158,1,0,0,320],[383,1019,0,0,381],[381,650,0,0,414],[414,415,0,0,147],[327,1,0,0,153],[153,2474,0,0,57],[57,438,0,0,219],[219,311,0,0,14],[14,3177,0,0,115],[115,400,0,0,333],[312,316,0,0,342],[342,2831,0,0,208],[208,3042,0,0,91],[390,1941,0,0,184],[184,1923,3200,0,156],[156,3426,0,0,1],[1,2292,0,0,473],[473,761,0,0,466],[466,1545,0,0,32],[63,2669,0,0,144],[144,2618,0,0,197],[197,25,0,0,361],[361,2833,0,0,107],[400,2174,0,0,223],[223,1955,0,0,376],[376,856,0,0,300],[432,2949,0,0,210],[210,2717,0,0,53],[53,3156,0,0,158],[158,897,0,0,450],[117,210,0,0,215],[215,1907,3664,0,352],[352,1236,0,0,479],[479,47,0,0,138],[268,948,0,0,184],[184,937,0,0,171],[171,950,0,0,467],[468,2454,0,0,208],[208,1302,0,0,459],[459,449,0,0,372],[155,3572,0,0,186],[186,1904,0,0,63],[63,3587,0,0,394],[394,173,0,0,13],[13,373,0,0,91],[91,1320,0,0,451],[353,2386,0,0,189],[189,2694,0,0,154],[154,3984,0,0,167],[167,3051,0,0,233],[125,1314,2218,0,120],[120,2017,2666,0,183],[183,1417,0,0,294],[294,458,0,0,383],[383,1610,0,0,456],[242,1090,0,0,267],[267,2103,0,0,372],[372,1069,0,0,362],[362,2318,0,0,40],[40,2734,0,0,430],[200,2619,0,0,309],[309,2739,0,0,447],[447,2987,0,0,498],[172,1953,0,0,398],[398,804,0,0,151],[151,130,0,0,404],[404,2787,0,0,386],[389,96,0,0,258],[258,966,0,0,305],[305,1642,0,0,66],[66,3396,0,0,82],[82,1828,0,0,429],[429,2521,0,0,192],[124,2326,0,0,368],[368,651,0,0,323],[323,2820,0,0,143],[342,639,0,0,370],[370,2291,0,0,430],[430,1839,0,0,329],[329,3260,0,0,50],[50,1383,0,0,361],[358,446,0,0,99],[99,1609,0,0,433],[433,1361,0,0,166],[166,736,0,0,397]];

SenderLabelReceiverNonOrderCriticalChains = [[1,621,422],[1,1521,206],[1,1749,3],[1,1749,278],[1,2292,473],[1,3713,340],[1,3941,413],[2,1800,93],[2,1800,206],[2,3042,91],[2,3042,354],[2,3042,92],[2,3433,275],[2,3433,25],[2,3507,154],[2,3507,427],[2,3602,300],[2,3602,4],[2,3657,489],[2,3657,496],[3,1534,449],[3,1534,416],[3,1960,145],[3,2192,45],[3,2192,95],[3,3120,240],[3,3120,5],[3,3187,223],[3,3444,229],[4,558,17],[4,558,283],[4,638,126],[4,2864,71],[4,2864,411],[4,2864,105],[4,3051,233],[4,3051,283],[4,3087,8],[5,214,401],[5,214,498],[5,1753,386],[5,1753,9],[5,2493,115],[5,2781,160],[5,3451,232],[6,40,7],[6,40,283],[6,40,343],[6,1479,403],[6,1819,286],[6,1819,287],[6,2658,35],[6,2658,96],[6,2761,47],[6,3123,309],[7,325,288],[7,325,387],[7,1736,239],[7,2738,35],[7,2738,193],[7,3031,222],[7,3285,261],[7,3285,30],[7,3934,38],[8,691,227],[8,691,51],[8,1732,25],[8,1800,93],[8,1800,206],[8,2379,367],[8,2754,140],[8,2754,444],[8,2754,189],[8,3251,17],[8,3483,167],[9,45,391],[9,522,10],[9,522,338],[9,3120,240],[9,3120,5],[10,141,370],[10,1183,376],[10,1183,479],[10,1682,184],[10,2038,315],[10,2038,318],[10,2038,185],[10,2038,298],[10,2162,12],[10,2445,127],[10,2445,395],[11,732,87],[11,1036,80],[11,1036,405],[11,1761,392],[11,1761,14],[11,1782,409],[11,1907,182],[11,1907,352],[11,2569,45],[12,1130,149],[12,1130,401],[12,2544,19],[12,2935,252],[12,3524,345],[12,3525,349],[12,3525,140],[13,373,91],[13,1265,436],[13,2867,316],[13,2958,9],[13,2958,84],[13,2958,435],[14,84,52],[14,719,249],[14,1816,392],[14,1816,454],[14,3177,115],[15,509,47],[15,1655,35],[15,1655,301],[15,1655,450],[15,1882,96],[15,2091,348],[15,2131,490],[15,2188,434],[16,1981,314],[16,1981,410],[16,2146,100],[16,2146,196],[16,2369,19],[16,3948,390],[16,3948,137],[17,577,20],[17,2065,335],[17,2340,203],[17,3431,261],[18,383,387],[18,2018,485],[18,2741,229],[18,2741,305],[18,3807,213],[18,3874,20],[18,3874,320],[18,3874,330],[19,957,114],[19,957,205],[19,1631,226],[19,1631,429],[19,2916,306],[19,3919,376],[20,897,22],[20,897,210],[20,897,450],[20,1346,395],[20,2016,104],[21,1107,22],[21,1927,452],[21,2661,448],[21,2948,260],[21,3052,34],[21,3355,303],[21,3694,348],[22,1799,27],[22,1981,314],[22,1981,410],[22,2075,23],[22,3546,363],[22,3582,460],[22,3582,377],[23,292,61],[23,605,158],[23,2391,477],[23,2391,485],[23,2808,31],[23,2808,82],[23,2808,459],[23,3457,24],[23,3868,221],[23,3868,500],[24,1214,489],[24,1965,118],[24,1965,138],[24,2209,207],[24,3318,357],[24,3691,68],[25,149,413],[25,973,55],[25,2061,82],[25,3185,237],[25,3185,437],[26,75,37],[26,471,174],[26,471,446],[26,1370,274],[26,1370,409],[26,2123,110],[26,2123,404],[26,2257,462],[26,3112,297],[26,3214,12],[27,463,29],[27,999,123],[27,999,324],[27,1713,165],[27,2249,198],[27,2542,195],[28,163,374],[28,163,437],[28,2295,396],[28,2428,89],[28,2510,64],[28,2510,399],[28,3872,319],[29,603,405],[29,603,384],[29,992,48],[29,1322,206],[29,1322,205],[29,1971,157],[29,1995,193],[29,2178,434],[29,3428,282],[29,3428,348],[30,739,434],[30,856,300],[30,856,125],[30,856,247],[30,1773,288],[30,2658,35],[30,2658,96],[30,3082,223],[30,3950,434],[31,116,306],[31,116,77],[31,1393,293],[31,1393,104],[31,1980,364],[31,2533,403],[31,2533,82],[31,2533,406],[31,2719,453],[31,2827,36],[31,2927,127],[32,224,373],[32,471,174],[32,471,446],[32,1661,220],[32,2800,188],[32,3072,391],[32,3882,68],[32,3882,41],[33,3275,485],[33,3322,377],[33,3962,119],[34,1280,196],[34,1790,38],[34,1902,169],[34,1902,423],[34,2214,348],[34,2360,407],[34,2708,227],[34,2708,304],[34,3714,442],[35,150,58],[35,150,434],[35,557,73],[35,1966,374],[35,3149,47],[35,3149,370],[35,3149,268],[35,3149,423],[35,3160,16],[36,239,253],[36,239,117],[36,1723,108],[36,2533,403],[36,2533,82],[36,2533,406],[36,2913,196],[36,3433,275],[36,3433,25],[36,3450,185],[37,1204,260],[37,1593,146],[37,2395,113],[37,3490,40],[37,3641,86],[38,2637,312],[38,3024,56],[38,3165,172],[38,3165,387],[38,3408,169],[38,3782,145],[39,916,416],[39,1647,423],[39,1733,53],[39,3215,432],[39,3529,281],[39,3831,266],[40,2734,248],[40,2734,430],[40,3424,310],[40,3424,329],[40,3882,68],[40,3882,41],[41,412,191],[41,603,405],[41,603,384],[41,1498,297],[41,1498,459],[41,1828,429],[41,1828,50],[41,2154,321],[41,2554,451],[41,2554,419],[41,3566,199],[42,60,494],[42,503,495],[42,503,9],[42,1545,32],[42,1545,435],[42,1545,159],[42,2417,47],[42,2417,102],[42,2417,314],[42,2908,211],[42,2908,434],[42,3506,203],[43,1101,62],[43,1101,477],[43,1313,419],[43,1432,59],[43,1933,277],[43,2036,246],[43,2036,106],[43,2036,368],[43,2297,19],[43,2297,470],[43,3672,100],[43,3672,281],[44,2672,52],[44,3077,383],[44,3077,202],[44,3143,221],[44,3193,219],[44,3193,474],[44,3606,383],[44,3606,58],[44,3693,71],[44,3967,255],[45,417,120],[45,2944,49],[45,3715,108],[45,3715,471],[45,3890,49],[46,982,421],[46,1087,399],[46,1087,424],[46,2786,336],[46,3240,156],[46,3405,287],[46,3774,264],[46,3774,248],[46,3908,433],[47,3629,117],[47,3942,405],[48,2030,62],[48,2793,357],[48,2793,135],[48,2941,232],[48,3088,78],[48,3520,106],[48,3671,148],[48,3893,185],[49,786,67],[49,1870,224],[49,1870,395],[49,2628,183],[49,2912,323],[50,13,127],[50,130,404],[50,130,429],[50,699,160],[50,843,55],[50,1383,393],[50,1383,361],[50,2601,51],[51,623,452],[51,623,459],[51,623,61],[51,1497,301],[51,2374,415],[51,2419,203],[52,121,198],[52,165,474],[52,607,472],[52,1456,317],[52,2317,262],[53,150,58],[53,150,434],[53,1220,339],[53,1220,475],[53,2083,228],[53,2434,101],[53,3156,158],[54,77,360],[54,535,160],[54,609,89],[54,609,448],[54,609,499],[54,807,195],[54,807,250],[54,2957,222],[54,2957,135],[54,3185,237],[54,3185,437],[55,68,26],[55,68,236],[55,68,158],[55,255,422],[55,255,267],[55,3525,349],[55,3525,140],[56,79,463],[56,443,226],[56,443,379],[56,541,213],[56,953,70],[56,953,453],[56,1606,305],[56,1858,352],[56,1858,498],[56,1858,116],[56,1957,429],[56,1957,479],[57,438,218],[57,438,219],[57,738,268],[57,738,461],[57,934,171],[57,1352,70],[57,2417,47],[57,2417,102],[57,2417,314],[57,2956,69],[57,3505,308],[58,226,333],[58,226,366],[58,1652,408],[58,1652,196],[58,1652,412],[58,2776,133],[58,2776,303],[58,2776,158],[58,3556,316],[59,560,175],[59,560,293],[59,560,451],[59,1192,486],[59,1587,118],[59,2828,411],[59,2914,273],[59,3814,9],[60,17,256],[60,275,66],[60,352,424],[60,512,337],[60,512,173],[60,512,347],[60,3253,118],[60,3813,62],[61,438,218],[61,438,219],[61,572,411],[61,2062,65],[61,2189,178],[61,2608,245],[61,3601,144],[61,3601,364],[62,2333,73],[62,3455,463],[62,3685,160],[63,306,426],[63,1859,124],[63,2669,144],[63,2771,199],[63,2814,245],[63,2814,133],[63,3587,394],[64,917,360],[64,1086,94],[64,1941,349],[64,1941,184],[64,3454,300],[64,3750,137],[64,3750,326],[64,3750,436],[64,3754,237],[64,3824,89],[64,3824,238],[65,1194,97],[65,1217,74],[65,1737,98],[65,1737,345],[65,3764,269],[65,3764,319],[65,3910,88],[65,3959,68],[65,3959,274],[66,1343,88],[66,2101,475],[66,3396,82],[66,3790,254],[66,3917,70],[67,835,352],[67,1976,159],[67,1976,408],[67,2031,280],[67,2878,69],[67,3216,240],[67,3216,385],[67,3567,363],[67,3567,448],[67,3567,490],[68,616,258],[68,1065,69],[68,1894,456],[69,282,467],[69,889,333],[69,2276,87],[70,963,277],[70,2599,73],[70,2791,442],[71,1779,15],[71,1779,445],[71,2734,248],[71,2734,430],[71,2764,77],[72,57,360],[72,94,232],[72,559,106],[72,559,468],[72,1763,73],[72,1974,244],[72,1986,277],[72,3076,126],[73,1846,164],[73,2258,425],[73,2258,406],[73,2258,234],[74,651,261],[74,651,323],[74,1843,172],[74,1843,407],[74,1985,319],[74,2889,419],[74,3071,58],[75,954,247],[75,954,424],[75,2999,73],[75,3664,352],[75,3664,478],[75,3687,205],[76,647,82],[76,943,437],[76,1317,177],[76,1375,274],[76,1375,322],[76,1786,116],[76,1786,342],[76,2645,114],[76,2780,437],[76,3990,362],[76,3990,402],[77,97,486],[77,97,463],[77,2430,126],[77,3085,97],[78,778,152],[78,988,253],[78,2261,458],[78,2261,63],[78,2361,138],[78,2528,90],[78,2528,299],[78,3074,173],[79,1716,365],[79,1952,17],[79,2339,77],[79,2613,178],[79,2613,482],[79,2937,100],[80,682,401],[80,2528,90],[80,2528,299],[80,2737,40],[80,2737,198],[80,3331,75],[80,3331,330],[80,3472,261],[80,3572,186],[80,3572,142],[81,513,206],[81,1402,129],[81,1402,225],[81,1718,97],[81,3715,108],[81,3715,471],[81,3994,345],[82,1828,429],[82,1828,50],[82,3340,112],[82,3340,353],[83,229,120],[83,1653,74],[83,1653,488],[83,1918,408],[83,2070,463],[83,2070,484],[83,3570,95],[83,3656,466],[84,576,311],[84,1635,86],[84,2478,215],[84,2574,248],[84,2776,133],[84,2776,303],[84,2776,158],[84,3222,478],[84,3222,408],[85,393,426],[85,1255,440],[85,1391,131],[85,1636,449],[85,2540,128],[85,2540,463],[85,3328,272],[85,3678,229],[86,817,199],[86,1050,471],[86,1050,417],[86,1251,107],[86,1251,182],[86,1951,47],[86,3381,407],[87,2556,486],[87,2679,168],[88,489,100],[88,704,378],[88,855,104],[88,2590,113],[88,3111,378],[88,3111,60],[89,1144,150],[89,1550,169],[89,1909,366],[89,2240,244],[90,1703,411],[90,1703,179],[90,2052,182],[90,2323,292],[90,2681,282],[90,3036,134],[90,3036,431],[90,3522,241],[90,3522,261],[90,3596,152],[91,105,395],[91,105,492],[91,1320,451],[91,3075,112],[91,3075,87],[91,3627,289],[92,624,222],[92,624,258],[92,691,227],[92,691,51],[92,1444,168],[92,2070,463],[92,2070,484],[92,2349,173],[92,2957,222],[92,2957,135],[92,3699,134],[92,3699,421],[93,403,236],[93,1270,357],[93,2114,232],[93,2114,292],[93,2223,228],[93,2223,350],[93,3948,390],[93,3948,137],[94,1910,279],[94,2078,117],[94,2870,422],[94,3128,140],[94,3434,193],[94,3462,352],[95,1237,440],[95,1466,221],[95,2850,451],[95,2850,420],[96,1322,206],[96,1322,205],[96,1416,247],[96,2248,247],[96,2897,275],[97,44,157],[97,1402,129],[97,1402,225],[97,3090,425],[97,3090,451],[97,3090,212],[97,3359,164],[98,202,345],[98,217,103],[98,2063,163],[98,2063,364],[98,3101,390],[98,3101,277],[98,3723,127],[98,3749,381],[99,1584,438],[99,1609,40],[99,1609,433],[99,3325,390],[99,3325,100],[99,3325,298],[99,3780,49],[100,1495,107],[100,1750,82],[100,1750,246],[100,3067,441],[100,3067,479],[101,216,294],[101,2372,278],[101,2564,250],[101,3075,112],[101,3075,87],[101,3504,493],[101,3504,23],[101,3504,55],[101,3907,312],[101,3907,468],[102,427,410],[102,836,269],[102,2038,315],[102,2038,318],[102,2038,185],[102,2038,298],[102,2354,452],[102,2802,264],[102,3877,124],[103,1823,499],[103,1961,18],[103,1961,91],[103,2560,365],[103,2875,116],[103,3486,93],[103,3486,215],[103,3486,245],[103,3849,256],[103,3849,375],[104,166,477],[104,439,347],[104,1230,109],[104,2607,5],[104,3947,159],[105,305,2],[105,860,107],[105,1279,322],[105,1326,71],[105,2905,446],[105,2905,486],[106,854,4],[106,854,115],[106,1082,150],[106,1082,439],[106,2208,196],[106,3398,95],[106,3398,151],[107,694,354],[107,694,207],[107,2168,87],[107,3557,371],[108,1179,18],[108,1179,387],[108,1334,28],[108,1334,123],[108,2299,307],[108,2299,366],[108,3900,149],[108,3996,354],[109,922,229],[109,1022,328],[109,2540,128],[109,2540,463],[109,2741,229],[109,2741,305],[109,3362,266],[109,3916,163],[110,646,16],[110,646,176],[110,756,194],[110,1611,332],[110,1657,487],[110,1865,250],[110,2708,227],[110,2708,304],[110,3548,77],[110,3548,271],[111,281,306],[111,338,141],[111,1036,80],[111,1036,405],[111,1298,218],[111,3663,383],[111,3698,129],[111,3698,139],[112,589,37],[112,783,147],[112,1854,367],[112,1961,18],[112,1961,91],[112,2117,168],[112,2117,317],[112,2410,443],[112,2410,426],[113,1168,207],[113,2373,442],[113,2465,399],[113,3698,129],[113,3698,139],[114,583,315],[114,583,13],[114,1261,122],[114,2082,468],[114,2082,334],[114,2082,384],[114,2266,253],[114,3563,472],[114,3601,144],[114,3601,364],[115,280,81],[115,400,333],[115,3398,95],[115,3398,151],[115,3883,123],[116,550,123],[116,856,300],[116,856,125],[116,856,247],[116,1793,316],[116,1976,159],[116,1976,408],[117,210,215],[117,210,394],[117,518,256],[117,1228,353],[118,877,240],[118,877,182],[118,2508,167],[118,2508,135],[118,3147,400],[118,3743,136],[119,40,7],[119,40,283],[119,40,343],[119,68,26],[119,68,236],[119,68,158],[119,968,131],[119,1780,465],[119,3898,376],[119,3898,374],[120,1314,125],[120,1314,491],[120,2017,183],[120,2666,226],[120,2666,183],[120,2666,435],[120,3621,128],[120,3704,425],[121,1232,139],[121,1652,408],[121,1652,196],[121,1652,412],[121,2655,13],[121,2887,264],[121,3317,166],[122,502,239],[122,502,216],[122,1506,466],[122,1506,13],[122,1506,322],[122,1987,87],[122,1987,379],[122,2108,431],[122,2109,320],[122,3666,139],[123,641,214],[123,641,306],[123,2253,218],[123,2253,340],[123,3338,33],[124,444,480],[124,555,251],[124,555,179],[124,2326,368],[124,2666,226],[124,2666,183],[124,2666,435],[124,3325,390],[124,3325,100],[124,3325,298],[124,3395,448],[124,3395,255],[125,378,229],[125,1277,454],[125,1277,480],[125,1654,4],[125,2218,68],[125,2218,120],[125,3875,136],[126,1518,393],[126,1518,317],[126,3032,86],[127,755,337],[127,755,143],[127,1390,444],[127,1810,217],[127,3285,261],[127,3285,30],[128,255,422],[128,255,267],[128,935,263],[128,935,278],[128,935,369],[128,1337,400],[128,2995,203],[128,3907,312],[128,3907,468],[129,1458,220],[129,1458,55],[129,3402,355],[130,74,126],[130,74,267],[130,1520,313],[130,1983,239],[130,2804,161],[130,2804,65],[130,2832,382],[130,3069,421],[131,695,42],[131,1830,359],[131,3081,293],[131,3274,492],[132,40,7],[132,40,283],[132,40,343],[132,710,156],[132,2597,336],[132,2597,436],[132,3486,93],[132,3486,215],[132,3486,245],[132,3575,336],[132,3575,107],[133,1450,165],[133,3700,143],[134,694,354],[134,694,207],[134,955,20],[134,2138,408],[135,882,170],[135,882,338],[135,1207,326],[135,2202,172],[136,696,143],[136,1248,376],[136,2568,280],[136,2765,268],[136,3575,336],[136,3575,107],[137,701,252],[137,1533,181],[137,2089,294],[138,3111,378],[138,3111,60],[138,3738,49],[139,503,495],[139,503,9],[139,1759,176],[139,2515,350],[139,2768,475],[139,3750,137],[139,3750,326],[139,3750,436],[140,713,383],[140,1130,149],[140,1130,401],[140,2013,108],[140,2013,464],[140,2462,37],[140,3488,172],[140,3488,297],[141,1252,279],[141,1384,46],[141,2666,226],[141,2666,183],[141,2666,435],[141,2790,339],[141,2872,161],[141,2872,442],[142,89,117],[142,561,332],[142,561,42],[142,962,154],[142,2210,471],[142,3194,136],[142,3194,457],[143,175,138],[143,807,195],[143,807,250],[143,1750,82],[143,1750,246],[143,3264,219],[144,484,261],[144,484,359],[144,2618,472],[144,2618,197],[144,2852,290],[144,3109,332],[144,3168,176],[145,865,492],[145,1050,471],[145,1050,417],[145,1964,489],[145,2579,7],[145,2953,191],[145,2953,423],[146,529,187],[146,627,290],[146,745,430],[146,3623,471],[146,3623,265],[146,3672,100],[146,3672,281],[147,80,229],[147,101,194],[147,101,375],[147,1362,149],[147,3217,210],[148,610,324],[148,1005,236],[148,1046,303],[148,1679,160],[148,1761,392],[148,1761,14],[149,220,207],[149,220,252],[149,797,268],[149,1589,234],[149,3764,269],[149,3764,319],[150,1157,420],[150,3337,179],[150,3631,236],[151,71,193],[151,130,404],[151,130,429],[151,133,147],[151,711,277],[151,711,395],[151,2593,135],[151,2593,169],[151,2593,423],[151,3507,154],[151,3507,427],[152,815,354],[152,946,235],[152,1185,162],[152,1560,476],[152,2114,232],[152,2114,292],[152,3735,165],[153,878,175],[153,1959,419],[153,1959,157],[153,2474,57],[153,3243,161],[154,363,290],[154,826,488],[154,826,359],[154,1652,408],[154,1652,196],[154,1652,412],[154,2058,386],[154,2058,496],[154,3984,167],[155,218,164],[155,218,176],[155,218,273],[155,1016,267],[155,2132,183],[155,2132,483],[155,2730,131],[155,2730,273],[155,2730,417],[155,2953,191],[155,2953,423],[155,3572,186],[155,3572,142],[156,2594,134],[156,2720,336],[156,2813,183],[156,3200,184],[156,3426,1],[157,854,4],[157,854,115],[157,1094,333],[157,1140,79],[157,3238,55],[158,1,153],[158,1,302],[158,1,320],[158,897,22],[158,897,210],[158,897,450],[158,2301,47],[158,3019,66],[158,3019,275],[159,655,475],[159,808,255],[159,940,22],[159,2177,437],[159,3668,412],[160,62,228],[160,62,282],[160,2644,180],[160,3914,170],[160,3914,325],[161,117,417],[161,1752,372],[161,3036,134],[161,3036,431],[161,3734,300],[162,1049,240],[162,1394,308],[162,1394,356],[162,1719,272],[162,2730,131],[162,2730,273],[162,2730,417],[162,3195,355],[162,3473,201],[163,935,263],[163,935,278],[163,935,369],[163,1269,265],[163,2155,168],[163,3288,168],[164,545,323],[164,545,335],[164,903,465],[164,1351,351],[164,2196,480],[164,2196,431],[164,3290,43],[164,3290,89],[165,937,476],[165,937,171],[165,1383,393],[165,1383,361],[165,2192,45],[165,2192,95],[165,3126,318],[166,443,226],[166,443,379],[166,736,488],[166,736,397],[166,1666,321],[167,1703,411],[167,1703,179],[167,2038,315],[167,2038,318],[167,2038,185],[167,2038,298],[167,2105,461],[167,3051,233],[167,3051,283],[167,3965,399],[168,184,257],[168,1133,313],[169,1059,215],[169,2094,315],[169,2094,195],[169,2094,386],[169,2274,440],[169,3848,290],[169,3848,428],[170,108,383],[170,108,157],[170,1781,483],[170,2094,315],[170,2094,195],[170,2094,386],[170,2808,31],[170,2808,82],[170,2808,459],[170,3577,240],[171,842,454],[171,950,467],[171,1277,454],[171,1277,480],[171,2476,428],[171,3448,328],[171,3448,39],[171,3708,410],[172,636,87],[172,636,58],[172,636,200],[172,1953,398],[172,3403,267],[172,3504,493],[172,3504,23],[172,3504,55],[173,447,406],[173,447,180],[173,447,283],[173,484,261],[173,484,359],[173,641,214],[173,641,306],[173,1020,417],[173,3773,308],[174,422,194],[174,502,239],[174,502,216],[174,1125,190],[174,1125,353],[174,2049,467],[174,2167,414],[174,3205,378],[174,3674,395],[175,1249,191],[175,1249,288],[175,1829,135],[175,1829,328],[175,1916,319],[175,3352,239],[175,3479,113],[175,3479,226],[175,3784,141],[175,3784,284],[176,559,106],[176,559,468],[176,3236,377],[176,3236,398],[176,3551,358],[176,3583,289],[177,47,138],[177,47,259],[177,905,312],[177,1311,187],[177,1311,414],[177,2006,168],[177,2015,268],[177,3494,216],[178,1102,404],[178,1749,3],[178,1749,278],[178,1757,443],[178,1757,214],[178,2197,276],[178,3946,203],[179,218,164],[179,218,176],[179,218,273],[179,1463,209],[179,1463,356],[179,3026,258],[179,3523,25],[180,62,228],[180,62,282],[180,659,206],[180,659,242],[180,2020,196],[180,2805,277],[180,2805,306],[180,3540,192],[181,374,338],[181,1837,261],[181,2778,492],[181,2850,451],[181,2850,420],[181,3263,228],[181,3553,222],[181,3858,476],[182,108,383],[182,108,157],[182,333,126],[182,2876,190],[182,2958,9],[182,2958,84],[182,2958,435],[183,862,350],[183,862,133],[183,1417,294],[183,2502,230],[184,937,476],[184,937,171],[184,1368,242],[184,1368,333],[184,1923,156],[185,153,128],[185,1213,170],[185,1364,441],[185,2825,155],[185,2825,163],[185,3634,432],[186,236,267],[186,1183,376],[186,1183,479],[186,1904,63],[186,2653,311],[186,3755,446],[186,3945,150],[187,274,260],[187,1580,189],[187,1655,35],[187,1655,301],[187,1655,450],[187,2261,458],[187,2261,63],[187,3364,341],[187,3870,350],[188,167,39],[188,1920,314],[188,1920,265],[188,2468,25],[188,2468,481],[188,2776,133],[188,2776,303],[188,2776,158],[189,1942,438],[189,2229,188],[189,2229,311],[189,2694,154],[189,3346,232],[189,3960,203],[190,1075,385],[190,1494,413],[190,1494,147],[190,1618,314],[190,2327,325],[190,2327,353],[190,2327,489],[191,2809,264],[191,2809,437],[191,2925,44],[191,2936,202],[191,3149,47],[191,3149,370],[191,3149,268],[191,3149,423],[192,93,276],[192,1014,295],[192,1193,188],[192,1193,455],[192,2098,241],[193,1583,284],[193,1902,169],[193,1902,423],[193,2302,495],[194,1069,362],[194,1069,269],[194,1984,375],[194,2545,421],[194,2545,231],[194,2754,140],[194,2754,444],[194,2754,189],[194,3266,33],[194,3266,413],[195,382,9],[195,2524,133],[195,3000,138],[195,3000,452],[196,1542,416],[196,2253,218],[196,2253,340],[197,25,361],[197,659,206],[197,659,242],[197,1429,492],[197,1429,499],[197,1802,351],[197,1809,342],[197,1886,421],[197,1962,477],[198,329,230],[198,935,263],[198,935,278],[198,935,369],[198,3019,66],[198,3019,275],[198,3319,301],[198,3319,192],[199,524,332],[199,524,407],[199,1344,351],[199,2293,441],[199,2808,31],[199,2808,82],[199,2808,459],[199,3327,129],[199,3327,99],[200,183,373],[200,183,496],[200,263,462],[200,263,389],[200,531,292],[200,784,397],[200,1784,485],[200,2224,430],[200,2224,348],[200,2619,309],[201,609,89],[201,609,448],[201,609,499],[201,1222,235],[201,1222,331],[201,1664,263],[201,1803,240],[201,2818,360],[201,3898,376],[201,3898,374],[202,1695,408],[202,2410,443],[202,2410,426],[202,2620,318],[202,3012,71],[202,3012,474],[202,3042,91],[202,3042,354],[202,3042,92],[202,3428,282],[202,3428,348],[203,2895,475],[204,312,455],[204,1179,18],[204,1179,387],[204,1517,166],[204,1517,177],[204,2908,211],[204,2908,434],[204,3001,299],[204,3225,80],[205,658,116],[205,750,405],[205,1249,191],[205,1249,288],[206,875,496],[206,1741,111],[207,561,332],[207,561,42],[207,1231,242],[207,2575,220],[207,2767,210],[208,107,109],[208,107,231],[208,861,465],[208,1302,396],[208,1302,360],[208,1302,459],[208,3042,91],[208,3042,354],[208,3042,92],[208,3278,351],[209,74,126],[209,74,267],[209,1753,386],[209,1753,9],[209,2520,437],[209,2520,483],[209,2533,403],[209,2533,82],[209,2533,406],[209,2812,226],[209,3489,238],[209,3489,79],[210,728,370],[210,1486,322],[210,2717,205],[210,2717,53],[211,639,467],[211,639,370],[211,1503,310],[211,1503,20],[211,1997,243],[211,1997,166],[211,3268,341],[211,3424,310],[211,3424,329],[211,3465,299],[211,3522,241],[211,3522,261],[212,476,281],[212,602,474],[212,985,347],[212,2133,446],[212,2133,258],[212,2483,406],[212,2613,178],[212,2613,482],[212,2928,424],[213,1316,399],[213,1605,233],[213,1740,374],[213,3277,298],[214,261,480],[214,718,392],[214,718,368],[214,718,479],[214,2242,218],[214,2553,113],[214,2730,131],[214,2730,273],[214,2730,417],[214,3142,262],[215,558,17],[215,558,283],[215,1552,218],[215,1907,182],[215,1907,352],[215,3664,352],[215,3664,478],[216,264,364],[216,533,361],[216,1755,365],[216,3107,256],[216,3874,20],[216,3874,320],[216,3874,330],[217,200,222],[217,684,404],[217,994,221],[217,2290,208],[217,3325,390],[217,3325,100],[217,3325,298],[218,2417,47],[218,2417,102],[218,2417,314],[218,3176,253],[218,3983,305],[219,311,14],[219,834,364],[219,2134,482],[219,3310,390],[219,3731,350],[219,3731,391],[219,3731,466],[220,125,381],[220,1171,195],[220,1440,388],[220,2805,277],[220,2805,306],[220,2981,3],[221,3747,246],[221,3838,391],[222,829,246],[222,3880,461],[223,396,435],[223,1170,125],[223,1170,229],[223,1170,347],[223,1801,279],[223,1801,242],[223,1955,376],[223,1955,414],[223,3819,145],[223,3819,339],[224,392,122],[224,1558,255],[224,1558,265],[224,1950,249],[224,2086,435],[224,3319,301],[224,3319,192],[225,595,240],[225,1205,91],[225,3326,364],[225,3617,241],[225,3774,264],[225,3774,248],[226,116,306],[226,116,77],[226,2204,103],[226,2204,454],[226,3595,281],[227,2494,141],[227,2576,353],[227,2693,420],[227,2884,79],[227,3489,238],[227,3489,79],[228,3324,362],[228,3324,204],[228,3751,237],[229,1063,295],[230,474,331],[230,474,458],[230,1125,190],[230,1125,353],[230,2923,246],[230,3992,38],[231,1025,459],[231,1087,399],[231,1087,424],[231,2391,477],[231,2391,485],[231,2508,167],[231,2508,135],[231,2857,478],[232,766,398],[232,3017,303],[233,1274,337],[233,1547,471],[233,1797,386],[233,1873,95],[233,2663,365],[233,3863,303],[234,101,194],[234,101,375],[234,1067,376],[234,1311,187],[234,1311,414],[234,2196,480],[234,2196,431],[234,3920,251],[235,52,475],[235,62,228],[235,62,282],[235,1457,206],[235,1571,282],[235,1975,16],[235,2631,318],[236,1068,150],[236,1068,270],[236,1175,75],[236,2969,371],[237,908,106],[237,1201,303],[237,2793,357],[237,2793,135],[238,636,87],[238,636,58],[238,636,200],[238,2949,439],[238,2949,210],[238,3516,209],[238,3822,275],[239,1363,192],[239,3022,439],[241,2250,460],[241,2974,459],[241,3117,414],[241,3623,471],[241,3623,265],[242,583,315],[242,583,13],[242,1070,446],[242,1090,267],[242,2742,88],[243,1558,255],[243,1558,265],[243,1680,287],[243,2056,399],[243,2429,264],[243,3286,213],[243,3327,129],[243,3327,99],[243,3699,134],[243,3699,421],[244,613,78],[244,613,430],[244,1229,252],[244,1911,273],[244,3632,338],[245,623,452],[245,623,459],[245,623,61],[245,718,392],[245,718,368],[245,718,479],[245,2309,427],[246,350,72],[246,3058,270],[246,3797,239],[246,3797,188],[247,68,26],[247,68,236],[247,68,158],[247,1926,288],[247,1940,288],[247,2107,286],[248,1071,276],[248,1071,27],[248,1370,274],[248,1370,409],[248,1491,249],[248,1685,314],[248,2973,317],[249,933,428],[249,1535,276],[249,1737,98],[249,1737,345],[249,1847,142],[249,1920,314],[249,1920,265],[250,220,207],[250,220,252],[250,1307,333],[250,2905,446],[250,2905,486],[251,1609,40],[251,1609,433],[251,2284,28],[251,3331,75],[251,3331,330],[251,3395,448],[251,3395,255],[251,3987,340],[252,1302,396],[252,1302,360],[252,1302,459],[252,1864,352],[252,2278,266],[252,3852,290],[253,2972,262],[253,3868,221],[253,3868,500],[254,375,133],[254,800,317],[254,2224,430],[254,2224,348],[254,2400,250],[254,2418,463],[254,3124,144],[254,3959,68],[254,3959,274],[255,1341,423],[255,1677,275],[255,2702,496],[255,3149,47],[255,3149,370],[255,3149,268],[255,3149,423],[256,883,288],[256,1631,226],[256,1631,429],[256,3027,377],[256,3930,352],[257,1,153],[257,1,302],[257,1,320],[257,1394,308],[257,1394,356],[257,2320,271],[257,2526,351],[257,2773,407],[257,3607,14],[258,447,406],[258,447,180],[258,447,283],[258,966,305],[258,1672,277],[259,560,175],[259,560,293],[259,560,451],[259,867,406],[259,1592,360],[259,2656,413],[259,2656,418],[259,2809,264],[259,2809,437],[259,3132,62],[260,1115,346],[260,1843,172],[260,1843,407],[260,2917,316],[260,2966,315],[260,3827,274],[261,96,258],[261,96,340],[261,96,416],[261,96,476],[262,145,323],[262,1498,297],[262,1498,459],[262,2846,5],[262,3980,453],[263,2074,310],[263,3093,354],[263,3593,70],[263,3709,310],[263,3709,494],[264,458,287],[264,458,383],[264,1494,413],[264,1494,147],[265,214,401],[265,214,498],[265,2159,417],[265,3203,473],[265,3382,291],[266,652,289],[266,892,244],[266,2604,436],[266,2986,30],[266,3772,382],[266,3772,162],[267,2103,372],[268,283,409],[268,718,392],[268,718,368],[268,718,479],[268,948,184],[269,340,497],[269,2517,381],[269,3584,111],[269,3584,409],[269,3851,445],[269,3851,367],[270,769,327],[270,826,488],[270,826,359],[270,1210,491],[270,1210,295],[270,1701,467],[270,2299,307],[270,2299,366],[271,404,369],[271,569,339],[271,981,51],[271,1655,35],[271,1655,301],[271,1655,450],[271,2597,336],[271,2597,436],[271,3380,424],[272,278,306],[272,1757,443],[272,1757,214],[272,2106,134],[272,2401,457],[272,2662,364],[272,3413,378],[273,426,356],[273,2193,283],[273,3354,469],[274,596,217],[274,697,381],[274,2688,118],[274,3791,237],[275,636,87],[275,636,58],[275,636,200],[275,3993,279],[276,269,285],[276,269,429],[277,1029,296],[278,1485,486],[278,2229,188],[278,2229,311],[279,96,258],[279,96,340],[279,96,416],[279,96,476],[279,3046,443],[279,3599,99],[280,457,295],[280,457,322],[280,1365,464],[280,2142,500],[280,2521,73],[280,2521,192],[280,3835,245],[280,3886,210],[281,455,431],[281,1042,493],[281,3427,253],[281,3567,363],[281,3567,448],[281,3567,490],[282,2038,315],[282,2038,318],[282,2038,185],[282,2038,298],[282,2243,293],[282,2351,476],[282,3849,256],[282,3849,375],[283,1634,335],[283,3323,77],[284,345,304],[284,418,372],[284,1543,52],[284,2013,108],[284,2013,464],[284,2092,365],[285,674,75],[285,674,99],[285,851,316],[285,851,373],[285,1368,242],[285,1368,333],[285,3623,471],[285,3623,265],[285,3971,119],[286,414,363],[286,954,247],[286,954,424],[286,2258,425],[286,2258,406],[286,2258,234],[286,2880,276],[287,2468,25],[287,2468,481],[287,2545,421],[287,2545,231],[287,3234,399],[287,3548,77],[287,3548,271],[288,2639,270],[288,3293,276],[289,851,316],[289,851,373],[289,1305,316],[289,3141,294],[289,3333,240],[289,3628,298],[290,1035,398],[290,2707,69],[290,2707,397],[291,323,483],[291,451,228],[291,451,474],[291,2058,386],[291,2058,496],[291,2328,308],[291,2328,471],[291,2968,390],[291,2968,297],[292,168,354],[292,2068,83],[292,2068,363],[292,3114,408],[292,3710,203],[292,3710,20],[292,3914,170],[292,3914,325],[293,927,238],[293,927,478],[293,2327,325],[293,2327,353],[293,2327,489],[293,2665,393],[293,3539,213],[293,3539,403],[294,458,287],[294,458,383],[294,3196,224],[294,3479,113],[294,3479,226],[295,1110,344],[295,2063,163],[295,2063,364],[295,2593,135],[295,2593,169],[295,2593,423],[295,2835,345],[296,977,409],[296,1374,393],[296,2324,452],[296,2503,455],[296,3753,32],[296,3808,129],[297,1142,166],[297,1518,393],[297,1518,317],[297,2736,97],[298,30,359],[298,30,363],[298,144,460],[298,208,398],[298,953,70],[298,953,453],[299,92,310],[299,92,484],[299,492,401],[299,1779,15],[299,1779,445],[299,2447,401],[299,2447,422],[300,1131,363],[300,1131,278],[300,1612,410],[300,2958,9],[300,2958,84],[300,2958,435],[300,3539,213],[300,3539,403],[301,243,389],[301,662,322],[301,1610,224],[301,1610,456],[301,3549,492],[301,3616,355],[302,12,397],[302,899,365],[302,899,384],[302,1534,449],[302,1534,416],[302,2251,273],[302,2251,490],[302,2251,320],[302,3618,451],[302,3953,304],[303,2754,140],[303,2754,444],[303,2754,189],[304,284,380],[304,423,379],[304,791,27],[304,925,184],[304,3573,85],[304,3573,222],[305,1642,66],[305,1874,349],[305,1988,45],[305,3759,195],[306,545,323],[306,545,335],[306,1948,473],[307,335,481],[307,984,444],[307,984,465],[307,1084,342],[307,1285,379],[307,1987,87],[307,1987,379],[307,3584,111],[307,3584,409],[307,3726,462],[308,2119,435],[308,3904,477],[309,500,436],[309,1082,150],[309,1082,439],[309,2022,53],[309,2022,296],[309,2701,75],[309,2739,161],[309,2739,447],[309,3067,441],[309,3067,479],[310,3166,142],[311,532,421],[311,532,146],[311,1422,153],[311,1422,358],[311,1705,285],[311,3290,43],[311,3290,89],[311,3978,149],[312,42,297],[312,316,342],[312,1148,68],[312,1771,334],[312,3851,445],[312,3851,367],[313,520,165],[313,1068,150],[313,1068,270],[313,1714,95],[313,1714,489],[313,2035,400],[313,3216,240],[313,3216,385],[313,3819,145],[313,3819,339],[314,3772,382],[314,3772,162],[315,2437,464],[315,3335,397],[315,3784,141],[315,3784,284],[315,3840,350],[316,1381,217],[316,3606,383],[316,3606,58],[317,97,486],[317,97,463],[317,711,277],[317,711,395],[318,219,409],[318,3000,138],[318,3000,452],[318,3787,129],[319,683,83],[319,1375,274],[319,1375,322],[319,1463,209],[319,1463,356],[319,1574,356],[320,1292,330],[320,1795,429],[320,1795,397],[320,2082,468],[320,2082,334],[320,2082,384],[320,3602,300],[320,3602,4],[321,512,337],[321,512,173],[321,512,347],[321,1393,293],[321,1393,104],[321,1959,419],[321,1959,157],[321,2205,403],[321,3094,463],[321,3492,419],[322,2455,494],[323,599,385],[323,941,427],[323,941,480],[323,1222,235],[323,1222,331],[323,2820,143],[324,755,337],[324,755,143],[324,1957,429],[324,1957,479],[324,2090,225],[324,2158,230],[324,3449,191],[325,96,258],[325,96,340],[325,96,416],[325,96,476],[325,692,393],[325,2626,337],[325,2903,354],[326,92,310],[326,92,484],[326,2207,498],[326,3101,390],[326,3101,277],[326,3165,172],[326,3165,387],[326,3467,462],[326,3913,404],[327,1,153],[327,1,302],[327,1,320],[327,98,324],[327,273,335],[327,2513,417],[327,2600,60],[327,3232,338],[328,227,369],[328,1539,105],[328,3512,467],[328,3855,422],[329,984,444],[329,984,465],[329,1295,198],[329,1595,96],[329,2464,397],[329,3260,50],[330,721,137],[330,721,469],[330,1829,135],[330,1829,328],[330,2082,468],[330,2082,334],[330,2082,384],[330,2510,64],[330,2510,399],[330,3812,472],[331,30,359],[331,30,363],[331,1210,491],[331,1210,295],[331,3028,418],[331,3567,363],[331,3567,448],[331,3567,490],[331,3731,350],[331,3731,391],[331,3731,466],[332,1844,342],[332,3090,425],[332,3090,451],[332,3090,212],[333,428,24],[333,428,130],[334,1506,466],[334,1506,13],[334,1506,322],[334,2041,440],[334,2757,433],[334,3383,438],[334,3688,134],[335,210,215],[335,210,394],[335,3659,465],[336,1892,359],[336,2621,421],[336,3990,362],[336,3990,402],[337,1302,396],[337,1302,360],[337,1302,459],[337,3321,444],[337,3499,356],[338,653,132],[338,653,413],[338,674,75],[338,674,99],[338,2445,127],[338,2445,395],[339,1379,500],[339,2656,413],[339,2656,418],[339,2795,483],[339,3588,263],[340,140,446],[340,1098,359],[340,2219,54],[340,2219,369],[340,2603,487],[341,1867,432],[341,2593,135],[341,2593,169],[341,2593,423],[341,2618,472],[341,2618,197],[341,2965,358],[342,639,467],[342,639,370],[342,2831,208],[342,2991,375],[343,1247,478],[343,1626,500],[343,2707,69],[343,2707,397],[343,3211,230],[343,3389,402],[344,372,461],[344,2682,427],[344,2825,155],[344,2825,163],[344,3222,478],[344,3222,408],[344,3236,377],[344,3236,398],[344,3298,387],[345,1503,310],[345,1503,20],[345,1572,325],[345,2133,446],[345,2133,258],[346,183,373],[346,183,496],[346,653,132],[346,653,413],[346,1407,456],[346,3410,370],[346,3657,489],[346,3657,496],[346,3707,479],[347,105,395],[347,105,492],[347,532,421],[347,532,146],[347,1369,28],[347,2440,302],[348,721,137],[348,721,469],[348,2054,402],[348,2175,350],[349,758,357],[349,2150,303],[349,2150,419],[349,2685,426],[349,3756,341],[350,1696,153],[351,22,380],[351,2815,132],[351,3242,458],[352,1236,479],[353,232,251],[353,1870,224],[353,1870,395],[353,2386,189],[353,2386,461],[354,2735,439],[354,2735,329],[355,517,11],[355,517,469],[355,517,442],[355,524,332],[355,524,407],[355,1177,428],[355,1517,166],[355,1517,177],[355,1954,419],[356,941,427],[356,941,480],[356,2123,110],[356,2123,404],[357,999,123],[357,999,324],[357,2258,425],[357,2258,406],[357,2258,234],[357,2893,332],[358,23,370],[358,23,450],[358,309,449],[358,446,99],[358,1240,397],[358,1373,478],[359,1946,299],[359,3611,428],[360,1786,116],[360,1786,342],[361,246,45],[361,1076,412],[361,1076,379],[361,2833,107],[361,3324,362],[361,3324,204],[362,1419,378],[362,2318,40],[362,2814,245],[362,2814,133],[362,3488,172],[362,3488,297],[363,1880,438],[364,1997,243],[364,1997,166],[365,624,222],[365,624,258],[366,1555,96],[366,1665,372],[366,1900,448],[366,1965,118],[366,1965,138],[366,2938,349],[367,131,396],[367,254,389],[367,931,389],[367,3573,85],[367,3573,222],[368,137,497],[368,651,261],[368,651,323],[368,736,488],[368,736,397],[368,2199,418],[368,3009,250],[369,358,482],[369,1990,428],[369,2004,467],[369,3710,203],[369,3710,20],[370,2291,430],[370,3385,121],[371,604,479],[371,862,350],[371,862,133],[371,1625,380],[371,2386,189],[371,2386,461],[371,3340,112],[371,3340,353],[372,1069,362],[372,1069,269],[372,1460,497],[372,2554,451],[372,2554,419],[373,1009,400],[373,2385,447],[373,2657,121],[373,2657,361],[373,2872,161],[373,2872,442],[374,263,462],[374,263,389],[374,2226,472],[374,3183,457],[374,3797,239],[374,3797,188],[375,2668,480],[375,3077,383],[375,3077,202],[375,3515,466],[376,856,300],[376,856,125],[376,856,247],[376,2920,418],[377,269,285],[377,269,429],[377,428,24],[377,428,130],[377,1436,98],[378,302,179],[378,2511,126],[379,787,278],[379,2906,451],[380,107,109],[380,107,231],[380,293,259],[380,293,333],[380,447,406],[380,447,180],[380,447,283],[380,3194,136],[380,3194,457],[380,3357,384],[381,650,414],[381,981,51],[381,2705,84],[382,1392,17],[382,1722,318],[382,2204,103],[382,2204,454],[382,2447,401],[382,2447,422],[382,2732,491],[383,1019,381],[383,1610,224],[383,1610,456],[384,474,331],[384,474,458],[384,1401,464],[384,1401,236],[385,1504,367],[385,2617,417],[385,2657,121],[385,2657,361],[385,3189,417],[386,1795,429],[386,1795,397],[386,2068,83],[386,2068,363],[387,290,427],[387,3148,291],[388,286,12],[388,286,415],[388,993,457],[388,1429,492],[388,1429,499],[388,1545,32],[388,1545,435],[388,1545,159],[388,1955,376],[388,1955,414],[388,2654,216],[388,2654,467],[388,2797,445],[389,4,415],[389,96,258],[389,96,340],[389,96,416],[389,96,476],[389,2117,168],[389,2117,317],[390,1941,349],[390,1941,184],[390,2840,414],[391,449,372],[391,449,496],[391,767,253],[391,3020,81],[392,364,460],[392,2504,499],[392,3154,411],[392,3158,411],[392,3815,133],[393,613,78],[393,613,430],[393,3202,476],[393,3470,484],[394,173,13],[394,1887,67],[394,2001,262],[394,2439,407],[394,3341,371],[395,3269,245],[396,1116,403],[396,3149,47],[396,3149,370],[396,3149,268],[396,3149,423],[396,3442,378],[396,3728,427],[396,3977,286],[398,177,2],[398,804,74],[398,804,151],[398,2868,16],[400,163,374],[400,163,437],[400,726,130],[400,2174,223],[401,2975,129],[401,3638,439],[401,3824,89],[401,3824,238],[402,512,337],[402,512,173],[402,512,347],[402,1901,481],[402,2421,357],[402,2894,285],[402,3486,93],[402,3486,215],[402,3486,245],[403,2717,205],[403,2717,53],[403,2864,71],[403,2864,411],[403,2864,105],[404,1576,431],[404,2022,53],[404,2022,296],[404,2787,386],[405,749,425],[405,1856,493],[405,1899,59],[405,2303,494],[406,1481,496],[406,1796,436],[406,2406,426],[407,23,370],[407,23,450],[407,3582,460],[407,3582,377],[408,1193,188],[408,1193,455],[409,517,11],[409,517,469],[409,517,442],[410,1714,95],[410,1714,489],[410,2749,6],[410,3397,469],[410,3527,204],[411,990,15],[411,2648,6],[412,738,268],[412,738,461],[412,897,22],[412,897,210],[412,897,450],[412,1858,352],[412,1858,498],[412,1858,116],[412,3029,241],[412,3227,384],[413,630,336],[413,1908,335],[414,325,288],[414,325,387],[414,415,147],[415,65,442],[415,211,105],[415,211,221],[415,2968,390],[415,2968,297],[415,3193,219],[415,3193,474],[416,555,251],[416,555,179],[416,2223,228],[416,2223,350],[416,2530,426],[418,119,491],[418,570,443],[418,622,483],[418,2036,246],[418,2036,106],[418,2036,368],[419,1007,346],[420,39,102],[420,100,119],[420,425,291],[420,2715,283],[420,2715,498],[420,2962,93],[421,657,234],[422,1112,146],[422,1819,286],[422,1819,287],[423,1334,28],[423,1334,123],[424,623,452],[424,623,459],[424,623,61],[424,877,240],[424,877,182],[424,2297,19],[424,2297,470],[425,2251,273],[425,2251,490],[425,2251,320],[425,3504,493],[425,3504,23],[425,3504,55],[425,3653,444],[425,3888,10],[426,1816,392],[426,1816,454],[427,882,170],[427,882,338],[427,1173,14],[428,1624,445],[429,2521,73],[429,2521,192],[429,2864,71],[429,2864,411],[429,2864,105],[430,1170,125],[430,1170,229],[430,1170,347],[430,1839,329],[430,2460,148],[431,1047,464],[431,1641,464],[432,972,81],[432,2949,439],[432,2949,210],[432,3044,308],[432,3750,137],[432,3750,326],[432,3750,436],[433,1361,166],[433,2649,465],[433,3295,71],[433,3884,334],[434,1071,276],[434,1071,27],[434,1385,69],[435,666,400],[435,2251,273],[435,2251,490],[435,2251,320],[436,1170,125],[436,1170,229],[436,1170,347],[437,3266,33],[437,3266,413],[438,2008,440],[438,3885,40],[439,445,310],[439,1725,263],[440,560,175],[440,560,293],[440,560,451],[440,3119,449],[441,239,253],[441,239,117],[441,1076,412],[441,1076,379],[441,1401,464],[441,1401,236],[441,2341,415],[441,3846,457],[442,927,238],[442,927,478],[442,3718,137],[443,2763,337],[443,3320,488],[443,3731,350],[443,3731,391],[443,3731,466],[444,2206,286],[444,3598,447],[445,61,131],[445,1331,180],[445,3860,456],[446,207,422],[447,517,11],[447,517,469],[447,517,442],[447,1131,363],[447,1131,278],[447,1220,339],[447,1220,475],[447,2987,498],[448,1506,466],[448,1506,13],[448,1506,322],[448,2328,308],[448,2328,471],[449,2132,183],[449,2132,483],[449,2150,303],[449,2150,419],[449,2482,482],[450,279,33],[450,451,228],[450,451,474],[450,2164,232],[450,3650,470],[451,2218,68],[451,2218,120],[452,1332,148],[452,2146,100],[452,2146,196],[452,2739,161],[452,2739,447],[453,406,498],[453,646,16],[453,646,176],[453,827,469],[453,2715,283],[453,2715,498],[454,1184,423],[454,1184,24],[454,2262,484],[454,2572,480],[454,3741,363],[455,538,201],[455,1079,227],[455,1251,107],[455,1251,182],[455,2555,476],[456,2036,246],[456,2036,106],[456,2036,368],[456,2520,437],[456,2520,483],[457,2048,462],[457,2690,121],[458,211,105],[458,211,221],[458,2650,33],[458,3271,470],[458,3647,137],[458,3647,294],[459,449,372],[459,449,496],[459,2195,438],[460,293,259],[460,293,333],[460,899,365],[460,899,384],[460,3861,498],[461,526,70],[461,3115,276],[461,3826,377],[462,1858,352],[462,1858,498],[462,1858,116],[462,3869,308],[463,2583,343],[464,3012,71],[464,3012,474],[464,3692,491],[465,952,101],[465,1599,19],[466,1545,32],[466,1545,435],[466,1545,159],[466,1653,74],[466,1653,488],[468,2161,225],[468,2181,238],[468,2441,314],[468,2454,208],[468,3702,190],[469,2265,473],[469,2775,379],[470,169,472],[470,1101,62],[470,1101,477],[470,1801,279],[470,1801,242],[470,3559,1],[470,3848,290],[470,3848,428],[471,2055,314],[472,226,333],[472,226,366],[472,804,74],[472,804,151],[473,761,466],[473,1184,423],[473,1184,24],[473,2007,284],[474,673,456],[474,1938,153],[474,3003,178],[475,522,10],[475,522,338],[475,777,341],[476,3070,94],[477,609,89],[477,609,448],[477,609,499],[477,2219,54],[477,2219,369],[477,2993,237],[478,286,12],[478,286,415],[478,2921,331],[479,47,138],[479,47,259],[480,3098,495],[481,371,500],[481,600,278],[481,1422,153],[481,1422,358],[481,1889,132],[482,737,489],[482,845,488],[482,3896,325],[483,3164,489],[484,2751,444],[484,2915,499],[484,3752,327],[485,457,295],[485,457,322],[485,499,231],[485,672,317],[485,3448,328],[485,3448,39],[486,2094,315],[486,2094,195],[486,2094,386],[486,2737,40],[486,2737,198],[486,3652,205],[487,285,491],[487,429,491],[487,1314,125],[487,1314,491],[487,2327,325],[487,2327,353],[487,2327,489],[487,2592,150],[488,957,114],[488,957,205],[488,2804,161],[488,2804,65],[488,3746,115],[489,1968,275],[490,123,21],[490,124,33],[490,1446,279],[490,2307,269],[492,1458,220],[492,1458,55],[492,3188,138],[493,330,36],[493,1861,494],[493,2735,439],[493,2735,329],[493,3709,310],[493,3709,494],[494,102,495],[494,2380,495],[495,3265,462],[495,3995,487],[496,2654,216],[496,2654,467],[497,1123,11],[497,1817,484],[497,2738,35],[497,2738,193],[497,3647,137],[497,3647,294],[498,1026,163],[499,505,267],[499,2371,257],[500,2609,62],[500,3090,425],[500,3090,451],[500,3090,212]];

jitters = [20000,10000,20000,10000,20000,1000,1000,10000,20000,20000,20000,20000,100000,20000,1000,20000,10000,10000,20000,10000,10000,10000,10000,10000,20000,100000,10000,10000,10000,1000,10000,20000,10000,10000,1000,10000,100000,10000,100000,100000,100000,1000,10000,20000,20000,5000,1000,10000,20000,100000,10000,20000,100000,10000,100000,10000,20000,100000,10000,10000,10000,10000,100000,10000,10000,10000,20000,20000,20000,10000,10000,10000,10000,10000,1000,100000,10000,50000,100000,2000,20000,10000,20000,100000,20000,100000,20000,10000,10000,50000,100000,10000,10000,10000,100000,1000,10000,20000,100000,100000,20000,20000,20000,10000,100000,10000,100000,20000,20000,100000,20000,20000,10000,100000,20000,20000,10000,10000,100000,20000,100000,100000,20000,20000,20000,50000,10000,20000,10000,20000,100000,5000,100000,50000,10000,20000,10000,10000,100000,10000,20000,2000,20000,100000,20000,100000,20000,10000,20000,10000,10000,50000,20000,10000,100000,20000,10000,100000,10000,10000,20000,20000,20000,100000,50000,100000,10000,20000,10000,20000,20000,10000,10000,20000,20000,100000,100000,10000,10000,10000,10000,50000,20000,20000,10000,100000,100000,20000,10000,20000,100000,10000,10000,20000,10000,10000,100000,20000,100000,10000,20000,50000,10000,2000,1000,20000,100000,100000,100000,100000,2000,100000,10000,10000,10000,100000,10000,10000,20000,20000,20000,10000,20000,20000,20000,20000,10000,10000,20000,20000,100000,10000,10000,20000,50000,10000,10000,2000,20000,20000,20000,100000,5000,10000,20000,20000,1000,20000,20000,20000,20000,10000,10000,10000,20000,10000,100000,10000,100000,100000,10000,10000,2000,5000,20000,100000,100000,20000,20000,20000,100000,20000,10000,20000,20000,20000,10000,20000,20000,100000,100000,50000,10000,100000,20000,1000,5000,1000,100000,10000,20000,50000,50000,20000,20000,50000,20000,10000,2000,20000,100000,100000,10000,100000,10000,20000,100000,20000,10000,2000,100000,100000,20000,20000,100000,100000,20000,50000,10000,100000,10000,100000,20000,10000,50000,10000,20000,20000,100000,100000,20000,100000,20000,100000,100000,5000,10000,10000,20000,20000,100000,100000,5000,10000,20000,20000,100000,10000,10000,100000,100000,10000,10000,50000,10000,10000,10000,100000,20000,10000,100000,100000,100000,20000,100000,20000,10000,20000,20000,100000,10000,100000,10000,10000,20000,20000,10000,100000,100000,100000,20000,20000,20000,100000,20000,10000,10000,20000,10000,20000,20000,10000,50000,100000,20000,10000,100000,10000,5000,20000,2000,5000,10000,10000,1000,100000,100000,50000,50000,20000,10000,10000,20000,20000,10000,20000,20000,20000,10000,10000,5000,20000,100000,100000,1000,20000,10000,20000,10000,100000,100000,100000,100000,1000,20000,100000,100000,100000,2000,100000,100000,10000,20000,10000,20000,100000,10000,20000,20000,100000,100000,50000,10000,20000,50000,20000,20000,100000,100000,10000,10000,10000,10000,100000,100000,20000,20000,100000,10000,100000,20000,100000,20000,100000,10000,50000,100000,100000,10000,20000,5000,20000,20000,50000,10000,20000,20000,20000,20000,1000,20000,100000,1000,1000,1000,20000,100000,10000,10000,20000];

