NumChains = 50;
NumResources = 3;
NumRunnablesInChains = 280;
MemoryBoundOnResource = 1048576;
UtilizationBoundOnResource = 100;

numberOfTasksinChain = [13,9,13,11,11,9,9,7,11,11,7,13,9,11,13,13,7,7,11,13,13,13,13,7,7,11,7,7,9,9,7,7,13,13,13,13,11,7,9,11,11,9,7,11,9,7,13,13,11,11];

runnablesInChains = [235,161,493,299,331,243,357,229,356,358,397,184,477,176,82,209,126,317,64,77,138,1,111,224,76,146,259,112,108,155,128,371,190,80,114,170,16,227,179,371,268,395,441,266,87,13,475,45,418,458,304,265,18,376,302,445,151,45,207,399,444,126,189,142,303,359,74,64,252,140,254,180,460,115,92,267,40,47,241,431,213,497,230,225,254,70,355,311,218,151,4,106,497,70,496,363,52,190,413,351,202,129,295,335,439,162,139,226,3,89,392,326,357,385,118,294,370,486,141,400,315,222,35,214,439,131,271,173,263,350,369,469,358,98,288,468,8,147,5,76,464,153,338,198,498,302,363,432,7,74,286,64,28,244,451,413,307,132,152,207,452,171,307,351,438,483,175,207,346,455,141,284,58,215,322,76,361,447,438,108,175,9,244,392,93,87,468,331,166,422,100,367,192,70,255,470,483,340,239,34,203,226,124,399,400,449,444,316,162,336,226,65,395,496,197,119,50,21,278,495,452,110,315,67,297,489,379,145,392,433,131,221,273,462,430,329,280,117,58,461,107,213,264,125,151,500,138,493,381,242,189,317,64,28,367,113,482,375,75,252,184,410,231,188,485,137,308,261,338,388,128,476,14,437,494,198,15,262,2,492];

ProcessingTimesOfMessages = [[1,1,1,1,1,1,1],[1,1,1,1,1,1],[1,1,1,1,1,1,1],[1,1,1,1,1,1,1],[1,1,1,1,1,1],[1,1,1,1,1],[1,1,1,1,1,1,1,1,1],[1,1,1,1,1,1],[1,1,1,1,1,1,1],[1,1,1,1,1],[1,1,1,1,1,1,1,1],[1,1,1,1,1,1,1,1],[1,1,1,1,1,1,1,1],[1,1,1],[1,1,1,1,1,1],[1,1,1,1,1,1],[1,1,1,1,1,1,1,1],[1,1,1,1,1,1,1],[1,1,1,1,1,1,1,1,1,1],[1,1,1,1,1,1],[1,1,1],[1,1,1,1,1,1,1],[1,1,1,1,1,1,1,1,1,1],[1,1,1],[1,1,1,1,1],[1,1,1,1,1,1,1,1],[1,1,1,1,1,1,1,1],[1,1,1,1,1,1,1,1],[1,1,1,1],[1,1,1,1,1,1,1,1,1],[1,1,1,1,1,1],[1,1,1,1,1],[1,1,1,1,1,1,1],[1,1,1,1,1,1,1],[1,1,1],[1,1,1],[1,1,1,1,1,1,1,1],[1,1,1,1,1,1,1,1],[1,1,1,1,1,1,1,1],[1,1,1,1,1],[1,1,1,1,1,1,1,1,1],[1,1,1],[1,1,1,1,1,1,1],[1,1,1,1,1,1,1,1,1,1,1,1,1,1],[1,1,1,1,1,1,1],[1,1,1,1,1],[1,1,1,1,1,1],[1,1,1,1,1,1,1,1,1],[1,1,1,1,1,1,1,1],[1,1,1,1,1,1,1],[1,1,1,1,1,1,1,1,1,1,1],[1,1,1,1,1],[1,1,1,1,1,1,1,1,1,1,1,1],[1,1,1,1,1,1,1,1],[1,1,1,1,1,1],[1,1,1,1,1,1],[1,1,1,1,1,1,1,1],[1,1,1,1,1],[1,1,1,1,1,1,1,1,1],[1,1,1,1,1,1,1,1],[1,1,1,1,1,1],[1,1,1],[1,1,1,1,1,1],[1,1,1,1,1],[1,1,1,1,1,1,1,1],[1,1,1,1],[1,1,1,1],[1,1,1,1,1,1,1],[1,1,1,1,1,1,1],[1,1,1,1,1,1,1,1,1],[1,1,1,1,1,1,1,1],[1,1,1,1,1,1,1],[1,1,1,1,1,1],[1,1,1,1,1,1],[1,1,1,1,1,1,1,1,1,1,1],[1,1],[1,1,1,1,1],[1,1,1,1],[1,1,1],[1,1,1,1,1,1,1,1],[1,1,1,1,1,1,1],[1,1,1,1,1],[1,1,1,1,1],[1,1,1,1,1],[1,1,1,1,1,1,1,1],[1,1,1,1,1,1],[1,1,1,1,1],[1,1,1,1,1],[1,1,1,1,1,1],[1,1,1,1],[1,1,1,1,1,1,1],[1,1,1,1,1],[1,1,1,1,1,1,1],[1,1,1,1,1,1,1,1,1],[1,1,1,1,1,1],[1,1,1],[1,1,1,1],[1,1,1,1,1,1],[1,1,1,1,1],[1,1,1,1,1,1],[1,1,1,1,1,1,1],[1,1,1,1,1,1,1,1],[1,1,1,1,1,1],[1,1,1,1,1],[1,1,1,1,1],[1,1,1],[1,1,1,1,1,1,1],[1,1,1,1,1,1,1],[1,1,1,1,1,1,1,1],[1,1,1,1,1,1],[1,1,1,1,1],[1,1,1,1,1,1,1,1,1,1],[1,1,1,1],[1,1,1,1,1],[1,1,1,1,1,1],[1,1,1,1,1],[1,1,1,1,1,1,1,1,1],[1,1,1,1,1,1],[1,1,1,1,1],[1,1,1,1,1,1,1],[1,1,1,1,1,1],[1,1,1,1,1,1],[1,1,1,1,1,1],[1,1,1,1],[1,1,1,1,1,1,1,1,1,1,1],[1,1,1,1,1],[1,1,1,1,1,1],[1],[1,1,1,1,1,1,1],[1,1,1,1,1],[1,1,1,1],[1,1,1,1,1,1,1],[1,1,1,1,1,1,1,1,1],[1,1,1,1,1],[1,1,1,1,1,1],[1,1,1,1,1],[1,1,1,1,1],[1,1,1,1,1,1],[1,1,1,1],[1,1,1,1,1],[1,1,1,1,1],[1,1,1,1],[1,1,1,1,1,1],[1,1,1,1],[1,1,1,1,1],[1,1,1,1,1,1,1,1,1],[1,1,1,1],[1,1,1,1,1,1,1],[1,1,1,1,1,1,1,1,1,1,1,1,1],[1,1,1,1,1,1],[1,1,1],[1,1,1,1],[1,1,1,1,1,1,1,1,1],[1,1,1,1],[1,1,1],[1,1,1,1,1,1,1],[1,1,1,1],[1,1,1,1,1,1,1],[1,1,1,1,1],[1,1,1],[1,1,1,1,1,1,1],[1,1,1,1,1],[1,1,1,1,1],[1,1,1,1],[1,1,1,1],[1,1,1,1,1,1],[1,1,1,1,1],[1,1,1],[1,1,1,1,1,1,1,1,1],[1,1,1,1],[1,1,1],[1,1,1,1,1,1],[1,1,1,1,1],[1,1,1,1,1,1],[1,1,1,1,1],[1,1,1,1,1],[1,1,1,1,1,1,1,1],[1,1,1,1,1,1,1,1],[1,1,1,1,1],[1,1,1,1,1],[1,1,1,1,1,1,1,1,1,1],[1,1,1,1,1,1,1],[1,1,1,1,1],[1,1,1,1,1],[1,1,1,1],[1,1,1,1,1,1,1],[1,1,1,1,1,1],[1,1,1,1],[1,1,1,1,1,1,1],[1,1,1,1,1,1],[1,1,1,1,1,1],[1,1,1,1,1,1],[1,1,1,1],[1,1,1,1,1,1],[1,1,1,1,1,1],[1,1,1,1],[1,1,1],[1,1,1,1,1,1,1],[1,1,1,1,1,1,1,1,1,1,1,1,1],[1,1,1,1,1,1,1,1],[1,1],[1,1,1,1,1],[1,1,1,1,1,1],[1,1,1,1,1,1,1,1],[1,1,1,1],[1,1,1,1],[1,1,1,1,1,1],[1,1,1,1,1],[1,1,1],[1,1,1,1,1,1],[1,1,1,1,1],[1,1,1,1,1,1],[1,1,1,1],[1,1,1,1],[1,1,1,1,1],[1,1,1,1,1,1,1,1,1,1],[1,1,1,1,1,1,1,1,1],[1,1,1,1],[],[1,1,1,1,1],[1,1],[1,1,1],[1,1,1,1],[1,1],[1,1,1,1,1,1,1],[1,1,1,1,1,1],[1,1,1],[1,1,1,1],[1,1,1,1,1,1,1,1],[1,1,1,1,1,1],[1,1],[1,1,1,1,1,1],[1,1,1,1,1],[1,1],[1,1,1,1,1,1],[1,1,1,1,1],[1,1],[1,1,1,1,1,1],[1,1,1,1],[1,1,1],[1,1,1],[1,1,1,1,1],[1,1,1,1,1],[1,1,1,1],[1],[1,1,1,1,1,1,1,1],[1,1,1,1],[1,1,1,1],[1,1,1,1,1,1,1,1,1],[1,1],[1,1,1,1,1],[1,1,1],[1,1,1],[1,1,1,1,1,1],[1,1,1,1],[1,1,1,1,1],[1],[1,1,1,1,1],[1,1,1,1,1,1,1],[1,1],[1,1,1,1,1,1],[1,1,1],[1,1,1,1,1,1,1,1,1],[1,1],[1,1,1,1],[1],[1,1,1],[1,1,1,1,1],[1,1,1,1],[1,1,1,1],[1,1,1,1,1],[1,1,1,1,1],[1,1,1,1,1,1,1],[1,1,1,1,1,1,1],[1,1,1],[1,1,1,1,1,1,1],[1,1,1,1],[1,1],[1,1,1,1,1,1,1,1,1,1],[1,1,1,1,1],[1,1,1],[1],[1,1],[1],[1,1,1,1,1,1,1],[1,1,1,1,1,1,1],[1,1,1,1,1,1,1],[1,1,1,1,1],[1,1],[1,1,1,1,1,1,1,1,1],[1,1],[1,1,1,1],[1,1,1,1,1,1],[1,1,1],[1,1,1,1,1,1,1,1],[1,1,1,1,1],[1,1,1,1,1],[1,1,1,1,1,1,1],[1,1,1,1],[1,1,1,1,1,1],[1,1],[1,1,1,1,1],[1,1,1,1,1],[1,1,1,1,1,1,1,1],[1,1,1,1,1],[1,1,1,1,1,1,1],[1,1,1,1],[1,1],[1,1,1,1,1,1],[1,1,1],[1,1,1,1,1,1,1,1],[1,1,1,1],[1,1,1,1,1],[1,1,1,1,1,1],[1,1,1,1],[1,1,1],[1,1],[1,1,1,1,1,1,1,1,1,1],[1,1,1,1,1,1,1,1,1],[1,1,1],[1,1,1],[1,1],[1,1,1],[1,1],[1,1,1],[1,1,1],[1,1,1,1,1,1,1],[1,1,1,1,1,1,1],[1,1,1],[1,1,1,1],[1,1,1,1],[1,1,1,1,1,1,1,1],[1,1,1,1,1,1],[1,1,1,1,1],[1],[1,1,1,1,1],[1,1,1,1,1,1],[1,1,1,1],[1,1],[1,1,1],[1,1,1,1,1,1,1],[1,1,1,1,1],[1,1,1],[1,1,1,1,1,1,1],[1,1,1,1,1,1,1],[1,1],[1,1,1,1,1],[1,1,1,1,1,1,1,1],[1,1,1,1,1,1],[1,1,1,1,1,1],[1,1,1,1],[1,1],[1,1,1,1,1],[1,1,1,1],[1,1,1,1,1,1],[1,1,1],[1,1,1],[1,1,1,1,1],[1,1,1,1,1,1],[1,1,1,1,1],[1,1],[1,1,1,1,1,1,1],[1,1],[1,1],[1,1,1],[1,1,1],[1,1,1,1],[1,1,1,1,1],[1,1,1],[1,1,1,1],[1,1,1],[1],[1,1,1],[1],[1,1,1,1,1],[1,1,1],[1,1,1,1,1,1],[1,1,1,1],[1,1,1],[1,1,1,1,1,1],[1],[1,1,1],[1,1,1,1,1],[1,1,1],[1],[1,1],[1,1,1,1,1,1,1],[1,1,1],[1,1,1,1,1,1],[1,1],[1,1],[1,1,1],[1,1],[1,1,1],[1],[1,1],[1,1],[1,1,1],[1,1,1,1],[1,1,1,1,1],[1],[1,1],[1,1],[1,1,1,1,1,1],[1,1,1,1],[1],[1,1,1,1,1,1,1,1],[1,1,1,1,1,1],[1,1,1,1,1],[1,1,1],[],[1,1,1,1],[1,1,1,1,1,1],[1,1,1,1],[1],[1,1],[1,1,1,1,1],[1,1,1],[1,1,1],[1,1,1,1],[1,1,1],[1],[1],[1,1],[1,1,1,1,1,1],[1,1,1,1],[1,1,1,1,1],[1,1],[1,1,1],[1,1,1,1,1,1],[1,1,1,1],[1,1],[],[1],[1,1,1,1,1],[1],[1,1,1],[1,1],[1,1,1],[1,1],[1,1,1],[1,1],[1,1,1],[1,1],[1,1,1],[1,1,1,1],[1,1,1,1],[1,1,1,1],[1,1],[1,1,1,1],[1,1],[1,1,1,1,1],[1],[1,1],[1,1,1,1,1],[1],[1,1],[1,1],[1,1,1],[1,1,1,1],[1,1,1,1,1],[1],[],[1,1,1,1,1],[1,1,1,1],[1,1,1,1,1,1],[1,1,1],[1,1],[1,1,1],[1,1,1],[1,1,1],[1,1,1],[],[1,1,1,1,1,1,1],[1,1,1,1],[1,1,1,1,1,1],[1,1],[1,1,1],[1,1,1],[1,1,1],[1,1],[1,1,1],[1,1,1,1],[1,1],[1,1],[1],[1,1,1],[1,1,1,1],[1,1,1],[1,1,1],[],[1],[1,1,1,1,1],[1,1,1,1,1],[1,1],[1,1,1,1],[1],[1,1,1,1,1,1,1],[1,1,1],[1,1,1]];

processingTimesRunnables = [4,6,4,6,5,4,6,6,5,6,4,5,6,5,3,5,5,3,5,5,7,5,5,4,5,5,5,6,3,4,6,5,4,5,4,5,5,3,5,3,3,7,6,5,2,3,5,7,3,7,5,5,6,5,6,5,6,4,5,5,3,5,5,4,5,5,3,7,7,5,5,5,5,3,4,4,2,5,5,4,6,3,5,5,6,5,5,4,5,3,2,5,4,3,4,4,5,5,5,4,4,6,4,6,5,4,4,5,7,4,5,5,6,6,3,3,6,3,4,4,3,7,5,5,7,5,5,5,6,3,7,5,4,5,6,6,5,4,6,6,5,5,5,5,5,5,6,5,5,5,5,7,4,5,7,5,3,6,5,7,7,3,5,7,5,5,5,6,6,5,5,2,4,5,4,3,3,3,5,3,5,4,5,3,3,4,6,5,6,6,4,5,2,5,6,6,4,5,5,3,5,4,5,6,5,2,6,3,5,5,6,5,4,3,5,4,4,3,4,5,4,3,2,5,7,2,3,5,5,4,4,5,6,5,4,6,5,6,4,5,5,6,6,7,3,3,6,5,5,6,4,6,5,4,5,5,5,2,6,5,6,3,6,5,2,6,4,5,5,4,6,4,3,3,2,5,5,5,5,3,2,6,6,5,4,5,5,5,7,2,6,5,4,7,4,6,3,5,5,6,6,5,4,3,4,6,6,4,3,6,3,7,5,5,2,3,6,5,5,5,7,6,5,4,5,4,5,6,3,4,5,6,5,6,2,6,6,5,6,7,3,3,3,7,4,5,6,6,6,5,5,3,5,2,5,2,6,4,6,6,5,4,4,5,5,6,4,6,4,5,6,6,5,4,4,7,6,5,4,3,5,4,5,5,7,6,4,3,5,5,5,5,6,5,5,5,5,5,5,5,5,7,5,5,2,5,7,5,3,6,4,5,6,5,4,5,4,5,5,5,3,4,6,5,2,2,4,7,5,5,6,5,4,4,6,5,6,5,5,5,6,4,5,6,6,5,7,7,3,5,6,3,5,3,6,3,4,2,6,5,3,3,6,5,5,7,2,3,6,5,5,3,5,3,6,5,5,6,5,3,3,6,2,4,6,5,3,3,5,7,4,6,5,4,4,6,5,7,6,5];

periods = [20000,10000,20000,10000,20000,20000,10000,20000,20000,10000,2000,20000,100000,20000,10000,20000,20000,10000,10000,20000,10000,10000,20000,10000,10000,100000,20000,1000,10000,5000,20000,100000,10000,20000,100000,100000,10000,20000,100000,5000,10000,20000,50000,100000,100000,20000,5000,20000,50000,10000,10000,10000,10000,100000,20000,50000,20000,50000,50000,100000,20000,10000,100000,1000,20000,100000,100000,10000,100000,10000,10000,100000,100000,1000,10000,20000,20000,10000,2000,20000,100000,1000,100000,10000,10000,100000,20000,10000,20000,10000,20000,5000,20000,50000,50000,20000,2000,10000,10000,10000,20000,100000,20000,10000,10000,10000,10000,20000,100000,100000,20000,20000,10000,20000,5000,100000,50000,100000,10000,100000,20000,10000,10000,20000,10000,1000,10000,20000,100000,100000,100000,100000,100000,20000,10000,10000,10000,20000,100000,10000,100000,1000,100000,50000,20000,20000,20000,10000,20000,20000,10000,100000,20000,10000,20000,10000,100000,20000,50000,100000,20000,100000,100000,20000,20000,20000,100000,50000,100000,20000,100000,100000,100000,20000,20000,1000,20000,10000,20000,10000,20000,20000,100000,10000,20000,100000,100000,10000,1000,20000,10000,10000,100000,20000,10000,100000,10000,10000,10000,10000,50000,20000,20000,20000,2000,20000,100000,100000,1000,20000,10000,10000,10000,100000,50000,100000,20000,10000,100000,20000,100000,100000,20000,20000,10000,20000,20000,2000,10000,10000,10000,100000,20000,20000,20000,20000,100000,10000,20000,1000,5000,20000,20000,20000,20000,5000,10000,100000,100000,100000,100000,10000,100000,10000,10000,10000,20000,5000,20000,20000,10000,10000,10000,10000,10000,20000,5000,20000,10000,10000,100000,100000,100000,10000,20000,20000,10000,100000,10000,50000,100000,10000,5000,50000,50000,1000,10000,10000,20000,100000,10000,10000,10000,100000,100000,10000,20000,20000,20000,20000,20000,10000,1000,100000,20000,20000,20000,10000,10000,100000,10000,20000,20000,10000,100000,100000,1000,10000,100000,20000,10000,50000,100000,20000,100000,20000,20000,10000,50000,20000,20000,10000,20000,10000,100000,20000,20000,20000,10000,20000,2000,10000,20000,2000,20000,100000,20000,100000,10000,10000,20000,100000,100000,100000,10000,10000,20000,10000,1000,100000,20000,20000,10000,100000,100000,100000,10000,10000,10000,100000,20000,100000,10000,5000,10000,10000,2000,20000,20000,100000,20000,20000,2000,20000,20000,10000,10000,20000,100000,20000,100000,20000,20000,10000,20000,10000,10000,20000,100000,100000,20000,100000,10000,10000,100000,20000,10000,20000,20000,10000,10000,50000,20000,20000,10000,10000,10000,100000,20000,100000,10000,10000,100000,20000,20000,10000,10000,10000,5000,100000,10000,10000,20000,20000,20000,10000,20000,20000,100000,100000,20000,100000,100000,100000,10000,10000,20000,100000,100000,10000,20000,100000,10000,10000,100000,10000,10000,100000,10000,10000,10000,100000,50000,20000,2000,100000,20000,20000,10000,10000,10000,20000,10000,20000,100000,20000,1000,100000,20000,100000,100000,10000,20000,100000,10000,100000,10000,10000,20000,100000,20000,10000,20000,10000,100000,10000,10000,10000,2000,20000];

communicationTimeForOrderCriticalMessages = [1,1,1,1,1,1,1,1,1,1,1,1,1,1,1,1,1,1,1,1,1,1,1,1,1,1,1,1,1,1,1,1,1,1,1,1,1,1,1,1,1,1,1,1,1,1,1,1,1,1,1,1,1,1,1,1,1,1,1,1,1,1,1,1,1,1,1,1,1,1,1,1,1,1,1,1,1,1,1,1,1,1,1,1,1,1,1,1,1,1,1,1,1,1,1,1,1,1,1,1,1,1,1,1,1,1,1,1,1,1,1,1,1,1,1,1,1,1,1,1,1,1,1,1,1,1,1,1,1,1,1,1,1,1,1,1,1,1,1,1,1,1,1,1,1,1,1,1,1,1,1,1,1,1,1,1,1,1,1,1,1,1,1,1,1,1,1,1,1,1,1,1,1,1,1,1,1,1,1,1,1,1,1,1,1,1,1,1,1,1,1,1,1,1,1,1,1,1,1,1,1,1,1,1,1,1,1,1,1,1,1,1,1,1,1,1,1,1,1,1,1,1,1,1,1,1,1,1,1,1];

sizeOfRunnables = [1,1,1,1,1,1,1,1,1,1,1,1,1,1,1,1,1,1,1,1,1,1,1,1,1,1,1,1,1,1,1,1,1,1,1,1,1,1,1,1,1,1,1,1,1,1,1,1,1,1,1,1,1,1,1,1,1,1,1,1,1,1,1,1,1,1,1,1,1,1,1,1,1,1,1,1,1,1,1,1,1,1,1,1,1,1,1,1,1,1,1,1,1,1,1,1,1,1,1,1,1,1,1,1,1,1,1,1,1,1,1,1,1,1,1,1,1,1,1,1,1,1,1,1,1,1,1,1,1,1,1,1,1,1,1,1,1,1,1,1,1,1,1,1,1,1,1,1,1,1,1,1,1,1,1,1,1,1,1,1,1,1,1,1,1,1,1,1,1,1,1,1,1,1,1,1,1,1,1,1,1,1,1,1,1,1,1,1,1,1,1,1,1,1,1,1,1,1,1,1,1,1,1,1,1,1,1,1,1,1,1,1,1,1,1,1,1,1,1,1,1,1,1,1,1,1,1,1,1,1,1,1,1,1,1,1,1,1,1,1,1,1,1,1,1,1,1,1,1,1,1,1,1,1,1,1,1,1,1,1,1,1,1,1,1,1,1,1,1,1,1,1,1,1,1,1,1,1,1,1,1,1,1,1,1,1,1,1,1,1,1,1,1,1,1,1,1,1,1,1,1,1,1,1,1,1,1,1,1,1,1,1,1,1,1,1,1,1,1,1,1,1,1,1,1,1,1,1,1,1,1,1,1,1,1,1,1,1,1,1,1,1,1,1,1,1,1,1,1,1,1,1,1,1,1,1,1,1,1,1,1,1,1,1,1,1,1,1,1,1,1,1,1,1,1,1,1,1,1,1,1,1,1,1,1,1,1,1,1,1,1,1,1,1,1,1,1,1,1,1,1,1,1,1,1,1,1,1,1,1,1,1,1,1,1,1,1,1,1,1,1,1,1,1,1,1,1,1,1,1,1,1,1,1,1,1,1,1,1,1,1,1,1,1,1,1,1,1,1,1,1,1,1,1,1,1,1,1,1,1,1,1,1,1,1,1,1,1,1,1,1,1,1,1,1,1,1,1,1,1,1,1,1,1,1,1,1,1,1,1,1,1,1,1,1,1,1,1,1,1];

SenderLabelReceiverOrderCriticalChains = [[235,3224,0,0,161],[161,522,0,0,493],[493,1016,0,0,299],[299,2266,0,0,331],[331,649,0,0,243],[243,1937,0,0,357],[229,3657,0,0,356],[356,1776,0,0,358],[358,1790,0,0,397],[397,3888,0,0,184],[477,1665,0,0,176],[176,1206,0,0,82],[82,3663,0,0,209],[209,2596,0,0,126],[126,3154,0,0,317],[317,1657,3011,0,64],[77,2987,0,0,138],[138,1884,0,0,1],[1,600,0,0,111],[111,3324,0,0,224],[224,325,0,0,76],[146,1253,0,0,259],[259,1405,0,0,112],[112,88,0,0,108],[108,489,0,0,155],[155,2815,0,0,128],[371,2838,0,0,190],[190,3097,0,0,80],[80,1099,0,0,114],[114,1850,0,0,170],[16,1734,0,0,227],[227,1190,0,0,179],[179,2021,0,0,371],[371,1399,0,0,268],[395,1625,0,0,441],[441,1475,0,0,266],[266,949,0,0,87],[13,3950,0,0,475],[475,1186,0,0,45],[45,772,0,0,418],[418,2172,0,0,458],[458,763,0,0,304],[265,1421,0,0,18],[18,256,0,0,376],[376,1455,0,0,302],[302,3425,0,0,445],[445,14,0,0,151],[45,1286,0,0,207],[207,191,0,0,399],[399,3188,0,0,444],[126,2235,0,0,189],[189,2517,0,0,142],[142,2984,0,0,303],[303,2737,0,0,359],[359,2684,0,0,74],[74,813,0,0,64],[252,1089,0,0,140],[140,1516,0,0,254],[254,3502,0,0,180],[180,589,0,0,460],[115,26,675,0,92],[92,3333,0,0,267],[267,1888,2856,0,40],[40,407,612,0,47],[47,3088,0,0,241],[431,3813,0,0,213],[213,2479,0,0,497],[497,2985,0,0,230],[230,3453,0,0,225],[225,2987,0,0,254],[254,649,0,0,70],[355,3969,0,0,311],[311,3344,0,0,218],[218,295,0,0,151],[151,3512,0,0,4],[4,1219,0,0,106],[106,254,0,0,497],[70,1846,0,0,496],[496,3235,0,0,363],[363,3868,0,0,52],[190,2815,0,0,413],[413,1934,0,0,351],[351,3826,0,0,202],[129,3607,0,0,295],[295,3474,0,0,335],[335,2932,0,0,439],[439,1558,0,0,162],[162,495,0,0,139],[226,1253,0,0,3],[3,1642,0,0,89],[89,243,0,0,392],[392,2162,0,0,326],[326,1038,0,0,357],[357,1440,0,0,385],[118,2635,0,0,294],[294,2886,0,0,370],[370,841,0,0,486],[486,575,0,0,141],[141,970,0,0,400],[400,3314,0,0,315],[222,2821,0,0,35],[35,3907,0,0,214],[214,1086,0,0,439],[439,626,0,0,131],[131,3438,0,0,271],[271,25,0,0,173],[263,903,0,0,350],[350,859,0,0,369],[369,3609,0,0,469],[469,2197,0,0,358],[358,3604,0,0,98],[98,3234,0,0,288],[468,463,0,0,8],[8,2891,0,0,147],[147,3936,0,0,5],[76,3194,0,0,464],[464,3609,0,0,153],[153,185,0,0,338],[198,409,0,0,498],[498,3500,0,0,302],[302,3829,0,0,363],[363,3139,0,0,432],[432,176,0,0,7],[74,1085,0,0,286],[286,1373,0,0,64],[64,1130,3720,0,28],[244,92,0,0,451],[451,900,0,0,413],[413,3546,0,0,307],[132,1316,0,0,152],[152,557,0,0,207],[207,3664,0,0,452],[452,1002,0,0,171],[307,1287,0,0,351],[351,3313,0,0,438],[438,805,0,0,483],[483,3316,0,0,175],[207,2920,0,0,346],[346,2688,0,0,455],[455,3898,0,0,141],[284,1767,0,0,58],[58,173,0,0,215],[215,462,0,0,322],[76,579,0,0,361],[361,746,0,0,447],[447,63,0,0,438],[438,2253,0,0,108],[108,1027,0,0,175],[175,1756,0,0,9],[244,3278,0,0,392],[392,1147,0,0,93],[93,2697,0,0,87],[87,1966,0,0,468],[468,459,2456,0,331],[331,3224,0,0,166],[422,3118,0,0,100],[100,1544,0,0,367],[367,701,0,0,192],[192,563,0,0,70],[70,164,0,0,255],[255,3740,0,0,470],[483,1311,0,0,340],[340,371,0,0,239],[239,2957,0,0,34],[34,521,0,0,203],[203,244,0,0,226],[226,3767,0,0,124],[399,1502,0,0,400],[400,190,0,0,449],[449,424,0,0,444],[444,1807,0,0,316],[316,2685,0,0,162],[336,1451,0,0,226],[226,858,0,0,65],[65,1576,0,0,395],[496,1211,0,0,197],[197,2733,0,0,119],[119,2115,0,0,50],[50,2248,0,0,21],[278,3696,0,0,495],[495,1619,0,0,452],[452,2590,0,0,110],[110,1485,0,0,315],[315,1124,0,0,67],[297,434,0,0,489],[489,3773,0,0,379],[379,991,0,0,145],[145,55,0,0,392],[392,1416,0,0,433],[131,1831,0,0,221],[221,442,0,0,273],[273,3492,0,0,462],[462,496,0,0,430],[329,1087,0,0,280],[280,585,0,0,117],[117,1144,0,0,58],[461,3150,0,0,107],[107,3720,0,0,213],[213,1664,0,0,264],[264,1493,0,0,125],[125,271,0,0,151],[500,922,0,0,138],[138,2129,0,0,493],[493,1923,0,0,381],[381,3994,0,0,242],[189,1859,0,0,317],[317,1657,3011,0,64],[64,1130,3720,0,28],[367,3375,0,0,113],[113,2099,0,0,482],[482,3158,0,0,375],[375,234,0,0,75],[75,3945,0,0,252],[252,1087,0,0,184],[410,1978,0,0,231],[231,322,0,0,188],[188,680,0,0,485],[485,230,0,0,137],[137,2195,0,0,308],[308,110,0,0,261],[338,2794,0,0,388],[388,3231,0,0,128],[128,1483,0,0,476],[476,3381,0,0,14],[14,1930,0,0,437],[494,1755,0,0,198],[198,1783,0,0,15],[15,3582,0,0,262],[262,88,0,0,2],[2,739,0,0,492]];

SenderLabelReceiverNonOrderCriticalChains = [[1,600,111],[1,977,244],[1,977,486],[1,2246,6],[1,2641,212],[1,3465,368],[1,3465,305],[2,572,60],[2,739,492],[2,1665,176],[2,1665,251],[2,2353,312],[2,2800,4],[3,531,223],[3,531,41],[3,1112,281],[3,1112,365],[3,1642,89],[3,2723,343],[3,3954,5],[4,1096,299],[4,1219,106],[4,2673,216],[4,2673,85],[4,3188,380],[4,3188,7],[4,3188,444],[5,934,77],[5,2391,305],[5,2590,110],[5,2590,244],[5,3713,26],[5,3713,6],[6,256,87],[6,256,376],[6,1802,290],[6,1802,206],[6,3533,27],[7,916,156],[7,916,213],[7,916,104],[7,3186,234],[7,3186,106],[7,3186,418],[7,3336,10],[7,3336,97],[7,3348,320],[8,470,483],[8,470,201],[8,2265,14],[8,2891,147],[8,3233,196],[8,3233,428],[9,642,320],[9,891,270],[9,1982,76],[9,3231,121],[9,3231,128],[9,3231,14],[9,3501,257],[10,985,22],[10,985,324],[10,1673,185],[10,2016,307],[10,2016,147],[11,1142,344],[11,1827,369],[11,2893,487],[11,2893,79],[11,3336,10],[11,3336,97],[11,3458,445],[11,3585,377],[12,147,14],[12,2150,166],[12,2150,420],[12,2290,123],[12,2327,260],[12,2327,27],[12,2362,97],[12,3893,241],[13,1017,16],[13,1017,26],[13,1990,128],[13,3595,10],[13,3950,343],[13,3950,475],[13,3991,157],[13,3991,262],[14,695,20],[14,695,448],[14,1930,437],[15,237,436],[15,360,36],[15,2547,41],[15,3136,231],[15,3136,229],[15,3582,262],[16,68,141],[16,68,365],[16,87,23],[16,992,272],[16,992,453],[16,1734,227],[17,151,413],[17,184,419],[17,212,353],[17,1185,61],[17,1981,46],[17,2120,406],[17,3662,34],[17,3662,21],[18,256,87],[18,256,376],[18,442,273],[18,442,282],[18,1725,497],[18,2311,25],[18,2715,231],[19,491,111],[19,491,24],[19,1596,326],[19,1596,465],[19,1596,481],[19,1596,263],[19,1840,22],[19,1967,415],[19,3308,403],[19,3308,85],[20,1760,405],[20,1760,421],[20,2485,189],[20,2586,35],[20,2740,382],[20,3045,91],[21,168,369],[21,1532,291],[21,1532,393],[22,554,152],[22,554,482],[22,1851,25],[22,2368,339],[22,2368,176],[22,2839,29],[22,2895,218],[23,1479,56],[23,1479,237],[23,1541,136],[23,1541,399],[23,2450,224],[23,2979,288],[23,2979,372],[23,2979,50],[23,2979,155],[23,3092,390],[24,287,37],[24,3589,37],[24,3730,238],[25,152,136],[25,1733,29],[25,2953,105],[25,3741,449],[25,3741,452],[26,191,399],[26,191,151],[26,539,194],[26,539,394],[26,750,250],[26,750,40],[26,1189,104],[26,3947,35],[27,275,114],[27,1392,77],[27,1945,143],[27,1945,478],[27,1958,326],[27,3119,480],[27,3119,124],[27,3119,268],[28,1418,478],[28,1846,496],[28,1846,74],[28,2492,241],[28,2682,434],[28,2682,415],[28,3607,82],[28,3607,295],[29,478,266],[29,713,199],[29,2988,374],[29,2988,346],[30,46,410],[30,46,463],[30,720,355],[30,750,250],[30,750,40],[30,2910,246],[30,3719,267],[30,3980,76],[30,3980,212],[31,1105,379],[31,1304,307],[31,1701,405],[31,1862,227],[31,2835,497],[31,3908,42],[32,925,193],[32,1424,261],[32,1501,452],[32,3029,35],[32,3418,67],[33,910,151],[33,2526,84],[33,2526,167],[33,2615,453],[33,3450,62],[33,3928,456],[33,3975,256],[34,367,13],[34,521,203],[34,641,283],[34,641,38],[34,696,401],[34,3969,236],[34,3969,311],[35,380,354],[35,1527,118],[35,3907,214],[36,894,44],[36,2226,73],[36,2226,322],[37,1295,23],[37,2023,135],[37,2023,318],[37,2114,297],[37,2114,390],[37,2114,68],[37,3185,433],[37,3608,269],[38,72,189],[38,72,362],[38,108,247],[38,3593,100],[38,3593,336],[38,3593,164],[38,3767,124],[38,3767,388],[39,86,116],[39,86,300],[39,1833,412],[39,2744,272],[39,3113,50],[39,3113,66],[39,3474,335],[39,3474,65],[40,407,47],[40,484,92],[40,612,422],[40,612,47],[40,1888,267],[41,221,236],[41,1566,280],[41,1568,129],[41,1568,53],[41,1966,461],[41,1966,468],[41,1966,387],[41,3413,182],[41,3413,459],[42,1575,80],[42,2106,300],[42,2956,484],[43,655,191],[43,655,196],[43,824,404],[43,912,215],[43,1759,329],[43,1859,49],[43,1859,317],[44,480,325],[44,480,168],[44,480,498],[44,1063,184],[44,1596,326],[44,1596,465],[44,1596,481],[44,1596,263],[44,1691,440],[44,1691,235],[44,2890,45],[44,3211,250],[44,3211,436],[44,3211,466],[45,454,490],[45,772,418],[45,1286,207],[45,1286,426],[45,2251,8],[45,2251,179],[45,2683,129],[46,253,451],[46,1376,262],[46,1953,401],[46,1953,147],[46,3869,255],[47,909,267],[47,1467,284],[47,1467,374],[47,1580,258],[47,1580,353],[47,3088,241],[48,776,456],[48,1543,245],[48,3014,442],[48,3014,345],[48,3014,206],[48,3038,253],[48,3194,464],[48,3302,401],[48,3302,152],[49,244,226],[49,244,285],[49,492,396],[49,1807,316],[49,1807,280],[49,2104,56],[49,2226,73],[49,2226,322],[50,495,127],[50,495,139],[50,2248,21],[50,2248,410],[50,3344,90],[50,3344,383],[50,3344,218],[51,678,255],[51,678,417],[51,830,87],[51,1206,82],[51,1206,415],[51,1271,78],[51,2446,105],[51,3259,62],[51,3259,385],[51,3259,203],[51,3259,443],[52,1256,403],[52,1256,145],[52,1692,250],[52,2121,311],[52,3919,62],[53,611,261],[53,611,40],[53,1017,16],[53,1017,26],[53,1099,405],[53,1099,98],[53,1099,114],[53,1099,363],[53,1099,76],[53,1771,160],[53,2250,230],[53,2944,473],[54,268,361],[54,315,210],[54,315,481],[54,362,103],[54,362,410],[54,543,214],[54,1171,142],[54,2776,193],[55,424,401],[55,424,444],[55,1439,334],[55,2240,202],[55,2428,406],[55,3140,299],[56,724,329],[56,731,208],[56,2150,166],[56,2150,420],[56,3600,366],[56,3600,245],[57,1152,203],[57,1310,220],[57,1861,418],[57,2563,221],[57,3197,103],[57,3197,424],[57,3980,76],[57,3980,212],[58,39,285],[58,173,215],[58,173,415],[58,1193,54],[58,3648,144],[59,474,201],[59,498,10],[59,498,271],[59,1048,201],[59,1498,94],[59,1928,284],[59,3659,393],[59,3659,135],[59,3659,396],[60,371,239],[60,371,423],[60,1114,354],[60,2012,172],[60,2979,288],[60,2979,372],[60,2979,50],[60,2979,155],[61,349,228],[61,473,210],[61,569,352],[61,569,441],[61,930,154],[61,930,361],[62,2892,492],[62,3779,198],[62,3779,258],[63,440,67],[63,556,141],[63,707,253],[63,707,262],[63,854,73],[63,2090,440],[64,1130,28],[64,2368,339],[64,2368,176],[64,3720,213],[64,3720,28],[65,1576,395],[65,1837,245],[65,1837,96],[65,2456,42],[65,2456,331],[65,2456,468],[65,3204,177],[65,3204,36],[66,928,154],[66,1282,440],[66,1336,371],[66,3232,497],[67,166,364],[67,634,131],[67,737,376],[67,2887,69],[68,84,253],[68,84,411],[68,562,324],[68,872,172],[68,944,223],[68,944,445],[68,1450,485],[69,1412,271],[69,1412,451],[69,1412,144],[69,2520,389],[69,2520,72],[69,2911,310],[69,3173,52],[70,164,255],[70,164,459],[70,279,292],[70,279,498],[70,1846,496],[70,1846,74],[70,1868,113],[70,3170,449],[70,3170,299],[71,938,36],[71,2036,404],[71,2466,46],[71,3308,403],[71,3308,85],[71,3828,69],[71,3991,157],[71,3991,262],[72,569,352],[72,569,441],[72,880,335],[72,880,478],[72,3421,21],[72,3808,32],[72,3808,354],[73,173,215],[73,173,415],[73,1670,429],[73,1670,347],[73,2712,120],[73,3236,216],[74,418,240],[74,813,64],[74,1085,286],[74,1085,443],[74,3490,176],[74,3711,126],[75,1664,264],[75,1664,421],[75,1695,376],[75,2183,273],[75,2183,395],[75,2308,449],[75,3346,99],[75,3346,399],[75,3346,411],[75,3346,86],[75,3945,252],[76,579,361],[76,3194,464],[77,106,170],[77,2388,114],[77,2918,161],[77,2987,138],[77,2987,254],[78,366,392],[78,2810,485],[78,3384,403],[78,3468,140],[79,616,205],[79,1847,205],[79,2294,341],[80,810,89],[80,958,29],[80,1099,405],[80,1099,98],[80,1099,114],[80,1099,363],[80,1099,76],[80,3814,191],[81,175,157],[81,1319,413],[81,1630,432],[81,1837,245],[81,1837,96],[81,2358,216],[81,2793,83],[82,1773,42],[82,2603,42],[82,3055,142],[82,3571,359],[82,3663,209],[83,1406,462],[83,2352,473],[83,2567,221],[83,3212,183],[83,3351,129],[84,1611,473],[84,1669,323],[84,1669,416],[84,1892,237],[84,2405,90],[85,156,81],[85,1099,405],[85,1099,98],[85,1099,114],[85,1099,363],[85,1099,76],[85,1326,178],[85,2717,170],[86,336,249],[86,1209,360],[86,1945,143],[86,1945,478],[86,2339,248],[86,2339,102],[87,1927,84],[87,1966,461],[87,1966,468],[87,1966,387],[87,3770,134],[88,330,363],[88,1196,269],[88,1196,499],[88,2430,460],[88,2834,113],[89,243,392],[89,266,396],[89,2249,313],[89,2936,143],[89,2936,96],[89,3899,138],[90,66,106],[90,135,263],[90,2628,195],[90,3968,296],[91,866,72],[91,866,355],[91,1994,132],[91,1994,363],[91,2318,188],[91,2978,339],[91,3077,257],[92,26,241],[92,26,374],[92,3333,267],[92,3586,280],[92,3586,368],[93,1886,240],[93,2050,124],[93,2697,87],[93,3476,289],[93,3659,393],[93,3659,135],[93,3659,396],[94,288,215],[94,480,325],[94,480,168],[94,480,498],[94,657,215],[94,1046,144],[94,2114,297],[94,2114,390],[94,2114,68],[95,163,117],[95,1994,132],[95,1994,363],[95,2385,284],[95,3328,284],[95,3328,215],[96,129,146],[96,2684,74],[96,2684,220],[97,86,116],[97,86,300],[97,1769,205],[97,2483,228],[98,715,104],[98,1374,308],[98,1909,106],[98,3234,288],[98,3234,257],[98,3234,162],[99,861,100],[99,3095,219],[99,3440,403],[99,3440,325],[99,3466,119],[100,1544,367],[100,1544,483],[100,1953,401],[100,1953,147],[100,3380,105],[100,3992,468],[101,2016,307],[101,2016,147],[101,2373,376],[101,2738,295],[101,3352,465],[101,3352,378],[101,3642,239],[102,580,127],[102,1553,429],[102,1553,462],[102,2003,338],[102,2254,66],[102,2254,221],[102,2617,116],[102,2617,150],[103,985,22],[103,985,324],[103,3576,356],[103,3576,288],[103,3771,128],[103,3851,175],[104,817,39],[104,834,155],[104,1242,140],[104,3328,284],[104,3328,215],[105,1456,449],[105,1526,8],[105,1819,247],[105,1819,275],[105,2867,396],[106,254,497],[106,1661,127],[106,3166,123],[107,1691,440],[107,1691,235],[107,2315,280],[107,2315,486],[107,3720,213],[107,3720,28],[107,3896,492],[108,489,155],[108,1027,175],[108,1027,437],[108,2314,159],[108,2314,441],[108,3215,122],[108,3310,371],[109,1328,265],[109,1539,371],[109,2337,421],[109,2414,372],[109,2414,335],[109,3233,196],[109,3233,428],[109,3296,361],[110,1262,131],[110,1485,315],[110,1931,92],[110,3392,399],[110,3824,133],[110,3970,323],[111,1085,286],[111,1085,443],[111,1676,150],[111,3324,224],[111,3324,293],[112,88,2],[112,88,108],[112,646,397],[112,1474,465],[112,1474,29],[112,2486,305],[112,2486,306],[112,2973,382],[112,3413,182],[112,3413,459],[113,965,156],[113,2099,482],[113,2338,130],[113,3591,127],[114,1850,389],[114,1850,170],[114,3401,328],[114,3703,278],[114,3932,158],[115,26,241],[115,26,374],[115,675,92],[115,1815,267],[115,3700,246],[115,3859,283],[116,1570,221],[116,1570,465],[116,1795,183],[116,3482,237],[116,3850,449],[117,462,201],[117,462,322],[117,462,204],[117,462,419],[117,1144,336],[117,1144,58],[117,1156,168],[117,2202,440],[117,3488,285],[118,2178,58],[118,2635,294],[118,2718,364],[118,2718,226],[118,3801,248],[118,3801,24],[119,690,139],[119,1597,463],[119,1965,414],[119,1976,188],[119,2115,50],[120,709,458],[120,709,384],[120,2210,7],[120,2210,453],[120,3083,442],[120,3539,143],[120,3920,244],[121,704,185],[121,2132,234],[121,2541,325],[121,3312,340],[121,3491,122],[121,3491,380],[122,591,415],[122,1236,446],[122,1542,356],[122,1802,290],[122,1802,206],[122,3860,227],[123,2008,270],[123,2520,389],[123,2520,72],[123,2863,457],[123,3624,437],[123,3624,174],[124,449,147],[124,2212,165],[124,2344,361],[124,3956,153],[125,121,65],[125,271,443],[125,271,151],[125,1099,405],[125,1099,98],[125,1099,114],[125,1099,363],[125,1099,76],[125,1743,61],[125,2889,135],[125,3718,307],[126,2068,176],[126,2235,189],[126,2235,432],[126,2570,61],[126,3154,317],[127,942,137],[127,1600,415],[127,3346,99],[127,3346,399],[127,3346,411],[127,3346,86],[128,1483,476],[129,2351,167],[129,2646,139],[129,3211,250],[129,3211,436],[129,3211,466],[129,3607,82],[129,3607,295],[130,1587,219],[130,1954,155],[130,2610,325],[130,3554,475],[130,3554,439],[131,961,38],[131,988,173],[131,1831,221],[131,3438,271],[132,775,424],[132,1316,152],[132,2447,402],[132,2694,171],[132,3505,339],[132,3505,451],[132,3778,364],[133,1099,405],[133,1099,98],[133,1099,114],[133,1099,363],[133,1099,76],[133,3288,316],[133,3314,360],[133,3314,315],[133,3349,448],[134,688,220],[134,1266,99],[134,1266,471],[134,3097,80],[134,3097,345],[135,158,79],[135,158,274],[135,744,139],[135,2963,212],[135,3624,437],[135,3624,174],[136,517,262],[136,2082,445],[136,2534,423],[136,3324,224],[136,3324,293],[137,1817,266],[137,2195,308],[137,3713,26],[137,3713,6],[137,3906,95],[138,1884,1],[138,1884,118],[138,2129,493],[138,2129,140],[138,2659,224],[138,3358,381],[139,1850,389],[139,1850,170],[139,2168,221],[139,2657,160],[140,67,238],[140,67,446],[140,809,197],[140,809,368],[140,1516,254],[141,970,400],[141,970,384],[141,2526,84],[141,2526,167],[141,3769,206],[142,1389,434],[142,2118,476],[142,2118,240],[142,2984,303],[143,661,160],[143,661,462],[143,661,443],[143,814,232],[143,814,252],[143,3784,389],[144,63,222],[144,63,438],[144,356,168],[144,987,161],[145,55,148],[145,55,392],[145,355,423],[145,671,59],[145,2708,264],[146,225,388],[146,238,333],[146,238,477],[146,1253,259],[146,1253,3],[146,1616,314],[146,2128,297],[146,2128,494],[146,3366,275],[147,930,154],[147,930,361],[147,1762,395],[147,3936,5],[148,1150,254],[148,1150,321],[148,2080,348],[148,2080,154],[148,3019,166],[148,3019,360],[148,3780,327],[149,187,362],[149,293,491],[149,293,292],[149,293,427],[149,570,150],[149,916,156],[149,916,213],[149,916,104],[149,1741,489],[149,2153,424],[149,3234,288],[149,3234,257],[149,3234,162],[150,759,30],[150,1341,158],[150,1394,388],[150,3186,234],[150,3186,106],[150,3186,418],[151,666,38],[151,3512,454],[151,3512,4],[152,557,207],[152,571,50],[152,1593,96],[152,3971,173],[153,158,79],[153,158,274],[153,185,338],[153,470,483],[153,470,201],[153,870,381],[153,870,398],[153,2278,459],[153,2278,194],[154,471,178],[154,471,421],[154,1540,365],[154,2625,205],[155,2815,128],[155,2815,413],[155,3818,181],[156,900,413],[156,900,308],[156,1790,397],[156,1790,499],[156,2160,111],[156,3526,425],[156,3526,288],[157,601,218],[157,2618,247],[157,3213,319],[157,3622,159],[158,870,381],[158,870,398],[158,2530,351],[158,2836,257],[158,2936,143],[158,2936,96],[158,3683,266],[159,2823,155],[159,3789,209],[159,3789,285],[159,3988,90],[159,3988,329],[160,867,251],[160,960,444],[160,2704,214],[161,55,148],[161,55,392],[161,462,201],[161,462,322],[161,462,204],[161,462,419],[161,522,493],[162,495,127],[162,495,139],[162,726,172],[162,2369,171],[162,2757,219],[163,886,281],[163,1797,294],[163,1797,433],[163,1983,101],[163,3643,487],[164,219,414],[164,2593,234],[164,3275,493],[164,3518,493],[165,1655,63],[165,3303,25],[165,3752,185],[165,3843,338],[166,1596,326],[166,1596,465],[166,1596,481],[166,1596,263],[166,3409,402],[166,3409,171],[167,1196,269],[167,1196,499],[167,1479,56],[167,1479,237],[167,2261,335],[168,1238,78],[168,2795,284],[168,3056,148],[169,71,251],[169,328,345],[169,661,160],[169,661,462],[169,661,443],[169,1788,466],[169,2297,323],[169,2579,193],[169,3666,352],[170,64,204],[170,428,60],[170,2508,98],[170,3977,203],[171,548,490],[171,883,391],[171,1387,183],[172,844,18],[172,1118,282],[172,1377,107],[172,3806,366],[172,3806,208],[172,3806,277],[173,1340,400],[173,2673,216],[173,2673,85],[173,3817,458],[173,3817,366],[174,1753,99],[174,2060,69],[174,2346,243],[174,3133,340],[174,3170,449],[174,3170,299],[175,1756,9],[175,2506,276],[175,3006,19],[175,3829,363],[175,3829,401],[176,110,261],[176,110,303],[176,1206,82],[176,1206,415],[176,3746,303],[177,1034,408],[177,1034,201],[177,1678,289],[177,2052,300],[177,2945,62],[177,3313,438],[177,3313,349],[177,3432,337],[178,655,191],[178,655,196],[178,916,156],[178,916,213],[178,916,104],[178,2873,128],[178,3989,375],[178,3989,495],[179,1402,337],[179,2021,371],[179,3220,385],[179,3240,231],[179,3367,256],[180,90,213],[180,589,460],[180,3123,282],[180,3467,260],[180,3467,192],[181,2255,318],[181,2256,209],[181,2256,194],[181,2878,378],[181,3259,62],[181,3259,385],[181,3259,203],[181,3259,443],[181,3536,130],[181,3536,225],[182,791,351],[182,1781,97],[182,2053,245],[182,3505,339],[182,3505,451],[182,3514,301],[182,3848,381],[183,1373,64],[183,1373,196],[183,3365,450],[183,3365,196],[183,3592,181],[184,1315,476],[184,2030,282],[184,3307,376],[184,3849,461],[184,3849,462],[185,2288,63],[185,2992,390],[185,2992,55],[185,3416,228],[186,269,448],[186,1178,442],[186,1178,451],[186,1475,253],[186,1475,266],[186,2988,374],[186,2988,346],[187,1512,444],[187,1730,439],[187,2064,354],[187,2214,245],[187,3198,281],[187,3495,464],[188,680,485],[188,3104,219],[188,3536,130],[188,3536,225],[189,451,159],[189,1859,49],[189,1859,317],[189,2456,42],[189,2456,331],[189,2456,468],[189,2517,142],[190,2815,128],[190,2815,413],[190,2885,312],[190,3097,80],[190,3097,345],[190,3791,304],[191,806,303],[191,1150,254],[191,1150,321],[191,3586,280],[191,3586,368],[191,3710,373],[192,563,70],[192,1348,441],[192,1348,373],[192,1412,271],[192,1412,451],[192,1412,144],[193,1173,335],[193,1556,439],[193,1605,500],[193,3725,423],[194,719,411],[194,719,364],[194,719,438],[194,1305,258],[194,1305,210],[194,2784,414],[195,1049,16],[195,1693,79],[195,1748,291],[195,1961,238],[195,2820,218],[195,3614,372],[196,1346,433],[196,2023,135],[196,2023,318],[196,3521,232],[197,2273,264],[197,2733,119],[197,3973,473],[198,409,345],[198,409,498],[198,749,252],[198,1574,292],[198,1783,15],[198,3882,357],[198,3882,422],[199,59,225],[199,3091,442],[199,3119,480],[199,3119,124],[199,3119,268],[199,3346,99],[199,3346,399],[199,3346,411],[199,3346,86],[199,3546,277],[199,3546,307],[199,3546,309],[199,3546,310],[200,1256,403],[200,1256,145],[200,1288,219],[200,1554,475],[200,2005,321],[200,2248,21],[200,2248,410],[200,2622,214],[201,2359,190],[201,2865,322],[202,1075,260],[202,1161,36],[202,1510,257],[202,1786,480],[202,3144,88],[203,244,226],[203,244,285],[203,585,157],[203,585,278],[203,585,117],[203,587,301],[204,553,301],[204,2363,260],[204,3014,442],[204,3014,345],[204,3014,206],[204,3588,338],[204,3882,357],[204,3882,422],[205,1044,55],[205,2079,220],[205,2728,4],[205,2728,265],[206,560,84],[206,581,123],[206,640,289],[206,710,233],[207,191,399],[207,191,151],[207,2210,7],[207,2210,453],[207,2920,346],[207,3664,452],[208,411,137],[208,1719,273],[208,1819,247],[208,1819,275],[208,2474,310],[209,1067,240],[209,1969,358],[209,2596,126],[210,2314,159],[210,2314,441],[210,2494,297],[210,2718,364],[210,2718,226],[210,3682,234],[211,1670,429],[211,1670,347],[211,3044,66],[211,3147,231],[211,3997,456],[212,944,223],[212,944,445],[212,1034,408],[212,1034,201],[212,3291,248],[212,3645,314],[213,1664,264],[213,1664,421],[213,2479,497],[213,3745,109],[214,1086,439],[214,1269,237],[214,1269,308],[214,3523,227],[215,462,201],[215,462,322],[215,462,204],[215,462,419],[215,1131,120],[216,565,463],[216,565,15],[216,1532,291],[216,1532,393],[216,3211,250],[216,3211,436],[216,3211,466],[216,3593,100],[216,3593,336],[216,3593,164],[217,395,436],[217,864,72],[217,1978,83],[217,1978,231],[217,2411,385],[217,2486,305],[217,2486,306],[217,3644,247],[217,3644,324],[218,69,230],[218,118,168],[218,295,275],[218,295,151],[220,539,194],[220,539,394],[220,723,233],[220,859,369],[220,859,230],[221,442,273],[221,442,282],[222,2355,294],[222,2821,35],[222,3747,165],[223,857,237],[223,1971,276],[223,2211,276],[223,2302,224],[224,325,76],[224,3900,241],[225,165,373],[225,2987,138],[225,2987,254],[225,3546,277],[225,3546,307],[225,3546,309],[225,3546,310],[226,858,65],[226,1253,259],[226,1253,3],[226,2649,235],[226,3767,124],[226,3767,388],[227,1190,179],[227,3197,103],[227,3197,424],[228,1565,461],[228,1565,21],[228,2406,341],[228,2901,377],[229,678,255],[229,678,417],[229,1946,446],[229,2161,222],[229,2161,481],[229,2700,296],[229,3657,356],[229,3839,274],[230,462,201],[230,462,322],[230,462,204],[230,462,419],[230,1713,270],[230,3453,225],[231,322,188],[231,3821,166],[232,992,272],[232,992,453],[232,3593,100],[232,3593,336],[232,3593,164],[232,3934,250],[233,1013,259],[233,1144,336],[233,1144,58],[233,1259,298],[233,2736,313],[234,2223,330],[234,2293,388],[235,853,301],[235,943,330],[235,1227,340],[235,2929,460],[235,3224,166],[235,3224,161],[236,146,347],[236,1103,294],[236,1722,326],[236,1722,349],[236,2933,330],[237,2728,4],[237,2728,265],[238,637,256],[238,637,473],[238,637,321],[238,908,6],[238,2905,6],[238,3027,95],[239,499,51],[239,936,406],[239,2957,34],[239,3688,71],[240,1351,21],[240,2418,495],[240,2418,412],[241,1305,258],[241,1305,210],[241,1636,368],[242,852,164],[242,852,343],[242,923,228],[242,3789,209],[242,3789,285],[243,1560,406],[243,1560,324],[243,1937,357],[243,2769,395],[243,3394,270],[244,92,451],[244,2451,60],[244,2915,47],[244,3278,392],[245,3142,79],[246,421,281],[246,2011,91],[246,2011,429],[246,2647,339],[246,3231,121],[246,3231,128],[246,3231,14],[246,3654,374],[247,814,232],[247,814,252],[247,2322,232],[247,3332,401],[248,51,316],[248,1317,402],[248,3741,449],[248,3741,452],[249,1580,258],[249,1580,353],[249,3119,480],[249,3119,124],[249,3119,268],[249,3259,62],[249,3259,385],[249,3259,203],[249,3259,443],[250,1828,272],[250,2523,319],[251,68,141],[251,68,365],[251,319,472],[251,1151,190],[251,3768,462],[252,1087,184],[252,1087,280],[252,1089,140],[253,526,290],[253,3554,475],[253,3554,439],[254,649,243],[254,649,70],[254,2196,484],[254,2196,343],[254,2643,309],[254,3502,180],[255,1720,349],[255,3721,243],[255,3740,470],[255,3990,416],[256,1486,167],[256,1894,328],[256,2972,391],[256,2972,431],[256,3264,477],[257,1362,118],[258,641,283],[258,641,38],[258,2341,222],[258,3493,461],[258,3493,283],[259,1405,112],[259,1405,441],[259,1660,491],[259,1797,294],[259,1797,433],[259,3530,393],[259,3661,107],[260,1560,406],[260,1560,324],[261,1684,268],[261,1684,456],[261,1907,295],[261,2066,398],[261,2066,160],[261,3227,492],[262,88,2],[262,88,108],[262,1197,163],[263,637,256],[263,637,473],[263,637,321],[263,820,86],[263,903,350],[263,1717,485],[263,3967,291],[263,3967,391],[263,3967,312],[264,1493,125],[264,1947,426],[265,228,282],[265,1192,453],[265,1421,18],[265,2138,356],[266,949,87],[267,2414,372],[267,2414,335],[267,2856,40],[268,637,256],[268,637,473],[268,637,321],[268,2033,378],[268,3110,379],[269,1401,245],[269,2472,314],[269,2612,291],[269,2898,492],[270,2371,130],[270,3465,368],[270,3465,305],[270,3917,302],[271,25,173],[271,248,88],[271,365,418],[271,1669,323],[271,1669,416],[272,1198,346],[272,1415,466],[272,1541,136],[272,1541,399],[272,3810,353],[273,2011,91],[273,2011,429],[273,2041,316],[273,3014,442],[273,3014,345],[273,3014,206],[273,3492,462],[274,790,373],[274,1925,370],[274,1925,293],[274,1934,278],[274,1934,351],[274,2464,453],[274,2884,257],[275,970,400],[275,970,384],[275,2455,320],[276,621,324],[276,2809,428],[276,3808,32],[276,3808,354],[276,3967,291],[276,3967,391],[276,3967,312],[277,480,325],[277,480,168],[277,480,498],[277,2166,461],[278,3696,495],[278,3995,372],[279,188,308],[279,1269,237],[279,1269,308],[279,1722,326],[279,1722,349],[279,1943,116],[279,2241,14],[279,2535,411],[279,3989,375],[279,3989,495],[280,585,157],[280,585,278],[280,585,117],[280,2066,398],[280,2066,160],[281,445,277],[281,1436,389],[281,1468,333],[282,78,293],[283,1064,374],[283,3246,374],[284,1767,58],[285,852,164],[285,852,343],[285,2418,495],[285,2418,412],[285,3186,234],[285,3186,106],[285,3186,418],[286,362,103],[286,362,410],[286,982,242],[286,1165,237],[286,1373,64],[286,1373,196],[286,2983,219],[287,43,394],[287,683,317],[287,1335,144],[287,1884,1],[287,1884,118],[287,2763,43],[287,3630,454],[288,2617,116],[288,2617,150],[288,3239,142],[288,3365,450],[288,3365,196],[289,1101,419],[289,1938,313],[290,180,372],[290,520,390],[290,2972,391],[290,2972,431],[290,3546,277],[290,3546,307],[290,3546,309],[290,3546,310],[290,3601,346],[291,265,453],[291,3320,384],[292,1353,394],[292,3615,128],[292,3615,470],[292,3757,302],[293,866,72],[293,866,355],[293,892,97],[293,1471,397],[293,3600,366],[293,3600,245],[294,2886,370],[294,2961,325],[294,3912,425],[295,661,160],[295,661,462],[295,661,443],[295,695,20],[295,695,448],[295,2272,103],[295,3474,335],[295,3474,65],[296,1266,99],[296,1266,471],[296,1685,342],[296,2282,334],[296,2460,469],[297,434,489],[297,1877,52],[297,2949,199],[297,3302,401],[297,3302,152],[298,862,333],[298,1411,306],[298,1988,386],[298,2832,464],[298,3165,463],[298,3313,438],[298,3313,349],[299,505,438],[299,2235,189],[299,2235,432],[299,2266,331],[300,585,157],[300,585,278],[300,585,117],[300,2183,273],[300,2183,395],[300,2605,434],[301,1941,86],[301,2931,283],[302,531,223],[302,531,41],[302,3425,445],[302,3829,363],[302,3829,401],[303,238,333],[303,238,477],[303,993,317],[303,993,494],[303,2737,359],[304,1112,281],[304,1112,365],[304,1327,211],[304,2695,346],[304,2992,390],[304,2992,55],[304,3151,73],[304,3151,310],[305,337,379],[305,2548,384],[305,2682,434],[305,2682,415],[305,2726,327],[306,544,277],[306,674,382],[306,993,317],[306,993,494],[306,1251,406],[306,1544,367],[306,1544,483],[307,154,148],[307,1287,351],[307,2129,493],[307,2129,140],[308,110,261],[308,110,303],[309,1477,386],[309,2058,92],[309,2080,348],[309,2080,154],[309,2989,486],[309,3471,283],[310,376,448],[310,426,379],[310,431,420],[311,1062,163],[311,1912,497],[311,1912,489],[311,2268,332],[311,3344,90],[311,3344,383],[311,3344,218],[311,3841,248],[312,727,486],[312,1083,2],[312,2031,409],[312,2031,115],[313,72,189],[313,72,362],[313,1178,442],[313,1178,451],[313,1914,232],[314,729,187],[314,1428,416],[314,1428,312],[314,1903,482],[314,3509,387],[314,3509,200],[315,667,490],[315,1124,67],[315,1925,370],[315,1925,293],[316,2685,162],[316,3849,461],[316,3849,462],[317,1657,64],[317,3011,64],[318,293,491],[318,293,292],[318,293,427],[318,1596,326],[318,1596,465],[318,1596,481],[318,1596,263],[318,2883,485],[318,3271,391],[318,3271,395],[319,199,43],[319,199,240],[319,1094,367],[319,2979,288],[319,2979,372],[319,2979,50],[319,2979,155],[319,3080,165],[319,3809,233],[320,178,211],[320,1919,62],[320,2583,258],[321,2691,416],[321,3950,343],[321,3950,475],[322,500,10],[322,1143,329],[323,1754,360],[323,2075,440],[323,3039,269],[324,2124,467],[324,3356,331],[325,1174,473],[325,1782,88],[325,1782,411],[326,278,136],[326,1038,357],[326,3263,209],[327,304,252],[327,1027,175],[327,1027,437],[327,2456,42],[327,2456,331],[327,2456,468],[327,3974,473],[328,1536,492],[328,1811,350],[328,1939,161],[328,2289,435],[328,2289,484],[328,3615,128],[328,3615,470],[329,1087,184],[329,1087,280],[329,2791,164],[330,1553,429],[330,1553,462],[330,2752,398],[330,3613,385],[331,649,243],[331,649,70],[331,3224,166],[331,3224,161],[332,61,428],[332,818,356],[332,1986,249],[332,2387,386],[332,2853,410],[332,3806,366],[332,3806,208],[332,3806,277],[333,1000,327],[333,1000,286],[333,1405,112],[333,1405,441],[333,2403,447],[333,3362,433],[334,11,395],[334,67,238],[334,67,446],[334,3022,342],[334,3452,428],[335,2932,439],[336,1148,282],[336,1451,226],[336,1968,321],[336,3491,122],[336,3491,380],[337,189,393],[337,2118,476],[337,2118,240],[337,2395,381],[337,3662,34],[337,3662,21],[338,2794,388],[338,3151,73],[338,3151,310],[338,3176,457],[339,503,134],[339,1645,422],[340,371,239],[340,371,423],[340,3047,433],[341,409,345],[341,409,498],[341,1136,369],[341,1755,198],[341,1755,383],[341,2781,344],[341,3283,180],[342,131,432],[342,1115,487],[342,2251,8],[342,2251,179],[342,2690,457],[343,837,250],[343,1772,197],[343,1772,24],[344,1474,465],[344,1474,29],[344,2806,9],[344,3344,90],[344,3344,383],[344,3344,218],[344,3807,296],[345,1286,207],[345,1286,426],[345,1412,271],[345,1412,451],[345,1412,144],[345,3526,425],[345,3526,288],[346,1690,427],[346,2688,455],[347,582,467],[347,617,467],[347,977,244],[347,977,486],[347,1462,378],[348,315,210],[348,315,481],[348,846,365],[348,3046,372],[348,3188,380],[348,3188,7],[348,3188,444],[348,3753,352],[349,465,456],[349,809,197],[349,809,368],[349,1684,268],[349,1684,456],[349,2798,397],[350,859,369],[350,859,230],[350,1264,249],[350,1782,88],[350,1782,411],[350,3257,48],[351,3313,438],[351,3313,349],[351,3826,275],[351,3826,202],[352,1505,475],[352,2009,192],[353,1240,115],[353,2742,490],[353,3803,366],[353,3817,458],[353,3817,366],[354,1482,430],[354,3019,166],[354,3019,360],[354,3200,472],[355,532,436],[355,2256,209],[355,2256,194],[355,2975,396],[355,3969,236],[355,3969,311],[356,1776,358],[356,3512,454],[356,3512,4],[357,1440,385],[357,3279,382],[357,3289,39],[358,1235,380],[358,1790,397],[358,1790,499],[358,3604,98],[358,3986,403],[359,2480,477],[359,2684,74],[359,2684,220],[359,3150,107],[359,3150,477],[359,3156,477],[360,2055,300],[360,3576,356],[360,3576,288],[360,3779,198],[360,3779,258],[361,746,447],[361,2292,412],[362,339,454],[362,1244,411],[362,1935,56],[362,2114,297],[362,2114,390],[362,2114,68],[362,3832,468],[363,3139,432],[363,3868,52],[364,645,85],[364,1382,121],[365,980,242],[365,3644,247],[365,3644,324],[366,126,481],[366,3057,444],[366,3680,416],[367,701,192],[367,1809,450],[367,3357,93],[367,3375,113],[368,709,458],[368,709,384],[368,1760,405],[368,1760,421],[368,3398,426],[369,3503,424],[369,3609,153],[369,3609,469],[370,841,486],[370,1688,480],[370,3247,455],[370,3795,20],[371,1399,268],[371,2838,190],[371,3315,178],[372,1744,313],[373,1000,327],[373,1000,286],[373,1787,217],[374,3620,31],[375,234,75],[375,512,450],[375,1617,429],[375,2730,471],[375,3862,496],[376,1455,302],[376,3204,177],[376,3204,36],[377,2477,277],[377,3040,5],[377,3040,427],[377,3352,465],[377,3352,378],[377,3353,133],[378,111,476],[378,279,292],[378,279,498],[378,1959,422],[379,991,145],[379,1568,129],[379,1568,53],[380,2147,402],[380,2295,442],[380,3259,62],[380,3259,385],[380,3259,203],[380,3259,443],[381,3994,242],[382,203,211],[382,3271,391],[382,3271,395],[383,939,194],[383,1019,431],[383,1570,221],[383,1570,465],[383,3439,174],[384,410,264],[384,918,407],[384,1369,464],[385,555,483],[386,1545,394],[386,3714,186],[387,30,183],[387,471,178],[387,471,421],[387,719,411],[387,719,364],[387,719,438],[387,1393,471],[388,3231,121],[388,3231,128],[388,3231,14],[389,3346,99],[389,3346,399],[389,3346,411],[389,3346,86],[389,3467,260],[389,3467,192],[390,1052,159],[390,3426,472],[391,2024,469],[391,2177,486],[392,1147,93],[392,1416,433],[392,2162,326],[393,229,479],[393,963,414],[394,2662,446],[394,2759,208],[394,3447,143],[395,1625,441],[396,545,470],[396,2841,410],[397,3788,222],[397,3888,184],[398,2029,424],[398,3702,451],[398,3891,438],[399,1502,400],[399,3188,380],[399,3188,7],[399,3188,444],[400,62,423],[400,190,449],[400,3108,16],[400,3314,360],[400,3314,315],[401,2980,192],[402,2309,386],[402,2438,443],[403,295,275],[403,295,151],[404,1404,457],[404,3146,446],[404,3909,424],[404,3967,291],[404,3967,391],[404,3967,312],[405,1153,359],[405,1449,490],[405,3939,484],[405,3939,481],[406,1740,287],[407,112,352],[407,387,499],[407,612,422],[407,612,47],[407,1966,461],[407,1966,468],[407,1966,387],[407,2902,428],[408,779,315],[408,1899,425],[408,2126,433],[408,2709,447],[408,3440,403],[408,3440,325],[409,84,253],[409,84,411],[409,1487,434],[409,3016,436],[409,3483,491],[410,213,431],[410,1978,83],[410,1978,231],[412,46,410],[412,46,463],[412,1149,463],[412,3407,463],[413,1934,278],[413,1934,351],[413,3546,277],[413,3546,307],[413,3546,309],[413,3546,310],[414,1507,434],[414,1772,197],[414,1772,24],[414,2674,431],[415,1852,173],[416,3032,454],[416,3427,417],[417,2,101],[417,1922,422],[417,3040,5],[417,3040,427],[417,3904,460],[418,625,321],[418,2172,458],[418,2906,260],[419,1117,154],[419,2313,78],[419,2775,163],[420,2289,435],[420,2289,484],[420,2875,481],[420,3549,443],[421,1363,223],[421,1558,162],[421,1558,454],[422,3118,100],[423,1365,458],[424,3988,90],[424,3988,329],[425,271,443],[425,271,151],[425,719,411],[425,719,364],[425,719,438],[425,3774,468],[426,200,94],[426,1186,399],[426,1186,45],[426,1429,315],[427,97,266],[427,2488,436],[427,2739,13],[427,3826,275],[427,3826,202],[428,584,57],[428,1384,457],[429,3113,50],[429,3113,66],[429,3485,134],[430,1252,318],[430,1632,444],[430,2196,484],[430,2196,343],[430,2315,280],[430,2315,486],[431,1386,470],[431,2278,459],[431,2278,194],[431,3813,213],[432,176,7],[432,583,459],[434,2372,479],[435,138,479],[435,1977,437],[435,2354,68],[435,3602,472],[435,3660,380],[436,1263,500],[437,2143,420],[437,2254,66],[437,2254,221],[438,805,483],[438,2253,108],[439,626,131],[439,1558,162],[439,1558,454],[440,2186,134],[440,2826,188],[441,145,474],[441,1475,253],[441,1475,266],[442,550,24],[442,3282,46],[443,293,491],[443,293,292],[443,293,427],[444,1807,316],[444,1807,280],[445,14,151],[445,469,167],[445,3561,11],[446,2893,487],[446,2893,79],[446,3409,402],[446,3409,171],[447,5,467],[447,12,278],[447,63,222],[447,63,438],[448,2161,222],[448,2161,481],[448,2555,308],[448,2753,495],[449,424,401],[449,424,444],[450,2923,496],[450,3473,186],[450,3493,461],[450,3493,283],[451,900,413],[451,900,308],[452,199,43],[452,199,240],[452,1002,171],[452,2590,110],[452,2590,244],[453,450,96],[454,763,304],[454,763,494],[455,673,495],[455,1434,466],[455,1679,406],[455,2232,268],[455,3898,141],[456,2148,95],[457,164,255],[457,164,459],[458,763,304],[458,763,494],[459,1565,461],[459,1565,21],[459,3327,234],[460,880,335],[460,880,478],[460,1200,348],[460,3286,236],[461,3150,107],[461,3150,477],[461,3659,393],[461,3659,135],[461,3659,396],[462,496,430],[464,2149,32],[464,3609,153],[464,3609,469],[464,3801,248],[464,3801,24],[465,283,224],[465,2594,19],[465,3509,387],[465,3509,200],[466,565,463],[466,565,15],[466,1428,416],[466,1428,312],[466,3136,231],[466,3136,229],[467,382,133],[467,863,488],[467,1998,386],[468,459,331],[468,463,8],[469,52,494],[469,2197,358],[469,3785,494],[470,285,488],[470,839,478],[470,1588,471],[471,148,249],[471,2031,409],[471,2031,115],[472,1467,284],[472,1467,374],[472,1854,491],[474,370,500],[474,1639,469],[474,1912,497],[474,1912,489],[474,2007,450],[474,2650,352],[474,3148,373],[475,1186,399],[475,1186,45],[475,2536,111],[475,2850,289],[476,611,261],[476,611,40],[476,3381,14],[476,3806,366],[476,3806,208],[476,3806,277],[477,1665,176],[477,1665,251],[478,707,253],[478,707,262],[478,2158,480],[479,2047,489],[479,2175,491],[479,3386,491],[480,3819,242],[480,3939,484],[480,3939,481],[481,491,111],[481,491,24],[482,1155,96],[482,2271,102],[482,3158,375],[483,1311,340],[483,2339,248],[483,2339,102],[483,3316,175],[484,342,329],[484,3242,347],[485,230,137],[485,3805,3],[486,575,141],[487,2379,488],[487,3300,420],[487,3368,80],[488,615,409],[488,2128,297],[488,2128,494],[488,3256,389],[489,498,10],[489,498,271],[489,3773,379],[490,1923,381],[490,1923,225],[490,2960,49],[492,2722,322],[493,1016,299],[493,1923,381],[493,1923,225],[493,3500,302],[493,3500,36],[494,1755,198],[494,1755,383],[494,3234,288],[494,3234,257],[494,3234,162],[495,1619,452],[495,3444,499],[496,1059,77],[496,1211,197],[496,3235,363],[496,3587,1],[497,2985,230],[498,2979,288],[498,2979,372],[498,2979,50],[498,2979,155],[498,3500,302],[498,3500,36],[498,3777,458],[499,1348,441],[499,1348,373],[499,2969,278],[500,91,126],[500,922,138],[500,2022,397]];

jitters = [20000,10000,20000,10000,20000,20000,10000,20000,20000,10000,2000,20000,100000,20000,10000,20000,20000,10000,10000,20000,10000,10000,20000,10000,10000,100000,20000,1000,10000,5000,20000,100000,10000,20000,100000,100000,10000,20000,100000,5000,10000,20000,50000,100000,100000,20000,5000,20000,50000,10000,10000,10000,10000,100000,20000,50000,20000,50000,50000,100000,20000,10000,100000,1000,20000,100000,100000,10000,100000,10000,10000,100000,100000,1000,10000,20000,20000,10000,2000,20000,100000,1000,100000,10000,10000,100000,20000,10000,20000,10000,20000,5000,20000,50000,50000,20000,2000,10000,10000,10000,20000,100000,20000,10000,10000,10000,10000,20000,100000,100000,20000,20000,10000,20000,5000,100000,50000,100000,10000,100000,20000,10000,10000,20000,10000,1000,10000,20000,100000,100000,100000,100000,100000,20000,10000,10000,10000,20000,100000,10000,100000,1000,100000,50000,20000,20000,20000,10000,20000,20000,10000,100000,20000,10000,20000,10000,100000,20000,50000,100000,20000,100000,100000,20000,20000,20000,100000,50000,100000,20000,100000,100000,100000,20000,20000,1000,20000,10000,20000,10000,20000,20000,100000,10000,20000,100000,100000,10000,1000,20000,10000,10000,100000,20000,10000,100000,10000,10000,10000,10000,50000,20000,20000,20000,2000,20000,100000,100000,1000,20000,10000,10000,10000,100000,50000,100000,20000,10000,100000,20000,100000,100000,20000,20000,10000,20000,20000,2000,10000,10000,10000,100000,20000,20000,20000,20000,100000,10000,20000,1000,5000,20000,20000,20000,20000,5000,10000,100000,100000,100000,100000,10000,100000,10000,10000,10000,20000,5000,20000,20000,10000,10000,10000,10000,10000,20000,5000,20000,10000,10000,100000,100000,100000,10000,20000,20000,10000,100000,10000,50000,100000,10000,5000,50000,50000,1000,10000,10000,20000,100000,10000,10000,10000,100000,100000,10000,20000,20000,20000,20000,20000,10000,1000,100000,20000,20000,20000,10000,10000,100000,10000,20000,20000,10000,100000,100000,1000,10000,100000,20000,10000,50000,100000,20000,100000,20000,20000,10000,50000,20000,20000,10000,20000,10000,100000,20000,20000,20000,10000,20000,2000,10000,20000,2000,20000,100000,20000,100000,10000,10000,20000,100000,100000,100000,10000,10000,20000,10000,1000,100000,20000,20000,10000,100000,100000,100000,10000,10000,10000,100000,20000,100000,10000,5000,10000,10000,2000,20000,20000,100000,20000,20000,2000,20000,20000,10000,10000,20000,100000,20000,100000,20000,20000,10000,20000,10000,10000,20000,100000,100000,20000,100000,10000,10000,100000,20000,10000,20000,20000,10000,10000,50000,20000,20000,10000,10000,10000,100000,20000,100000,10000,10000,100000,20000,20000,10000,10000,10000,5000,100000,10000,10000,20000,20000,20000,10000,20000,20000,100000,100000,20000,100000,100000,100000,10000,10000,20000,100000,100000,10000,20000,100000,10000,10000,100000,10000,10000,100000,10000,10000,10000,100000,50000,20000,2000,100000,20000,20000,10000,10000,10000,20000,10000,20000,100000,20000,1000,100000,20000,100000,100000,10000,20000,100000,10000,100000,10000,10000,20000,100000,20000,10000,20000,10000,100000,10000,10000,10000,2000,20000];

