NumChains = 50;
NumResources = 3;
NumRunnablesInChains = 202;
MemoryBoundOnResource = 1048576;
UtilizationBoundOnResource = 100;

numberOfTasksinChain = [7,7,9,7,5,9,9,7,7,5,7,7,7,9,9,9,9,7,7,5,7,5,5,5,9,9,9,7,9,7,5,7,5,9,7,9,7,5,9,7,5,5,5,5,7,5,9,7,7,9];

runnablesInChains = [483,129,233,462,425,211,158,486,259,141,376,92,176,278,35,284,135,289,487,209,411,432,158,394,246,111,42,28,409,263,116,64,168,409,247,211,134,411,459,355,400,214,282,419,138,167,430,135,142,45,193,154,201,413,224,397,408,396,43,357,49,267,478,299,113,139,180,99,107,95,404,278,477,293,152,46,423,194,113,415,42,311,325,122,77,78,473,389,319,24,213,187,193,315,57,349,476,485,137,187,160,487,312,414,290,114,439,98,477,384,288,131,375,314,19,386,191,98,323,194,324,442,26,399,166,321,288,367,223,91,215,413,274,103,313,356,128,476,186,231,361,269,110,342,358,348,417,401,322,480,271,248,165,461,75,30,173,467,413,387,334,326,218,347,86,452,121,161,354,88,84,15,228,173,438,327,49,192,67,34,351,60,69,327,76,285,287,334,136,455,155,56,486,38,372,285,479,491,129,243,462,298];

ProcessingTimesOfMessages = [[1,2,1,1,1,1,1],[1,1,1,1,1,1,1,1,1,1,1],[1,1,1,1,1,1,1,1],[1,1,1,1,1,1,1,1],[1,1,1,1,1,1,1,1],[1,1,1,1,1,1,1,1,1,1],[1,1,1,1,1,1,1,1,1,1],[2,1,1,1,1,1],[1,1,1,1,1,1,1],[1,1,1,1,1,1,1,1,1,1,1],[1,1,1,1,1,1,1,1,1],[1,1,1,1,1,1,1],[1,1,1,1,1,1,1,1],[1,1,1,1,1,1],[1,1,1,1,1,1,1],[1,1,1,1,1],[1,1,1,1,1,1,1,1,1],[1,1,1,1,1,1,1,1,1,1],[1,1,1,1],[1,1,1,1,1,1,1,1,1,1,1],[1,1,1],[1,1,1,1,1,1,2,1,1],[1,1,1,1,1,1,1],[1,1,1,1,1,1,1,1],[1,1,1],[1,1,1,1,1,1,1,1,1,1,1],[1,1,1,1,1,1,1],[1,1,1,1,1,1,1,1,1],[1,1,1,1,1,1,1,1,1],[1,1,1,1,1,1,1,1,1,1,1],[1,1,1,1,1,1,1,1,1,1],[1,1,1,1,1,1,1],[1,1,1,1,1,1,1,1],[1,1,1,1],[1,1,1,1,1,1],[1,1,1,1,1,1,1,1],[1,1,1],[1,1,1,1,1,1,1,1,1,1,1],[1,1,1,1,1,1],[1,1,1,1,1,1,1,1,1,1,1,1],[1,1,1,1,1,1,1],[1,1,1,1,1,1,1],[1,1,1,1,1,1,1,1],[1,1,1,1],[1,1,1,1,1,1,1,1,1,1,1,1,1,1],[1,1,1,1,1],[1,1,1,1,1,1,1],[1,1,1,1,1,1,1,1,1,1,1],[1,1,1,1,1,1],[1,1,1,1,1,1,1,1,1,1],[1,1,1,1,1,1],[1,1,1,1,1,1,1,1],[1,1,1,1,1,1,1,1,1,1,1,1],[1,1,1,1,1],[1,1,1,1,1,1],[1,1,1,1,1,1,1],[1,1,1,1,1,1,1,1,1],[1,1,1,1,1,1,1,1,1],[1,1,1,1,1,1],[1,1,1,1],[1,1,1,1,1,1],[1,1,1,1,1,1,1,1],[1,1,1,1,1,1,1,1],[1,1,1,1,1],[1,1,1,1,1],[1,1,1,1,1,1],[1,1,1,1,1],[1,1,1,1,1,1,1,1,1,1],[1,1,1,1,1,1],[1,1,1,1,1],[1,1,1,1,1,1,1,1],[1,1,1,1,1,1,1,1,1,1,1],[1,1,1,1,1,1,1,1,1,1],[1,1,1,1,1,1,1,1,1,1,1,1],[1,1,1,1,1,1],[1,1,1,1,1,1,1,1],[1,1,1,1,1,1,1,1,1,1,1],[1,1,1,1,1,1,1,1,1,1],[1,1,1,1,1,1,1,1,1,1],[1,1,1,1,1,1,1,1,1,1],[1,1,1,1,1,1,1,1,1,1],[1,1,1,1,1,1],[1,1,1,1,1,1,1,1,1],[1,1,1,1,1,1,1,1,1],[1,1,1,1],[1,1,1,1,1,1,1],[1,1,1,1,1,1,1,1,1],[1,1,1,1,1],[1,1,1,1,1,1,1,1,1],[1,1,1,1,1,1,1],[1,1,1,1,1,1,1],[1,1,1,1,1,1],[1,1,1,1,1,1,1,1],[1,1,1,1,1,1,1,1,1],[1,1,1,1,1,1,1,1],[1,1,1,1,1,1],[1,1,1,1,1,1,1,1,1],[1,1,1,1],[1,1,1,1,1,1,1,1],[1,1,1,1,1,1,1,1],[1,1,1,1],[1,1,1,1,1,1,1],[1,1,1,1],[1,1,1,1,1,1],[1,1,1,1,1,1,1],[1,1,1,1,1,1,1,1,1,1],[1,1,1,1,1,1,1,1,1,1,1,1],[1,1,1,1,1,1,1,1],[1,1,1,1,1,1,1,1],[1,1,1],[2,1,1,1,1,1],[1,1,1,1,1,1,1,1,1],[1,1,1],[1,1,1,1,1,1,1,1,1,1,1],[1,1,1,1,1],[1,1,1,1,1,1,1,1],[1,1,1,1,1,1],[1,1,1,1,2,1],[1,1,1,1,1,1,1,1],[1,1,1,1,1,1],[1,1,1,1,1,1],[1,1,1,1,1,1,1,1,1,1,1,1,1,1],[1,1,1,1,1,1,1,1],[1,1,1,1,1],[1,1,1,1,1],[1,1,1,1,1,1,1,1],[1,1,1,1,1,1],[1,1,1,1,1,1,1,1],[1,1,1,1,1,1,1,1,1],[1,1,1,1,1,1,1,2,1,1,1],[1,1,1,1],[1,1],[1,1,1,1,1,1,1,1,1,1,1,1],[1,1,1],[1,1,2,1,1],[1,1,1,1,1,1],[1,1,1,1,1,1,1],[1,1,1,1,1],[1,1,1,1,1,1],[1,1,1,1,1,1,1,1,1,1],[1,1,1,1,1,1],[1,1,1,1,1,1],[1,1,1,1,1,1,1,1,1],[1,1,1,1,1,1,1,1,1],[1,1,1,1,1,1,1,1],[1,1,1,1,1,1],[1,1,1,1,1,1,1,1],[1,1,1,1,1],[1,1,1,1,1],[1,1,1,1,1,1,1],[1,1,1,1,1,1,1,1,1,1,1,1],[1,1,1,1,1,1,1],[1,1,1,1,1,1,1,1],[1,1,1,1],[1,1,1,1,1,1,1,1,1,1],[1,1,1,1,1,1],[1,1,1,1,1,1,1],[1,1,1,1],[1,1,1,1,1,1,1],[1,1,1,1,1,1,1,1],[1,1,1,1],[1,1,1],[1,1,1,1,1,1,1],[1,1,1,1,1,1,1,1,1,1,1],[1,1,1,1,1,1,1,1],[1,1],[1,1,1,1,1,1,1],[1,1,1,1,1,1,1],[1,1,1,1,1,1,1],[1,1,1,1,1,1,1,1],[1],[1,1,1,1,1,1,1,1],[1,1,1,1,1,1,1],[1,1,1,1,1,1,1,1],[1,1,1,1,1,1,1,1,1],[1,1,1,1,1,1,1,1,1],[1,1,1,1,1,1,1,1,1,1],[1,1,1,1,1,1,1],[1,1,1,1,1,1,1,1,1],[1,1,1,1,1,1,1,1],[1,1,1,1,1,1,1,1,1,1,1,1,1],[1,1,1,1,1,1,1,1],[1,1,1,1,1],[1,1,1,1,1,1,1],[1,1,1,1,1,1,1,1,1,1],[1,1,1,1,1,1],[1,1,1,1,1,1],[1,1,1,1,1,1],[1,1,1,1,1,1,1,1],[1,1,1,1,1,1,1],[1,1,1],[1,1,1,1,1,1,1],[1,1,1],[1,1,1,1,1],[1,1,1],[1,1,1,1,1],[1,1,1,1,1],[1,1,1,1,1,1,1,1],[1,1,1,1,1,1],[1,1,1],[1,1,1,1,1,1,1,1,1,1],[1,1,1,1,1,1],[1,1,1,1,1],[1,1,1,1,1,1,1],[1,1,1,1,1,1,1],[1],[1,1,1,1,1,1],[1,1,1,1,1],[1,1,1,1,1,1,1],[1,1,1,1,1],[1,1,1],[1,1,1],[1,1,1,1,1,1,1,1],[1,1,1,1,1],[1,1,1,1,1,1,1],[1,1,1,1,1,1],[1,1,1,1,1,1,1,1],[1,1,1,1,1,1,1,1],[1,1,1,1,1,1,1],[1,1,1,1,1,1],[1,1,1,1,1,1,1,1],[1,1,1,1,1],[1,1,1,1,1,1,1,1],[1,1,1,1],[1,1,1,1,1,1,1],[1,1,1,1,1,1,1,1,1],[1,1,1,1,1,1,1,1],[1,1,1,1,1,1,1],[1,1,1,1],[1,1,1,1,1,1],[1,1,1,1],[1,1,1,1],[1,1,1,1,1,1,1],[1,1,1,1,1,1,1],[1,1,1,1,1,1,1],[1,1,1],[1,1,1,1,1,1],[1,1,1,1,1,1,1],[1,1],[1,1,1,1,1,1,1],[1,1,1,1,1,1,1,1],[1,1,1,1,1,1,1,1,1],[1,1,1,1,1,1,1],[1,1,1,1,1,1,1],[1,1,1,1,1,1],[1,1,1],[1,1,1,1,1,1],[1,1,1,1,1,1,1,1],[1,1,1,1],[1,1,1],[1],[1,1,1,1,1,1,1],[1,1,1,1,1,1],[1,1,1,1,1,1,1,1,1,1],[1,1,1,1,1,1,1,1,1],[1,1,1,1,1,1,1,1,1,1],[1,1,1,1,1,1,1,1,1,1,1],[1,1,1,1,1,1,1,1,1,1,1],[1,1,1,1,1,1,1],[1,1],[1,1,1,1],[1,1,1,1,1,1,1],[1,1],[1,1,1,1,1,1,1,1],[1,1,1],[1,1,1,1,1,1,1],[1,1,1,1,1],[1,1,1,1,1,1],[1,1,1],[1,1,1,1,1,1,1,1,1,1],[1,1,1,1,1,1],[1,1,1,1,1,1],[1,1,1,1],[1,1,1,1,1,1,1],[1,1,1],[1,1,1,1,1,1,1,1],[1,1],[1,1,1,1],[1,1,1,1,1,1,1,1,1,1,1,1],[1,1,1,1,1,1,1],[1,1,1,1],[1,1,1,1,1,1,1,1,1,1,1,1],[1,1,1,1,1,1,1,1],[1,1,1,1,1],[1,1,1,1],[1,1,1,1,1,1],[1,1,1,1],[1,1,1,1,1,1,1],[1,1,1,1],[1,1,1,1,1],[1,1,1,1,1,1,1,1,1],[1,1,1,1,1,1,1],[1],[1,1,1,1,1],[1,1,1,1,1],[1,1,1,1,1,2],[],[1,1,1],[1,1,1,1,1],[1,1,1,1,1],[1,1],[1,1,1,1,1,1,1,1,1],[1,1,1,1,1,1,1,1,1],[1,1,1,1,1],[1,1,1,1,1],[1],[1,1,1,1,1,1,1,1,1,1],[1,1,1],[1,1,1,1,1,1,1],[1,1],[1,1,1,1,1,1,1,1,1,1,1],[1,1],[1,1,1,1,1,1],[1,1,1,1,1,1],[1,1],[1,1,1],[1],[1,1,1,1,1,1,1,1],[1],[1],[1,1,1,1,1,1],[1,1,1,1],[1,1,1,1,1,1,1,1,1,1,1],[1,1,1],[1,1,1,1,1,1,1],[1,1,1],[1,1],[1,1,1,1,1,1,1,1],[1,1,1,1,1,1,1],[1,1,1,1,1,1,1,1,1],[1,1,1,1],[1,1,1,1,1],[1,1,1,1,1],[1,1,1,1],[1,1,1,1,1,1,1],[1,1,1,1],[1,1,1,1,1,1,1,1,1],[1,1,1,1,1],[1],[1,1,1,2],[1,1],[1,1,1,1],[1,1,1,1],[1,1,1,1,1],[1,1,1,1,1,1,1,1,1],[1,1,1,1],[1,1,1,1,1,1,1,1],[1,1],[1,1,1,1],[1,1,1,1,1],[],[1,1,1,1,1,1,1,1,1,1,1,1],[1,1,1,1,1],[1,1,1,1,1],[1,1,1],[1,1,1,1],[1,1,1,1],[1,1,1,1,1,1,1,1,1],[1,1,1,1,1,1,1],[1,1,1,1,1,1],[1,1,1,1,1,1,1,1,1],[1,1,1,1,1,1,1,1,1],[1,1,1,1,1,1,1,1,1,1],[1,1,1],[1,1,1,1],[1,1,1,1,1,1],[1],[1,1,1,1,1],[],[1,1,1,1],[1,1,1],[1,1],[1,1,1,1,1],[1,1,1,1,1,1,1],[1,1,1],[1,1,1],[1],[1,1,1,1,1,1,1,1,1,1],[1,1],[1,1,1,1,1],[1,1,1,1,1,1,1,1],[1],[1,1],[1,1,1],[1,1,1,1],[1,1,1,1],[1,1,1,1,1,1,1],[1,1,1,1,1,1,1],[1,1,1,1,1],[1,1],[1,1,1,1,1],[1,1,1,1,1],[1,1],[1,1,1],[1,1,1,1],[1,1,1,1,1,1],[1,1,1,1,1,1,1],[1,1,1],[1],[1,1,1],[1,1,1,1,1,1],[1,1,1,1,1,1,1,1,1],[1,1],[1,1,1,1],[1,1,1,1,1],[1],[1,1],[1,1,1,1],[1,1,1,1],[1],[1,1,1,1,1,1],[1,1,1,1,1,1],[1,1,1,1,1],[1,1,1],[1,1,1],[1,1,1],[1,1,1],[1,1,1],[1,1,1,1],[1,1,1],[1,1,1,1,1],[],[],[1,1,1],[1,1,1,1,1],[1,1,1,1,1],[1,1,1,1,1,1,1],[1,1],[1],[1,1],[1,1,1,1,1],[1,1,1],[1,1,1,1],[1,1,1,1],[1,1,1,1,1],[1,1],[1,1,1,1,1],[1,1,1,1],[1,1,1],[1],[1,1,1,2],[1,1,1,1,1,1],[1,1,1,1,1,1],[1,1,1,1],[1,1,1,1,1],[1],[1,1,1,1,1,1],[1,1,1,1,1],[1,1,1,1,1,1],[1],[1,1],[1,1,1,1,1],[1],[1,1],[1,1,1,1,1],[1],[],[1,1,1,1,1,1],[1,1,1,1,1,1,1,1,1,1],[1,1,1,1,1],[1,1,1,1,1,1,1],[1,1,1,1,1,1,1],[1,1],[1],[1,1,1,1,1],[1,1,1,1,1],[1,1,1],[1,1,1],[1],[1,1,1],[],[1,1,1,1],[1,1,1,1,1],[1,1,1],[1,1,1,1,1],[1,1],[1,1,1,1],[],[1,1,1,1,1],[1,1,1,1],[1,1,1,1,1,1,1],[1,1],[1,1,1,1,1,1,1,1,1,1,1],[1,1,1,1],[1,1,1,1,1,1,1],[1],[1,1],[1],[1,1,1,1,1,1],[],[1,1,1,1,1,1,1],[1,1,1,1,1],[1,1,1],[1,1,1],[1,1,1,1,1,1],[],[1,1,1],[1,1],[1,1],[1,1,1,1,1,1,1,1]];

processingTimesRunnables = [6,10,8,7,12,12,11,10,10,12,12,5,10,13,11,12,11,13,6,13,11,14,10,8,12,8,11,16,12,14,15,11,7,11,12,7,11,11,15,7,12,11,12,9,7,9,13,6,11,13,13,11,13,15,10,12,13,10,10,13,12,10,11,13,10,9,12,12,12,16,6,5,12,12,13,8,6,12,5,13,11,13,12,12,11,11,11,13,13,13,11,16,15,13,10,17,12,12,11,10,8,11,12,8,4,5,15,14,7,12,6,13,14,13,13,13,16,12,13,14,7,11,5,11,12,12,11,10,13,10,10,10,10,12,12,11,14,11,13,8,12,14,14,10,8,10,11,11,13,12,8,16,12,11,11,13,11,10,13,8,13,11,16,5,12,13,11,12,4,11,13,12,14,9,14,13,13,7,7,10,6,10,7,15,9,7,14,13,11,13,15,14,16,10,11,14,12,12,10,17,5,13,13,6,12,11,6,4,12,9,11,13,14,11,12,9,11,9,15,5,13,14,10,11,6,13,13,13,6,12,5,7,11,16,13,6,16,17,12,15,10,11,4,13,11,11,13,13,13,11,12,11,12,11,12,7,13,13,12,6,5,13,13,9,6,10,12,14,10,14,7,5,9,12,6,13,5,15,14,12,4,11,12,14,13,12,10,6,11,10,5,13,7,16,5,13,12,15,15,10,11,13,5,11,11,13,9,15,13,14,16,5,11,11,11,14,13,14,8,13,12,8,6,11,14,16,16,8,12,12,14,14,5,4,13,10,5,7,9,10,12,10,9,9,13,8,11,10,11,15,10,11,17,13,13,12,6,11,11,8,10,10,13,10,12,9,7,8,8,5,8,13,12,11,14,9,10,13,12,15,13,12,13,13,7,11,11,8,7,13,10,10,15,10,8,11,8,10,9,10,5,14,13,5,12,15,5,6,13,12,11,12,7,13,15,16,12,10,15,6,16,5,13,13,16,13,10,10,9,6,13,6,10,13,6,6,13,12,9,13,15,10,7,6,11,11,6,13,11,13,12,11,11,12,11,11,4,10,5,7,16,11,12,9,10,11,13,12,13,9,17,9,8,10,12,13,11,4,5,8,13,10,14,7,12,10,14,11,11,13,15,11,16,6,6,11,14,13,9,7];

periods = [20000,10000,20000,10000,20000,100000,100000,50000,100000,20000,20000,20000,20000,20000,10000,20000,1000,10000,50000,100000,50000,100000,20000,10000,10000,100000,100000,20000,1000,100000,2000,100000,20000,1000,20000,100000,20000,10000,10000,100000,100000,20000,10000,10000,10000,10000,10000,10000,10000,100000,5000,1000,10000,10000,10000,20000,100000,50000,100000,10000,50000,20000,20000,20000,10000,1000,1000,10000,10000,100000,100000,20000,100000,10000,100000,10000,10000,10000,20000,100000,100000,10000,100000,20000,20000,20000,100000,20000,20000,20000,10000,20000,100000,10000,20000,100000,100000,20000,20000,100000,100000,10000,1000,20000,100000,5000,20000,20000,100000,10000,20000,10000,20000,10000,20000,20000,10000,20000,20000,20000,20000,100000,20000,100000,20000,10000,100000,100000,2000,1000,20000,10000,10000,20000,20000,10000,10000,100000,20000,100000,20000,20000,5000,20000,5000,20000,10000,100000,5000,10000,1000,10000,20000,10000,20000,100000,100000,20000,20000,10000,20000,20000,10000,10000,100000,100000,20000,20000,10000,20000,20000,20000,10000,20000,10000,20000,10000,20000,20000,20000,100000,100000,20000,10000,10000,100000,10000,10000,20000,20000,20000,1000,10000,20000,20000,10000,10000,20000,20000,10000,10000,100000,20000,10000,20000,100000,10000,20000,10000,1000,20000,50000,10000,100000,10000,50000,1000,20000,10000,10000,10000,100000,10000,10000,100000,10000,20000,10000,10000,20000,100000,20000,2000,100000,10000,20000,20000,20000,1000,100000,20000,10000,2000,20000,100000,20000,20000,100000,10000,20000,10000,5000,20000,100000,20000,100000,10000,10000,20000,20000,20000,20000,20000,10000,10000,10000,10000,10000,10000,10000,100000,50000,10000,1000,5000,20000,20000,20000,100000,100000,10000,100000,10000,20000,10000,10000,10000,20000,10000,10000,20000,20000,10000,100000,10000,100000,10000,2000,20000,20000,100000,100000,100000,100000,20000,10000,100000,100000,50000,20000,100000,10000,1000,50000,10000,10000,20000,10000,10000,1000,20000,100000,20000,20000,100000,20000,10000,20000,100000,20000,100000,100000,20000,10000,20000,10000,10000,20000,1000,10000,20000,10000,100000,1000,100000,10000,20000,100000,100000,20000,1000,100000,1000,20000,100000,100000,10000,100000,100000,20000,10000,100000,20000,100000,100000,100000,20000,10000,10000,10000,2000,10000,20000,5000,50000,20000,20000,20000,100000,20000,100000,20000,10000,20000,10000,50000,10000,20000,10000,50000,10000,100000,10000,20000,10000,10000,10000,100000,100000,100000,100000,10000,100000,20000,20000,100000,10000,10000,20000,10000,20000,10000,10000,10000,20000,10000,100000,10000,100000,100000,10000,5000,10000,20000,20000,20000,10000,20000,20000,20000,100000,20000,20000,100000,20000,10000,20000,10000,10000,20000,20000,100000,10000,20000,100000,10000,10000,20000,50000,50000,10000,20000,20000,20000,20000,10000,20000,20000,100000,100000,100000,2000,100000,10000,20000,100000,10000,10000,20000,100000,100000,10000,10000,20000,10000,100000,20000,10000,10000,100000,100000,20000,2000,100000,10000,20000,10000,100000,10000,100000,2000,100000,20000,100000,10000,20000,20000,10000,10000,5000];

communicationTimeForOrderCriticalMessages = [1,1,1,1,1,1,1,1,1,1,1,1,1,1,1,1,1,1,1,2,1,1,1,1,1,1,1,1,1,1,1,1,1,1,1,1,1,1,1,1,1,1,1,1,1,1,1,1,1,1,1,1,1,1,1,1,1,1,1,1,1,1,1,1,1,1,1,1,1,1,1,1,1,1,1,1,1,1,1,1,1,1,1,1,1,1,1,1,1,1,1,1,1,1,1,1,1,1,1,1,1,1,1,1,1,1,1,1,1,1,1,1,1,1,1,1,1,1,1,1,1,1,1,1,1,1,1,1,1,1,1,1,1,1,1,1,1,1,1,1,1,1,1,1,1,1,1,1,1,1,1,1];

sizeOfRunnables = [548,940,783,685,1185,1140,1043,1000,975,1133,1148,463,1000,1290,1053,1148,1028,1225,505,1255,1095,1323,993,768,1158,775,1043,1508,1165,1373,1430,1065,645,1073,1103,625,1020,1045,1438,678,1128,1080,1165,855,608,825,1210,518,1008,1210,1298,1020,1203,1463,908,1195,1225,998,1000,1290,1185,945,1028,1290,940,895,1138,1193,1193,1595,535,423,1200,1178,1270,713,585,1140,480,1270,1095,1218,1110,1135,1045,1008,1058,1210,1283,1233,1080,1513,1410,1210,985,1610,1133,1148,1068,945,738,1008,1178,745,378,460,1498,1373,693,1173,580,1263,1318,1258,1280,1230,1563,1165,1268,1365,625,1100,468,1075,1188,1193,1010,968,1240,985,968,990,970,1120,1143,1098,1388,1028,1203,790,1170,1355,1340,968,768,960,1013,1028,1295,1160,793,1540,1173,1098,1015,1293,1060,970,1205,790,1253,1080,1528,445,1170,1235,1008,1165,375,1095,1210,1120,1333,890,1373,1270,1263,673,625,998,565,928,618,1453,813,618,1393,1290,1058,1210,1490,1360,1513,945,1088,1323,1178,1143,923,1610,483,1290,1225,550,1173,1013,528,398,1103,830,1068,1268,1355,1030,1185,825,1030,895,1498,460,1285,1360,988,1043,585,1300,1268,1270,558,1128,443,653,1090,1508,1240,588,1508,1605,1188,1480,960,1013,383,1253,1008,1038,1270,1285,1248,1060,1140,1075,1133,1058,1188,673,1268,1210,1155,540,495,1220,1220,818,593,945,1193,1393,953,1393,618,423,888,1165,550,1295,438,1470,1303,1165,383,1023,1158,1383,1218,1165,993,520,1040,975,473,1203,638,1528,498,1220,1128,1410,1480,945,1035,1290,475,1083,1083,1275,848,1433,1268,1398,1523,488,1023,1010,1038,1303,1253,1305,708,1263,1110,775,533,1045,1308,1595,1578,735,1128,1118,1303,1305,498,398,1278,953,430,678,895,975,1155,938,890,805,1300,753,1013,908,1038,1430,983,1043,1605,1255,1290,1143,503,1035,1015,770,985,960,1278,983,1118,880,650,738,715,428,765,1203,1118,1030,1365,845,975,1215,1173,1485,1230,1148,1205,1223,700,1060,1090,730,623,1300,905,983,1490,970,743,1020,710,975,810,983,483,1303,1243,468,1185,1495,490,585,1295,1185,1023,1155,653,1290,1498,1583,1183,960,1415,543,1513,475,1263,1263,1573,1263,945,960,873,518,1295,588,968,1248,600,578,1218,1113,843,1255,1458,970,663,565,1083,1060,510,1248,1060,1223,1125,1060,1073,1178,1023,1028,400,930,438,633,1573,1068,1193,848,903,1075,1203,1195,1278,890,1605,825,708,925,1183,1298,1063,385,460,758,1270,903,1400,623,1128,985,1333,1005,1080,1300,1410,1030,1550,543,580,1090,1308,1300,805,683];

SenderLabelReceiverOrderCriticalChains = [[483,63,0,0,129],[129,1064,1262,3058,233],[233,940,2263,0,462],[425,1025,0,0,211],[211,2667,0,0,158],[158,2480,0,0,486],[259,1156,0,0,141],[141,2308,0,0,376],[376,2455,0,0,92],[92,270,3892,0,176],[278,811,0,0,35],[35,3132,0,0,284],[284,3081,0,0,135],[289,3792,0,0,487],[487,2038,0,0,209],[411,2269,0,0,432],[432,1288,0,0,158],[158,2271,0,0,394],[394,1014,0,0,246],[111,308,0,0,42],[42,3106,0,0,28],[28,1045,0,0,409],[409,1937,0,0,263],[116,3888,0,0,64],[64,3938,0,0,168],[168,457,0,0,409],[247,1786,0,0,211],[211,25,0,0,134],[134,444,0,0,411],[459,281,0,0,355],[355,922,0,0,400],[214,1753,0,0,282],[282,2240,0,0,419],[419,2123,0,0,138],[167,1872,0,0,430],[430,3345,0,0,135],[135,423,0,0,142],[45,57,0,0,193],[193,1758,0,0,154],[154,2568,0,0,201],[413,172,0,0,224],[224,2500,0,0,397],[397,426,0,0,408],[408,2951,0,0,396],[43,1713,0,0,357],[357,2425,0,0,49],[49,2927,0,0,267],[267,1025,0,0,478],[299,340,0,0,113],[113,3595,0,0,139],[139,1544,0,0,180],[180,392,0,0,99],[107,1176,0,0,95],[95,3110,0,0,404],[404,3165,0,0,278],[278,3189,0,0,477],[293,179,0,0,152],[152,2623,0,0,46],[46,3420,0,0,423],[194,3363,0,0,113],[113,2930,0,0,415],[415,958,0,0,42],[311,1398,0,0,325],[325,1970,0,0,122],[77,1275,0,0,78],[78,3341,0,0,473],[473,3754,0,0,389],[319,2540,0,0,24],[24,2666,0,0,213],[187,455,0,0,193],[193,3516,0,0,315],[57,3723,0,0,349],[349,2674,0,0,476],[485,1131,0,0,137],[137,3771,0,0,187],[187,256,0,0,160],[160,1532,0,0,487],[312,3944,0,0,414],[414,1422,0,0,290],[290,1479,0,0,114],[114,2972,0,0,439],[98,1992,0,0,477],[477,1065,0,0,384],[384,2749,0,0,288],[288,1374,0,0,131],[375,1,2742,0,314],[314,2301,3541,0,19],[19,382,0,0,386],[191,147,0,0,98],[98,589,0,0,323],[323,3573,0,0,194],[194,1101,0,0,324],[442,998,0,0,26],[26,3906,0,0,399],[399,866,0,0,166],[321,3594,0,0,288],[288,1071,0,0,367],[223,1742,0,0,91],[91,2142,0,0,215],[215,3237,0,0,413],[274,2885,0,0,103],[103,243,0,0,313],[356,3978,0,0,128],[128,342,0,0,476],[476,1111,0,0,186],[186,2144,0,0,231],[361,172,0,0,269],[269,204,0,0,110],[110,2571,0,0,342],[358,1616,3456,0,348],[348,650,0,0,417],[417,2610,0,0,401],[401,2685,0,0,322],[480,2081,0,0,271],[271,1234,0,0,248],[248,3645,0,0,165],[461,1659,0,0,75],[75,32,0,0,30],[173,1251,0,0,467],[467,88,0,0,413],[413,3685,0,0,387],[387,1729,0,0,334],[326,3265,0,0,218],[218,3227,0,0,347],[347,3490,0,0,86],[452,1016,0,0,121],[121,3609,0,0,161],[354,640,0,0,88],[88,3237,3333,0,84],[15,984,0,0,228],[228,278,0,0,173],[438,3551,0,0,327],[327,1241,0,0,49],[192,285,0,0,67],[67,1999,0,0,34],[34,3974,0,0,351],[60,3666,0,0,69],[69,2805,0,0,327],[76,1246,0,0,285],[285,3799,0,0,287],[287,1000,0,0,334],[334,1495,0,0,136],[455,1467,0,0,155],[155,1365,0,0,56],[56,1532,0,0,486],[38,3996,0,0,372],[372,140,0,0,285],[285,1174,0,0,479],[491,18,0,0,129],[129,270,0,0,243],[243,256,0,0,462],[462,2396,0,0,298]];

SenderLabelReceiverNonOrderCriticalChains = [[1,287,199],[1,1859,14],[1,2289,331],[1,2289,332],[1,2289,104],[1,3971,3],[1,3971,418],[2,1343,226],[2,1343,4],[2,2036,346],[2,2036,25],[2,2036,364],[2,2072,54],[2,2721,436],[2,2915,315],[2,3120,116],[2,3120,41],[2,3250,316],[3,478,310],[3,478,59],[3,510,5],[3,845,46],[3,1320,305],[3,2990,284],[3,3040,88],[3,3762,5],[4,62,18],[4,347,124],[4,457,36],[4,457,409],[4,457,435],[4,1286,312],[4,1286,127],[4,2671,260],[5,282,264],[5,282,455],[5,614,248],[5,1155,255],[5,1155,236],[5,1347,397],[5,1688,16],[5,2957,450],[6,331,128],[6,1122,7],[6,1122,418],[6,1295,186],[6,1506,205],[6,1978,289],[6,2842,1],[6,2842,286],[6,2842,202],[6,2855,434],[7,838,311],[7,838,471],[7,1869,101],[7,1869,371],[7,1869,250],[7,1869,20],[7,3434,67],[7,3434,401],[7,3434,429],[7,3474,100],[8,249,19],[8,1507,272],[8,2265,212],[8,3350,319],[8,3350,450],[8,3350,216],[9,92,22],[9,1261,296],[9,2589,278],[9,2589,369],[9,2825,476],[9,3114,332],[9,3498,415],[10,110,162],[10,396,11],[10,396,232],[10,581,102],[10,581,25],[10,1477,141],[10,1477,125],[10,1477,384],[10,2785,179],[10,2785,222],[10,2939,195],[11,2153,281],[11,2153,184],[11,2156,12],[11,2156,434],[11,2436,167],[11,2518,9],[11,2518,208],[11,3288,453],[11,3288,253],[12,1041,317],[12,1861,21],[12,2199,394],[12,2199,265],[12,3118,387],[12,3118,191],[12,3655,13],[13,150,218],[13,639,474],[13,639,177],[13,639,23],[13,1145,113],[13,1736,326],[13,2832,16],[13,3958,276],[14,702,35],[14,2022,428],[14,2645,297],[14,2997,482],[14,3307,98],[14,3711,64],[15,207,367],[15,785,110],[15,984,344],[15,984,228],[15,3091,65],[15,3395,134],[15,3880,45],[16,1457,23],[16,1697,376],[16,1847,35],[16,1847,398],[16,3061,28],[17,1090,324],[17,1159,137],[17,1159,274],[17,1159,442],[17,2486,365],[17,2486,109],[17,2745,314],[17,3430,35],[17,3752,137],[18,445,392],[18,479,133],[18,1637,407],[18,1789,60],[18,2309,499],[18,2309,354],[18,3195,25],[18,3344,331],[18,3344,228],[18,3344,454],[19,26,21],[19,382,386],[19,1438,449],[19,3541,314],[20,57,17],[20,57,193],[20,57,460],[20,273,124],[20,446,310],[20,906,174],[20,2312,22],[20,2312,341],[20,2312,392],[20,3119,73],[20,3879,279],[21,400,319],[21,400,439],[21,3222,47],[22,2091,136],[22,2091,468],[22,2307,294],[22,2307,116],[22,2473,319],[22,2912,101],[22,2968,27],[22,3538,166],[22,3538,170],[23,222,132],[23,222,213],[23,526,37],[23,2396,143],[23,2396,230],[23,2396,298],[23,3073,430],[24,118,496],[24,266,25],[24,1193,325],[24,1193,204],[24,1193,456],[24,2666,213],[24,2666,224],[24,3650,487],[25,3171,46],[25,3431,161],[25,3431,135],[26,1,346],[26,1,375],[26,1,419],[26,1,421],[26,647,75],[26,647,264],[26,1029,481],[26,2589,278],[26,2589,369],[26,3481,301],[26,3906,399],[27,120,320],[27,851,245],[27,1389,338],[27,1389,71],[27,1389,271],[27,2347,65],[27,3934,70],[28,17,263],[28,1045,407],[28,1045,409],[28,1045,460],[28,2740,453],[28,2740,62],[28,3551,237],[28,3551,327],[28,3722,382],[29,915,67],[29,952,198],[29,1016,121],[29,1016,151],[29,1032,351],[29,2305,445],[29,3511,34],[29,3767,320],[29,3767,493],[30,763,356],[30,763,285],[30,763,392],[30,1353,403],[30,1434,494],[30,1434,32],[30,3025,440],[30,3138,138],[30,3138,385],[30,3218,499],[30,3218,25],[31,944,383],[31,944,129],[31,1069,483],[31,1640,322],[31,1640,55],[31,1640,369],[31,1725,84],[31,2608,243],[31,2798,371],[31,2798,88],[32,106,59],[32,403,379],[32,795,96],[32,1203,304],[32,1203,356],[32,1203,464],[32,1951,332],[33,205,441],[33,394,449],[33,722,247],[33,1405,410],[33,3383,148],[33,3383,393],[33,3790,195],[33,3790,227],[34,2070,320],[34,2070,145],[34,2797,52],[34,3974,351],[35,7,37],[35,2121,380],[35,3132,174],[35,3132,280],[35,3132,284],[35,3937,161],[36,754,171],[36,754,332],[36,1493,105],[36,1593,66],[36,1593,231],[36,2783,143],[36,2861,34],[36,2861,409],[37,985,134],[37,3057,43],[37,3719,448],[38,426,408],[38,426,43],[38,885,284],[38,1498,77],[38,1498,119],[38,1498,439],[38,1826,206],[38,2603,410],[38,2603,292],[38,3996,189],[38,3996,372],[39,302,43],[39,3573,36],[39,3573,194],[39,3810,407],[39,3956,259],[39,3956,431],[40,1807,263],[40,2254,355],[40,3056,493],[40,3326,50],[40,3548,197],[40,3548,269],[40,3548,173],[40,3548,234],[40,3548,280],[40,3723,301],[40,3723,349],[40,3932,366],[41,292,339],[41,1070,333],[41,1070,234],[41,1708,166],[41,1937,263],[41,1937,243],[41,3373,200],[42,271,336],[42,271,393],[42,1531,43],[42,2251,85],[42,3106,28],[42,3106,214],[42,3598,343],[43,803,382],[43,1101,78],[43,1101,324],[43,1713,13],[43,1713,357],[43,1713,344],[43,3062,415],[43,3062,44],[44,362,139],[44,1895,295],[44,2660,45],[44,2887,408],[45,57,17],[45,57,193],[45,57,460],[45,1045,407],[45,1045,409],[45,1045,460],[45,3185,448],[45,3185,53],[45,3185,207],[45,3548,197],[45,3548,269],[45,3548,173],[45,3548,234],[45,3548,280],[46,379,412],[46,1433,60],[46,3135,36],[46,3181,205],[46,3420,423],[47,3,277],[47,1819,102],[47,2081,271],[47,2081,19],[47,2083,316],[47,2083,49],[47,2931,295],[48,340,113],[48,340,349],[48,340,443],[48,1427,51],[48,2082,438],[48,2133,448],[48,2666,213],[48,2666,224],[48,3383,148],[48,3383,393],[48,3768,54],[49,1693,200],[49,1873,210],[49,2651,94],[49,2651,348],[49,2651,442],[49,2927,267],[50,272,450],[50,272,457],[50,566,417],[50,566,418],[50,763,356],[50,763,285],[50,763,392],[50,1017,71],[50,2369,365],[50,2559,70],[51,1454,275],[51,2303,424],[51,2676,39],[51,3339,106],[51,3742,143],[51,3742,488],[52,1511,313],[52,1511,158],[52,1799,67],[52,2343,332],[52,3240,261],[52,3240,364],[52,3296,66],[52,3296,16],[53,145,111],[53,145,291],[53,145,190],[53,981,342],[53,1049,69],[53,2194,383],[53,2194,484],[53,2194,118],[53,2294,54],[53,2294,461],[53,2294,221],[53,3299,417],[54,122,439],[54,245,185],[54,245,162],[54,3211,290],[54,3583,200],[55,261,194],[55,551,414],[55,766,319],[55,2518,9],[55,2518,208],[55,3882,297],[56,167,108],[56,1074,93],[56,1212,456],[56,1532,486],[56,1532,487],[56,3191,305],[56,3777,84],[57,299,472],[57,903,116],[57,903,465],[57,1379,80],[57,1984,245],[57,2830,316],[57,3723,301],[57,3723,349],[57,3785,157],[58,1044,80],[58,2104,386],[58,2138,216],[58,2284,10],[58,2284,62],[58,2284,84],[58,2988,454],[58,2988,61],[58,3233,386],[59,119,345],[59,2454,80],[59,2510,442],[59,2620,403],[59,2620,471],[59,2755,379],[60,395,187],[60,1783,187],[60,2109,245],[60,3666,69],[61,2044,390],[61,2329,136],[61,2329,247],[61,2570,309],[61,2972,212],[61,2972,439],[62,260,426],[62,577,224],[62,577,485],[62,1839,193],[62,1839,470],[62,2009,63],[62,3218,499],[62,3218,25],[63,788,61],[63,788,131],[63,1023,194],[63,1206,87],[63,1206,19],[63,1206,111],[63,3767,320],[63,3767,493],[64,1022,79],[64,2789,60],[64,3428,453],[64,3890,293],[64,3938,168],[65,698,281],[65,2151,297],[65,2167,407],[65,2537,395],[65,3458,322],[66,442,69],[66,705,210],[66,1158,95],[66,1954,409],[66,3773,166],[66,3852,92],[67,725,12],[67,1999,34],[67,3438,134],[67,3438,210],[67,3808,339],[68,131,196],[68,1189,82],[68,1869,101],[68,1869,371],[68,1869,250],[68,1869,20],[68,2101,326],[68,2516,102],[68,2864,360],[68,3757,229],[69,2805,360],[69,2805,327],[69,2805,272],[69,2959,383],[69,2960,397],[69,3390,76],[70,499,280],[70,2201,81],[70,2964,294],[70,3865,375],[70,3865,255],[71,424,211],[71,2420,451],[71,2482,76],[71,2482,290],[71,2994,445],[71,3071,340],[71,3071,393],[71,3798,1],[72,427,460],[72,602,208],[72,1724,401],[72,1724,293],[72,1724,7],[72,2284,10],[72,2284,62],[72,2284,84],[72,2595,65],[72,2932,169],[72,3688,154],[73,455,84],[73,455,193],[73,455,469],[73,1202,105],[73,1202,387],[73,1498,77],[73,1498,119],[73,1498,439],[73,1636,393],[73,3758,97],[74,959,236],[74,1288,158],[74,1288,1],[74,1288,86],[74,1464,136],[74,1724,401],[74,1724,293],[74,1724,7],[74,2017,191],[74,2577,82],[74,3396,146],[74,3396,371],[75,32,30],[75,1280,329],[75,1280,302],[75,3365,312],[75,3365,38],[75,3365,192],[76,1246,285],[76,1305,204],[76,1305,348],[76,1498,77],[76,1498,119],[76,1498,439],[76,1884,327],[76,3874,267],[77,794,228],[77,1206,87],[77,1206,19],[77,1206,111],[77,1275,85],[77,1275,78],[77,2013,199],[77,2319,451],[77,3077,165],[77,3077,285],[77,3564,152],[78,60,123],[78,160,33],[78,160,235],[78,750,312],[78,1159,137],[78,1159,274],[78,1159,442],[78,3198,117],[78,3341,446],[78,3341,473],[79,596,259],[79,1102,305],[79,1102,94],[79,1582,234],[79,1641,167],[79,2030,446],[79,2030,301],[79,3254,75],[79,3865,375],[79,3865,255],[80,838,311],[80,838,471],[80,1019,23],[80,1753,282],[80,1753,96],[80,2556,85],[80,2556,96],[80,2842,1],[80,2842,286],[80,2842,202],[81,1147,105],[81,1147,487],[81,1368,410],[81,2496,101],[81,2669,264],[81,2669,295],[81,2860,126],[81,3111,128],[81,3530,193],[81,3530,478],[82,712,249],[82,1794,407],[82,2198,281],[82,2459,7],[82,3421,16],[82,3421,240],[83,2071,381],[83,2116,460],[83,2573,224],[83,3527,87],[83,3548,197],[83,3548,269],[83,3548,173],[83,3548,234],[83,3548,280],[84,874,206],[84,874,377],[84,874,422],[84,874,188],[84,1262,157],[84,1262,233],[84,3237,473],[84,3237,88],[84,3237,413],[85,413,89],[85,413,425],[85,3120,116],[85,3120,41],[86,741,494],[86,741,98],[86,760,104],[86,1950,115],[86,3049,498],[86,3049,409],[86,3320,376],[87,999,88],[87,999,398],[87,1682,222],[87,2425,49],[87,2425,497],[87,2425,231],[87,3421,16],[87,3421,240],[87,3747,11],[88,1352,135],[88,1757,98],[88,3333,84],[88,3333,288],[88,3333,138],[89,359,435],[89,684,466],[89,684,384],[89,1286,312],[89,1286,127],[89,2055,153],[89,2404,376],[89,2404,236],[89,3962,142],[90,505,52],[90,2040,420],[90,2042,260],[90,2788,106],[90,2788,457],[90,2822,404],[90,3394,8],[91,669,431],[91,669,173],[91,2142,215],[91,3023,87],[91,3071,340],[91,3071,393],[91,3310,197],[92,222,132],[92,222,213],[92,1533,34],[92,1552,2],[92,3892,176],[92,3892,281],[93,90,202],[93,2092,118],[93,2092,209],[93,2220,156],[93,2221,419],[93,2525,103],[93,2525,210],[93,2886,356],[94,343,267],[94,343,388],[94,369,166],[94,369,444],[94,1570,382],[94,1653,126],[94,1653,372],[94,3736,408],[94,3824,336],[95,2404,376],[95,2404,236],[95,2858,205],[95,3110,404],[95,3110,275],[95,3322,121],[95,3618,108],[95,3716,430],[96,95,206],[96,610,97],[96,1197,21],[96,1416,365],[96,2486,365],[96,2486,109],[97,165,359],[97,317,322],[97,1288,158],[97,1288,1],[97,1288,86],[97,1363,199],[97,3033,37],[97,3431,161],[97,3431,135],[98,589,323],[98,1992,477],[98,2033,141],[98,2350,458],[99,157,424],[99,529,326],[99,706,111],[99,839,299],[99,2785,179],[99,2785,222],[99,3977,153],[99,3977,350],[100,484,146],[100,990,373],[100,990,326],[100,990,361],[100,1560,138],[100,1560,264],[100,1993,423],[100,1993,148],[101,1515,82],[101,1515,468],[101,3296,66],[101,3296,16],[102,992,428],[102,992,481],[102,1113,351],[102,2183,437],[102,2556,85],[102,2556,96],[102,2672,110],[103,218,239],[103,218,477],[103,243,313],[103,1968,192],[104,227,30],[104,341,118],[104,996,50],[104,1180,156],[104,1550,167],[104,1550,369],[105,1619,356],[105,1619,465],[105,1959,302],[105,2213,473],[105,2213,299],[105,2361,156],[105,3100,151],[106,2257,37],[106,2257,143],[106,2769,154],[106,2923,275],[106,3110,404],[106,3110,275],[106,3192,320],[106,3192,145],[106,3631,55],[106,3631,101],[107,354,163],[107,354,39],[107,1176,95],[107,1653,126],[107,1653,372],[107,1676,175],[107,1676,183],[107,2395,40],[107,2395,195],[107,2427,115],[107,2456,171],[107,2456,216],[108,63,423],[108,63,129],[108,778,383],[108,778,178],[108,971,110],[108,2788,106],[108,2788,457],[108,3334,388],[109,103,480],[109,617,225],[109,1730,294],[109,2396,143],[109,2396,230],[109,2396,298],[109,3659,381],[109,3807,231],[110,843,188],[110,2571,342],[110,2703,359],[111,308,42],[111,1042,232],[111,1765,319],[111,2194,383],[111,2194,484],[111,2194,118],[112,311,236],[112,311,470],[112,1381,472],[112,1396,117],[112,2294,54],[112,2294,461],[112,2294,221],[112,3133,137],[112,3133,93],[113,1431,146],[113,2930,415],[113,3595,139],[114,1,346],[114,1,375],[114,1,419],[114,1,421],[114,685,372],[114,2972,212],[114,2972,439],[114,3014,132],[114,3228,251],[114,3985,357],[114,3985,76],[115,1504,118],[115,1566,252],[115,2387,367],[115,2469,425],[115,3572,120],[116,1421,271],[116,2290,415],[116,2290,310],[116,2290,390],[116,2808,83],[116,2808,246],[116,3315,399],[116,3888,64],[117,1654,127],[117,1806,403],[117,2572,283],[117,3031,405],[117,3031,204],[117,3232,270],[118,754,171],[118,754,332],[118,1580,8],[118,1580,103],[118,2762,394],[118,3266,211],[119,709,120],[119,1174,479],[119,1174,454],[119,2917,329],[119,2917,259],[119,2995,453],[119,2995,491],[119,3846,198],[120,173,123],[120,1280,329],[120,1280,302],[120,2237,263],[120,2575,401],[120,2980,257],[121,2226,309],[121,2226,131],[121,2267,367],[121,3609,161],[121,3985,357],[121,3985,76],[122,804,176],[122,804,308],[122,1093,99],[122,1206,87],[122,1206,19],[122,1206,111],[122,1477,141],[122,1477,125],[122,1477,384],[122,1567,166],[122,2030,446],[122,2030,301],[122,3106,28],[122,3106,214],[123,562,398],[123,2190,112],[123,3063,320],[123,3063,369],[123,3164,162],[123,3438,134],[123,3438,210],[123,3652,167],[124,2175,417],[124,2175,363],[124,2175,160],[124,2735,127],[124,3910,157],[125,1208,189],[125,2398,354],[125,3517,139],[125,3517,322],[125,3533,171],[126,1560,138],[126,1560,264],[126,2091,136],[126,2091,468],[126,2092,118],[126,2092,209],[126,2478,308],[126,2478,312],[127,23,186],[127,23,352],[127,23,463],[127,553,33],[127,1035,176],[127,2899,140],[128,342,476],[128,534,178],[128,534,339],[128,3648,390],[128,3923,134],[128,3923,333],[128,3923,441],[128,3933,322],[129,270,92],[129,270,132],[129,270,263],[129,270,243],[129,1064,233],[129,1262,157],[129,1262,233],[129,3058,494],[129,3058,233],[130,190,69],[130,190,339],[130,190,45],[130,254,206],[130,259,217],[130,259,276],[130,1190,117],[130,1546,151],[130,1715,239],[130,3192,320],[130,3192,145],[131,153,376],[131,456,469],[131,2339,310],[131,3316,189],[132,871,244],[132,3121,207],[133,400,319],[133,400,439],[133,556,297],[133,729,362],[133,1294,370],[133,2175,417],[133,2175,363],[133,2175,160],[133,2492,402],[133,3523,57],[133,3523,49],[133,3523,447],[134,444,411],[134,1066,132],[134,2615,158],[135,245,185],[135,245,162],[135,385,480],[135,423,142],[135,3702,91],[136,836,395],[136,836,336],[136,3787,150],[136,3886,306],[136,3892,176],[136,3892,281],[137,3425,27],[137,3425,313],[137,3771,187],[137,3856,150],[137,3878,436],[137,3878,141],[137,3878,330],[138,804,176],[138,804,308],[138,1695,90],[138,2313,398],[138,2919,275],[139,1351,496],[139,1530,15],[139,1544,180],[139,2687,203],[139,2687,467],[139,3732,365],[140,68,202],[140,283,203],[140,283,183],[140,1193,325],[140,1193,204],[140,1193,456],[140,2230,168],[140,2230,304],[140,2439,112],[140,3537,406],[141,234,428],[141,234,75],[141,1600,194],[141,2308,376],[141,2308,321],[141,3012,162],[142,183,7],[142,183,162],[142,1981,180],[142,2937,429],[142,3636,150],[142,3830,341],[143,874,206],[143,874,377],[143,874,422],[143,874,188],[143,1303,149],[143,2070,320],[143,2070,145],[143,2206,145],[143,2206,482],[144,240,354],[144,1307,211],[144,1511,313],[144,1511,158],[144,1927,206],[144,2272,400],[144,3132,174],[144,3132,280],[144,3132,284],[145,11,85],[145,11,275],[145,1557,212],[145,1557,364],[145,2952,422],[145,3523,57],[145,3523,49],[145,3523,447],[146,1589,216],[146,3185,448],[146,3185,53],[146,3185,207],[146,3464,417],[146,3464,467],[147,291,148],[147,291,451],[147,388,269],[147,1722,219],[147,2195,346],[147,2372,250],[147,2843,341],[147,2843,238],[148,1868,215],[148,1868,355],[148,1887,280],[148,2031,364],[148,3889,345],[149,34,422],[149,1885,343],[149,1885,477],[149,2701,92],[149,3669,275],[150,639,474],[150,639,177],[150,639,23],[150,669,431],[150,669,173],[150,2553,370],[150,2999,182],[151,534,178],[151,534,339],[151,1389,338],[151,1389,71],[151,1389,271],[151,2836,339],[151,3146,320],[151,3548,197],[151,3548,269],[151,3548,173],[151,3548,234],[151,3548,280],[152,1274,130],[152,2203,44],[152,2203,394],[152,2623,46],[152,2649,375],[152,2985,154],[152,3343,213],[153,518,379],[153,1333,112],[153,3142,101],[153,3142,298],[153,3562,306],[153,3562,323],[153,3996,189],[153,3996,372],[154,2449,217],[154,2449,467],[154,2568,201],[154,2617,421],[155,238,457],[155,238,384],[155,1365,56],[155,1365,352],[155,1388,190],[155,1739,389],[155,1739,496],[155,2149,53],[155,3914,223],[155,3914,446],[156,3409,170],[156,3409,286],[156,3409,343],[156,3517,139],[156,3517,322],[156,3806,131],[157,358,61],[157,768,213],[157,1304,406],[157,1808,171],[157,1808,387],[157,2482,76],[157,2482,290],[158,1376,429],[158,2271,394],[158,2480,399],[158,2480,486],[159,492,174],[159,662,261],[159,2792,338],[159,3031,405],[159,3031,204],[159,3049,498],[159,3049,409],[160,778,383],[160,778,178],[160,1216,273],[160,1532,486],[160,1532,487],[160,3469,153],[160,3469,361],[160,3635,423],[161,156,491],[161,634,227],[161,1309,496],[161,2956,171],[162,1267,395],[162,3524,453],[162,3524,171],[163,1406,478],[163,1717,315],[163,3099,12],[163,3827,164],[163,3869,8],[163,3869,363],[163,3897,193],[164,340,113],[164,340,349],[164,340,443],[164,1202,105],[164,1202,387],[164,1426,297],[164,1871,472],[164,1871,229],[164,2373,266],[164,2796,334],[164,3587,492],[165,36,307],[165,353,279],[165,353,26],[165,461,364],[165,461,436],[165,1277,406],[165,3708,301],[165,3779,470],[166,821,356],[166,3553,450],[167,1413,180],[167,1869,101],[167,1869,371],[167,1869,250],[167,1869,20],[167,1872,430],[167,3607,394],[168,219,424],[168,251,178],[168,457,36],[168,457,409],[168,457,435],[168,1289,217],[168,3148,190],[169,925,200],[169,1110,187],[169,2281,424],[169,3365,312],[169,3365,38],[169,3365,192],[169,3413,318],[170,132,452],[170,752,317],[170,1133,158],[170,1133,183],[170,2920,357],[170,3913,268],[170,3913,319],[170,3987,403],[171,1098,277],[172,313,190],[172,690,126],[172,1354,411],[172,2307,294],[172,2307,116],[172,3231,437],[172,3231,132],[172,3364,444],[173,792,489],[173,1251,467],[173,1399,297],[173,1399,422],[173,1839,193],[173,1839,470],[173,2105,249],[174,134,324],[174,486,452],[174,2312,22],[174,2312,341],[174,2312,392],[174,3796,224],[174,3956,259],[174,3956,431],[175,1671,197],[175,1762,293],[175,2083,316],[175,2083,49],[175,2942,464],[175,3566,382],[175,3566,90],[175,3566,348],[175,3566,385],[176,270,92],[176,270,132],[176,270,263],[176,270,243],[176,1131,137],[176,1131,277],[176,1583,349],[176,1925,317],[176,2729,471],[177,353,279],[177,353,26],[177,483,214],[177,1549,148],[177,2199,394],[177,2199,265],[177,2315,235],[177,2342,421],[177,2951,423],[177,2951,396],[178,314,183],[178,555,198],[178,832,405],[178,832,224],[178,1228,299],[178,3138,138],[178,3138,385],[179,252,388],[179,252,273],[179,1500,416],[179,2435,226],[179,2969,370],[179,2969,482],[179,3333,84],[179,3333,288],[179,3333,138],[180,392,99],[180,1787,404],[180,2175,417],[180,2175,363],[180,2175,160],[180,2318,199],[180,2362,200],[180,2362,337],[181,578,159],[181,1193,325],[181,1193,204],[181,1193,456],[181,1306,496],[181,2263,461],[181,2263,462],[181,2418,64],[181,2418,303],[181,3409,170],[181,3409,286],[181,3409,343],[181,3995,490],[182,282,264],[182,282,455],[182,1385,214],[182,2766,480],[182,3070,214],[182,3388,308],[182,3687,420],[182,3687,125],[183,1313,284],[183,2740,453],[183,2740,62],[183,3790,195],[183,3790,227],[184,14,357],[184,175,443],[184,1254,159],[184,1425,149],[184,1443,197],[184,1579,373],[184,1579,21],[185,948,304],[185,948,392],[185,1259,266],[185,1990,371],[185,2805,360],[185,2805,327],[185,2805,272],[185,3812,456],[185,3812,313],[185,3812,498],[186,1774,464],[186,2144,231],[186,2480,399],[186,2480,486],[186,3742,143],[186,3742,488],[187,256,160],[187,256,462],[187,455,84],[187,455,193],[187,455,469],[187,2110,427],[188,531,369],[188,1515,82],[188,1515,468],[188,2669,264],[188,2669,295],[188,3642,418],[189,1687,440],[189,1948,208],[189,2290,415],[189,2290,310],[189,2290,390],[189,3524,453],[189,3524,171],[189,3657,424],[190,22,411],[190,1731,203],[190,1793,194],[190,1793,496],[190,2651,94],[190,2651,348],[190,2651,442],[191,147,98],[191,215,267],[191,2474,350],[192,285,67],[192,1632,351],[192,2555,353],[192,2808,83],[192,2808,246],[192,3182,73],[192,3182,307],[193,1758,154],[193,1939,52],[193,3516,315],[194,1101,78],[194,1101,324],[194,3314,312],[194,3363,142],[194,3363,113],[195,214,260],[195,1879,430],[195,3926,350],[196,389,239],[196,667,408],[196,1026,281],[196,1489,251],[196,3603,315],[197,874,206],[197,874,377],[197,874,422],[197,874,188],[197,3188,498],[198,194,328],[198,1170,289],[198,1236,335],[198,1236,202],[198,1389,338],[198,1389,71],[198,1389,271],[198,2835,384],[199,1558,44],[199,1558,27],[199,1867,333],[199,2917,329],[199,2917,259],[199,3619,353],[200,1166,289],[200,2275,488],[200,2708,368],[201,646,418],[201,858,223],[201,944,383],[201,944,129],[201,1300,253],[201,1535,246],[201,1535,188],[201,1550,167],[201,1550,369],[201,2712,319],[202,354,163],[202,354,39],[202,1901,338],[202,2780,187],[202,2896,172],[202,2896,495],[203,521,454],[203,2723,494],[203,2723,215],[203,2723,377],[203,2738,91],[204,108,237],[204,108,140],[204,1674,283],[204,2728,257],[204,2756,413],[204,2814,262],[204,2814,31],[205,396,11],[205,396,232],[205,903,116],[205,903,465],[205,994,259],[205,1608,432],[205,2671,260],[206,1841,303],[207,622,265],[207,1003,445],[207,1003,209],[207,2423,446],[207,2741,215],[207,3563,427],[208,413,89],[208,413,425],[208,487,317],[208,2868,425],[208,3092,39],[209,291,148],[209,291,451],[209,2146,240],[209,2146,293],[209,3123,172],[209,3123,212],[209,3692,373],[210,714,239],[210,1002,274],[210,2449,217],[210,2449,467],[210,2488,339],[211,25,134],[211,2550,335],[211,2667,158],[212,916,386],[212,926,216],[212,1921,75],[213,3253,488],[213,3253,305],[213,3350,319],[213,3350,450],[213,3350,216],[213,3409,170],[213,3409,286],[213,3409,343],[214,1753,282],[214,1753,96],[214,1910,56],[214,2192,222],[214,3662,225],[215,128,23],[215,1138,443],[215,2038,209],[215,2038,472],[215,3237,473],[215,3237,88],[215,3237,413],[216,283,203],[216,283,183],[216,346,175],[216,346,315],[216,1124,47],[216,1124,256],[217,1003,445],[217,1003,209],[217,1292,109],[217,1292,486],[217,2531,351],[217,3523,57],[217,3523,49],[217,3523,447],[218,2391,498],[218,3088,377],[218,3227,347],[218,3268,291],[218,3268,24],[218,3272,370],[218,3272,346],[218,3677,430],[219,141,251],[219,368,416],[219,3018,191],[219,3705,402],[219,3914,223],[219,3914,446],[219,3935,293],[220,1302,479],[220,1658,393],[220,1854,327],[220,1871,472],[220,1871,229],[220,3713,423],[221,438,125],[221,438,449],[221,977,475],[221,1378,260],[221,1568,340],[221,1840,408],[221,2034,63],[221,2048,327],[222,1203,304],[222,1203,356],[222,1203,464],[222,2726,242],[222,2733,248],[223,450,156],[223,987,340],[223,1516,300],[223,1516,343],[223,1516,111],[223,1742,91],[223,1914,290],[223,2520,315],[224,2500,278],[224,2500,397],[224,3634,310],[224,3634,197],[225,108,237],[225,108,140],[225,2036,346],[225,2036,25],[225,2036,364],[225,2702,399],[225,3412,400],[226,976,334],[226,976,491],[226,976,416],[226,1226,372],[226,2215,251],[226,3288,453],[226,3288,253],[226,3809,320],[226,3815,473],[227,259,217],[227,259,276],[227,2226,309],[227,2226,131],[227,2413,238],[227,2693,397],[227,2814,262],[227,2814,31],[228,18,129],[228,18,293],[228,278,173],[228,278,296],[228,415,377],[228,415,186],[228,2800,239],[229,290,368],[229,984,344],[229,984,228],[229,2356,457],[230,447,380],[230,476,470],[230,2367,333],[230,3823,453],[230,3960,495],[230,3960,61],[231,958,461],[231,958,42],[231,1239,191],[231,3641,294],[232,19,454],[232,335,317],[232,2705,246],[232,3038,411],[233,825,298],[233,940,462],[233,2263,461],[233,2263,462],[233,2798,371],[233,2798,88],[233,3601,21],[234,39,209],[234,623,308],[234,1956,294],[234,2036,346],[234,2036,25],[234,2036,364],[234,2561,250],[235,296,258],[235,1163,486],[235,1163,269],[235,1293,155],[235,2565,498],[235,3405,265],[235,4000,245],[236,541,378],[236,1903,299],[236,3967,261],[237,409,430],[237,409,489],[237,1638,426],[237,1699,260],[237,1982,325],[237,3728,246],[238,514,124],[238,645,428],[238,995,126],[238,995,241],[238,1058,283],[238,1244,277],[238,1362,362],[239,1874,376],[239,3037,261],[240,1155,255],[240,1155,236],[240,1492,329],[240,1527,301],[240,2958,400],[240,2982,488],[240,2982,44],[241,234,428],[241,234,75],[241,721,434],[241,881,486],[241,964,414],[241,964,382],[241,1977,321],[241,3224,360],[242,346,175],[242,346,315],[242,471,334],[242,628,342],[242,689,251],[242,772,456],[242,1483,408],[242,2364,316],[242,2364,479],[243,11,85],[243,11,275],[243,256,160],[243,256,462],[243,824,150],[243,1649,298],[243,3050,17],[244,1020,385],[244,1547,310],[244,1994,369],[244,2765,347],[244,2765,368],[244,3567,253],[244,3567,129],[245,1640,322],[245,1640,55],[245,1640,369],[245,2129,253],[245,2326,403],[245,3579,89],[246,439,298],[246,2533,54],[246,2743,103],[247,42,440],[247,992,428],[247,992,481],[247,1786,211],[247,3486,263],[247,3574,453],[248,1373,490],[248,1373,456],[248,2838,366],[248,3268,291],[248,3268,24],[248,3645,165],[248,3645,330],[248,3678,480],[249,306,385],[249,2185,232],[249,3156,203],[249,3479,447],[250,1104,353],[250,1104,381],[250,3378,457],[251,1520,217],[252,549,436],[252,594,422],[252,1768,475],[252,3011,500],[252,3160,374],[252,3444,85],[252,3597,374],[253,2203,44],[253,2203,394],[253,3237,473],[253,3237,88],[253,3237,413],[253,3498,415],[254,933,459],[254,1556,113],[254,1556,251],[254,1595,302],[254,1922,144],[254,2418,64],[254,2418,303],[254,2569,119],[254,2636,476],[254,2636,471],[255,238,457],[255,238,384],[255,1103,268],[255,1465,147],[255,1465,268],[255,1997,156],[255,3311,328],[255,3387,372],[255,3387,433],[256,1076,490],[256,1102,305],[256,1102,94],[256,2478,308],[256,2478,312],[256,2535,271],[256,2867,434],[256,3230,301],[256,3464,417],[256,3464,467],[257,145,111],[257,145,291],[257,145,190],[257,271,336],[257,271,393],[257,1465,147],[257,1465,268],[257,2164,366],[257,2389,6],[257,3240,261],[257,3240,364],[258,763,356],[258,763,285],[258,763,392],[258,1063,344],[258,1133,158],[258,1133,183],[258,1258,407],[258,2341,287],[258,2757,470],[258,3862,306],[258,3862,478],[259,258,429],[259,270,92],[259,270,132],[259,270,263],[259,270,243],[259,1156,141],[259,3043,350],[260,3521,482],[260,3999,360],[261,2424,474],[261,3204,288],[261,3645,165],[261,3645,330],[262,990,373],[262,990,326],[262,990,361],[262,1858,302],[262,2517,145],[262,2546,317],[262,2925,367],[263,1820,341],[263,3046,328],[264,183,7],[264,183,162],[264,2805,360],[264,2805,327],[264,2805,272],[264,2807,346],[264,3127,83],[264,3127,293],[265,848,28],[265,1876,490],[265,3633,274],[266,1218,244],[266,1686,475],[266,2179,423],[266,2597,287],[266,3132,174],[266,3132,280],[266,3132,284],[267,378,454],[267,600,107],[267,1025,478],[267,1025,211],[267,1827,321],[268,593,432],[268,999,88],[268,999,398],[268,1452,179],[268,2257,37],[268,2257,143],[269,204,110],[269,579,250],[269,3703,14],[270,71,171],[270,71,474],[270,2253,262],[270,2464,446],[270,3387,372],[270,3387,433],[270,3530,193],[270,3530,478],[270,3653,287],[270,3959,318],[271,675,119],[271,675,466],[271,1234,248],[271,3361,121],[271,3361,426],[271,3503,400],[272,350,309],[272,509,390],[272,676,266],[272,1540,375],[272,1822,306],[272,2633,390],[273,239,231],[273,428,399],[273,2593,478],[273,3069,250],[274,502,351],[274,502,357],[274,1243,345],[274,2286,339],[274,2885,103],[274,3425,27],[274,3425,313],[275,457,36],[275,457,409],[275,457,435],[276,671,291],[276,1236,335],[276,1236,202],[276,1556,113],[276,1556,251],[276,1949,327],[276,3159,8],[276,3832,386],[277,870,379],[277,3535,296],[278,811,35],[278,941,429],[278,2819,372],[278,3189,477],[279,1117,296],[279,1159,137],[279,1159,274],[279,1159,442],[279,1732,104],[279,1865,185],[279,3193,265],[279,3548,197],[279,3548,269],[279,3548,173],[279,3548,234],[279,3548,280],[280,501,471],[280,787,301],[280,787,448],[280,1825,445],[280,2047,499],[280,2047,286],[280,2047,452],[281,929,262],[281,1626,342],[281,2775,241],[281,2775,345],[282,124,366],[282,124,406],[282,124,489],[282,2209,399],[282,2240,419],[282,2289,331],[282,2289,332],[282,2289,104],[282,2456,171],[282,2456,216],[282,2606,325],[282,3850,362],[283,976,334],[283,976,491],[283,976,416],[283,1100,397],[283,1993,423],[283,1993,148],[283,2444,108],[283,2981,369],[284,186,469],[284,1031,41],[284,2765,347],[284,2765,368],[284,3081,135],[285,1174,479],[285,1174,454],[285,3799,287],[285,3883,58],[286,860,389],[286,1088,441],[286,2308,376],[286,2308,321],[286,3862,306],[286,3862,478],[287,508,308],[287,1000,334],[287,3155,498],[287,3970,494],[288,1071,367],[288,1374,131],[288,1374,379],[288,1793,194],[288,1793,496],[288,2843,341],[288,2843,238],[289,1120,369],[289,2080,421],[289,2096,181],[289,3792,487],[290,70,337],[290,1148,391],[290,1479,114],[290,1808,171],[290,1808,387],[291,1680,292],[291,2781,326],[291,3323,380],[291,3562,306],[291,3562,323],[291,3566,382],[291,3566,90],[291,3566,348],[291,3566,385],[292,324,458],[292,458,336],[292,584,225],[292,1585,300],[292,1897,425],[292,1897,440],[292,2616,480],[293,179,152],[294,2425,49],[294,2425,497],[294,2425,231],[294,3489,404],[294,3863,419],[295,1092,244],[295,1154,468],[295,2145,297],[295,3469,153],[295,3469,361],[296,948,304],[296,948,392],[296,2289,331],[296,2289,332],[296,2289,104],[296,2984,474],[298,320,371],[298,827,316],[298,2160,360],[299,340,113],[299,340,349],[299,340,443],[299,914,103],[299,2002,184],[300,621,324],[300,1284,348],[300,3410,494],[300,3631,55],[300,3631,101],[301,1484,303],[301,1484,220],[302,468,229],[302,1516,300],[302,1516,343],[302,1516,111],[302,2012,249],[302,3566,382],[302,3566,90],[302,3566,348],[302,3566,385],[303,1112,353],[303,1112,32],[303,1336,144],[303,2235,373],[303,2982,488],[303,2982,44],[303,3365,312],[303,3365,38],[303,3365,192],[304,1105,431],[304,1472,278],[304,2364,316],[304,2364,479],[304,2986,297],[305,124,366],[305,124,406],[305,124,489],[305,1633,448],[305,2219,51],[306,1412,86],[307,1713,13],[307,1713,357],[307,1713,344],[307,2294,54],[307,2294,461],[307,2294,221],[307,2876,169],[307,3812,456],[307,3812,313],[307,3812,498],[308,2775,241],[308,2775,345],[308,3442,11],[309,98,232],[309,502,351],[309,502,357],[309,2290,415],[309,2290,310],[309,2290,390],[309,2934,314],[310,2297,447],[310,2297,285],[311,805,85],[311,874,206],[311,874,377],[311,874,422],[311,874,188],[311,1070,333],[311,1070,234],[311,1175,208],[311,1398,325],[311,1941,412],[311,2207,463],[312,1936,472],[312,3944,414],[313,1713,13],[313,1713,357],[313,1713,344],[313,2652,344],[313,3063,320],[313,3063,369],[314,1,346],[314,1,375],[314,1,419],[314,1,421],[314,649,390],[314,2301,19],[315,1021,191],[315,1776,412],[316,1975,354],[316,1975,439],[316,3338,393],[317,1340,220],[318,178,435],[318,212,1],[318,1435,120],[318,2723,494],[318,2723,215],[318,2723,377],[318,3484,446],[318,3613,436],[319,2540,24],[320,3610,114],[321,5,454],[321,1338,399],[321,3272,370],[321,3272,346],[321,3286,333],[321,3594,288],[322,1484,303],[322,1484,220],[322,3123,172],[322,3123,212],[323,220,341],[323,1869,101],[323,1869,371],[323,1869,250],[323,1869,20],[323,2388,441],[323,3344,331],[323,3344,228],[323,3344,454],[323,3573,36],[323,3573,194],[324,278,173],[324,278,296],[324,1310,269],[325,1576,471],[325,1868,215],[325,1868,355],[325,1970,72],[325,1970,122],[325,3971,3],[325,3971,418],[326,1161,363],[326,3265,218],[326,3265,236],[327,1241,49],[327,2134,385],[328,624,175],[328,1343,226],[328,1343,4],[328,1634,493],[328,2842,1],[328,2842,286],[328,2842,202],[328,3282,437],[329,1283,355],[329,2230,168],[329,2230,304],[329,3344,331],[329,3344,228],[329,3344,454],[329,3559,422],[330,77,496],[330,455,84],[330,455,193],[330,455,469],[330,1785,348],[330,2067,338],[330,2525,103],[330,2525,210],[330,2653,440],[331,326,379],[331,420,367],[331,3525,324],[331,3615,132],[332,23,186],[332,23,352],[332,23,463],[332,1929,268],[332,3330,196],[333,1739,389],[333,1739,496],[333,1834,410],[333,2969,370],[333,2969,482],[334,1495,136],[334,1640,322],[334,1640,55],[334,1640,369],[335,989,444],[335,2988,454],[335,2988,61],[335,3179,435],[335,3220,428],[335,3797,486],[335,3921,461],[336,564,421],[336,683,29],[336,1447,396],[336,2767,439],[337,369,166],[337,369,444],[337,877,497],[337,982,70],[337,1676,175],[337,1676,183],[337,3265,218],[337,3265,236],[337,3575,438],[338,1179,350],[338,1579,373],[338,1579,21],[338,2140,433],[338,3234,428],[339,1804,261],[340,769,450],[340,2345,451],[340,3672,407],[340,3801,441],[341,1322,382],[341,3453,482],[342,727,395],[342,3755,410],[342,3851,370],[342,3851,83],[343,703,349],[343,726,359],[343,1618,406],[343,2277,455],[344,44,499],[344,44,149],[344,1279,351],[344,3142,101],[344,3142,298],[345,684,466],[345,684,384],[345,998,471],[345,998,26],[345,1729,389],[345,1729,127],[345,1729,334],[345,2500,278],[345,2500,397],[346,1356,230],[346,2329,136],[346,2329,247],[346,3098,115],[347,1292,109],[347,1292,486],[347,1892,474],[347,3221,329],[347,3434,67],[347,3434,401],[347,3434,429],[347,3490,86],[348,650,417],[348,3456,358],[349,277,464],[349,1766,403],[349,2141,488],[349,2674,476],[350,1,346],[350,1,375],[350,1,419],[350,1,421],[350,1257,457],[352,270,92],[352,270,132],[352,270,263],[352,270,243],[352,1334,34],[352,1374,131],[352,1374,379],[352,2322,470],[352,2896,172],[352,2896,495],[352,3869,8],[352,3869,363],[353,1275,85],[353,1275,78],[353,1276,377],[353,2476,347],[353,2787,247],[354,415,377],[354,415,186],[354,640,88],[354,640,478],[354,2551,458],[355,857,364],[355,922,400],[355,2495,63],[356,2552,213],[356,3687,420],[356,3687,125],[356,3978,128],[357,441,473],[357,2425,49],[357,2425,497],[357,2425,231],[358,1616,348],[358,2162,251],[358,2362,200],[358,2362,337],[358,3256,414],[358,3256,159],[358,3913,268],[358,3913,319],[358,3939,62],[359,2051,237],[359,2316,277],[359,2316,440],[359,2861,34],[359,2861,409],[359,3085,420],[359,3143,414],[360,252,388],[360,252,273],[360,1724,401],[360,1724,293],[360,1724,7],[360,3870,497],[361,172,224],[361,172,269],[361,478,310],[361,478,59],[361,577,224],[361,577,485],[361,1782,427],[361,3371,433],[361,3472,383],[362,1539,398],[362,1645,364],[362,3434,67],[362,3434,401],[362,3434,429],[362,3566,382],[362,3566,90],[362,3566,348],[362,3566,385],[363,343,267],[363,343,388],[363,990,373],[363,990,326],[363,990,361],[363,2059,466],[363,2194,383],[363,2194,484],[363,2194,118],[363,2357,452],[364,2651,94],[364,2651,348],[364,2651,442],[365,1535,246],[365,1535,188],[365,2574,146],[365,3321,10],[366,651,161],[366,1045,407],[366,1045,409],[366,1045,460],[366,3567,253],[366,3567,129],[367,2940,316],[368,281,355],[368,281,307],[368,357,485],[368,1456,413],[368,2793,479],[370,1963,365],[370,3923,134],[370,3923,333],[370,3923,441],[371,3077,165],[371,3077,285],[371,3294,354],[372,140,285],[372,3592,277],[373,1700,476],[373,1897,425],[373,1897,440],[373,2432,433],[373,2837,406],[374,1152,422],[374,1399,297],[374,1399,422],[374,1557,212],[374,1557,364],[374,2504,471],[374,3748,429],[375,601,220],[375,2742,314],[375,2948,386],[376,2455,92],[376,2455,47],[376,2747,100],[377,576,440],[378,1163,486],[378,1163,269],[378,1857,469],[378,2723,494],[378,2723,215],[378,2723,377],[378,3509,370],[378,3881,426],[378,3960,495],[378,3960,61],[379,139,468],[379,3151,416],[380,1326,4],[380,2590,286],[380,3062,415],[380,3062,44],[380,3170,206],[381,57,17],[381,57,193],[381,57,460],[381,334,388],[381,2312,22],[381,2312,341],[381,2312,392],[381,3372,403],[382,231,432],[383,1524,443],[383,3531,37],[384,151,100],[384,248,39],[384,2749,288],[385,1517,467],[385,2603,410],[385,2603,292],[385,2971,391],[386,190,69],[386,190,339],[386,190,45],[386,1551,74],[387,412,374],[387,461,364],[387,461,436],[387,1729,389],[387,1729,127],[387,1729,334],[387,2000,479],[388,809,432],[388,1124,47],[388,1124,256],[388,2316,277],[388,2316,440],[388,3231,437],[388,3231,132],[389,964,414],[389,964,382],[389,1779,414],[389,2338,381],[389,2338,485],[390,438,125],[390,438,449],[391,1455,395],[391,1470,478],[391,1976,456],[391,2306,313],[391,2563,305],[392,519,420],[392,1410,497],[392,2620,403],[392,2620,471],[392,3831,402],[393,1973,225],[393,3582,250],[394,832,405],[394,832,224],[394,1014,246],[395,3256,414],[395,3256,159],[395,3341,446],[395,3341,473],[396,158,402],[396,1477,141],[396,1477,125],[396,1477,384],[396,2236,240],[396,2437,475],[397,426,408],[397,426,43],[397,1104,353],[397,1104,381],[397,1203,304],[397,1203,356],[397,1203,464],[398,2465,300],[398,3253,488],[398,3253,305],[399,866,166],[400,2536,417],[400,2684,405],[400,3899,179],[401,647,75],[401,647,264],[401,2685,322],[401,3878,436],[401,3878,141],[401,3878,330],[402,2309,499],[402,2309,354],[402,2351,377],[402,3878,436],[402,3878,141],[402,3878,330],[402,3923,134],[402,3923,333],[402,3923,441],[403,1931,195],[403,1931,124],[404,2463,55],[404,2610,401],[404,2610,362],[404,3165,278],[405,1450,51],[405,1450,307],[405,2202,469],[405,3201,432],[405,3961,486],[406,2810,484],[407,1365,56],[407,1365,352],[408,1558,44],[408,1558,27],[408,2951,423],[408,2951,396],[409,345,249],[409,1937,263],[409,1937,243],[409,2771,4],[410,3457,192],[411,573,295],[411,788,61],[411,788,131],[411,2269,432],[411,3851,370],[411,3851,83],[412,1371,41],[412,1970,72],[412,1970,122],[412,2049,413],[412,3538,166],[412,3538,170],[413,172,224],[413,172,269],[413,1931,195],[413,1931,124],[413,3685,387],[414,1422,290],[414,3058,494],[414,3058,233],[415,958,461],[415,958,42],[415,1331,469],[416,643,121],[416,950,227],[416,2761,9],[417,2610,401],[417,2610,362],[417,3828,463],[418,1118,468],[418,1796,475],[418,2888,464],[419,1047,434],[419,1622,470],[419,2123,138],[419,3255,493],[420,966,431],[420,2102,300],[420,2494,488],[421,1373,490],[421,1373,456],[421,2297,447],[421,2297,285],[421,3724,446],[424,1673,154],[424,1837,149],[424,3919,48],[425,399,306],[425,399,355],[425,1025,478],[425,1025,211],[425,1087,493],[426,190,69],[426,190,339],[426,190,45],[426,2182,496],[426,3104,185],[427,947,73],[427,1580,8],[427,1580,103],[427,1955,195],[427,3812,456],[427,3812,313],[427,3812,498],[428,1617,437],[428,3577,60],[429,329,438],[430,2622,222],[430,3345,135],[431,1329,25],[431,1366,42],[431,1769,168],[431,3361,121],[431,3361,426],[432,1288,158],[432,1288,1],[432,1288,86],[433,71,171],[433,71,474],[433,1085,15],[433,2076,469],[434,311,236],[434,311,470],[434,434,476],[434,2560,323],[435,1247,254],[435,1933,391],[435,3185,448],[435,3185,53],[435,3185,207],[436,701,475],[436,2554,162],[437,1004,451],[437,1305,204],[437,1305,348],[437,2206,145],[437,2206,482],[438,500,21],[438,3551,237],[438,3551,327],[438,3836,58],[439,160,33],[439,160,235],[439,1835,463],[440,9,410],[441,847,31],[441,2338,381],[441,2338,485],[441,3700,499],[442,567,488],[442,567,125],[442,998,471],[442,998,26],[442,1027,466],[442,3205,463],[443,741,494],[443,741,98],[443,1051,487],[443,1952,304],[443,2687,203],[443,2687,467],[444,3118,387],[444,3118,191],[444,3357,492],[444,3795,351],[445,574,113],[445,2213,473],[445,2213,299],[445,2636,476],[445,2636,471],[446,2845,100],[447,372,485],[447,675,119],[447,675,466],[447,835,487],[447,2330,472],[447,3370,499],[448,639,474],[448,639,177],[448,639,23],[448,2790,474],[448,3487,465],[449,272,450],[449,272,457],[449,774,450],[449,897,444],[449,1466,450],[449,3821,497],[450,849,188],[451,1081,466],[451,1750,478],[452,1016,121],[452,1016,151],[452,1619,356],[452,1619,465],[452,2041,482],[453,3980,147],[454,3182,73],[454,3182,307],[455,126,265],[455,935,229],[455,1386,457],[455,1467,155],[455,2155,219],[456,956,464],[458,440,169],[458,995,126],[458,995,241],[458,1816,160],[458,2074,331],[458,2383,24],[459,145,111],[459,145,291],[459,145,190],[459,281,355],[459,281,307],[459,1775,490],[459,1911,299],[459,2455,92],[459,2455,47],[459,3402,344],[460,23,186],[460,23,352],[460,23,463],[460,1361,197],[460,1652,487],[461,1593,66],[461,1593,231],[461,1659,75],[461,2284,10],[461,2284,62],[461,2284,84],[461,2768,207],[462,76,183],[462,2208,398],[462,2396,143],[462,2396,230],[462,2396,298],[462,3133,137],[462,3133,93],[463,867,394],[463,867,484],[464,2283,70],[465,218,239],[465,218,477],[465,993,482],[465,2178,390],[465,2178,406],[466,581,102],[466,581,25],[466,2279,396],[466,3977,153],[466,3977,350],[467,88,413],[467,599,203],[467,846,230],[468,640,88],[468,640,478],[468,1242,463],[469,3101,32],[470,1516,300],[470,1516,343],[470,1516,111],[472,2395,40],[472,2395,195],[472,3127,83],[472,3127,293],[473,567,488],[473,567,125],[473,1112,353],[473,1112,32],[473,3754,389],[474,1975,354],[474,1975,439],[474,2979,124],[475,409,430],[475,409,489],[475,2047,499],[475,2047,286],[475,2047,452],[476,1111,186],[476,1678,273],[477,51,493],[477,875,45],[477,1065,384],[477,1900,38],[479,1450,51],[479,1450,307],[479,1729,389],[479,1729,127],[479,1729,334],[480,1315,483],[480,2081,271],[480,2081,19],[480,2379,481],[481,44,499],[481,44,149],[481,638,492],[481,2935,433],[481,3634,310],[481,3634,197],[481,3693,490],[482,836,395],[482,836,336],[483,63,423],[483,63,129],[483,976,334],[483,976,491],[483,976,416],[483,1885,343],[483,1885,477],[483,2047,499],[483,2047,286],[483,2047,452],[483,3052,491],[484,775,492],[484,1812,438],[484,2467,490],[484,2647,314],[485,124,366],[485,124,406],[485,124,489],[485,1131,137],[485,1131,277],[485,1147,105],[485,1147,487],[486,1913,110],[487,2038,209],[487,2038,472],[488,2200,163],[489,494,63],[489,770,495],[489,2112,495],[489,2995,453],[489,2995,491],[489,3463,222],[491,18,129],[491,18,293],[491,1122,7],[491,1122,418],[491,1434,494],[491,1434,32],[491,2827,68],[492,307,317],[492,566,417],[492,566,418],[492,787,301],[492,787,448],[493,3333,84],[493,3333,288],[493,3333,138],[494,3350,319],[494,3350,450],[494,3350,216],[495,867,394],[495,867,484],[495,1847,35],[495,1847,398],[495,2156,12],[495,2156,434],[497,432,275],[497,2153,281],[497,2153,184],[498,2218,59],[498,3756,326],[499,2146,240],[499,2146,293],[500,268,196],[500,2011,289],[500,3306,460],[500,3363,142],[500,3363,113],[500,3396,146],[500,3396,371],[500,3543,212]];

jitters = [20000,10000,20000,10000,20000,100000,100000,50000,100000,20000,20000,20000,20000,20000,10000,20000,1000,10000,50000,100000,50000,100000,20000,10000,10000,100000,100000,20000,1000,100000,2000,100000,20000,1000,20000,100000,20000,10000,10000,100000,100000,20000,10000,10000,10000,10000,10000,10000,10000,100000,5000,1000,10000,10000,10000,20000,100000,50000,100000,10000,50000,20000,20000,20000,10000,1000,1000,10000,10000,100000,100000,20000,100000,10000,100000,10000,10000,10000,20000,100000,100000,10000,100000,20000,20000,20000,100000,20000,20000,20000,10000,20000,100000,10000,20000,100000,100000,20000,20000,100000,100000,10000,1000,20000,100000,5000,20000,20000,100000,10000,20000,10000,20000,10000,20000,20000,10000,20000,20000,20000,20000,100000,20000,100000,20000,10000,100000,100000,2000,1000,20000,10000,10000,20000,20000,10000,10000,100000,20000,100000,20000,20000,5000,20000,5000,20000,10000,100000,5000,10000,1000,10000,20000,10000,20000,100000,100000,20000,20000,10000,20000,20000,10000,10000,100000,100000,20000,20000,10000,20000,20000,20000,10000,20000,10000,20000,10000,20000,20000,20000,100000,100000,20000,10000,10000,100000,10000,10000,20000,20000,20000,1000,10000,20000,20000,10000,10000,20000,20000,10000,10000,100000,20000,10000,20000,100000,10000,20000,10000,1000,20000,50000,10000,100000,10000,50000,1000,20000,10000,10000,10000,100000,10000,10000,100000,10000,20000,10000,10000,20000,100000,20000,2000,100000,10000,20000,20000,20000,1000,100000,20000,10000,2000,20000,100000,20000,20000,100000,10000,20000,10000,5000,20000,100000,20000,100000,10000,10000,20000,20000,20000,20000,20000,10000,10000,10000,10000,10000,10000,10000,100000,50000,10000,1000,5000,20000,20000,20000,100000,100000,10000,100000,10000,20000,10000,10000,10000,20000,10000,10000,20000,20000,10000,100000,10000,100000,10000,2000,20000,20000,100000,100000,100000,100000,20000,10000,100000,100000,50000,20000,100000,10000,1000,50000,10000,10000,20000,10000,10000,1000,20000,100000,20000,20000,100000,20000,10000,20000,100000,20000,100000,100000,20000,10000,20000,10000,10000,20000,1000,10000,20000,10000,100000,1000,100000,10000,20000,100000,100000,20000,1000,100000,1000,20000,100000,100000,10000,100000,100000,20000,10000,100000,20000,100000,100000,100000,20000,10000,10000,10000,2000,10000,20000,5000,50000,20000,20000,20000,100000,20000,100000,20000,10000,20000,10000,50000,10000,20000,10000,50000,10000,100000,10000,20000,10000,10000,10000,100000,100000,100000,100000,10000,100000,20000,20000,100000,10000,10000,20000,10000,20000,10000,10000,10000,20000,10000,100000,10000,100000,100000,10000,5000,10000,20000,20000,20000,10000,20000,20000,20000,100000,20000,20000,100000,20000,10000,20000,10000,10000,20000,20000,100000,10000,20000,100000,10000,10000,20000,50000,50000,10000,20000,20000,20000,20000,10000,20000,20000,100000,100000,100000,2000,100000,10000,20000,100000,10000,10000,20000,100000,100000,10000,10000,20000,10000,100000,20000,10000,10000,100000,100000,20000,2000,100000,10000,20000,10000,100000,10000,100000,2000,100000,20000,100000,10000,20000,20000,10000,10000,5000];

