NumChains = 50;
NumResources = 3;
NumRunnablesInChains = 197;
MemoryBoundOnResource = 1048576;
UtilizationBoundOnResource = 100;

numberOfTasksinChain = [7,5,9,7,7,7,9,9,9,9,5,5,5,5,5,7,5,7,7,7,5,9,5,9,9,7,7,9,7,9,9,5,9,5,9,5,5,5,7,9,7,5,7,5,9,9,5,5,7,5];

runnablesInChains = [205,369,349,211,446,470,482,84,135,476,52,199,481,127,244,67,124,253,282,269,45,42,90,432,352,60,357,316,494,359,431,367,471,450,53,93,297,343,385,379,461,372,451,419,327,165,325,81,155,82,196,152,51,190,16,284,105,324,193,355,311,101,236,76,138,175,157,353,317,32,296,58,69,466,258,252,68,283,77,348,488,335,338,44,434,267,485,450,356,97,184,350,316,395,298,434,483,138,207,47,151,36,210,188,483,380,319,448,155,280,267,426,143,472,118,307,500,452,116,175,234,200,105,360,69,300,126,306,141,129,10,282,275,232,185,438,140,330,153,119,377,223,414,352,219,387,29,410,314,442,476,273,126,180,244,78,192,62,287,387,336,192,92,204,161,468,243,195,313,107,407,83,126,351,191,166,179,262,403,455,214,361,422,285,454,385,308,441,400,207,459,492,362,50,347,302,471];

ProcessingTimesOfMessages = [[1,1,1,1,1,1,1,1,1,1],[1,1,1,1,1,1,1,1,1,1,1],[1,1,1,1,1,1,1,1,1],[1,1,1,1,1,2],[1,1,1,1,1,1,1,1],[1,1,1,1,1,1,1,1,1],[1,1,1,1,1,1,1,1],[1,1,1,1,1,1],[1,1,1,1,1,1],[1,1,1,1,1,1,1,1],[1,1,1,1,1,1,1],[1,1,1,1,1,1,1,1],[1,1,1,1,1,1,1,1,1,1],[1,1,1,1,1,1,1,1,1],[1,1,1,1,1,1,1,1,1,1],[1,1,1,1,1,1,1,1],[1,1,1,1,1,1,1],[1,1,1,1,1,1,1,1,1,1,1,1,1,1],[1,1],[1,1,1,1,1,1,1,1,1,1,1,1,1],[1,1,1,1,1,1,1,1],[1,1,1,1,1,1,1,1],[1,1,1,1,1,1,1,1,1,1,2,2,2,1,1,1],[1,1,1,1,1],[1,1,1,1,1,1,1,1,1,1,1,1,1,1],[1,1,1,1,1,1,1,1,1,1,1],[1,1,1,1,1,1,1,1,1,1,1],[1,1,1,1,1,1,1,1],[1,2,2,2,1,1],[1,1,1,1,1,1,1,1,1],[1,1,1,1,1,1,1,1,1],[1,1,1,1,1,1,1],[1,1,1,1,1,1,1,1,1],[1,1,1,1,1,1,1,1],[1,1,1,1,1,1,1,1,1],[1,1,1,1,1,1,1,1,1],[1,1,1,1,1,1,1,1,1],[1,1,1,1,1,1,1,1,1,1,1],[1,1,1,1,1,1,1],[1,1,1,1,1,1,1,1,1,1,1,1,1],[1,1,1,1,1,1,1,1,1,1,1,1],[1,1,1,1,1,1,1],[1,1,1,1],[1,1,1],[1,1,1,1,1,2,1,1,1],[1,1,1,1,1,1,1,1,1],[1,1,1,1,1,1,1,1,1],[1,1,1,1,1,1,1],[1,1,1,1,1,1,1,1,1,1,1],[1,1,1,1],[1,1,1,1,1,1,1,1,1,1,1,1],[1,1,1,1,1,1,1],[1,1,1,1],[1,1,1,1,1,1],[1,1,1,1,1,1,1],[1,1,1,1,1,1,1,1,1,1],[1,1,1,1,1,1,1,1,1],[1,1,1,1],[1,1,1,1,1,1,1,1],[1,1,1,1,1,1,1,1,1,1,1],[1,1,1,1,1,1,1,1,1],[1,1,1,1,1,1,1],[1,1,1,1,1],[1,1,1,1,1,1,1,1,1,1],[1,1,1,1,1,1],[1,1],[1,1,1,1,1,1,1,1,1],[1,1,1,1,1,1,1,1,1],[1,1,1,1,1],[1,1,1,1,1,1,1,1,1,1,1],[1,1,1,1,1],[1,1,1,1,1,1,1,1],[1,1,1,1,1,1],[1,1,1],[1,1,1,1,1,1,1,1,1,1,1,1,1],[1,1,1,1,1,1,1],[1,1,1,1,1,1,1,1],[1,1,1,1,1,1,1,1,1,1],[1,1,1,1,1,1],[1,1,1],[1,1,1,1,1,1,1],[1,1,1,1,1],[1,1,1,1,1,1,1],[1,1,1,1,1,1,1],[1,1,1,1,1,1,1,1,1,1,1,1,1],[1,1,1,1,1,1],[1,2,1,1,1],[1,1,1],[1,1,1,1,1],[1,1,1,1,1,1],[1,2,2,1,1,1],[1,1,1,1,1,1,1,1,1],[1,1,1,1,1,1,1],[1,1,1,1,1],[1,1,1,1,1,1,1,1],[1,1,1,1,1,1,1,1,1,1,1,1,1,1],[1,1,1,1,1],[1,1,1,1,1],[1,1,1,1,1,1,1,1],[1,1,1,1,1,1],[1,1,1,1,1,1,1,1,1,1],[1,1,1,1,1,1],[1,1,1,1],[1,1,1,1,1,1],[1,1,1,1,1,1],[1,1,1,1,1,1,1,1,1,1,1,1],[1,1,1],[2,1,1,1,1],[1,1,1,1],[1,1,1,1,1,1,1,1],[1,1,1,1,1,1,1,1,1,1,1],[1,1,1,1,1,1,1,1,1,1],[1,1,1,1,1,1],[1,1,1,1,1,1,1,1,1],[1,1,1,1,1,1,1,1,1],[1,1,1,1,1,1,1,1,1,1],[1,1,1,1,1],[1,1,1,1,1,1,1],[1,1,1,1,1,1,1,1,1],[1,1,1,1,1,1,1,1,1],[1,1,1,1,1,1,1,1,1,1,1,1],[1,1,1,1,1,1,1,1,1,1,1],[1,1,1,1,1,1,1,1],[1,1,1,1,1,1,1,1,1,1,1],[1,1,1,1,1,1,1,1,1,1,1,1,1],[1,1,1,1,1,1],[1,1,1,1,1,1,1],[1,1,1,1,1,1,1],[1,1,1,1,1,1,1,1,1,1,1,1],[1,1,1,1,1],[1,1,1,1,1,1,1],[1,1,1],[1,1,1,1,1,1,1,1,1,1,1],[1,1,1,1,1,1,1,1],[1,1],[1,1,1,1,1,1,1],[1,1,2,2,2,1,1,1,1,1],[1,1,1,1],[1,1,1,1,1,1,1],[1,1,1,1,1],[1,1,1],[1,1,1],[1,1,1,1,1,1,1,1,1],[1,1,1,1,1,1,1,1],[1,1,1,1,1],[1,1,1,1,1,1,1,1,1,1,1],[1,1,1,1,1,1],[1,1,1,1,1,1,1],[1,1,1,1,1,1],[1,1,1,1,1,1,1,1],[1,1,1],[1,2,1,1,1,1],[1,1,1,1,1,1,1,1,1],[1,1,1,1,1,1,1,1,1,1,1,1],[1,1,1,1,1,1],[1],[1,1,1,1,1,1,1,1,1],[1,1,2,1,1,1,1,1],[1,1,1,1,1],[1,1,1,1,1,1],[1,1,1,1,1,1,1,1,1],[1,1,1,1,1,1,1,1],[1,1,1,1,1,1,1,1],[1,1,1,1,1],[1,1,1,1,1,1,1],[1,1,1,1,1,1,1,1],[1,1,1,1,1,1],[1,1,1,1,1,1,1,1],[1,1,1,1,1,1],[1,1,1,1,1,1,1,1,1,1],[1,1,1,1,1,1,1,1,1],[1,1,1,2,2,1,1,1,1,1],[1,1,1,1,1,1,1,1,1],[1,1,1,1,1,1,1,1,1,1,1],[1,1,1,1,1,1],[1,1,1,1,1,1],[1,1,1,1],[1,1,1,1,1],[1,1,1,1],[1,1,1],[1,1,1,1,1,1,1,1,1,1],[1,1,1,1,1,1,1,1,1,1,1],[1,1,1,1,1,1,1,1,1,1,1,1,1],[1,1,1,1,1,1,1],[1,1,1,1],[1,1],[1,1,1,1,1],[1,1,1,1,1,1,1],[1,1,1,1,1],[1,1,1,1,1,1,1,1,1,1],[1,1,1,1,1,1],[1,1,1,1,1],[1,1,1,1,1,1,1,1],[1,1,1,1,1],[1,1,1,1,1],[1,1,1,1,1,1,1,1,1,1],[1,1,1,1,1],[1,1,1,1,1,1],[1,1,1,1,1,1,1,1],[1,1,1,1,1,1],[1,1,1,1,1,1,1],[1,1,1,1,1,1,1,1,1,1],[1,1,1],[1,1,1,1,1,1],[1,1,1,1],[1,1,1,1,1,1],[1,1,1,1,1],[1,1,1,1],[1,1,1,1,1,1,1,1],[1,1,1,1,1,1],[1,1,1,2,1],[1,1],[1,1,1,1,1],[1,1,1,1,1,1],[1,1,1,1,1,1],[1,1,1,1,1,1,1,1],[1,1,1,1,1,1,1,1,1,1,1,1],[1,1,1,1,1,1],[1,1,1,1,1,1,1,1,1],[1,1,1,1],[1,1,1,1,1,1],[1,1,1,1],[1],[1,1,1,1,1],[1,1,1,1,1],[1,1,1,1,1],[1,1],[1,1,1],[1,1,1,1,1,1,1],[1,1,1,1],[1,1,1,1,1],[1,1,1,1,1,1,1,1,1],[1,1,1,1],[1,1,1,1,1],[1],[1,1,1,1,1,1,1,1],[1,1,1,1,1,1,1,1,1,1],[1,1,1],[1,1,1,1,1,1],[1,1,1],[1,1,1,1,1,1,1,1,1],[1,1,1,1,1,1,1,1,1],[1,1,1,1,1,1],[1,1,1,1,1,1,1,1],[1,1,1,1,1,1,1,1,1],[1,1,1,1,1,1,1,2,1,1,1],[1,1,1,1,1],[1,1,1,1],[1,1,1,1,1,1],[],[1,1,1,1,1],[1,1,1],[1,1,1,1,1,1],[1,1,1,1,1,1],[1,1,1,1,1],[1,1,1,1,1,1,1,1],[1,1,1,1,1],[1,1,1,1,1,1],[1,1,1,1,1,1],[1,1,1,1,1,1,1,1],[1,1,1,1,1,1,1],[1,1,1,1,1,1,1],[1,1,1,1,1],[1,1,1,1,1,1,1,1,1,1,1],[1,1,1,1],[1,1,1,1,1,1,1,1,1,1],[1,1,1],[1,1,1,1,1,1,1,1],[1,1,1,1,1],[1,1],[1,1,1,1],[1,1,2,2,1,1,1],[1,1,1,1,1],[1,1,1,1,1,1,1,1],[1,1,1,1,1,1,1],[],[1,1,1,1,1,1,1,1,1,1,1,1,1],[1,1,1,1,1,1],[1,1,1,1,1,1,1,1,1,1,1],[1,1,1,1,1,1,1,1,1],[2,2,2,1,1,1,1,1],[1,1,1,1],[1,1,1],[1,1],[1,1,1],[1,1,1,1,1,1,1],[1,1,1,1,1],[1,1,1],[2,2,1,1,1],[1,1,1,1,1,1,1],[1,1,1,1,1,1,1,1,1,1],[1],[1,1,1,1,1,1,1],[1,1,1],[1,1],[1,1,1,1,1],[1,1,1],[1,1,1,1,1,1,1,1],[1,1,1],[1,1,1],[1,1,1,1,1,1],[1,1,1,1,1,1,1,1],[1,1,1],[1,1,1],[1,1,1,1],[1,1,1,1,1,1,1,1,1,1],[1,1,1],[1,1,1,1,1,1,1],[1],[1,1,1,1,1,1,1,1,1],[1,1,1,1,1,1,1,1,1,1],[1,1,1,1,1,1],[1,1,1,1,1,1],[1,1,1,1],[1,1,1,1,1,1,1],[1,1,1,1,1,1,1,1],[1,1,1],[1,1,1],[1,2],[1,1,1,1,1,1,1,1],[1,1,1,1],[1,1,1,1,1,1],[2],[1,1,1,1,1],[1,1,1],[1,1,1,1,1,1],[1,1,1,1,1,1,1],[1,1,1,1,1,1],[1,1,1,1],[1,1,1,1],[1],[],[1,1,1,1],[1,1,1,1,1,1,1,1],[1,1,1,1,1,1],[1,1,1,1,1],[1,1],[1,1,1,1,1,1,1],[1,1,1,1,1,1,1,1],[1,1,1,1,1],[1,1,1,1,1],[1,1,1,1,1,1,1],[1,1,1,1,1],[1,1,1],[1,1,1,1],[1,1,1,1],[1,1,1,1,1,1,1,1,1,1,1],[1,1,1,1],[1,1,1,1,1],[1,1,1,1,1],[1,1,1],[1,1],[1,1,1,1,1,1,1],[1,1,1,1,1,1,1],[1,1,1,1,1,1,1,1],[1,1,1],[1,1,1,1,1,1],[1,1,1,1,1,1,1],[1,1,1],[1,1],[1,1,2,1],[1,1,1,1,1],[],[1],[1,1,1,1,1,1],[1,1,1,1,1,1],[1,1,1],[1,1],[1,1],[1,1,1,1,1,1,1,1,1,1],[1,1,1,1,1,1,1],[1,1,1],[1,1,1,1,1,1,1],[1,1,1],[1,1,1,1,1],[1,1,1,1,1],[1,1,1,1],[1,1,1,1,1,1],[1,1,1,1],[1,1,1],[1,1,1,1],[],[1,1],[1,1,1,1],[1,1,1,1],[1,1,1,1],[1,1,1,1,1,1,1,1],[1,1],[1,1,1,1,1,1,1,1,1,1,1,1],[1,1,1],[1,1],[1,1,1,1,1,1,1,1],[1],[1,1,1,1,1,1,1,1],[1,1,1,1,1,1,1],[1],[1,1,1,1,1,1],[1,1],[1],[1,1,1],[1,1,1],[1,1,1],[1,1,1,1,1,1,1,1,1,1,1],[1,1,1],[1,1,1,1],[1],[1,1,1],[1],[1,1],[1,1,1,1],[1],[1,1,1,1,1,1,1,1,1],[2,1,1],[1,1,1,1,1],[],[1,1,1,1],[1,1,1,2,1],[1,1,1,1,1,1],[1,1,1,1],[1],[1,1,1,1,1],[2,1,1],[1,1,1,1,1,1,1],[1,1],[1,1,1],[1,1,1,1,1],[1,1],[1,1,1,2,2,2,1,1],[1,1,1,1,1],[1,1,1,1,1,1],[1,1,1,1],[2,2,2],[1,1],[1,1,1,1],[1],[1],[1,1,1],[1,1],[1,1,1,1],[1,1,1,1,1,1,1],[1,1],[1],[1,1,1,1],[1,1],[1,1,1,1,1,1,1,1],[1,1,1,1,1,1,1],[1,1,1,1],[1,1,1],[1,1],[1,1,1],[1,1,1],[1,1,1],[1],[1,1,1,1,1,1,1,1,1,1],[1,1,1],[1,1,1,1,1,1],[1,1,1,1,1,1],[1,1,1,1,1],[1],[],[1,1,1,1,1,1,1,1,1,1,1,1],[1,1,1],[1],[1,1,1],[1],[1,1,1,1,1,1,1],[1,1],[1,1,1,1],[],[1,1,1,1,1,1],[1,1],[1,1,1,1,1],[1],[1,1,1],[1],[1,1,1],[1,1,1,1],[1,1],[1,1],[1],[1,1,1],[],[1,1,1,1,1,1],[],[1,1,1],[1,1,1,1],[1],[1,1,1],[],[1,1,1,1,1],[],[1,1,1,1,1,1],[],[1,1,1],[1,1],[],[1,1,1],[1,1],[1,1],[1,1,1,1,1,1]];

processingTimesRunnables = [15,10,7,8,12,16,16,9,11,13,13,10,11,8,10,11,11,14,14,9,7,8,13,10,10,10,8,16,13,10,5,16,11,16,9,13,11,9,12,16,14,13,13,9,11,7,12,12,12,17,11,16,16,10,12,13,14,12,12,15,16,13,13,13,13,12,10,11,11,8,8,6,15,6,13,8,7,15,10,6,16,14,11,10,13,13,11,5,15,5,5,15,12,11,12,10,14,17,15,13,7,12,11,12,6,10,11,11,11,9,15,8,13,14,11,4,11,13,17,5,16,11,14,14,12,11,13,4,4,11,12,11,16,12,13,15,12,12,7,11,12,16,9,10,11,15,8,9,12,6,8,9,10,12,10,11,9,12,10,11,13,15,13,10,10,15,13,11,17,10,10,13,13,12,8,13,12,11,11,10,11,6,8,15,11,11,10,10,9,12,6,13,15,7,12,9,15,12,15,10,11,10,6,10,9,6,11,11,5,4,7,13,11,16,11,16,13,17,13,13,6,8,12,8,12,5,14,11,6,13,5,13,5,13,14,13,13,8,12,12,13,10,8,12,11,17,12,12,10,9,10,11,8,7,10,8,6,13,13,10,11,7,8,13,13,9,14,12,7,11,16,9,5,5,13,15,11,11,9,15,17,12,13,15,6,10,10,10,14,14,11,7,12,10,9,13,9,8,7,13,16,8,8,12,11,6,11,16,5,12,10,5,5,9,5,6,11,15,9,13,10,5,13,13,11,13,6,8,12,11,13,15,10,16,9,15,11,13,6,12,16,14,13,10,12,5,12,11,14,13,12,14,15,12,12,14,9,9,13,8,7,10,13,8,5,11,14,13,8,14,13,9,12,12,7,10,4,11,12,13,6,9,16,12,12,11,10,5,9,13,12,5,10,6,16,10,14,4,6,6,11,11,16,10,10,12,12,13,13,12,12,11,8,6,9,15,11,10,14,13,10,5,11,11,9,5,13,14,7,7,12,13,5,12,13,13,15,13,12,12,5,12,13,5,12,10,6,15,14,16,5,16,4,15,7,10,12,13,13,9,11,6,9,8,14,13,10,9,11,13,13,7,13,12,12,12,12,12,13,9,7,7,16,7,14,13,11,9,16,12,13,16,16,10,13,8,10,10,13,13];

periods = [5000,20000,100000,100000,10000,20000,1000,20000,10000,20000,20000,10000,20000,10000,100000,20000,10000,100000,100000,50000,20000,20000,100000,20000,100000,100000,50000,5000,2000,20000,100000,20000,20000,10000,100000,10000,100000,10000,100000,20000,20000,20000,20000,10000,20000,20000,10000,10000,10000,100000,10000,100000,20000,1000,10000,100000,20000,20000,100000,20000,10000,2000,50000,100000,20000,20000,10000,100000,20000,20000,10000,10000,100000,20000,100000,10000,1000,2000,10000,100000,10000,10000,10000,100000,100000,1000,10000,10000,10000,20000,20000,2000,20000,5000,10000,10000,20000,100000,10000,100000,50000,20000,5000,20000,20000,100000,10000,20000,100000,10000,20000,100000,10000,100000,100000,10000,20000,100000,100000,100000,100000,20000,1000,20000,100000,10000,10000,10000,20000,100000,10000,10000,20000,100000,100000,100000,20000,10000,20000,10000,10000,10000,100000,20000,100000,10000,20000,1000,10000,20000,10000,10000,100000,100000,10000,20000,20000,100000,1000,100000,100000,10000,20000,20000,100000,100000,10000,20000,20000,10000,10000,10000,100000,10000,10000,100000,100000,1000,100000,10000,20000,20000,10000,20000,10000,20000,10000,10000,20000,20000,100000,2000,20000,100000,10000,10000,20000,100000,100000,20000,20000,50000,1000,2000,10000,1000,10000,100000,20000,10000,10000,100000,100000,100000,20000,1000,10000,100000,20000,20000,20000,5000,100000,100000,20000,20000,10000,20000,20000,100000,20000,20000,100000,10000,20000,50000,20000,10000,1000,100000,100000,10000,100000,10000,10000,20000,10000,10000,20000,20000,20000,100000,20000,10000,20000,100000,1000,100000,10000,20000,100000,100000,20000,10000,100000,100000,10000,100000,20000,100000,10000,20000,10000,10000,20000,20000,20000,10000,20000,10000,10000,20000,100000,20000,100000,100000,2000,20000,1000,20000,20000,20000,100000,20000,20000,20000,20000,10000,20000,20000,10000,50000,100000,100000,20000,10000,100000,20000,100000,20000,50000,20000,10000,100000,10000,20000,20000,20000,10000,100000,2000,20000,20000,20000,100000,100000,100000,20000,20000,100000,20000,10000,20000,10000,10000,2000,10000,10000,20000,20000,10000,10000,20000,100000,100000,100000,50000,1000,10000,20000,10000,20000,20000,20000,50000,50000,20000,20000,50000,20000,100000,100000,10000,20000,20000,100000,50000,1000,10000,100000,50000,5000,100000,100000,10000,20000,100000,20000,5000,10000,100000,100000,100000,100000,20000,100000,2000,100000,10000,10000,100000,10000,20000,10000,20000,20000,100000,2000,10000,10000,20000,100000,100000,20000,10000,10000,10000,100000,1000,2000,20000,10000,10000,20000,20000,10000,20000,20000,5000,20000,5000,100000,100000,100000,20000,10000,100000,10000,10000,10000,50000,20000,10000,10000,100000,10000,100000,10000,50000,100000,10000,100000,50000,100000,10000,20000,10000,10000,10000,50000,5000,10000,100000,20000,100000,20000,50000,20000,100000,20000,5000,20000,100000,20000,20000,20000,20000,100000,100000,20000,50000,100000,100000,20000,10000,100000,20000,10000,20000,100000,10000,20000,10000,10000,50000,100000,20000,1000,10000,50000,100000,100000,20000,20000,20000,50000,100000,20000,10000,10000];

communicationTimeForOrderCriticalMessages = [1,1,1,1,1,1,1,1,1,1,1,1,1,1,1,2,1,1,1,1,1,1,1,1,1,1,1,1,1,1,1,1,1,1,1,1,1,1,1,1,1,1,1,1,1,1,1,1,1,1,1,1,1,1,1,1,1,1,1,1,1,1,1,1,1,1,1,1,1,1,1,1,1,1,1,1,1,1,1,1,1,1,1,1,1,1,1,1,1,1,1,1,1,1,1,1,1,1,1,1,1,1,1,1,1,1,1,1,1,1,1,1,1,1,1,1,1,1,1,1,1,1,1,1,1,1,1,1,1,1,1,1,1,1,1,1,2,2,1,1,1,1,1,1,1,1,1];

sizeOfRunnables = [1425,1000,678,773,1140,1528,1528,878,1080,1218,1300,975,1058,720,998,1073,1045,1335,1360,843,645,710,1293,940,915,955,715,1518,1285,933,483,1568,1028,1523,805,1275,1058,850,1128,1560,1303,1230,1248,840,1030,630,1173,1120,1163,1620,1043,1528,1568,1000,1185,1285,1368,1200,1173,1463,1578,1293,1290,1225,1253,1105,983,1068,1008,750,705,523,1438,535,1235,798,645,1448,923,570,1528,1328,1060,993,1298,1215,1065,500,1465,408,488,1485,1195,1065,1158,968,1355,1610,1448,1235,668,1143,1090,1113,580,955,1053,1058,1088,803,1405,773,1248,1303,1060,393,1068,1233,1615,408,1530,1080,1398,1373,1178,1085,1238,383,378,1075,1145,1015,1595,1193,1260,1465,1133,1140,663,1015,1140,1550,803,938,1015,1415,795,848,1160,595,760,858,955,1135,970,1068,803,1135,955,1008,1215,1490,1233,945,970,1490,1275,1023,1605,960,990,1235,1253,1133,708,1255,1143,1095,1068,918,1098,555,738,1453,1073,1028,953,955,828,1148,593,1255,1475,690,1105,880,1480,1173,1430,938,1095,963,538,938,865,593,1080,1073,413,383,668,1275,1065,1523,1008,1600,1203,1605,1278,1270,535,743,1155,738,1105,465,1365,1080,565,1293,453,1278,473,1300,1318,1300,1248,713,1173,1133,1238,978,780,1193,1075,1615,1193,1173,963,870,940,1038,738,693,975,775,510,1230,1293,998,1080,663,783,1253,1253,848,1308,1133,690,1080,1583,820,443,480,1268,1443,1020,1088,808,1433,1605,1178,1253,1430,528,978,953,968,1323,1400,1060,635,1163,978,825,1268,880,720,678,1300,1600,708,780,1140,1068,518,1015,1588,460,1178,960,450,443,835,478,563,1073,1448,890,1255,905,500,1293,1208,1080,1230,523,765,1105,1060,1268,1433,938,1550,880,1485,1038,1223,565,1103,1578,1313,1248,985,1105,445,1185,1028,1355,1300,1165,1340,1463,1185,1125,1393,858,828,1275,793,658,970,1215,743,435,1023,1328,1285,795,1365,1263,803,1170,1165,678,978,390,1058,1155,1290,600,855,1593,1138,1180,1083,945,435,880,1238,1155,483,903,510,1528,923,1305,383,520,510,1028,1058,1513,998,985,1165,1173,1243,1255,1185,1195,1043,788,593,870,1498,1068,940,1373,1248,985,483,1030,1013,805,480,1238,1388,658,618,1155,1270,443,1128,1255,1268,1495,1243,1103,1163,450,1110,1290,405,1118,970,580,1470,1355,1555,483,1545,393,1495,685,990,1173,1268,1210,848,1063,580,848,750,1400,1238,978,873,1095,1248,1263,678,1268,1158,1118,1133,1165,1170,1290,830,690,685,1545,618,1305,1255,1098,808,1563,1165,1248,1535,1503,918,1233,728,993,938,1233,1270];

SenderLabelReceiverOrderCriticalChains = [[205,1729,0,0,369],[369,3211,0,0,349],[349,1360,0,0,211],[446,3101,0,0,470],[470,859,0,0,482],[84,3408,0,0,135],[135,1083,0,0,476],[476,2914,0,0,52],[52,3712,0,0,199],[481,31,0,0,127],[127,3802,0,0,244],[244,560,0,0,67],[124,2746,0,0,253],[253,792,0,0,282],[282,3813,0,0,269],[45,2770,0,0,42],[42,1544,0,0,90],[90,510,0,0,432],[352,599,0,0,60],[60,2602,0,0,357],[357,1972,0,0,316],[316,1735,0,0,494],[359,710,0,0,431],[431,2220,0,0,367],[367,2490,0,0,471],[471,3345,0,0,450],[53,3903,0,0,93],[93,2799,0,0,297],[297,3750,0,0,343],[343,791,3179,0,385],[379,3862,0,0,461],[461,2970,0,0,372],[372,1686,0,0,451],[451,3743,0,0,419],[327,2008,0,0,165],[165,1518,0,0,325],[81,2689,0,0,155],[155,2173,0,0,82],[196,2124,0,0,152],[152,2973,0,0,51],[190,2460,0,0,16],[16,3574,0,0,284],[105,3280,0,0,324],[324,1849,0,0,193],[355,1102,0,0,311],[311,1882,0,0,101],[101,307,0,0,236],[76,1353,0,0,138],[138,1924,0,0,175],[157,3599,0,0,353],[353,3530,0,0,317],[317,1291,0,0,32],[296,1464,0,0,58],[58,335,0,0,69],[69,3571,0,0,466],[258,638,0,0,252],[252,1031,0,0,68],[68,561,0,0,283],[77,1144,0,0,348],[348,2760,3808,0,488],[335,3828,0,0,338],[338,1650,0,0,44],[44,202,0,0,434],[434,2575,0,0,267],[485,1177,2482,0,450],[450,3291,0,0,356],[97,1375,0,0,184],[184,255,0,0,350],[350,841,0,0,316],[316,66,0,0,395],[298,3650,0,0,434],[434,2844,0,0,483],[483,3426,0,0,138],[138,3533,0,0,207],[47,2737,0,0,151],[151,3777,0,0,36],[36,2364,0,0,210],[188,3809,0,0,483],[483,1756,0,0,380],[380,1676,0,0,319],[448,2068,0,0,155],[155,2597,0,0,280],[280,742,0,0,267],[267,3221,0,0,426],[143,921,0,0,472],[472,1643,0,0,118],[118,2998,0,0,307],[500,1616,0,0,452],[452,3607,0,0,116],[116,215,0,0,175],[175,2156,0,0,234],[200,3749,0,0,105],[105,630,0,0,360],[360,843,0,0,69],[69,216,0,0,300],[126,2127,0,0,306],[306,2423,0,0,141],[129,256,0,0,10],[10,124,0,0,282],[282,22,0,0,275],[275,164,3594,0,232],[185,2769,0,0,438],[438,936,0,0,140],[330,3696,0,0,153],[153,1518,0,0,119],[119,1438,0,0,377],[377,1326,0,0,223],[414,1762,0,0,352],[352,2957,0,0,219],[387,177,0,0,29],[29,2129,0,0,410],[314,1506,0,0,442],[442,1724,0,0,476],[273,1602,0,0,126],[126,1585,0,0,180],[180,3255,0,0,244],[78,1114,1193,0,192],[192,1670,0,0,62],[62,822,0,0,287],[287,211,0,0,387],[336,517,0,0,192],[192,1753,0,0,92],[92,1961,3926,0,204],[161,1553,0,0,468],[468,1426,0,0,243],[195,1718,0,0,313],[313,2833,0,0,107],[107,108,1567,0,407],[83,741,0,0,126],[126,3903,0,0,351],[191,1048,0,0,166],[166,83,0,0,179],[179,2422,0,0,262],[262,539,0,0,403],[455,2897,0,0,214],[214,3089,0,0,361],[361,2815,0,0,422],[422,963,0,0,285],[454,1994,0,0,385],[385,1398,0,0,308],[441,127,0,0,400],[400,2306,0,0,207],[459,541,0,0,492],[492,3614,0,0,362],[362,2650,0,0,50],[347,1868,0,0,302],[302,1445,0,0,471]];

SenderLabelReceiverNonOrderCriticalChains = [[1,1641,103],[1,1831,466],[1,1831,451],[1,1989,305],[1,1989,44],[1,2050,163],[1,2122,28],[1,3251,342],[1,3664,372],[1,3664,135],[2,584,139],[2,964,13],[2,1616,425],[2,1616,477],[2,1616,452],[2,1616,211],[2,1840,495],[2,1840,465],[2,2684,6],[2,2991,352],[2,3503,267],[3,559,382],[3,559,227],[3,932,234],[3,932,440],[3,2020,4],[3,2389,97],[3,2944,299],[3,2944,442],[3,2944,287],[4,483,429],[4,1148,176],[4,1148,284],[4,2132,273],[4,2907,252],[4,3441,18],[5,772,323],[5,1847,255],[5,2839,142],[5,2990,248],[5,2990,457],[5,3154,9],[5,3648,364],[5,3648,332],[6,714,468],[6,714,339],[6,1045,8],[6,1220,176],[6,1220,206],[6,1999,494],[6,1999,460],[6,2589,417],[6,2589,232],[7,1710,257],[7,1804,148],[7,2014,159],[7,2067,76],[7,2067,54],[7,2527,59],[7,2527,203],[7,3338,203],[8,180,66],[8,1943,10],[8,2065,467],[8,2065,408],[8,2402,309],[8,2616,312],[9,368,288],[9,580,79],[9,2916,471],[9,3292,351],[9,3462,17],[9,3796,34],[10,124,270],[10,124,429],[10,124,282],[10,683,371],[10,786,210],[10,1086,11],[10,1086,118],[10,1459,235],[11,1529,186],[11,1529,434],[11,1529,168],[11,1588,13],[11,2715,69],[11,3153,411],[11,3153,292],[12,297,14],[12,297,249],[12,583,317],[12,1507,333],[12,2512,205],[12,2512,363],[12,2512,380],[12,3737,312],[13,2172,235],[13,2803,146],[13,2803,66],[13,2803,304],[13,2812,496],[13,2812,259],[13,2958,381],[13,2958,416],[13,2958,303],[13,3483,22],[14,309,433],[14,309,399],[14,1066,211],[14,1525,48],[14,1525,19],[14,1680,436],[14,1680,310],[14,2413,149],[14,2439,187],[15,311,325],[15,867,487],[15,867,272],[15,1144,348],[15,1144,134],[15,2154,422],[15,2154,19],[15,3456,11],[15,3456,406],[15,3545,469],[16,1570,171],[16,1570,4],[16,1601,249],[16,2265,24],[16,2698,156],[16,3574,500],[16,3574,284],[16,3899,21],[17,409,142],[17,409,218],[17,409,354],[17,702,478],[17,1555,269],[17,2520,392],[17,2900,34],[18,1052,487],[18,1233,19],[18,2700,424],[18,2700,44],[18,3233,151],[18,3233,283],[18,3233,322],[18,3351,218],[18,3351,472],[18,3351,223],[18,3784,469],[18,3983,408],[18,3983,432],[18,3983,345],[19,1444,223],[19,3953,39],[20,712,208],[20,712,27],[20,1675,160],[20,1675,439],[20,2909,192],[20,2911,63],[20,3660,490],[20,3660,495],[20,3726,359],[20,3918,268],[20,3918,27],[20,3918,140],[20,3918,196],[21,39,310],[21,412,284],[21,1014,493],[21,1014,351],[21,2729,481],[21,3714,235],[21,3938,32],[21,3938,319],[22,113,225],[22,440,138],[22,854,251],[22,1639,295],[22,1639,333],[22,1723,186],[22,2735,437],[22,2735,33],[23,120,297],[23,120,380],[23,120,393],[23,120,424],[23,712,208],[23,712,27],[23,894,374],[23,894,410],[23,1013,170],[23,1013,261],[23,2224,213],[23,2224,475],[23,2224,192],[23,3683,11],[23,3683,25],[23,3683,326],[24,203,340],[24,470,400],[24,3046,203],[24,3095,3],[24,3673,30],[25,143,173],[25,143,398],[25,620,80],[25,1013,170],[25,1013,261],[25,1572,144],[25,1572,100],[25,1572,216],[25,1572,304],[25,2112,284],[25,2112,241],[25,2248,462],[25,2248,390],[25,2248,154],[26,131,93],[26,131,108],[26,2824,223],[26,3045,312],[26,3045,240],[26,3083,268],[26,3443,271],[26,3443,56],[26,3455,341],[26,3664,372],[26,3664,135],[27,705,95],[27,705,128],[27,705,435],[27,705,471],[27,922,363],[27,922,14],[27,922,63],[27,1883,443],[27,1883,179],[27,1883,465],[27,2500,481],[28,641,349],[28,1438,103],[28,1438,377],[28,2325,368],[28,2339,222],[28,3721,94],[28,3721,169],[28,3748,379],[29,2129,410],[29,2224,213],[29,2224,475],[29,2224,192],[29,2280,491],[29,2332,192],[30,107,203],[30,787,201],[30,1841,385],[30,2460,46],[30,2460,16],[30,2644,243],[30,2644,90],[30,2644,287],[30,3848,317],[31,1652,398],[31,2372,266],[31,2503,12],[31,2503,332],[31,3567,307],[31,3681,492],[31,3813,269],[31,3813,472],[31,3845,50],[32,503,103],[32,503,387],[32,1504,66],[32,1504,375],[32,1937,193],[32,3180,470],[32,3475,492],[33,431,396],[33,652,331],[33,1184,221],[33,1184,156],[33,1565,393],[33,1965,102],[33,1965,300],[33,2510,197],[33,3094,209],[34,128,227],[34,128,266],[34,555,165],[34,555,334],[34,555,169],[34,686,405],[34,686,487],[34,2194,89],[35,605,97],[35,605,216],[35,945,304],[35,1746,327],[35,1746,335],[35,2186,403],[35,2592,65],[35,2592,444],[35,3163,39],[36,115,137],[36,2364,135],[36,2364,210],[36,2803,146],[36,2803,66],[36,2803,304],[36,3294,142],[36,3745,71],[36,3791,399],[37,40,118],[37,40,484],[37,2124,290],[37,2124,152],[37,2527,59],[37,2527,203],[37,2786,283],[37,3849,351],[37,3995,283],[38,827,257],[38,827,398],[38,1950,250],[38,2104,44],[38,2425,159],[38,2425,332],[38,3295,392],[38,3607,116],[38,3607,393],[38,3607,98],[38,3925,428],[39,734,411],[39,734,395],[39,1370,469],[39,2398,444],[39,3127,380],[39,3779,59],[39,3887,386],[40,479,327],[40,841,149],[40,841,316],[40,841,479],[40,1487,290],[40,1574,316],[40,2745,495],[40,2745,350],[40,2816,205],[40,3119,123],[40,3119,140],[40,3465,46],[40,3465,370],[41,230,253],[41,230,270],[41,1488,323],[41,1529,186],[41,1529,434],[41,1529,168],[41,1639,295],[41,1639,333],[41,1910,425],[41,2279,464],[41,3721,94],[41,3721,169],[42,370,105],[42,370,211],[42,1397,94],[42,1455,184],[42,1544,383],[42,1544,90],[42,3087,48],[43,314,99],[43,1483,157],[43,1637,393],[43,2921,465],[44,202,434],[44,202,469],[44,838,47],[45,1146,251],[45,1356,53],[45,1366,297],[45,1563,91],[45,1563,491],[45,2770,42],[45,3222,318],[45,3222,3],[45,3980,111],[46,430,24],[46,430,324],[46,446,89],[46,446,291],[46,2558,137],[46,2621,489],[46,2621,130],[46,3559,470],[46,3559,431],[47,441,369],[47,1799,35],[47,2390,338],[47,2390,175],[47,2403,49],[47,2403,145],[47,2737,151],[47,2737,493],[47,3259,321],[48,783,262],[48,1570,171],[48,1570,4],[48,2565,469],[48,2565,406],[48,2994,467],[48,3485,51],[49,5,99],[49,446,89],[49,446,291],[49,596,105],[49,596,329],[49,1703,264],[49,2555,281],[49,3918,268],[49,3918,27],[49,3918,140],[49,3918,196],[50,417,438],[50,2306,207],[50,2306,440],[50,3257,381],[51,124,270],[51,124,429],[51,124,282],[51,1133,436],[51,1133,63],[51,1476,337],[51,1476,276],[51,1589,414],[51,1589,484],[51,2144,487],[51,2914,55],[51,2914,52],[52,903,100],[52,922,363],[52,922,14],[52,922,63],[52,1494,135],[52,1612,59],[52,3712,199],[53,2366,276],[53,3903,351],[53,3903,93],[53,3964,282],[54,1901,13],[54,1901,405],[54,1914,472],[54,2440,123],[54,3021,77],[54,3713,269],[55,932,234],[55,932,440],[55,1291,32],[55,1291,167],[55,2866,87],[55,3092,254],[55,3506,71],[56,409,142],[56,409,218],[56,409,354],[56,987,88],[56,1103,258],[56,1748,205],[56,1748,42],[56,1748,493],[56,2524,59],[56,2524,225],[57,18,164],[57,724,27],[57,939,384],[57,2055,415],[57,2587,450],[57,2587,295],[57,3278,157],[57,3601,61],[57,3930,58],[58,335,69],[58,693,85],[58,2225,97],[58,2541,183],[59,439,84],[59,439,225],[59,1193,192],[59,1193,374],[59,2416,327],[59,3351,218],[59,3351,472],[59,3351,223],[60,96,354],[60,131,93],[60,131,108],[60,1920,442],[60,1920,232],[60,2602,52],[60,2602,357],[60,2602,264],[60,2723,139],[60,3389,65],[60,3423,288],[61,1,83],[61,848,332],[61,1032,41],[61,1032,227],[61,1299,134],[61,1328,273],[61,1328,281],[61,3407,6],[61,3407,467],[62,37,92],[62,348,321],[62,348,220],[62,631,321],[62,822,287],[62,1590,35],[62,2251,336],[63,545,90],[63,830,347],[63,2633,289],[63,2633,455],[63,3203,451],[64,69,150],[64,69,207],[64,538,373],[64,882,73],[64,1076,130],[64,1770,46],[64,1920,442],[64,1920,232],[64,2617,240],[64,2617,282],[65,315,290],[65,2453,357],[65,2453,410],[65,3135,453],[65,3135,91],[65,3155,449],[66,1611,191],[66,3432,74],[67,306,434],[67,1279,364],[67,1279,384],[67,1825,177],[67,1825,264],[67,2868,10],[67,2978,195],[67,3376,309],[67,3376,87],[68,561,283],[68,561,344],[68,1028,80],[68,2220,231],[68,2220,458],[68,2220,367],[68,3161,73],[68,3161,186],[68,3468,212],[69,216,300],[69,1189,305],[69,2564,248],[69,2564,70],[69,3571,466],[70,68,156],[70,102,71],[70,2248,462],[70,2248,390],[70,2248,154],[70,2315,84],[70,2315,235],[70,3076,485],[70,3645,309],[70,3645,437],[70,3818,396],[71,480,483],[71,1064,96],[71,1925,187],[71,2336,332],[71,3182,76],[72,354,389],[72,400,368],[72,400,407],[72,2052,88],[72,2052,127],[72,2449,16],[72,3948,185],[72,3948,414],[73,2456,250],[73,2968,391],[73,2968,43],[73,3376,309],[73,3376,87],[73,3869,80],[74,2938,323],[74,3355,331],[74,3355,56],[75,1572,144],[75,1572,100],[75,1572,216],[75,1572,304],[75,2156,233],[75,2156,317],[75,2156,234],[75,2554,101],[75,2685,271],[75,2685,276],[75,2766,311],[75,3645,309],[75,3645,437],[76,465,107],[76,465,167],[76,1353,138],[76,2334,89],[76,2599,82],[76,2599,224],[76,3699,242],[77,459,86],[77,1144,348],[77,1144,134],[77,1379,182],[77,1379,203],[77,1740,409],[77,2254,50],[77,3023,409],[78,687,325],[78,687,336],[78,1114,386],[78,1114,192],[78,1193,192],[78,1193,374],[78,1691,231],[78,1691,465],[78,3328,204],[78,3330,8],[79,3207,363],[79,3499,305],[79,3499,149],[79,3591,132],[79,3591,457],[79,3794,315],[80,637,282],[80,1562,11],[80,2896,214],[81,430,24],[81,430,324],[81,878,278],[81,1684,426],[81,2689,155],[81,2811,74],[81,3297,74],[82,3,482],[82,2192,175],[82,2564,248],[82,2564,70],[82,3429,85],[83,634,198],[83,741,126],[83,791,385],[83,791,138],[83,842,433],[83,2221,142],[83,3667,87],[84,230,253],[84,230,270],[84,2798,432],[84,2798,98],[84,3202,136],[84,3408,135],[84,3494,285],[85,705,95],[85,705,128],[85,705,435],[85,705,471],[85,1086,11],[85,1086,118],[85,1572,144],[85,1572,100],[85,1572,216],[85,1572,304],[85,2075,378],[85,2229,55],[85,2288,424],[86,170,409],[86,279,178],[86,1704,115],[86,2720,187],[86,2720,188],[86,3573,206],[87,980,405],[87,1615,185],[87,2573,88],[87,2843,113],[87,2843,360],[88,454,429],[88,1539,265],[88,1644,95],[89,55,131],[89,473,177],[89,511,443],[89,511,108],[89,2477,380],[90,349,374],[90,510,67],[90,510,432],[90,2365,133],[90,3499,305],[90,3499,149],[91,144,304],[91,629,398],[91,629,433],[91,2403,49],[91,2403,145],[91,2688,308],[92,503,103],[92,503,387],[92,745,19],[92,1961,204],[92,1961,173],[92,2944,299],[92,2944,442],[92,2944,287],[92,3926,204],[93,380,34],[93,716,108],[93,1255,397],[93,1984,274],[93,1984,194],[93,2658,92],[93,2799,297],[94,914,19],[94,1747,379],[94,1899,222],[94,1899,442],[94,3555,103],[95,391,141],[95,1594,107],[95,2338,55],[95,2338,364],[95,2997,161],[95,2997,323],[95,3970,399],[95,3970,79],[96,141,416],[96,370,105],[96,370,211],[96,1157,292],[96,1157,319],[96,2277,173],[96,2277,260],[96,2408,130],[96,3762,371],[96,3762,167],[96,3918,268],[96,3918,27],[96,3918,140],[96,3918,196],[97,318,104],[97,1375,184],[97,2246,80],[97,3614,288],[97,3614,362],[98,1027,322],[98,1881,109],[98,2779,362],[98,3382,213],[98,3382,430],[99,1050,483],[99,2089,116],[99,2109,416],[99,3006,376],[99,3006,455],[99,3006,313],[99,3311,86],[99,3311,172],[100,64,304],[100,436,323],[100,1675,160],[100,1675,439],[100,1879,307],[100,2022,283],[101,307,236],[101,511,443],[101,511,108],[101,1501,32],[101,1635,470],[101,1635,140],[101,1635,176],[101,1864,64],[101,2328,250],[101,2328,231],[102,1662,270],[102,3404,374],[102,3524,230],[102,3618,142],[102,3624,117],[102,3676,23],[103,1265,379],[103,1390,372],[103,2571,160],[103,2571,320],[104,69,150],[104,69,207],[104,154,383],[104,154,466],[104,390,244],[104,1975,95],[105,630,439],[105,630,360],[105,1152,340],[105,2502,72],[105,3280,408],[105,3280,324],[106,916,270],[106,1942,195],[106,2143,472],[106,2300,86],[106,2300,456],[106,2434,433],[106,2568,423],[106,3233,151],[106,3233,283],[106,3233,322],[106,3795,126],[106,3795,307],[107,1195,434],[107,1567,407],[107,3279,128],[108,139,127],[108,522,156],[108,1926,339],[108,1926,460],[108,3897,182],[109,1132,392],[109,1404,74],[109,1853,258],[109,1886,377],[110,223,399],[110,275,117],[110,718,314],[110,1855,162],[110,3130,267],[110,3152,247],[110,3382,213],[110,3382,430],[111,729,135],[111,1266,117],[111,1452,147],[111,1691,231],[111,1691,465],[111,2010,453],[111,2010,43],[111,2010,144],[111,2524,59],[111,2524,225],[111,2595,420],[112,373,319],[112,1572,144],[112,1572,100],[112,1572,216],[112,1572,304],[112,1583,384],[112,1825,177],[112,1825,264],[112,2549,223],[112,2857,119],[113,104,281],[113,991,208],[113,991,100],[113,1198,242],[113,1329,475],[113,1329,373],[114,367,408],[114,1126,444],[114,1761,82],[114,1761,348],[114,1993,191],[114,2944,299],[114,2944,442],[114,2944,287],[114,3034,223],[115,460,194],[115,460,285],[115,1762,145],[115,1762,352],[115,2565,469],[115,2565,406],[115,3025,402],[115,3239,205],[115,3730,314],[116,215,175],[116,559,382],[116,559,227],[116,636,451],[116,636,58],[116,2393,149],[116,2761,131],[116,3888,117],[116,3888,131],[116,3888,449],[117,16,360],[117,192,68],[117,192,352],[117,2315,84],[117,2315,235],[118,313,423],[118,1043,397],[118,1043,404],[118,1476,337],[118,1476,276],[118,2093,136],[118,2998,307],[119,319,120],[119,319,250],[119,319,452],[119,464,179],[119,653,382],[119,1438,103],[119,1438,377],[119,1646,301],[119,3262,453],[120,596,105],[120,596,329],[120,972,391],[120,1179,489],[120,1964,151],[120,1964,470],[120,2987,187],[120,2987,286],[120,3097,393],[121,197,130],[121,202,434],[121,202,469],[121,460,194],[121,460,285],[121,1114,386],[121,1114,192],[121,2209,238],[121,2209,411],[121,2494,160],[121,2494,373],[121,2796,81],[122,467,493],[122,674,460],[122,870,428],[122,870,394],[122,984,188],[122,1157,292],[122,1157,319],[122,1261,415],[122,1617,194],[122,1617,62],[122,1787,460],[123,1121,348],[123,1643,118],[123,1643,216],[123,2002,160],[123,2002,30],[123,3570,441],[123,3570,189],[123,3770,413],[124,400,368],[124,400,407],[124,873,114],[124,1361,142],[124,2661,461],[124,2661,276],[124,2746,253],[124,2746,496],[124,2959,147],[124,3171,376],[124,3171,468],[125,285,310],[125,285,407],[125,465,107],[125,465,167],[125,1365,424],[125,1931,208],[125,2024,212],[125,2024,208],[125,2024,104],[125,2592,65],[125,2592,444],[125,2675,165],[125,3358,105],[126,1548,420],[126,1585,180],[126,2127,306],[126,3902,151],[126,3903,351],[126,3903,93],[127,1372,247],[127,1372,487],[127,1635,470],[127,1635,140],[127,1635,176],[127,3802,22],[127,3802,244],[128,365,203],[128,1171,406],[128,1499,363],[128,1530,189],[128,2188,188],[128,2830,337],[128,2830,430],[129,256,197],[129,256,10],[129,534,123],[129,534,254],[129,534,433],[129,2163,425],[129,2285,17],[129,2407,215],[129,2425,159],[129,2425,332],[129,2696,27],[129,3992,295],[130,1178,165],[130,1287,176],[130,1856,495],[130,3543,436],[130,3543,353],[131,267,264],[131,2300,86],[131,2300,456],[131,2501,132],[131,2503,12],[131,2503,332],[131,3144,388],[132,288,50],[132,1683,171],[132,2233,386],[133,1116,186],[133,1339,215],[133,1339,386],[133,1924,163],[133,1924,175],[133,1938,49],[133,1938,260],[133,1938,137],[133,1938,259],[133,2184,453],[133,2200,168],[134,89,233],[134,851,489],[134,851,314],[134,859,199],[134,859,482],[134,860,242],[134,2480,2],[134,3300,212],[135,845,99],[135,1083,476],[136,509,271],[136,793,318],[136,1062,473],[136,2827,476],[136,2842,143],[136,3938,32],[136,3938,319],[137,260,328],[137,260,471],[137,280,153],[137,280,452],[137,280,200],[137,738,120],[137,738,197],[137,1926,339],[137,1926,460],[137,3072,265],[138,359,180],[138,1924,163],[138,1924,175],[138,3533,207],[139,1131,400],[139,1184,221],[139,1184,156],[139,1777,243],[139,1777,496],[139,2579,144],[139,2920,184],[140,383,436],[140,1354,159],[140,1354,487],[140,1537,343],[140,3096,227],[141,1462,474],[141,2967,413],[141,2967,294],[142,1034,172],[142,2720,187],[142,2720,188],[143,765,361],[143,921,472],[143,1259,179],[143,2248,462],[143,2248,390],[143,2248,154],[143,2309,369],[143,2437,301],[143,2926,225],[144,555,165],[144,555,334],[144,555,169],[144,1790,428],[144,3557,284],[144,3983,408],[144,3983,432],[144,3983,345],[145,678,207],[145,775,304],[145,1289,427],[145,1962,303],[145,3398,383],[146,782,283],[146,2650,50],[146,2650,195],[146,2930,449],[146,2930,489],[146,2958,381],[146,2958,416],[146,2958,303],[146,2961,469],[146,3543,436],[146,3543,353],[147,46,474],[147,1369,276],[147,1816,218],[147,3131,308],[147,3977,6],[147,3977,233],[148,715,189],[148,1779,257],[148,2360,409],[148,2360,377],[148,3032,491],[148,3314,178],[148,3534,178],[149,1378,332],[149,1378,367],[149,1378,135],[149,3019,416],[149,3308,185],[149,3308,155],[150,142,169],[150,554,193],[150,1698,191],[150,2571,160],[150,2571,320],[150,2663,352],[150,3588,441],[150,3588,445],[151,2800,438],[151,3777,36],[151,3957,281],[152,194,461],[152,1402,471],[152,2364,135],[152,2364,210],[152,2973,51],[152,2973,211],[153,1060,195],[153,1518,325],[153,1518,119],[153,1554,45],[153,1554,447],[153,2599,82],[153,2599,224],[153,3033,94],[153,3220,453],[154,331,313],[154,547,447],[154,1329,475],[154,1329,373],[154,1668,286],[154,1938,49],[154,1938,260],[154,1938,137],[154,1938,259],[154,2267,213],[154,3135,453],[154,3135,91],[155,804,356],[155,2049,162],[155,2173,82],[155,2597,280],[155,2778,445],[155,2778,97],[156,3029,15],[157,332,248],[157,332,295],[157,1475,52],[157,1475,352],[157,2337,44],[157,2990,248],[157,2990,457],[157,3599,353],[157,3599,240],[158,374,161],[158,934,230],[158,1645,353],[158,1815,276],[158,2417,331],[158,2417,473],[158,2427,261],[158,2613,221],[159,979,239],[159,1220,176],[159,1220,206],[159,2525,301],[159,3974,238],[160,810,230],[160,2360,409],[160,2360,377],[160,2870,443],[160,2870,103],[160,3081,371],[161,1553,468],[161,1941,148],[161,1961,204],[161,1961,173],[161,2623,303],[161,2803,146],[161,2803,66],[161,2803,304],[161,3493,222],[162,1331,63],[162,1708,349],[162,2471,448],[162,2973,51],[162,2973,211],[162,3977,6],[162,3977,233],[162,3998,42],[163,1213,396],[163,1213,300],[163,1354,159],[163,1354,487],[163,1576,497],[163,2047,329],[163,2891,109],[163,3792,164],[164,808,223],[164,1681,229],[164,1995,276],[164,2007,325],[164,2780,219],[165,1518,325],[165,1518,119],[165,2463,147],[165,2494,160],[165,2494,373],[165,3219,432],[165,3219,448],[166,83,179],[166,1020,307],[166,2257,402],[166,2767,468],[166,3322,169],[166,3438,309],[166,3826,346],[166,3826,369],[167,1780,334],[167,3308,185],[167,3308,155],[167,3356,299],[167,3356,26],[167,3378,400],[168,846,251],[168,846,463],[168,846,256],[168,846,227],[168,940,152],[168,1100,228],[168,1125,190],[168,1453,200],[169,388,280],[169,388,406],[169,401,340],[169,1111,364],[169,2328,250],[169,2328,231],[170,1328,273],[170,1328,281],[170,1984,274],[170,1984,194],[170,2120,475],[170,2420,278],[170,2428,333],[170,2512,205],[170,2512,363],[170,2512,380],[171,546,335],[171,546,440],[171,1554,45],[171,1554,447],[171,2461,65],[171,3055,43],[171,3147,250],[171,3147,277],[171,3553,198],[172,227,284],[172,227,309],[172,227,500],[172,629,398],[172,629,433],[172,785,484],[172,870,428],[172,870,394],[172,1139,180],[172,2045,156],[173,2024,212],[173,2024,208],[173,2024,104],[173,2644,243],[173,2644,90],[173,2644,287],[173,2882,343],[173,3896,435],[173,3896,494],[174,342,185],[174,851,489],[174,851,314],[174,1978,278],[174,2087,337],[174,2602,52],[174,2602,357],[174,2602,264],[174,3648,364],[174,3648,332],[174,3949,375],[175,445,460],[175,1617,194],[175,1617,62],[175,2156,233],[175,2156,317],[175,2156,234],[176,1591,406],[176,2987,187],[176,2987,286],[176,3574,500],[176,3574,284],[176,3634,44],[177,1192,476],[177,2238,285],[177,2302,12],[177,2302,29],[178,1761,82],[178,1761,348],[178,1948,425],[178,2112,284],[178,2112,241],[179,1253,425],[179,2422,262],[179,2894,377],[179,3619,450],[180,112,185],[180,2679,362],[180,3255,244],[181,77,200],[181,120,297],[181,120,380],[181,120,393],[181,120,424],[181,672,442],[181,2091,98],[181,3084,228],[181,3901,299],[181,3939,299],[182,319,120],[182,319,250],[182,319,452],[182,713,315],[182,2612,87],[182,2612,360],[182,2612,354],[182,3018,324],[182,3161,73],[182,3161,186],[182,3335,141],[183,1616,425],[183,1616,477],[183,1616,452],[183,1616,211],[183,2010,453],[183,2010,43],[183,2010,144],[183,2178,205],[183,2511,359],[183,3898,376],[183,3898,479],[183,3917,436],[183,3917,359],[184,255,350],[184,255,480],[184,426,80],[184,2619,189],[184,2967,413],[184,2967,294],[184,3654,170],[185,1074,196],[185,2769,438],[185,3561,275],[185,3561,66],[186,376,308],[186,3700,427],[187,1573,367],[187,2297,66],[187,3099,428],[187,3129,345],[187,3129,379],[188,408,259],[188,1535,380],[188,1535,222],[188,1579,47],[188,1579,449],[188,2307,271],[188,3809,483],[189,234,220],[189,348,321],[189,348,220],[189,532,333],[189,723,432],[190,546,335],[190,546,440],[190,930,232],[190,1063,234],[190,1063,361],[190,1785,297],[190,2460,46],[190,2460,16],[190,2859,209],[190,2859,478],[191,1048,166],[191,1254,384],[191,2234,327],[191,2318,66],[191,2700,424],[191,2700,44],[192,1670,54],[192,1670,74],[192,1670,493],[192,1670,62],[192,1753,92],[193,344,326],[193,1243,252],[193,1635,470],[193,1635,140],[193,1635,176],[193,1965,102],[193,1965,300],[193,2596,329],[194,1084,240],[194,1772,492],[194,3116,65],[194,3412,78],[194,3733,261],[195,1327,319],[195,1680,436],[195,1680,310],[195,1718,313],[195,2982,207],[196,259,406],[196,259,484],[196,800,349],[196,2124,290],[196,2124,152],[196,3045,312],[196,3045,240],[196,3521,317],[196,3521,212],[196,3725,447],[197,504,401],[197,1165,231],[197,1165,454],[197,2791,220],[197,2949,48],[198,894,374],[198,894,410],[198,1766,167],[198,1766,345],[198,2157,403],[198,3126,88],[199,159,157],[199,2567,246],[199,2567,292],[199,2735,437],[199,2735,33],[199,3148,366],[199,3148,424],[199,3913,423],[200,292,358],[200,1044,220],[200,2611,322],[200,2968,391],[200,2968,43],[200,3749,105],[201,161,415],[201,1075,295],[201,2073,249],[201,2712,288],[201,2854,198],[201,3401,458],[201,3497,393],[202,520,359],[202,1938,49],[202,1938,260],[202,1938,137],[202,1938,259],[202,2497,175],[202,3430,236],[202,3577,302],[202,3592,458],[202,3592,212],[203,192,68],[203,192,352],[203,1839,113],[204,2492,321],[204,2644,243],[204,2644,90],[204,2644,287],[204,3795,126],[204,3795,307],[205,1729,369],[205,2284,238],[205,3129,345],[205,3129,379],[206,605,97],[206,605,216],[206,1666,309],[206,1666,117],[206,2190,239],[206,2190,113],[207,2209,238],[207,2209,411],[207,2999,478],[207,3590,133],[207,3590,251],[208,2230,463],[208,2875,79],[208,3119,123],[208,3119,140],[209,988,263],[209,1014,493],[209,1014,351],[209,1305,314],[209,3327,228],[209,3407,6],[209,3407,467],[209,3716,331],[210,255,350],[210,255,480],[210,471,351],[210,957,31],[210,957,356],[210,2037,234],[211,539,378],[211,539,403],[211,539,227],[211,1786,238],[211,2670,483],[212,330,152],[212,3502,235],[213,1478,320],[213,1478,446],[213,2190,239],[213,2190,113],[213,2261,374],[214,663,261],[214,2451,218],[214,2513,236],[214,2788,150],[214,3089,361],[214,3194,472],[215,510,67],[215,510,432],[215,671,313],[215,1699,98],[215,1989,305],[215,1989,44],[216,252,257],[216,1124,394],[216,1230,289],[216,1230,325],[216,3456,11],[216,3456,406],[216,3501,198],[216,3501,409],[217,120,297],[217,120,380],[217,120,393],[217,120,424],[217,609,259],[217,714,468],[217,714,339],[217,1479,491],[217,2516,238],[217,2637,445],[217,3166,390],[217,3986,375],[218,1080,486],[218,1346,241],[218,2617,240],[218,2617,282],[218,3866,359],[218,3866,82],[219,1320,409],[219,1320,404],[219,1389,395],[219,2410,479],[219,2567,246],[219,2567,292],[219,2783,347],[219,3501,198],[219,3501,409],[220,310,177],[220,310,491],[220,771,25],[220,3728,253],[221,556,353],[221,1823,323],[221,2277,173],[221,2277,260],[221,2283,352],[221,2479,431],[222,270,69],[222,884,421],[222,2546,372],[222,3803,419],[223,478,268],[224,1003,420],[224,1956,459],[224,2376,256],[224,2380,366],[224,3387,382],[225,91,226],[225,781,262],[225,2661,461],[225,2661,276],[225,2993,408],[226,218,463],[226,530,276],[226,2121,109],[226,3451,224],[226,3678,295],[227,1268,363],[227,2759,245],[228,908,411],[228,961,229],[228,961,400],[229,183,469],[229,1561,268],[229,1561,279],[229,1953,202],[229,2131,249],[229,3517,401],[229,3825,297],[230,410,285],[230,1252,270],[230,3250,265],[230,3711,132],[231,1999,494],[231,1999,460],[231,2061,177],[231,3463,250],[231,3734,490],[232,526,337],[232,841,149],[232,841,316],[232,841,479],[232,1748,205],[232,1748,42],[232,1748,493],[232,3594,435],[232,3594,275],[233,893,265],[233,2495,293],[233,2615,342],[233,3173,226],[234,1909,180],[234,1909,406],[234,2058,292],[234,2933,186],[234,2933,489],[235,2645,178],[236,332,248],[236,332,295],[236,409,142],[236,409,218],[236,409,354],[236,456,213],[236,519,359],[236,3369,210],[237,1670,54],[237,1670,74],[237,1670,493],[237,1670,62],[237,1857,474],[237,2981,289],[237,2981,365],[237,3521,317],[237,3521,212],[237,3579,396],[238,935,53],[238,2812,496],[238,2812,259],[239,1412,257],[239,2453,357],[239,2453,410],[239,2981,289],[239,2981,365],[239,3488,348],[240,1200,294],[240,1322,408],[240,2180,469],[241,705,95],[241,705,128],[241,705,435],[241,705,471],[241,1135,345],[241,1561,268],[241,1561,279],[241,3148,366],[241,3148,424],[242,616,73],[242,616,245],[242,616,310],[242,616,433],[242,1234,493],[242,1296,463],[242,3888,117],[242,3888,131],[242,3888,449],[243,2013,420],[243,2013,361],[243,2865,107],[243,3082,442],[243,3614,288],[243,3614,362],[244,560,67],[244,792,273],[244,792,282],[244,1176,74],[244,1401,489],[244,2156,233],[244,2156,317],[244,2156,234],[245,388,280],[245,388,406],[245,907,341],[245,1384,369],[245,1544,383],[245,1544,90],[245,3047,248],[245,3443,271],[245,3443,56],[246,555,165],[246,555,334],[246,555,169],[246,1142,319],[246,1148,176],[246,1148,284],[246,1859,417],[246,2888,350],[246,3530,317],[246,3530,296],[246,3549,279],[247,259,406],[247,259,484],[247,996,413],[247,2324,115],[247,2429,439],[248,1411,206],[248,2671,78],[248,2671,340],[248,3075,215],[249,2624,298],[249,2624,323],[249,2737,151],[249,2737,493],[249,3296,446],[249,3890,308],[251,246,418],[251,246,485],[251,1209,297],[251,2583,489],[251,3317,364],[252,1031,68],[252,1634,20],[252,3523,141],[253,238,37],[253,792,273],[253,792,282],[253,3627,331],[253,3729,267],[253,3729,407],[254,927,484],[254,1162,410],[254,1642,271],[254,1935,341],[254,2382,124],[254,3542,448],[255,236,298],[255,468,486],[255,915,17],[255,974,354],[255,1890,344],[256,687,325],[256,687,336],[256,1535,380],[256,1535,222],[256,1827,453],[256,2612,87],[256,2612,360],[256,2612,354],[257,378,368],[257,2822,376],[257,2822,488],[257,3970,399],[257,3970,79],[258,638,252],[258,776,326],[258,776,473],[258,2721,296],[258,3785,309],[258,3806,402],[259,636,451],[259,636,58],[259,675,431],[259,1746,327],[259,1746,335],[259,1979,29],[260,227,284],[260,227,309],[260,227,500],[260,1257,241],[260,1377,441],[260,1478,320],[260,1478,446],[260,2432,151],[261,128,227],[261,128,266],[261,2353,344],[261,2498,494],[261,2498,247],[261,3594,435],[261,3594,275],[262,52,210],[262,539,378],[262,539,403],[262,539,227],[262,950,481],[262,950,34],[262,3613,455],[263,2015,393],[263,2433,272],[263,3219,432],[263,3219,448],[263,3253,294],[264,1682,475],[264,1682,496],[264,1682,499],[264,2010,453],[264,2010,43],[264,2010,144],[264,2512,205],[264,2512,363],[264,2512,380],[264,2556,298],[264,2556,396],[265,730,300],[265,1391,29],[265,1391,228],[265,3965,186],[266,101,388],[266,1063,234],[266,1063,361],[266,1104,285],[266,2119,382],[266,2150,473],[266,3918,268],[266,3918,27],[266,3918,140],[266,3918,196],[267,2685,271],[267,2685,276],[267,3221,426],[268,2009,318],[268,2612,87],[268,2612,360],[268,2612,354],[268,3651,374],[268,3983,408],[268,3983,432],[268,3983,345],[269,578,422],[269,1058,460],[269,2821,369],[269,3356,299],[269,3356,26],[270,659,28],[270,948,144],[271,225,338],[271,3561,275],[271,3561,66],[271,3740,449],[272,27,360],[272,300,350],[272,533,350],[272,533,368],[272,2373,295],[272,3153,411],[272,3153,292],[273,121,292],[273,755,300],[273,1419,448],[273,1602,126],[273,1752,452],[274,108,407],[274,1471,412],[274,1471,499],[274,2390,338],[274,2390,175],[274,3780,342],[274,3826,346],[274,3826,369],[275,164,232],[275,188,344],[275,1185,292],[275,2808,467],[275,2808,215],[275,3355,331],[275,3355,56],[277,1149,286],[277,1670,54],[277,1670,74],[277,1670,493],[277,1670,62],[277,1756,1],[277,1756,425],[277,1756,380],[277,1756,360],[277,2174,208],[277,3516,318],[277,3768,258],[277,3768,460],[278,17,390],[278,1831,466],[278,1831,451],[278,1958,335],[278,3385,441],[278,3385,426],[279,572,419],[279,572,291],[279,991,208],[279,991,100],[279,2970,288],[279,2970,372],[279,2970,467],[279,3357,460],[279,3607,116],[279,3607,393],[279,3607,98],[280,539,378],[280,539,403],[280,539,227],[280,742,267],[280,1417,190],[280,1504,66],[280,1504,375],[280,3580,389],[280,3773,336],[281,280,153],[281,280,452],[281,280,200],[281,564,313],[281,1391,29],[281,1391,228],[281,1666,309],[281,1666,117],[282,22,275],[282,1880,54],[282,3813,269],[282,3813,472],[283,2025,164],[283,3866,359],[283,3866,82],[284,1520,296],[284,3739,467],[285,491,303],[285,2270,237],[285,2270,330],[286,269,300],[286,1735,494],[286,1735,459],[286,1894,382],[286,2457,346],[286,2457,459],[286,3993,435],[287,211,387],[287,488,497],[287,827,257],[287,827,398],[287,2526,248],[288,1503,72],[288,3520,464],[288,3520,439],[289,533,350],[289,533,368],[289,2966,368],[289,3862,390],[289,3862,461],[290,1869,312],[290,2182,294],[290,2845,363],[290,3233,151],[290,3233,283],[290,3233,322],[290,3915,420],[291,384,68],[291,384,474],[291,616,73],[291,616,245],[291,616,310],[291,616,433],[291,1248,395],[291,1475,52],[291,1475,352],[291,2018,252],[292,1163,19],[293,537,424],[293,1219,267],[293,1219,491],[293,1510,435],[293,3744,388],[293,3917,436],[293,3917,359],[294,239,435],[294,1294,127],[294,2290,146],[295,2067,76],[295,2067,54],[296,355,293],[296,752,318],[296,1464,58],[296,2379,328],[296,2473,364],[297,1109,112],[297,3750,343],[297,3750,260],[298,1378,332],[298,1378,367],[298,1378,135],[298,1883,443],[298,1883,179],[298,1883,465],[298,2431,301],[298,3650,434],[299,960,72],[299,3519,293],[299,3847,401],[300,154,383],[300,154,466],[300,418,383],[301,828,394],[301,959,90],[301,2024,212],[301,2024,208],[301,2024,104],[301,2202,413],[302,839,355],[302,846,251],[302,846,463],[302,846,256],[302,846,227],[302,874,457],[302,1445,471],[302,3121,274],[303,1093,326],[303,1093,480],[303,1712,427],[304,1230,289],[304,1230,325],[304,2245,326],[305,1147,454],[305,2244,385],[305,2695,382],[305,3916,355],[306,319,120],[306,319,250],[306,319,452],[306,561,283],[306,561,344],[306,1495,433],[306,1878,332],[306,2294,478],[306,2423,141],[306,2489,407],[307,134,388],[307,157,156],[307,3539,9],[308,705,95],[308,705,128],[308,705,435],[308,705,471],[308,1586,498],[308,2935,356],[308,2935,238],[309,1311,437],[310,1398,308],[310,1398,388],[310,1756,1],[310,1756,425],[310,1756,380],[310,1756,360],[310,2474,303],[310,3592,458],[310,3592,212],[311,258,496],[311,846,251],[311,846,463],[311,846,256],[311,846,227],[311,879,356],[311,1872,431],[311,1882,101],[311,2587,450],[311,2587,295],[312,2199,467],[312,2493,329],[312,2671,78],[312,2671,340],[312,3559,470],[312,3559,431],[313,616,73],[313,616,245],[313,616,310],[313,616,433],[313,2833,107],[313,3959,325],[314,1506,442],[314,2036,459],[314,3171,376],[314,3171,468],[315,1150,332],[315,1471,412],[315,1471,499],[315,2640,484],[315,2997,161],[315,2997,323],[315,3325,228],[316,66,395],[316,1735,494],[316,1735,459],[316,2302,12],[316,2302,29],[316,2654,83],[316,3760,475],[316,3760,158],[317,308,328],[317,1291,32],[317,1291,167],[318,1101,358],[318,2798,432],[318,2798,98],[319,351,53],[319,1272,50],[320,776,326],[320,776,473],[320,1035,183],[320,1766,167],[320,1766,345],[320,2459,480],[320,3134,242],[320,3600,237],[321,156,94],[321,544,317],[321,3498,387],[321,3978,336],[322,553,12],[322,1043,397],[322,1043,404],[322,1909,180],[322,1909,406],[322,3617,202],[323,1830,89],[324,117,79],[324,756,402],[324,989,415],[324,1733,500],[324,1849,193],[325,2338,55],[325,2338,364],[325,2630,36],[326,2660,466],[326,3006,376],[326,3006,455],[326,3006,313],[326,3280,408],[326,3280,324],[327,517,192],[327,517,422],[327,2008,165],[327,2270,237],[327,2270,330],[327,3760,475],[327,3760,158],[328,1019,396],[328,1279,364],[328,1279,384],[328,1964,151],[328,1964,470],[328,2792,418],[329,149,333],[329,219,464],[329,2320,331],[329,2641,466],[330,1688,345],[330,1809,420],[330,2322,391],[330,3696,153],[331,3140,464],[333,285,310],[333,285,407],[333,3867,104],[333,3867,314],[334,439,84],[334,439,225],[334,463,121],[334,1292,335],[334,1754,459],[334,3372,365],[334,3570,441],[334,3570,189],[335,866,499],[335,1342,497],[335,3750,343],[335,3750,260],[335,3828,338],[335,3828,440],[336,517,192],[336,517,422],[336,1219,267],[336,1219,491],[336,2620,398],[337,2730,255],[337,3167,486],[338,1470,399],[338,1618,465],[338,1618,399],[338,1650,44],[338,3351,218],[338,3351,472],[338,3351,223],[339,384,68],[339,384,474],[339,1352,390],[339,2556,298],[339,2556,396],[339,2972,385],[339,3461,346],[339,3544,132],[340,158,404],[340,1482,496],[340,1482,367],[340,1512,378],[340,3975,411],[341,326,400],[341,3474,91],[341,3532,416],[341,3532,498],[341,3694,448],[342,534,123],[342,534,254],[342,534,433],[342,667,363],[342,744,441],[342,2072,499],[342,2185,263],[343,233,23],[343,791,385],[343,791,138],[343,3179,385],[343,3671,84],[344,2536,402],[344,3633,384],[344,3831,156],[345,3590,133],[345,3590,251],[345,3761,381],[345,3824,491],[346,4,391],[346,1719,412],[346,2293,480],[346,3941,436],[347,393,490],[347,1378,332],[347,1378,367],[347,1378,135],[347,1482,496],[347,1482,367],[347,1868,302],[347,2935,356],[347,2935,238],[347,3520,464],[347,3520,439],[348,1143,368],[348,2760,488],[348,3662,58],[348,3808,488],[349,1360,481],[349,1360,211],[349,1954,53],[349,2808,467],[349,2808,215],[350,841,149],[350,841,316],[350,841,479],[350,1382,159],[350,2971,262],[351,762,431],[351,1525,48],[351,1525,19],[352,599,60],[352,2957,219],[353,2013,420],[353,2013,361],[353,2802,365],[353,3530,317],[353,3530,296],[353,3948,185],[353,3948,414],[354,124,270],[354,124,429],[354,124,282],[354,1032,41],[354,1032,227],[354,1579,47],[354,1579,449],[355,1067,53],[355,1102,250],[355,1102,311],[355,1863,490],[355,2444,237],[355,3422,204],[355,3762,371],[355,3762,167],[356,246,418],[356,246,485],[356,3928,485],[357,918,330],[357,1004,401],[357,1972,316],[357,2128,141],[357,2745,495],[357,2745,350],[358,1947,418],[358,2635,482],[358,2813,240],[358,2822,376],[358,2822,488],[358,3659,495],[358,3746,234],[359,710,431],[359,2052,88],[359,2052,127],[360,322,474],[360,843,69],[361,890,480],[361,1011,366],[361,2815,422],[361,2925,415],[362,137,277],[362,1461,81],[362,2060,357],[362,2650,50],[362,2650,195],[364,2281,411],[365,958,178],[365,1581,462],[365,1883,443],[365,1883,179],[365,1883,465],[365,2585,465],[366,82,212],[366,82,453],[366,881,444],[366,1306,477],[366,1339,215],[366,1339,386],[367,254,457],[367,837,443],[367,2490,471],[368,256,197],[368,256,10],[369,3211,349],[369,3491,478],[370,92,235],[370,243,444],[370,243,490],[370,720,391],[370,1012,449],[370,1756,1],[370,1756,425],[370,1756,380],[370,1756,360],[370,3067,382],[371,630,439],[371,630,360],[371,3381,439],[371,3591,132],[371,3591,457],[371,3772,485],[371,3772,109],[372,1686,451],[372,2656,379],[372,3201,38],[373,1102,250],[373,1102,311],[373,1330,455],[373,1800,292],[373,3588,441],[373,3588,445],[373,3603,470],[374,3683,11],[374,3683,25],[374,3683,326],[375,1016,452],[375,1360,481],[375,1360,211],[375,2553,428],[375,3677,450],[376,825,375],[376,2624,298],[376,2624,323],[376,3007,411],[376,3881,494],[377,588,482],[377,1326,223],[377,1357,149],[377,2717,497],[378,1970,256],[378,2484,462],[378,2810,456],[378,2830,337],[378,2830,430],[378,3706,401],[379,2852,112],[379,3178,330],[379,3862,390],[379,3862,461],[380,1676,319],[380,3867,104],[380,3867,314],[381,1295,435],[381,2304,383],[381,3536,455],[381,3547,463],[383,1524,473],[383,2790,404],[384,1899,222],[384,1899,442],[384,2065,467],[384,2065,408],[385,1398,308],[385,1398,388],[385,3768,258],[385,3768,460],[386,1231,486],[386,1620,463],[386,1901,13],[386,1901,405],[387,143,173],[387,143,398],[387,177,29],[387,734,411],[387,734,395],[387,3738,427],[387,3738,318],[387,3738,367],[388,2101,459],[388,2682,463],[389,171,397],[389,961,229],[389,961,400],[389,1519,398],[389,1682,475],[389,1682,496],[389,1682,499],[389,3006,376],[389,3006,455],[389,3006,313],[389,3465,46],[389,3465,370],[390,612,457],[390,1556,43],[390,2588,104],[391,174,473],[391,3204,473],[392,572,419],[392,572,291],[392,1589,414],[392,1589,484],[392,2139,495],[392,2311,438],[392,3729,267],[392,3729,407],[393,3672,337],[394,957,31],[394,957,356],[394,2986,445],[394,3222,318],[394,3222,3],[394,3738,427],[394,3738,318],[394,3738,367],[395,789,479],[395,2589,417],[395,2589,232],[395,3388,432],[395,3738,427],[395,3738,318],[395,3738,367],[396,3226,479],[397,1563,91],[397,1563,491],[397,1781,7],[397,2633,289],[397,2633,455],[397,3674,337],[398,1888,230],[398,3184,3],[399,249,415],[400,1912,233],[400,2306,207],[400,2306,440],[401,28,256],[401,2078,287],[401,2649,414],[402,153,459],[402,1618,465],[402,1618,399],[403,1379,182],[403,1379,203],[403,1938,49],[403,1938,260],[403,1938,137],[403,1938,259],[403,2154,422],[403,2154,19],[403,3342,437],[403,3802,22],[403,3802,244],[404,725,417],[404,815,458],[404,3371,477],[405,937,226],[405,3147,250],[405,3147,277],[405,3695,499],[406,3585,37],[407,2575,267],[407,2575,475],[407,3692,481],[408,760,322],[409,2831,21],[409,3146,5],[410,310,177],[410,310,491],[410,1838,77],[410,3448,289],[411,2874,498],[412,118,456],[412,118,484],[412,175,478],[412,2287,452],[412,2734,452],[412,2859,209],[412,2859,478],[412,3385,441],[412,3385,426],[413,1915,197],[413,3186,499],[413,3186,429],[414,178,494],[414,1660,405],[414,1762,145],[414,1762,352],[414,3079,462],[416,1380,4],[416,3888,117],[416,3888,131],[416,3888,449],[417,678,207],[417,686,405],[417,686,487],[417,2692,180],[417,3604,384],[418,1036,454],[418,1165,231],[418,1165,454],[418,1418,76],[418,3660,490],[418,3660,495],[419,816,24],[419,1153,421],[419,3237,421],[419,3508,421],[420,2846,416],[421,2356,415],[421,2908,451],[421,3683,11],[421,3683,25],[421,3683,326],[422,963,285],[422,2869,235],[422,3582,181],[423,1213,396],[423,1213,300],[423,1672,427],[423,2417,331],[423,2417,473],[423,2518,91],[423,3015,424],[424,3828,338],[424,3828,440],[425,1777,243],[425,1777,496],[425,3440,5],[426,1210,102],[426,1921,493],[426,2778,445],[426,2778,97],[426,3390,73],[427,119,394],[427,2102,444],[428,227,284],[428,227,309],[428,227,500],[428,2224,213],[428,2224,475],[428,2224,192],[428,2843,113],[428,2843,360],[429,263,430],[429,2457,346],[429,2457,459],[429,2930,449],[429,2930,489],[430,1236,447],[430,1760,438],[430,2621,489],[430,2621,130],[430,3186,499],[430,3186,429],[431,1946,404],[431,2220,231],[431,2220,458],[431,2220,367],[432,280,153],[432,280,452],[432,280,200],[433,118,456],[433,118,484],[434,2388,255],[434,2575,267],[434,2575,475],[434,2844,483],[435,3625,371],[436,858,484],[437,364,88],[437,2889,141],[437,3038,206],[438,936,140],[438,2011,56],[439,243,444],[439,243,490],[439,297,14],[439,297,249],[440,846,251],[440,846,463],[440,846,256],[440,846,227],[440,1093,326],[440,1093,480],[440,3632,500],[441,127,400],[441,2977,239],[442,1724,476],[443,198,485],[443,2082,444],[443,2924,457],[443,3755,490],[444,260,328],[444,260,471],[445,120,297],[445,120,380],[445,120,393],[445,120,424],[445,166,224],[445,1320,409],[445,1320,404],[445,3708,330],[446,1335,464],[446,1372,247],[446,1372,487],[446,3101,470],[446,3192,456],[446,3898,376],[446,3898,479],[447,738,120],[447,738,197],[447,784,462],[447,2370,228],[448,1968,114],[448,2068,155],[448,2271,139],[449,62,269],[449,1713,75],[450,1177,485],[450,2401,488],[450,3291,356],[451,1138,498],[451,1673,426],[451,3743,419],[452,3607,116],[452,3607,393],[452,3607,98],[453,2278,206],[454,1616,425],[454,1616,477],[454,1616,452],[454,1616,211],[454,1994,385],[454,2220,231],[454,2220,458],[454,2220,367],[454,2498,494],[454,2498,247],[455,1986,113],[455,2834,480],[455,2897,214],[456,13,498],[456,1424,462],[456,1424,107],[456,1840,495],[456,1840,465],[456,1980,387],[457,922,363],[457,922,14],[457,922,63],[457,1682,475],[457,1682,496],[457,1682,499],[458,602,61],[458,938,479],[458,2027,497],[458,3599,353],[458,3599,240],[459,541,492],[461,711,263],[461,1670,54],[461,1670,74],[461,1670,493],[461,1670,62],[461,1705,7],[461,1705,498],[461,2002,160],[461,2002,30],[461,2970,288],[461,2970,372],[461,2970,467],[462,2870,443],[462,2870,103],[462,3323,413],[463,899,132],[464,867,487],[464,867,272],[464,3880,493],[465,1160,482],[466,950,481],[466,950,34],[466,2958,381],[466,2958,416],[466,2958,303],[466,3772,485],[466,3772,109],[467,82,212],[467,82,453],[468,1426,243],[468,1468,274],[468,1468,476],[468,1714,491],[470,616,73],[470,616,245],[470,616,310],[470,616,433],[470,859,199],[470,859,482],[471,2781,15],[471,3345,450],[472,534,123],[472,534,254],[472,534,433],[472,1643,118],[472,1643,216],[473,2603,247],[474,3628,482],[474,3896,435],[474,3896,494],[475,191,396],[476,452,108],[476,2914,55],[476,2914,52],[477,2496,482],[477,2666,482],[477,2693,438],[477,3276,479],[478,40,118],[478,40,484],[479,1705,7],[479,1705,498],[480,1155,365],[481,31,127],[481,2933,186],[481,2933,489],[483,1474,75],[483,1756,1],[483,1756,425],[483,1756,380],[483,1756,360],[483,3426,138],[485,2482,450],[485,3532,416],[485,3532,498],[486,309,433],[486,309,399],[486,2632,415],[486,2910,263],[487,2385,494],[488,1387,127],[488,1531,354],[488,2995,442],[490,1748,205],[490,1748,42],[490,1748,493],[490,2746,253],[490,2746,496],[492,818,8],[492,1133,436],[492,1133,63],[492,2574,152],[492,3614,288],[492,3614,362],[494,2602,52],[494,2602,357],[494,2602,264],[495,3311,86],[495,3311,172],[497,1424,462],[497,1424,107],[497,3123,414],[498,1468,274],[498,1468,476],[499,1324,241],[499,3722,173],[500,737,252],[500,1616,425],[500,1616,477],[500,1616,452],[500,1616,211],[500,2626,496]];

jitters = [5000,20000,100000,100000,10000,20000,1000,20000,10000,20000,20000,10000,20000,10000,100000,20000,10000,100000,100000,50000,20000,20000,100000,20000,100000,100000,50000,5000,2000,20000,100000,20000,20000,10000,100000,10000,100000,10000,100000,20000,20000,20000,20000,10000,20000,20000,10000,10000,10000,100000,10000,100000,20000,1000,10000,100000,20000,20000,100000,20000,10000,2000,50000,100000,20000,20000,10000,100000,20000,20000,10000,10000,100000,20000,100000,10000,1000,2000,10000,100000,10000,10000,10000,100000,100000,1000,10000,10000,10000,20000,20000,2000,20000,5000,10000,10000,20000,100000,10000,100000,50000,20000,5000,20000,20000,100000,10000,20000,100000,10000,20000,100000,10000,100000,100000,10000,20000,100000,100000,100000,100000,20000,1000,20000,100000,10000,10000,10000,20000,100000,10000,10000,20000,100000,100000,100000,20000,10000,20000,10000,10000,10000,100000,20000,100000,10000,20000,1000,10000,20000,10000,10000,100000,100000,10000,20000,20000,100000,1000,100000,100000,10000,20000,20000,100000,100000,10000,20000,20000,10000,10000,10000,100000,10000,10000,100000,100000,1000,100000,10000,20000,20000,10000,20000,10000,20000,10000,10000,20000,20000,100000,2000,20000,100000,10000,10000,20000,100000,100000,20000,20000,50000,1000,2000,10000,1000,10000,100000,20000,10000,10000,100000,100000,100000,20000,1000,10000,100000,20000,20000,20000,5000,100000,100000,20000,20000,10000,20000,20000,100000,20000,20000,100000,10000,20000,50000,20000,10000,1000,100000,100000,10000,100000,10000,10000,20000,10000,10000,20000,20000,20000,100000,20000,10000,20000,100000,1000,100000,10000,20000,100000,100000,20000,10000,100000,100000,10000,100000,20000,100000,10000,20000,10000,10000,20000,20000,20000,10000,20000,10000,10000,20000,100000,20000,100000,100000,2000,20000,1000,20000,20000,20000,100000,20000,20000,20000,20000,10000,20000,20000,10000,50000,100000,100000,20000,10000,100000,20000,100000,20000,50000,20000,10000,100000,10000,20000,20000,20000,10000,100000,2000,20000,20000,20000,100000,100000,100000,20000,20000,100000,20000,10000,20000,10000,10000,2000,10000,10000,20000,20000,10000,10000,20000,100000,100000,100000,50000,1000,10000,20000,10000,20000,20000,20000,50000,50000,20000,20000,50000,20000,100000,100000,10000,20000,20000,100000,50000,1000,10000,100000,50000,5000,100000,100000,10000,20000,100000,20000,5000,10000,100000,100000,100000,100000,20000,100000,2000,100000,10000,10000,100000,10000,20000,10000,20000,20000,100000,2000,10000,10000,20000,100000,100000,20000,10000,10000,10000,100000,1000,2000,20000,10000,10000,20000,20000,10000,20000,20000,5000,20000,5000,100000,100000,100000,20000,10000,100000,10000,10000,10000,50000,20000,10000,10000,100000,10000,100000,10000,50000,100000,10000,100000,50000,100000,10000,20000,10000,10000,10000,50000,5000,10000,100000,20000,100000,20000,50000,20000,100000,20000,5000,20000,100000,20000,20000,20000,20000,100000,100000,20000,50000,100000,100000,20000,10000,100000,20000,10000,20000,100000,10000,20000,10000,10000,50000,100000,20000,1000,10000,50000,100000,100000,20000,20000,20000,50000,100000,20000,10000,10000];

