NumChains = 50;
NumResources = 3;
NumRunnablesInChains = 271;
MemoryBoundOnResource = 1048576;
UtilizationBoundOnResource = 100;

numberOfTasksinChain = [7,9,7,9,11,7,13,9,7,13,9,13,11,7,7,7,11,9,7,11,13,13,7,9,9,9,7,13,13,7,13,11,13,9,13,11,11,11,7,7,7,13,13,13,11,7,9,11,9,9];

runnablesInChains = [320,168,127,273,275,263,413,443,113,483,424,39,50,277,246,336,35,57,421,262,210,245,161,165,292,5,232,431,491,164,394,140,479,114,457,34,184,48,52,128,33,10,136,140,296,216,208,261,152,395,304,436,246,336,446,461,23,241,457,173,400,239,48,105,44,393,319,421,358,322,75,20,76,197,437,173,456,103,351,307,345,495,86,106,343,270,322,219,298,343,242,472,43,190,90,65,27,8,29,96,266,263,427,484,246,359,344,100,58,317,196,191,212,312,88,162,86,208,417,226,46,460,445,50,114,181,350,68,66,482,300,228,366,481,441,109,409,491,267,186,20,40,278,207,307,54,271,148,282,492,72,260,110,434,467,354,190,411,58,263,221,240,438,405,26,416,139,36,390,94,471,227,359,205,65,81,500,103,356,298,270,153,378,176,330,226,465,116,429,253,498,21,70,241,174,365,373,310,334,392,288,168,36,87,94,372,127,223,103,430,73,113,68,283,206,234,396,332,152,465,356,429,395,361,153,64,71,452,478,27,159,212,202,209,140,422,310,284,499,187,148,492,110,130,189,337,459,193,252,311,433,166,80,140,149,378,124,270,463,76,42,283,338,467,163,212,430,348,9,429,361];

ProcessingTimesOfMessages = [[1,1,1,1,1,1,1,1],[1,1,1,1,1,1,1,1,1],[1,1,1,1,1],[1,1,1,1,1,1,1,1,1,1,1,1],[1,1,1,1,1,1,1],[1,1,1,1,1,1,1,1,1,2],[1,1,1,1,1,1],[1,1,1,1,1,1,1],[1,1,1,1,1,1,1,1,1,1],[1,1,1,1,1,1,1,1],[1,1,1,1,1,1,1,1,1],[1,1,1,1,1,1,1,1,1,1,1,1,1],[1,1,1,1,1],[2,2,1,1,1,1,1,1,1],[1,1,1,1,1,1,1],[1,1,1,1,1,1,1],[1,1,1,1,1,1,1,1,1],[1,1,1,1,1,1,1,1,1],[1,1,1,1,1],[1,1,1,1,1],[1,1,1,1,1,1],[1,1,2,2,2,2,1],[1,1,1,1,1,1],[1,1,1,1,1,1,1,1],[1,1,1,1,1,1,1],[1,1,1,1,1,1,1,1],[1,1,1,1,1,1,1,1,1],[1,1,1,1,1,1,1,1,1],[1,1,1,1],[1,1,1,1,1,1,1],[1,1,1,1],[1,1,1,2,1,1,1],[1,1,1,1,1,1,1,1,1,1,1],[1,1,1,1,1,1,1],[1,1,1,1,1,1,1],[1,1,1,1,1,1,1,1,1,1],[1,1,1,1,1],[1,1,1,1,1,1,1],[1,1,1,1,1,1,1,1,1,1,1],[1,1,1,1,1,1,1],[1,1,1,1,1],[1,1,1],[1,1,1,1,1,1,1,1,1],[1,1,1,1,1],[1,1,1,1,1,1,1,1],[1,1,1,1,1,1,1],[1,1,1,1,1,1,1,1,1],[1,1,1,1,1,1,1],[1,1,1,1,1,1,1,1],[1,1,1,1,1,1,1,1,1],[1,1,1,1,1,1,1,1],[1,1,1,1,1,1,1,1],[1,1,1,1,1],[1,1,1,1,1,1],[1,1,2],[1,1,1,1],[1,1,1,1,1,1,1],[1,1,1,1,1,1],[1,1,1,1,1,1],[1,1,1],[1,1,1,1,1,1,1,1,1],[1,1,1,1,1,1,2],[1,1,1,1,1,1,1,1],[1,1,1,1,1,1],[1,1,1,1,1,1,1,1],[1,1,1,1,2,2,1],[1,1,1,1,1,1,1,1,1,1],[1,1,1,1,2,2],[1,1,1,1,1,1,1,1,1,1,1,1],[1,1,1,1,1,1],[1,1,1,1,1,1,1,1,1,1,1],[1,1,1,1,1,1],[1,1,1,1,1,1],[1,1,1,1,1,1,1,1,1,1],[1,1,1,1,1],[1,1,1,1,1],[2,1,1,1,1,1,1,1,1,1,1,1,1],[1,1,1,1,1,1,1,1],[1,1,1,1,1,1,1,1],[1,1,1,1],[1,1,1,1,1,1,1],[1,1,1,1,1,1],[1,1,1,1,1,1],[1,1,1,1,1,1,1,1,1,1],[1,1,1,1,1],[1,1,1,1,1,1,1],[1,1,1,1,1,1,1,1,1,1,1,1,1],[1,1,1,1],[1,1,1,1,1],[1,1,1,1,1,1,1],[1,1,1,1,1,1,1,1],[1,1,1,1,1,1,1,1],[1,1,1,1,1,1,1,1,1],[1,1,1,1,1],[1,1,1,1,1,1,1,1],[1,1,1,1,1],[1,1,1,1,1,1,1,1,1,1],[1,1,1,1,1],[1,1,1,1,1,1,1],[1,1,1,1,1,1,1,1,1],[1,1,1,1,1,1],[1,1,1,1,1],[1,1,1,1],[1,1,1,1,1,1,1],[1,1,1,1,1,1,1,1,1,1,1,1,1,1],[1,1,1,1,1,1,1],[1,1,1,1,1],[1,1,1,1,1,1,1,1],[1,1,1,1,1,1,1,1,1],[1,1,1,1,1],[1,1,1,1,1,1],[1,1,1,1,1,1,1],[1,1,1,1,1,1,1,1,1,1,1],[1,1,1,1],[1,1,1],[1,1,1,1,1,1,1,1,1,1],[1,1,1,1,1,1,1,1,1],[1,1,1,1,1,1,1,1,1,1],[1,1,1,1,1,1,1,1],[1,2,2,1,1,1],[1,1,1,1,1,1],[1,1,1,1,1,1,1,1],[1,1,1,1,1,1,1],[1,1,1,1,1,1,1,1,1,1],[1,1,1,1,1,1,1],[1,1,1,1,1,1,1,1,1],[1,1,1,1],[1,1,1,1],[1,1,1],[1,1,1,1,1,1,1],[1,1,1,1,1],[1,1,1,1,1,1,1],[1,1,1,1,1,1,1],[1,1,1,1,1,1,1,1,1,1],[1,1,1,1,1,1,1,1,1],[1,1,1,1,1,1,1],[2,2,2,1,1,1,1,1,1,1],[1,1,1,1,1],[1,1,1,1],[1,1,1,1],[1,1,1,1,1,1],[1,1,1,1,1,1,1,1],[1,1,1,2],[1,1,1,1,1,1,1,1,1],[1,1,1,1,1,1],[2,1,1,1,1,1,1,1],[1,1,1,1,1,1,1,1,1,1],[1,1,1],[1,1,1,1,1,1,1,1,1],[1,1,1,1,1,1,1],[1,1,1],[1,1,1,1,1,1,1,1],[1,1,1,1,1],[1,1,1,1,1,1],[1,1,1,1,1,1,1,1],[1,1,1,1,1,1],[1,1,1,1,1,1,1],[1,1,1,1,1,1,1,1,1,1],[1,1,1,1,1,1,1,1,1,1,1,1],[1,1,1,1,1],[1,1,1],[1,1,1,1,1,1],[1,1,1,1],[1,1,1,1,1,1,1,1],[1,1,1],[1,1,1,1,1,1,1,1,1,1,1],[1,1,1,1,1,1,1,1],[1,1,1,1,1,1,1,1,1],[1,1,1,1,1,1,1,1],[1,1,1],[1,1,1,1],[1,1,1,1,1],[1,1,1,1],[1,1,1,1,1],[1,1,1,1,1,1,1,1,1,1,1,1,1],[1,1,1,1,1,1],[1,1,1,1,1,1],[1,1,1,1,1,1,1,1],[1,1,1,1,1,1],[1,1,1,1,1,1],[1,1,1,1,1,1,1,1],[1,1,1,1,1],[1,1,1],[1,1,1,1,1,1,1,1],[1,1],[1,1,1,1,1,1,1,1,1],[1,1,1,1,1,1],[1,1,1,1,1,1,1,1],[1,1,1,1,1],[1,1,1,1,1,1,1],[1,1,1,1],[1,1,1],[1,1,1,1,1,1],[1,1,1,1,1,1,1,1],[1,1,1,1,1,1,1],[2,1,1,1,1],[1,1,1,1,1,1,1,1],[1,1,1,1,1,1],[1,1],[1,1,1,1,1,1,1,1,1,1],[1,1,1,1,1,1,1,1],[1,1,1,1],[1,1,1,1,1,1,1,1,1],[1,1,1,1,1,1,1],[1,1,1,1,1],[1,1,1,1,1,1],[1,1,1,1,1,1,1,1,1],[1,1,1],[1,1,1,1],[1,1,1,1,1,1,1,1,1,1,1],[1,1,1,1,1,1,1,1,1,1,1,1],[1,1,1,1,1,1],[1,1,1,1,1,1,1,1,1],[1,1,1],[1,1,1,1,1,1,1],[1,1,1,1,1,1],[1,1,1,1,1],[1,1,1,1,1,1,1,1,1,1,1],[1,1,1,1,1],[1,1,1,1,1,1,1],[1,1,1,1,1,1,1],[1,1,1,1,1,1,1,1,1],[1,1,1,1,1,1,1,1,1,1],[1],[1,1,1,1,1,1],[1,1,1,1,1,1],[1,1,1,1,1,1,1,1],[1,1,1,1,1,1,1],[1,1,1],[1,1,1,1,1,1,1,1,1,1,1,1],[1,1],[1,1,1,1,1,1,1,1,1],[1,1,1,1,1,1],[1,1,1,1],[1,1,1,1,1,1],[1,1,1,1,1,1,1,1,1,1],[1,1,1,1,1,1,1,1],[1,1,1,1,1,1,1,1],[1,1,1,1],[1,1,1,1,1],[1,1,1,1],[1,1,1,1,1,1,1],[1,1,1,1,1,1,1,1,1,1,1],[1,1,1,1,1,1,1],[1,1,1,1,1,1,1],[1,1,1,1,1],[1,1,1,1,1,1,1],[1,1,1],[1,1,1,1,1,1,1,1,1,1,1],[1,1,1,1],[1,1,1],[1,1,1,1,1,1,1],[1,1,1,1,1,1],[1,1,1,1,1,1,1],[1,1,1,1,1,1,1,1,1,1,1],[1,1,1,1,1,1,1,2,1,1],[1,1,1],[1,1,1,1,1,1,1,1,1],[1,1,1,1,1,1,1,1,1,1,1],[1,1,1,1],[1,1,1,1,1,1,1,1],[1,1,1,1],[1,1,1,1],[1,1],[1,1,1,1,1,1],[1,1,1,1],[1,1,1,1,1,1],[1,1,1,1,1,1],[1,1,1,1,1,2,2,1,1],[1,1,1,1,1,1],[1,1,1,1,1,1,1,1],[1,1,1,1],[1,1,1,1,1],[1,1,1],[1,1,1,1,1,1,1,1],[1,1,1,1,1,1,1,1,1],[1,1,1,1,1],[1],[1,1,1,1,1,1,1,1,1],[1,1,1,1,1],[1,1],[1,1,1,1,1],[1,1,1,1,1,1,1],[1,1,1],[1,1,1,1,1,1,1,1],[1,1,1,1,1,1,1],[1,1,1,1,1,1,1,1,1,1],[1,1,1,1,1,1,1,1,1],[1,1,1,1],[1,1,1,1,1],[1,1,1,1,1,1,1,2,1,1,1,1],[1,1,1,1],[1,1,1,1,1,1],[1,2,1],[1,1,1,1,1],[1,1,1,1,1],[1,1,1,1,1,1,1,1,1,1,1,1],[1,1,1,1,1,1,1,1,1,1,1],[1,1,1,1,1,1,1],[1,1,1,1,1,1,1,1],[1,1,1,1,1],[1,1,1,1,1],[1,1,1,1,1,1],[1,1],[1,1,1,1,1,1,1,1,1],[1,1,1,1,1,1,1],[1,1,1,1,1],[1,1,1],[1,1,1,1,1,1],[1,1,1,1,1],[1,1,1,1,1],[1,1,1,1,1,1,1,1],[1,1,1,1,1,1],[1,1,1,1,1],[1,1],[1,1,1,1,1,1,1,1,1],[1,1,1,1,1],[1,1,1,1,1,1,1],[1,1,1],[1,1,1],[1,1,1,1,1,1],[1,1,1,1,1,1,1,1],[1,1,1,1,1,1],[1,1,1,1],[1,1,1,1],[1,1,1,1,1,1,1,1,1],[1,1,1,1,1],[1,1,1,1,1],[1,1,1,1],[1,1,1],[1],[1,1,1,1,1],[1,1,1,1,1,1,1,1,1,1],[1,1,1,1,1,1],[1,1,1],[1,1,1,1,1,1,1],[1,1,1,1,1,1],[1,1,1,1],[1,1,1],[1,1,1],[1,1,2,2],[1,1],[1,1,1],[1,1],[1,1,1,1,1,1,1,1,1,1,1],[1,1,1,1],[1,1,1,1,1,1,1,1,1],[1,1,1,1],[1,1,1],[1,1,1,1,1],[1,1],[],[1,1],[1,1],[1,1,1,1,1,1],[1,1,1,1],[2,1,1],[1,1,1,1,1,1],[1,1,1],[1,1,1,1,1,1,1,1],[1,1,1,1,1],[1,1],[1,1],[1,1,1,1,1,1,1],[1,1,1,1,1],[1,1,1,1,1,1,1,1,1],[1,1],[1],[1,1,1],[1,1,1,1,1,1,1,1,1,1],[1,1],[1,1,1],[1,1,1,1],[1,1,1,1,1],[1,1,1,1,1,1,1,1,1,1,1],[1,1,1],[1,1,1,1,1,1,1,1],[1,1],[],[1,1,1,1,1],[1,1,1,1,1],[1,1,1,1,1,1,1,1],[1,1,1,1,1],[1,1,1,1,1,1,1,1,1,1,1],[1,1,1,1],[1,1,1,1,1],[1,1,1],[1,1,1,1],[1,1,1,1,1,1],[1,1,1,1,1,1],[1,1],[1,1,1,1,1],[1,1,1,1,1,1,1],[1,1,1,1,1,1],[1,1],[1,1,1,1],[1,1,1,1,1,1,1],[1,1,1,1],[1,1,1,1],[1,1,1],[1,1,1],[],[],[1,1,1,1,1],[1,1,1,1,1],[1,1,1,1],[1,1,1,1,1],[1,1,1],[1,1,1,1],[1,1,1,1],[1,1,1,1],[1,1,1,1,1,1,1,1],[1,1,1],[1,1,1],[1,1,1],[1,1,1,1,1],[1,1,1,1,1],[1,1,1,1],[1,1,1,1,1,1],[1,1],[1,1,1,1,1],[1,1],[1,1,1,1],[1,1,1,1,1,1,1],[1,1,1],[1,1],[1,1],[1],[1,1,1,1,1,1],[1,1,1,1],[1],[1,1,1,1],[1,1,1,1,1,1,1,1,1,1],[1,1,1,1,1,1],[1,1,1,1,1,1],[1,1,1,1,1],[1,1],[1,1],[1,1,1,1,1,1,1],[1],[],[2,2,1,1,1,1,1,1,1,1,1,1],[1,1,1,1,1],[1,1],[1],[1,1,1],[1,1,1],[1,1,1,1,1],[1,1,1,1],[1],[1,1,1,1,1,1],[1,1,1],[1,1,1],[1,1],[1,1,1,1,1,1],[1,1,1,1,1],[1,1,1],[1,1],[1,1,1,1,1,1],[1,1,1],[1,1],[1,1,1,1,1,1,1,1],[1,1],[1,1,1,1,1,1],[1,1,2,2,1],[1],[1,1],[1,1,1,1],[1,1,1,1,1,1],[1,1,1,1,1],[1,1,1],[2,2,2,1],[1,1,1],[1,1,1,1,1,1,1],[1,1,1],[1,1,1,1],[1,1],[1,1,1,1,1],[1,1],[1],[1,1,1,1],[1,1,1],[1,1,1,1,1],[1,1,1,1,1,1,1],[1,1,1,1],[1,1,1],[2],[1],[1,1],[],[1,1],[1,1,1,1],[1,1],[1,1,1,1],[1,1,1],[1,1],[1],[1],[1,1,1,1,1,1,1,1,1],[1,1,1,1]];

processingTimesRunnables = [14,8,10,12,13,10,15,13,13,5,14,13,13,11,11,16,5,5,12,7,11,8,9,15,12,13,12,11,13,13,7,13,15,11,13,15,9,13,13,13,16,11,15,13,11,5,9,6,13,11,13,12,12,15,14,12,10,12,10,6,15,13,7,8,11,8,11,15,12,5,13,16,14,14,10,9,5,6,6,7,8,7,13,10,12,5,16,5,13,13,14,13,8,8,14,5,5,12,7,12,12,11,13,16,12,11,16,8,5,5,9,11,10,13,11,10,15,9,11,11,11,5,13,13,15,10,11,11,14,5,7,13,4,10,10,10,16,10,16,5,13,13,5,11,12,12,5,10,12,9,12,6,7,11,16,11,11,11,11,9,16,6,12,8,13,13,5,13,7,8,8,11,14,11,13,6,6,10,7,10,13,13,7,10,4,16,13,14,5,9,11,11,9,7,6,7,14,13,15,13,13,13,13,12,8,13,8,11,13,12,13,11,11,13,8,13,11,10,9,13,13,11,13,12,5,10,13,12,12,12,13,12,7,11,5,13,8,4,16,8,10,12,11,7,16,11,5,13,13,16,10,12,11,7,11,10,12,10,13,14,16,11,16,16,12,6,10,10,13,5,14,7,14,12,5,16,12,13,11,9,6,8,10,13,10,12,12,7,13,16,12,5,12,9,9,12,13,14,6,13,12,7,8,5,15,6,9,7,10,13,10,14,12,13,12,11,11,8,14,11,11,12,9,4,7,12,7,16,6,7,7,12,15,9,4,11,9,7,5,11,13,5,8,14,13,9,12,9,13,16,11,15,12,16,12,12,8,6,13,16,13,13,5,13,7,6,10,12,7,12,15,9,12,13,4,8,11,9,12,12,9,5,10,9,8,8,12,8,12,6,13,14,5,13,8,14,13,10,13,9,16,9,13,11,12,15,6,12,11,9,12,5,7,14,7,14,9,12,13,11,11,15,14,8,8,8,12,10,13,13,10,6,14,13,15,9,13,15,13,9,9,11,11,13,10,5,10,16,11,12,6,10,12,6,12,5,12,5,13,13,6,14,16,10,6,13,8,6,13,6,10,5,6,13,9,12,16,6,15,9,12,11,5,13,12,12,12,11,13,11,13,13,11,10,11,6,7,12,12,12];

periods = [20000,20000,10000,10000,100000,20000,10000,10000,100000,20000,100000,100000,20000,10000,10000,1000,100000,100000,20000,100000,20000,100000,20000,10000,2000,1000,10000,100000,10000,10000,20000,5000,20000,20000,10000,1000,10000,20000,20000,100000,20000,100000,10000,50000,20000,20000,20000,20000,20000,20000,20000,20000,20000,100000,20000,100000,10000,10000,10000,20000,20000,20000,100000,100000,10000,10000,20000,10000,100000,20000,10000,2000,100000,10000,100000,100000,100000,20000,100000,20000,10000,20000,100000,20000,100000,100000,1000,10000,10000,10000,20000,100000,20000,1000,10000,10000,50000,10000,5000,10000,20000,100000,100000,20000,50000,100000,20000,20000,20000,2000,50000,100000,10000,20000,10000,100000,10000,10000,20000,10000,10000,5000,10000,100000,10000,20000,1000,20000,100000,2000,20000,20000,100000,10000,100000,20000,20000,10000,1000,20000,20000,5000,10000,10000,20000,20000,20000,2000,20000,5000,100000,100000,100000,100000,100000,20000,20000,20000,10000,50000,50000,10000,10000,20000,50000,20000,100000,1000,10000,100000,50000,5000,20000,20000,10000,100000,20000,10000,10000,20000,10000,20000,10000,20000,10000,100000,20000,100000,2000,10000,10000,100000,1000,20000,5000,10000,20000,5000,10000,10000,20000,10000,20000,10000,10000,10000,100000,100000,20000,50000,20000,10000,20000,20000,100000,100000,10000,20000,100000,10000,10000,100000,100000,20000,100000,100000,10000,20000,20000,20000,5000,100000,100000,100000,20000,20000,20000,100000,20000,10000,20000,100000,20000,10000,50000,10000,20000,100000,100000,100000,10000,1000,20000,20000,10000,20000,100000,20000,10000,2000,100000,50000,10000,1000,20000,10000,20000,20000,10000,100000,2000,100000,1000,20000,10000,20000,10000,100000,100000,20000,5000,2000,10000,20000,10000,50000,100000,20000,20000,10000,10000,100000,10000,100000,20000,100000,20000,100000,20000,20000,5000,10000,20000,100000,20000,100000,100000,100000,10000,20000,1000,10000,10000,100000,20000,10000,10000,100000,50000,1000,10000,100000,100000,20000,50000,10000,10000,100000,5000,100000,2000,100000,100000,20000,20000,10000,2000,10000,10000,10000,100000,10000,100000,10000,100000,20000,50000,100000,20000,10000,100000,20000,50000,10000,50000,100000,100000,50000,10000,20000,100000,20000,10000,10000,20000,20000,100000,100000,10000,10000,10000,1000,20000,10000,20000,100000,100000,100000,10000,20000,100000,100000,10000,20000,10000,100000,100000,10000,100000,1000,20000,20000,50000,20000,100000,100000,100000,50000,20000,20000,20000,20000,100000,100000,10000,50000,10000,5000,20000,20000,10000,50000,10000,20000,10000,1000,100000,20000,100000,10000,50000,20000,20000,20000,20000,100000,10000,10000,100000,100000,100000,100000,20000,10000,100000,10000,20000,10000,20000,100000,20000,20000,10000,10000,20000,10000,100000,20000,50000,5000,100000,10000,20000,20000,10000,20000,20000,20000,1000,20000,10000,20000,100000,10000,100000,100000,10000,100000,10000,20000,10000,100000,100000,20000,10000,10000,50000,10000,20000,20000,20000,10000,20000,10000,10000,20000,20000,100000,100000,20000,20000,2000,10000,10000,100000,100000,50000,20000,20000,10000];

communicationTimeForOrderCriticalMessages = [1,1,1,1,1,1,1,1,1,1,1,1,1,1,1,1,1,1,1,1,1,1,1,1,1,1,1,1,1,1,1,1,1,1,1,1,1,1,1,1,1,1,1,1,1,1,1,1,1,1,1,1,1,1,1,1,1,1,1,1,1,1,1,1,1,1,1,1,1,1,1,1,1,1,1,1,1,1,1,1,1,1,1,1,1,1,1,1,1,1,1,1,1,1,1,1,1,1,1,1,1,1,1,2,1,1,1,1,1,1,1,1,1,1,1,1,1,1,1,1,1,1,1,1,1,1,1,1,1,1,1,1,1,1,1,1,1,1,1,1,1,1,1,1,1,1,1,1,1,1,1,1,1,1,1,1,1,1,1,1,1,1,1,1,1,1,1,1,1,1,1,1,1,1,1,1,1,1,1,1,1,1,1,1,1,1,1,1,1,1,1,1,1,1,1,1,1,1,1,1,1,1,1,1,1,1,1,1,1,1,1,1,1,1,1,1,1,1,1,1,1];

sizeOfRunnables = [1340,705,953,1140,1285,978,1463,1215,1248,468,1333,1253,1300,1095,1050,1545,430,420,1113,635,1045,745,880,1465,1165,1253,1118,1090,1285,1203,698,1300,1463,1058,1225,1490,865,1233,1215,1225,1523,1083,1438,1298,1088,430,810,538,1300,1068,1285,1135,1178,1410,1360,1155,988,1200,963,578,1490,1253,678,705,1020,708,1058,1410,1173,460,1295,1560,1393,1355,940,888,443,535,553,668,715,620,1240,960,1198,495,1588,405,1208,1275,1398,1263,775,790,1350,473,468,1183,685,1155,1140,1040,1218,1563,1143,1098,1578,738,408,453,880,1083,955,1268,1073,968,1430,808,1013,1023,1068,498,1208,1263,1495,965,1053,1035,1308,490,658,1233,375,990,925,953,1560,943,1560,500,1293,1255,490,1020,1133,1155,490,998,1178,853,1105,570,683,1038,1593,1028,1100,1053,1083,813,1503,585,1133,773,1253,1215,495,1295,645,768,765,1020,1400,1045,1225,555,593,1000,633,993,1225,1245,625,918,385,1530,1275,1305,495,888,1020,1098,813,653,518,620,1335,1268,1433,1240,1275,1248,1270,1143,798,1290,705,1100,1245,1185,1235,1020,1098,1268,750,1275,1083,993,820,1253,1225,1090,1225,1165,490,975,1253,1195,1170,1113,1270,1133,625,1015,498,1220,713,400,1508,708,990,1128,1023,638,1595,1050,460,1203,1275,1555,985,1188,1065,668,1053,978,1173,998,1255,1305,1583,1035,1530,1595,1145,593,945,938,1263,475,1373,653,1333,1105,475,1600,1173,1205,1065,808,533,795,960,1210,940,1108,1113,603,1290,1518,1198,443,1178,825,885,1105,1283,1335,550,1218,1128,603,713,450,1470,550,828,610,938,1203,975,1318,1105,1275,1145,1098,1060,705,1373,1035,1015,1135,803,375,675,1188,610,1550,578,610,663,1178,1448,820,383,1095,868,608,428,1083,1300,468,708,1335,1205,900,1185,828,1210,1578,1073,1465,1148,1578,1140,1150,743,570,1210,1560,1210,1270,495,1300,630,543,998,1108,668,1158,1480,873,1178,1238,390,708,1028,858,1173,1120,825,475,990,878,758,745,1110,728,1198,585,1275,1400,415,1268,743,1383,1268,990,1278,845,1588,873,1258,1015,1188,1480,548,1170,1065,803,1193,458,658,1398,700,1365,803,1193,1210,1043,1098,1415,1328,795,798,760,1143,940,1203,1248,978,595,1328,1258,1410,895,1293,1498,1275,863,810,1010,1098,1233,945,475,955,1535,1073,1173,525,970,1200,555,1173,453,1113,488,1248,1268,525,1383,1563,948,595,1263,730,555,1248,528,963,490,585,1230,850,1178,1600,588,1498,813,1165,1068,443,1215,1178,1155,1200,1080,1218,1005,1245,1233,1053,938,1095,518,608,1143,1113,1103];

SenderLabelReceiverOrderCriticalChains = [[320,3197,0,0,168],[168,597,0,0,127],[127,2990,0,0,273],[275,57,0,0,263],[263,3952,0,0,413],[413,1386,0,0,443],[443,1214,0,0,113],[483,3606,0,0,424],[424,3359,0,0,39],[39,427,0,0,50],[277,2442,0,0,246],[246,856,1984,0,336],[336,2290,0,0,35],[35,2422,0,0,57],[421,3799,0,0,262],[262,1339,0,0,210],[210,3107,0,0,245],[245,790,0,0,161],[161,828,0,0,165],[292,3997,0,0,5],[5,408,0,0,232],[232,106,2416,0,431],[491,1952,0,0,164],[164,2394,0,0,394],[394,3942,0,0,140],[140,114,0,0,479],[479,2634,0,0,114],[114,1728,0,0,457],[34,785,0,0,184],[184,2628,0,0,48],[48,3780,0,0,52],[52,3662,0,0,128],[33,1941,0,0,10],[10,3237,0,0,136],[136,1188,0,0,140],[296,2858,0,0,216],[216,2935,0,0,208],[208,2437,0,0,261],[261,2408,0,0,152],[152,3505,0,0,395],[395,612,0,0,304],[436,1654,0,0,246],[246,856,1984,0,336],[336,2974,0,0,446],[446,3590,0,0,461],[23,598,0,0,241],[241,1447,0,0,457],[457,2271,0,0,173],[173,353,0,0,400],[400,144,0,0,239],[239,1466,0,0,48],[105,1767,0,0,44],[44,2188,0,0,393],[393,3058,0,0,319],[319,2801,0,0,421],[421,3478,0,0,358],[322,3029,0,0,75],[75,3239,0,0,20],[20,3051,0,0,76],[197,312,0,0,437],[437,3918,0,0,173],[173,3770,0,0,456],[103,1782,0,0,351],[351,843,0,0,307],[307,3676,0,0,345],[495,3085,0,0,86],[86,258,0,0,106],[106,1508,0,0,343],[343,2724,0,0,270],[270,1163,0,0,322],[219,813,0,0,298],[298,2225,0,0,343],[343,1535,0,0,242],[242,125,0,0,472],[43,684,0,0,190],[190,1339,0,0,90],[90,1344,0,0,65],[27,3528,0,0,8],[8,956,1496,3103,29],[29,918,0,0,96],[96,163,0,0,266],[266,1627,0,0,263],[427,1835,0,0,484],[484,2298,0,0,246],[246,2356,0,0,359],[359,3297,0,0,344],[344,1429,0,0,100],[100,532,0,0,58],[317,2256,0,0,196],[196,3551,0,0,191],[191,1314,0,0,212],[212,3894,0,0,312],[312,3868,0,0,88],[88,1872,0,0,162],[86,1170,0,0,208],[208,1475,0,0,417],[417,2301,0,0,226],[46,305,0,0,460],[460,2543,0,0,445],[445,2813,0,0,50],[50,472,0,0,114],[181,2935,0,0,350],[350,703,0,0,68],[68,3742,0,0,66],[66,3878,0,0,482],[300,3796,0,0,228],[228,418,0,0,366],[366,1731,0,0,481],[481,1066,0,0,441],[109,2727,0,0,409],[409,2351,0,0,491],[491,2720,0,0,267],[186,376,0,0,20],[20,1451,0,0,40],[40,2410,0,0,278],[278,3659,0,0,207],[207,3411,0,0,307],[307,3950,0,0,54],[271,572,0,0,148],[148,3341,0,0,282],[282,9,0,0,492],[492,2327,0,0,72],[72,825,0,0,260],[260,1388,2479,0,110],[434,2247,0,0,467],[467,474,0,0,354],[354,1360,0,0,190],[411,2139,0,0,58],[58,927,0,0,263],[263,674,0,0,221],[221,3449,0,0,240],[240,800,0,0,438],[438,1814,0,0,405],[26,123,0,0,416],[416,2828,0,0,139],[139,1196,0,0,36],[36,1226,0,0,390],[390,177,0,0,94],[471,864,0,0,227],[227,1618,0,0,359],[359,2736,0,0,205],[205,1202,0,0,65],[65,3559,0,0,81],[81,930,0,0,500],[103,3496,0,0,356],[356,3113,0,0,298],[298,264,1163,0,270],[270,2572,0,0,153],[378,296,0,0,176],[176,1329,0,0,330],[330,3607,0,0,226],[226,96,0,0,465],[465,3990,0,0,116],[116,2584,0,0,429],[253,2155,0,0,498],[498,1815,0,0,21],[21,3192,0,0,70],[70,1729,0,0,241],[241,2747,0,0,174],[365,41,0,0,373],[373,2142,0,0,310],[310,3373,0,0,334],[334,3416,0,0,392],[392,1800,0,0,288],[168,1271,0,0,36],[36,847,0,0,87],[87,2972,0,0,94],[94,2160,0,0,372],[372,123,0,0,127],[223,3976,0,0,103],[103,2862,0,0,430],[430,915,0,0,73],[113,2597,0,0,68],[68,3483,0,0,283],[283,3548,0,0,206],[234,2319,0,0,396],[396,3444,0,0,332],[332,2518,0,0,152],[465,1423,0,0,356],[356,242,0,0,429],[429,3566,0,0,395],[395,2907,0,0,361],[361,3784,0,0,153],[153,3703,0,0,64],[71,1807,0,0,452],[452,841,0,0,478],[478,3542,0,0,27],[27,3348,3953,0,159],[159,740,0,0,212],[212,3682,0,0,202],[209,2251,0,0,140],[140,957,0,0,422],[422,3431,0,0,310],[310,660,0,0,284],[284,976,3058,0,499],[499,1348,0,0,187],[148,3434,0,0,492],[492,2048,0,0,110],[110,1982,0,0,130],[130,3071,0,0,189],[189,338,2262,0,337],[459,149,0,0,193],[193,3806,0,0,252],[252,1373,0,0,311],[433,295,0,0,166],[166,545,0,0,80],[80,1064,0,0,140],[140,1789,0,0,149],[378,1397,0,0,124],[124,1766,0,0,270],[270,3400,0,0,463],[463,45,0,0,76],[76,3565,0,0,42],[283,2233,0,0,338],[338,2596,0,0,467],[467,1200,0,0,163],[163,835,0,0,212],[430,978,0,0,348],[348,1060,0,0,9],[9,3392,0,0,429],[429,2953,0,0,361]];

SenderLabelReceiverNonOrderCriticalChains = [[1,384,143],[1,384,290],[1,384,367],[1,735,2],[1,2269,23],[1,2479,260],[1,2479,437],[1,2844,323],[2,850,132],[2,1777,399],[2,1777,214],[2,1777,251],[2,2605,70],[2,2771,19],[2,2884,203],[2,3018,414],[2,3018,408],[3,1105,244],[3,1308,131],[3,1740,443],[3,2281,4],[3,2764,173],[4,558,7],[4,802,179],[4,802,89],[4,1174,206],[4,1174,188],[4,1174,134],[4,1379,201],[4,1379,372],[4,2552,286],[4,2552,217],[4,3749,348],[4,3749,411],[5,408,232],[5,408,266],[5,1560,56],[5,1560,368],[5,1865,9],[5,1884,248],[5,1950,338],[6,250,180],[6,1040,348],[6,1234,346],[6,1643,208],[6,3006,68],[6,3110,491],[6,3110,153],[6,3110,479],[6,3111,415],[6,3979,13],[7,58,95],[7,58,304],[7,267,8],[7,1786,319],[7,1786,198],[7,3065,420],[8,258,289],[8,258,106],[8,258,275],[8,956,29],[8,1496,29],[8,2569,326],[8,3103,29],[9,1695,109],[9,1695,62],[9,2408,152],[9,2408,165],[9,2408,11],[9,2408,425],[9,2727,115],[9,2727,409],[9,3392,429],[9,3392,447],[10,112,48],[10,1446,428],[10,1446,458],[10,1776,452],[10,2154,170],[10,2353,13],[10,2555,403],[10,3237,136],[11,294,85],[11,373,450],[11,2214,12],[11,2214,18],[11,3110,491],[11,3110,153],[11,3110,479],[11,3310,497],[11,3310,262],[12,1114,21],[12,1199,397],[12,1199,20],[12,1199,477],[12,2280,232],[12,2396,172],[12,2396,192],[12,2572,153],[12,2572,471],[12,3618,17],[12,3618,126],[12,3704,385],[12,3704,120],[13,1452,183],[13,1806,466],[13,2091,82],[13,2091,234],[13,2091,108],[14,1505,59],[14,1505,151],[14,2927,15],[14,3301,13],[14,3330,371],[14,3703,64],[14,3703,331],[14,3752,159],[14,3971,38],[15,356,24],[15,356,394],[15,1353,319],[15,1621,118],[15,1621,328],[15,1636,96],[15,2531,291],[16,145,362],[16,145,192],[16,145,183],[16,153,331],[16,475,168],[16,938,94],[16,2140,329],[17,476,92],[17,476,163],[17,476,256],[17,717,275],[17,1833,216],[17,2214,12],[17,2214,18],[17,3713,118],[17,3713,296],[18,579,205],[18,579,383],[18,615,357],[18,847,196],[18,847,448],[18,847,87],[18,1018,22],[18,1030,342],[18,1030,471],[19,820,46],[19,823,428],[19,1218,53],[19,1484,178],[19,1564,41],[20,1451,40],[20,1470,22],[20,3051,76],[20,3051,360],[20,3308,60],[21,42,165],[21,1002,477],[21,1178,38],[21,1376,461],[21,2025,25],[21,3192,70],[22,449,28],[22,449,342],[22,1053,98],[22,1053,136],[22,1053,342],[22,1761,466],[22,2729,341],[23,597,14],[23,597,127],[23,598,241],[23,2189,387],[23,3167,31],[23,3733,335],[24,1083,3],[24,1083,429],[24,2035,282],[24,2035,460],[24,2111,381],[24,2674,313],[24,3190,90],[24,3211,467],[25,109,481],[25,524,33],[25,524,8],[25,1260,110],[25,1738,72],[25,3034,110],[25,3663,331],[26,123,416],[26,123,127],[26,228,87],[26,1113,264],[26,1673,79],[26,1673,311],[26,2690,320],[26,2741,221],[27,996,88],[27,1069,29],[27,1733,327],[27,1733,138],[27,3348,159],[27,3528,8],[27,3749,348],[27,3749,411],[27,3953,159],[28,633,109],[28,633,417],[28,633,154],[28,2411,326],[28,2411,311],[28,2604,368],[28,3083,56],[28,3676,225],[28,3676,345],[29,918,96],[29,1156,293],[29,2768,35],[29,2768,171],[30,278,379],[30,2847,150],[30,3596,58],[30,3637,427],[30,3780,83],[30,3780,413],[30,3780,52],[31,325,38],[31,736,425],[31,1384,174],[31,3186,78],[32,347,256],[32,347,301],[32,423,99],[32,1732,231],[32,2093,170],[32,2300,195],[32,3960,195],[33,1136,315],[33,1725,239],[33,1941,10],[33,1941,142],[33,1941,277],[33,2295,310],[33,2366,91],[33,3655,443],[33,3655,487],[33,3864,34],[33,3864,95],[34,785,184],[34,2467,331],[34,2467,453],[34,3031,352],[34,3128,135],[34,3214,132],[34,3740,51],[35,2092,344],[35,2422,57],[35,2610,52],[35,2610,471],[35,2818,170],[35,2818,58],[35,3936,28],[36,847,196],[36,847,448],[36,847,87],[36,1226,390],[36,3058,451],[36,3058,284],[36,3058,292],[36,3058,86],[36,3058,319],[36,3999,127],[37,808,446],[37,1035,150],[37,2375,372],[37,2719,441],[37,3380,61],[38,114,116],[38,114,479],[38,1134,62],[38,1426,46],[38,1426,112],[38,3810,81],[38,3810,172],[39,427,50],[39,1291,45],[39,1291,447],[39,1291,466],[39,1838,315],[39,1838,18],[39,2571,488],[39,2571,80],[39,3037,491],[39,3037,252],[39,3977,402],[40,780,248],[40,780,54],[40,795,37],[40,1891,51],[40,1891,16],[40,2410,278],[40,3405,216],[41,374,53],[41,1639,61],[41,1851,42],[41,2215,26],[41,2285,393],[42,837,64],[42,1591,56],[42,2688,257],[43,58,95],[43,58,304],[43,684,335],[43,684,190],[43,1422,16],[43,1780,91],[43,1780,310],[43,3081,143],[43,3570,19],[44,2188,167],[44,2188,393],[44,2774,161],[44,2774,314],[44,3657,449],[45,406,428],[45,1442,55],[45,2167,327],[45,2167,433],[45,2450,237],[45,2466,114],[45,2610,52],[45,2610,471],[46,305,460],[46,831,112],[46,3213,317],[46,3529,47],[46,3529,489],[46,3986,416],[46,3986,368],[47,395,114],[47,1071,224],[47,1866,479],[47,1866,179],[47,1866,369],[47,2944,252],[47,2944,48],[47,3687,441],[47,3959,173],[48,280,101],[48,1022,398],[48,2806,300],[48,2806,407],[48,3780,83],[48,3780,413],[48,3780,52],[49,1471,144],[49,1911,216],[49,1911,437],[49,1943,243],[49,2419,67],[49,2436,182],[49,2613,52],[49,3885,35],[50,472,114],[50,715,458],[50,715,47],[50,767,310],[50,818,441],[50,1932,324],[50,3923,496],[50,3923,51],[50,3923,248],[51,407,60],[51,407,337],[51,744,221],[51,2056,352],[51,2056,379],[51,2536,349],[51,2536,363],[51,3285,182],[52,674,221],[52,674,180],[52,725,401],[52,1163,298],[52,1163,322],[52,1163,351],[52,2307,55],[52,3662,128],[53,141,60],[53,1210,239],[53,1210,430],[53,2908,59],[53,3082,360],[54,322,191],[54,801,115],[54,873,63],[54,1233,102],[54,1233,356],[54,3262,106],[55,187,209],[55,1112,84],[55,1382,441],[56,240,357],[56,659,432],[56,1667,357],[56,2945,64],[57,40,66],[57,742,212],[57,742,17],[57,2417,439],[57,2417,421],[57,2579,338],[57,3734,185],[58,408,232],[58,408,266],[58,927,263],[58,2602,226],[58,3799,59],[58,3799,262],[59,64,330],[59,444,436],[59,1312,315],[59,2500,202],[59,2500,42],[59,2500,101],[60,749,257],[60,3042,62],[60,3554,57],[61,74,341],[61,74,437],[61,1066,441],[61,1066,67],[61,1333,224],[61,2973,302],[61,2973,308],[61,2973,340],[61,3141,263],[62,24,85],[62,24,127],[62,24,180],[62,834,173],[62,834,364],[62,857,418],[62,2762,156],[63,618,387],[63,618,455],[63,618,435],[63,2105,463],[63,2203,333],[63,2742,73],[63,3381,413],[63,3381,76],[64,489,242],[64,617,129],[64,2382,405],[64,2382,23],[64,2382,379],[64,3914,224],[65,125,255],[65,125,472],[65,125,89],[65,469,111],[65,800,74],[65,800,438],[65,1803,60],[65,3559,81],[66,740,212],[66,740,149],[66,740,292],[66,1257,314],[66,1505,59],[66,1505,151],[66,3878,482],[67,737,380],[67,912,79],[67,912,487],[67,1324,101],[67,1415,418],[67,1415,420],[67,1736,128],[67,1777,399],[67,1777,214],[67,1777,251],[68,779,475],[68,779,74],[68,2292,34],[68,3483,283],[68,3742,66],[68,3742,210],[69,309,153],[69,309,125],[69,496,124],[69,1220,170],[69,1220,235],[69,2047,495],[69,2196,139],[69,2361,207],[69,2361,295],[69,2361,128],[69,3682,202],[69,3682,344],[70,256,166],[70,256,340],[70,997,78],[70,1545,91],[70,1729,241],[70,3061,164],[71,125,255],[71,125,472],[71,125,89],[71,984,81],[71,1807,392],[71,1807,452],[71,2452,144],[71,2993,89],[71,3044,340],[71,3558,258],[71,3558,350],[72,825,260],[72,1784,330],[72,1784,130],[72,1784,119],[72,2547,110],[72,2547,400],[73,458,478],[73,1673,79],[73,1673,311],[73,2826,497],[73,3105,103],[73,3105,450],[74,559,308],[74,2296,403],[74,2296,422],[74,2296,18],[74,3179,402],[74,3179,451],[74,3411,307],[74,3411,341],[74,3411,402],[74,3411,377],[75,647,489],[75,647,331],[75,3239,20],[75,3797,374],[75,3832,221],[76,1630,248],[76,1630,449],[76,2784,102],[76,3565,229],[76,3565,42],[77,286,151],[77,2691,317],[77,2691,419],[77,2957,432],[77,3058,451],[77,3058,284],[77,3058,292],[77,3058,86],[77,3058,319],[77,3411,307],[77,3411,341],[77,3411,402],[77,3411,377],[78,650,114],[78,1403,479],[78,1624,80],[78,2803,64],[78,2803,278],[78,3640,300],[78,3942,140],[78,3942,334],[79,625,278],[79,625,378],[79,625,339],[79,1233,102],[79,1233,356],[79,2065,102],[79,3172,307],[79,3514,403],[80,225,327],[80,1064,140],[80,2654,490],[80,3545,82],[81,419,294],[81,806,95],[81,806,380],[81,930,500],[81,1706,415],[81,1969,253],[81,1969,100],[82,834,173],[82,834,364],[82,1588,142],[82,1588,267],[82,3117,93],[82,3543,133],[83,309,153],[83,309,125],[83,553,119],[83,1171,261],[83,1750,307],[83,2315,437],[84,506,101],[84,1284,458],[84,1284,441],[84,1284,183],[84,1533,349],[84,1533,140],[84,1780,91],[84,1780,310],[84,3258,197],[84,3258,256],[85,321,465],[85,858,44],[85,1210,239],[85,1210,430],[85,3756,350],[86,258,289],[86,258,106],[86,258,275],[86,1170,208],[86,2528,216],[86,2528,274],[86,2889,133],[87,24,85],[87,24,127],[87,24,180],[87,2972,94],[87,2973,302],[87,2973,308],[87,2973,340],[87,3477,362],[87,3888,401],[87,3888,494],[87,3888,311],[87,3888,406],[87,3888,479],[88,1647,141],[88,1872,493],[88,1872,162],[88,2024,179],[89,589,93],[89,1317,137],[89,3917,117],[89,3917,371],[89,3917,412],[90,647,489],[90,647,331],[90,662,277],[90,1344,65],[90,2752,53],[90,3986,416],[90,3986,368],[91,1425,214],[91,1531,126],[91,2137,448],[91,3595,385],[91,3595,234],[91,3792,98],[91,3792,480],[91,3792,249],[92,1199,397],[92,1199,20],[92,1199,477],[92,1426,46],[92,1426,112],[92,1674,499],[92,2352,103],[92,2583,402],[93,532,233],[93,532,402],[93,532,58],[93,1370,137],[93,1410,75],[93,3174,224],[93,3465,182],[93,3704,385],[93,3704,120],[94,903,168],[94,1650,13],[94,1650,401],[94,1832,90],[94,2160,372],[95,137,105],[95,137,109],[95,2149,115],[95,2514,391],[95,2514,150],[95,3671,472],[95,3713,118],[95,3713,296],[96,163,266],[96,1242,121],[96,2168,309],[96,2566,75],[96,3647,222],[97,273,396],[97,273,111],[97,770,262],[97,944,393],[97,944,154],[97,944,383],[97,2721,252],[97,2721,355],[97,3805,66],[97,3896,160],[98,2082,250],[98,3322,370],[98,3751,279],[98,3758,341],[98,3830,456],[99,17,440],[99,573,373],[99,681,329],[99,1976,44],[99,1976,281],[99,3282,122],[99,3803,117],[100,532,233],[100,532,402],[100,532,58],[100,2098,31],[100,2098,203],[100,2098,265],[100,3681,115],[100,3837,56],[100,3837,142],[101,370,141],[101,2411,326],[101,2411,311],[101,2651,324],[101,2651,331],[101,3684,239],[102,960,272],[102,960,106],[102,2060,431],[102,3170,223],[102,3685,399],[103,718,133],[103,1782,351],[103,2862,430],[103,3496,356],[104,246,493],[104,796,111],[104,824,209],[104,1666,145],[104,1871,224],[104,2685,213],[104,2698,274],[105,740,212],[105,740,149],[105,740,292],[105,1767,44],[105,2076,25],[105,2076,186],[105,2408,152],[105,2408,165],[105,2408,11],[105,2408,425],[105,2662,161],[105,3096,107],[105,3821,219],[105,3821,72],[106,1508,343],[106,2984,225],[106,2984,245],[106,2984,457],[106,3218,242],[106,3536,293],[106,3536,451],[107,1027,445],[107,1048,304],[107,2528,216],[107,2528,274],[107,3256,485],[108,295,166],[108,295,174],[108,505,145],[108,1357,77],[108,1468,199],[108,3040,119],[108,3040,338],[108,3993,414],[109,844,132],[109,1941,10],[109,1941,142],[109,1941,277],[109,2727,115],[109,2727,409],[109,2806,300],[109,2806,407],[109,2815,161],[110,1982,130],[110,2479,260],[110,2479,437],[110,2944,252],[110,2944,48],[111,172,113],[111,846,9],[111,1657,171],[111,1657,380],[111,2238,309],[111,3515,171],[112,812,26],[112,812,240],[112,1227,413],[112,2384,426],[112,2437,359],[112,2437,261],[112,2471,296],[113,1838,315],[113,1838,18],[113,1874,120],[113,2462,394],[113,2462,294],[113,2597,68],[113,3058,451],[113,3058,284],[113,3058,292],[113,3058,86],[113,3058,319],[114,1728,457],[114,1969,253],[114,1969,100],[114,3050,365],[115,3012,120],[115,3607,79],[115,3607,226],[116,707,276],[116,707,88],[116,707,129],[116,1216,369],[116,1216,244],[116,1825,495],[116,2584,429],[116,3893,485],[116,3893,107],[116,3893,454],[117,515,155],[117,515,376],[117,515,189],[117,515,363],[117,1364,229],[117,1364,121],[117,1406,332],[117,1697,84],[117,2110,294],[118,396,185],[118,396,467],[118,396,375],[118,700,482],[118,812,26],[118,812,240],[118,2166,196],[118,2224,407],[118,2224,401],[118,3790,121],[119,515,155],[119,515,376],[119,515,189],[119,515,363],[119,759,182],[119,1255,319],[119,1255,276],[119,3069,133],[120,220,436],[120,1288,199],[120,1288,192],[120,1362,367],[120,2681,493],[120,2994,320],[121,274,318],[121,585,185],[121,585,199],[121,3085,427],[121,3085,86],[121,3421,123],[122,715,458],[122,715,47],[122,1588,142],[122,1588,267],[122,3413,466],[122,3599,85],[122,3837,56],[122,3837,142],[123,160,175],[123,160,408],[123,685,335],[123,685,450],[123,2264,138],[123,2901,175],[123,3332,181],[124,145,362],[124,145,192],[124,145,183],[124,415,321],[124,415,186],[124,527,203],[124,527,188],[124,727,215],[124,1206,382],[124,1766,270],[125,253,220],[125,572,148],[125,572,180],[125,1563,138],[125,1563,448],[125,1695,109],[125,1695,62],[126,919,481],[126,975,365],[126,1174,206],[126,1174,188],[126,1174,134],[126,1850,315],[126,2374,231],[126,3071,350],[126,3071,189],[127,433,193],[127,2990,273],[127,3317,264],[127,3871,88],[128,1033,184],[128,1620,431],[128,3809,414],[128,3987,187],[129,2462,394],[129,2462,294],[129,3185,270],[130,23,125],[130,124,89],[130,484,271],[130,827,148],[130,2004,30],[130,3071,350],[130,3071,189],[131,100,158],[131,100,455],[131,1685,469],[131,1685,393],[131,3222,160],[132,1872,493],[132,1872,162],[132,3159,295],[132,3159,441],[132,3385,197],[132,3385,284],[132,3385,445],[133,889,277],[133,889,339],[133,1891,51],[133,1891,16],[133,3080,155],[133,3648,30],[133,3648,440],[134,244,106],[134,244,123],[134,547,266],[134,547,363],[134,746,191],[134,2298,379],[134,2298,246],[134,3234,143],[134,3574,179],[134,3576,227],[135,1075,208],[135,1087,154],[135,2571,488],[135,2571,80],[135,2916,100],[135,3011,341],[135,3179,402],[135,3179,451],[135,3283,238],[136,1188,140],[136,1351,295],[136,1685,469],[136,1685,393],[136,2939,445],[136,3258,197],[136,3258,256],[137,1053,98],[137,1053,136],[137,1053,342],[137,2098,31],[137,2098,203],[137,2098,265],[137,2497,454],[137,3449,240],[137,3449,164],[137,3763,270],[138,357,367],[138,1786,319],[138,1786,198],[138,2503,343],[138,3492,197],[139,454,113],[139,1196,36],[139,2808,145],[139,3165,320],[140,114,116],[140,114,479],[140,957,422],[140,1789,149],[141,1300,289],[141,2046,426],[141,2046,308],[141,3825,335],[141,3883,241],[141,3883,352],[142,152,278],[142,152,125],[142,1665,281],[142,2396,172],[142,2396,192],[142,2500,202],[142,2500,42],[142,2500,101],[143,1532,374],[143,1753,129],[143,1926,185],[143,3588,196],[144,15,183],[144,1511,251],[144,2294,446],[144,2382,405],[144,2382,23],[144,2382,379],[144,2838,291],[144,2838,359],[144,3556,205],[145,88,108],[145,88,229],[145,1062,236],[145,1062,180],[145,1679,74],[145,2568,353],[146,108,75],[146,1062,236],[146,1062,180],[146,1604,228],[146,2465,490],[146,3761,214],[146,3810,81],[146,3810,172],[147,24,85],[147,24,127],[147,24,180],[147,300,363],[147,500,44],[147,500,154],[147,500,20],[147,1585,187],[147,2796,392],[147,2925,5],[148,851,194],[148,3341,282],[148,3434,492],[149,263,410],[149,263,490],[149,425,157],[149,870,192],[149,1462,457],[149,2828,139],[149,2828,211],[149,3181,454],[149,3181,462],[150,985,378],[150,985,402],[150,1512,408],[150,1512,457],[150,1595,172],[150,1734,281],[150,3491,170],[151,979,184],[151,1760,226],[151,2235,250],[152,273,396],[152,273,111],[152,2350,282],[152,2447,356],[152,3455,31],[152,3505,395],[152,3506,497],[152,3506,176],[153,460,104],[153,2229,24],[153,2623,80],[153,3703,64],[153,3703,331],[154,625,278],[154,625,378],[154,625,339],[154,1661,38],[154,2404,341],[154,3304,343],[155,1371,207],[155,1513,459],[155,1513,413],[155,3007,344],[155,3007,475],[155,3923,496],[155,3923,51],[155,3923,248],[156,110,299],[156,2821,265],[156,3376,169],[156,3425,453],[156,3425,278],[156,3460,157],[157,815,224],[157,1174,206],[157,1174,188],[157,1174,134],[157,2637,208],[157,2929,324],[157,3404,280],[158,1701,326],[158,1911,216],[158,1911,437],[158,2697,254],[158,2697,340],[158,2697,117],[158,3036,489],[158,3036,151],[158,3145,239],[158,3951,315],[159,66,199],[159,740,212],[159,740,149],[159,740,292],[159,866,169],[159,866,476],[159,2378,469],[159,3888,401],[159,3888,494],[159,3888,311],[159,3888,406],[159,3888,479],[160,1978,107],[160,2804,161],[160,2804,498],[160,3358,467],[160,3834,477],[161,828,165],[161,1818,15],[161,2515,123],[162,1041,190],[162,1160,163],[162,2540,480],[162,3266,202],[162,3692,146],[162,3692,190],[163,511,188],[163,835,212],[163,2938,411],[163,3153,493],[164,347,256],[164,347,301],[164,567,246],[164,1705,225],[164,1705,422],[164,1705,183],[164,2394,394],[164,3184,189],[165,2330,406],[165,2544,261],[165,3769,171],[166,396,185],[166,396,467],[166,396,375],[166,515,155],[166,515,376],[166,515,189],[166,515,363],[166,545,80],[166,624,474],[166,722,100],[166,792,253],[167,1235,466],[167,1432,268],[167,1562,86],[167,1562,406],[167,3245,320],[167,3303,468],[167,3446,272],[167,3446,139],[168,343,264],[168,597,14],[168,597,127],[168,1271,36],[168,2361,207],[168,2361,295],[168,2361,128],[168,3858,30],[168,3858,193],[169,533,444],[169,533,484],[169,1633,364],[169,3022,141],[169,3340,238],[169,3340,379],[169,3497,494],[169,3497,475],[170,3265,208],[170,3340,238],[170,3340,379],[171,1460,353],[171,1582,262],[171,2438,325],[171,3309,477],[172,468,231],[172,642,66],[172,940,195],[172,2398,328],[172,2398,301],[173,353,400],[173,1083,3],[173,1083,429],[173,3770,456],[174,145,362],[174,145,192],[174,145,183],[174,1009,400],[174,1318,480],[175,585,185],[175,585,199],[175,1466,48],[175,1466,428],[175,2200,205],[175,2694,248],[175,2694,434],[175,2694,41],[175,3007,344],[175,3007,475],[175,3110,491],[175,3110,153],[175,3110,479],[176,470,43],[176,470,264],[176,1329,330],[176,2761,244],[176,3454,214],[176,3454,409],[177,479,204],[177,1565,214],[177,2706,312],[177,2706,264],[177,2904,143],[177,2968,445],[178,170,246],[178,415,321],[178,415,186],[178,900,240],[178,1726,420],[178,3009,331],[178,3009,353],[178,3066,438],[179,689,413],[179,726,309],[179,2985,443],[179,2985,366],[179,3593,403],[179,3593,303],[180,258,289],[180,258,106],[180,258,275],[180,2224,407],[180,2224,401],[180,3074,289],[181,1208,283],[181,2511,82],[181,2511,251],[181,2846,399],[181,2899,263],[181,2935,350],[181,2935,208],[181,2935,328],[182,372,380],[182,372,416],[182,934,11],[182,3551,191],[182,3551,360],[183,132,367],[183,1289,371],[183,1289,376],[184,2251,409],[184,2251,140],[184,2589,86],[184,2628,48],[184,3175,77],[184,3385,197],[184,3385,284],[184,3385,445],[185,3073,308],[185,3448,32],[186,1,72],[186,1,300],[186,376,20],[186,1423,356],[186,1423,389],[186,3408,324],[186,3408,354],[186,3408,430],[186,3518,185],[187,230,97],[187,527,203],[187,527,188],[187,745,483],[187,3669,348],[187,3669,378],[188,1189,215],[188,1814,405],[188,1814,464],[188,2216,368],[188,2216,330],[188,3204,132],[188,3582,488],[188,3582,393],[189,338,337],[189,603,260],[189,2262,185],[189,2262,337],[189,2948,260],[190,149,193],[190,149,317],[190,1339,210],[190,1339,90],[190,3693,155],[190,3693,415],[190,3900,244],[191,148,31],[191,243,82],[191,516,132],[191,1314,212],[192,88,108],[192,88,229],[192,2015,323],[193,470,43],[193,470,264],[193,1162,372],[193,1402,390],[193,3806,252],[193,3806,274],[194,282,394],[194,282,498],[194,448,148],[194,1392,247],[194,2262,185],[194,2262,337],[194,2495,352],[194,3118,362],[195,130,242],[195,160,175],[195,160,408],[195,465,231],[195,2206,281],[195,3620,304],[195,3620,420],[196,883,206],[196,2152,489],[196,2152,22],[196,3551,191],[196,3551,360],[197,312,437],[197,2158,420],[197,3051,76],[197,3051,360],[197,3259,315],[197,3792,98],[197,3792,480],[197,3792,249],[198,134,231],[198,550,231],[198,1108,352],[198,1400,329],[198,3018,414],[198,3018,408],[199,2964,347],[199,3729,202],[200,866,169],[200,866,476],[200,1686,269],[200,1686,426],[200,1845,251],[200,1971,239],[200,2830,220],[200,3417,388],[200,3584,387],[200,3935,403],[201,685,335],[201,685,450],[201,894,437],[201,3446,272],[201,3446,139],[201,3540,418],[201,3692,146],[201,3692,190],[202,728,446],[202,772,283],[202,772,473],[202,3226,177],[203,706,192],[203,1364,229],[203,1364,121],[203,1562,86],[203,1562,406],[203,2416,162],[203,2416,489],[203,2416,431],[203,3675,352],[204,463,444],[204,498,369],[204,944,393],[204,944,154],[204,944,383],[204,2822,405],[204,3785,269],[205,1202,65],[205,3107,330],[205,3107,245],[205,3107,259],[205,3198,76],[206,1688,417],[206,1688,217],[206,1785,129],[206,2615,176],[206,3040,119],[206,3040,338],[207,104,97],[207,2051,308],[207,3147,357],[207,3147,481],[207,3410,43],[207,3411,307],[207,3411,341],[207,3411,402],[207,3411,377],[208,1475,417],[208,2437,359],[208,2437,261],[209,2251,409],[209,2251,140],[209,3273,439],[209,3706,265],[210,46,393],[210,2501,42],[210,2501,92],[210,3107,330],[210,3107,245],[210,3107,259],[210,3888,401],[210,3888,494],[210,3888,311],[210,3888,406],[210,3888,479],[211,208,361],[211,1224,377],[211,1224,452],[211,1224,151],[211,1944,346],[211,2098,31],[211,2098,203],[211,2098,265],[211,2649,329],[211,2667,394],[211,3236,354],[211,3236,219],[212,1348,187],[212,1348,266],[212,2030,186],[212,3682,202],[212,3682,344],[212,3894,312],[213,282,394],[213,282,498],[213,1143,376],[213,1184,423],[213,1437,296],[213,2035,282],[213,2035,460],[213,2194,475],[213,3398,160],[214,1,72],[214,1,300],[214,2061,498],[215,2091,82],[215,2091,234],[215,2091,108],[215,2577,278],[215,2803,64],[215,2803,278],[215,3488,306],[216,177,94],[216,177,178],[216,599,362],[216,2935,350],[216,2935,208],[216,2935,328],[217,105,412],[217,490,258],[217,490,158],[217,651,201],[217,1497,269],[218,107,389],[218,107,398],[218,384,143],[218,384,290],[218,384,367],[218,1517,335],[218,1603,410],[218,1866,479],[218,1866,179],[218,1866,369],[218,2756,274],[219,178,316],[219,560,478],[219,813,298],[219,2523,495],[219,3856,472],[220,1204,240],[220,1715,251],[220,2626,317],[220,2841,116],[220,3381,413],[220,3381,76],[220,3689,475],[221,490,258],[221,490,158],[221,1220,170],[221,1220,235],[221,2877,198],[221,3449,240],[221,3449,164],[222,270,314],[222,270,7],[222,738,364],[222,874,204],[222,1003,351],[222,2553,465],[222,3620,304],[222,3620,420],[222,3882,488],[223,678,463],[223,1289,371],[223,1289,376],[223,1959,447],[223,2502,465],[223,2694,248],[223,2694,434],[223,2694,41],[223,3794,406],[223,3976,103],[224,3981,285],[225,71,234],[225,2462,394],[225,2462,294],[225,2842,395],[225,2930,426],[225,3108,418],[226,96,88],[226,96,465],[226,720,351],[226,1683,488],[226,1683,385],[226,1683,198],[227,1446,428],[227,1446,458],[227,1618,359],[227,1618,172],[227,2135,303],[227,2143,251],[227,2186,54],[227,3678,366],[228,418,129],[228,418,366],[228,753,352],[228,3385,197],[228,3385,284],[228,3385,445],[228,3984,77],[229,1282,288],[229,1805,365],[229,3140,92],[230,74,341],[230,74,437],[230,331,373],[230,896,320],[230,1120,460],[230,1120,55],[230,2075,388],[230,2075,42],[230,2133,295],[230,2774,161],[230,2774,314],[230,3401,215],[231,1513,459],[231,1513,413],[232,106,107],[232,106,431],[232,1124,378],[232,1193,365],[232,1644,218],[232,2416,162],[232,2416,489],[232,2416,431],[232,2629,234],[233,672,325],[233,885,368],[233,1247,242],[233,1953,419],[233,2317,29],[233,3862,382],[234,1561,449],[234,2037,451],[234,2037,250],[234,2319,396],[235,337,205],[235,371,349],[235,1389,360],[235,2713,234],[235,2713,321],[235,3041,458],[236,1777,399],[236,1777,214],[236,1777,251],[236,1837,392],[236,2457,388],[236,2457,403],[236,3048,3],[236,3368,325],[236,3806,252],[236,3806,274],[237,84,383],[237,84,453],[237,116,440],[237,2039,253],[237,2345,470],[237,2345,399],[237,3820,424],[237,3820,491],[238,619,62],[238,855,342],[238,1547,371],[238,1618,359],[238,1618,172],[238,2768,35],[238,2768,171],[238,2886,257],[239,1466,48],[239,1466,428],[239,3864,34],[239,3864,95],[240,360,301],[240,800,74],[240,800,438],[240,3547,354],[240,3811,83],[241,1128,483],[241,1447,457],[241,2227,247],[241,2747,174],[242,125,255],[242,125,472],[242,125,89],[242,2935,350],[242,2935,208],[242,2935,328],[242,3201,241],[243,287,445],[243,1150,273],[243,1150,395],[243,1150,499],[243,1177,487],[243,1305,410],[243,1627,498],[243,1627,263],[243,2717,432],[243,3510,121],[243,3510,267],[244,524,33],[244,524,8],[244,2984,225],[244,2984,245],[244,2984,457],[244,3246,165],[244,3246,262],[245,790,161],[245,912,79],[245,912,487],[245,1576,319],[245,2755,147],[245,3558,258],[245,3558,350],[246,856,336],[246,1984,336],[246,1984,376],[246,2356,359],[246,2356,367],[247,811,318],[247,2156,148],[247,2581,439],[247,2581,362],[247,2977,69],[247,2977,425],[247,3049,289],[248,1672,378],[248,2124,201],[248,2699,257],[249,449,28],[249,449,342],[249,611,389],[249,766,94],[249,766,286],[249,1688,417],[249,1688,217],[249,1979,278],[249,1998,403],[249,2398,328],[249,2398,301],[250,1013,292],[250,1251,279],[250,1811,36],[250,2414,156],[251,1716,379],[251,2706,312],[251,2706,264],[252,1373,406],[252,1373,302],[252,1373,311],[252,2881,76],[252,2977,69],[252,2977,425],[252,3210,372],[253,1286,500],[253,2155,498],[253,2247,268],[253,2247,467],[253,3655,443],[253,3655,487],[254,36,202],[254,247,375],[254,998,339],[254,2241,391],[254,3000,349],[254,3336,280],[254,3846,163],[255,547,266],[255,547,363],[255,579,205],[255,579,383],[255,703,68],[255,703,315],[255,1500,359],[255,1500,70],[255,2177,339],[255,2177,433],[255,2242,358],[256,396,185],[256,396,467],[256,396,375],[256,500,44],[256,500,154],[256,500,20],[256,569,297],[256,2119,414],[256,3181,454],[256,3181,462],[257,488,472],[257,2485,314],[257,3578,486],[258,2048,110],[258,2048,59],[258,2296,403],[258,2296,422],[258,2296,18],[258,3159,295],[258,3159,441],[258,3263,63],[258,3263,490],[259,985,378],[259,985,402],[259,2268,290],[259,2268,316],[259,2475,257],[259,2475,444],[259,2973,302],[259,2973,308],[259,2973,340],[259,3593,403],[259,3593,303],[260,635,271],[260,1388,110],[260,1635,147],[260,3800,344],[261,600,404],[261,1997,395],[261,2408,152],[261,2408,165],[261,2408,11],[261,2408,425],[261,3858,30],[261,3858,193],[262,1339,210],[262,1339,90],[262,2217,327],[262,3227,145],[263,674,221],[263,674,180],[263,2875,444],[263,3952,413],[264,1225,273],[264,3264,320],[265,988,40],[265,1501,346],[265,1899,386],[265,1899,102],[265,3569,456],[265,3569,15],[266,1627,498],[266,1627,263],[266,2306,344],[266,3350,293],[267,244,106],[267,244,123],[267,263,410],[267,263,490],[267,345,280],[267,451,487],[268,733,480],[268,1546,274],[268,2000,461],[268,2000,498],[268,2968,445],[268,3707,433],[269,2697,254],[269,2697,340],[269,2697,117],[269,2978,427],[269,2978,486],[269,3240,115],[269,3240,354],[269,3595,385],[269,3595,234],[270,1163,298],[270,1163,322],[270,1163,351],[270,2572,153],[270,2572,471],[270,3400,463],[271,572,148],[271,572,180],[271,944,393],[271,944,154],[271,944,383],[271,983,466],[271,3009,331],[271,3009,353],[272,2034,465],[272,2393,378],[272,2498,268],[272,3824,417],[273,830,311],[273,1897,459],[273,2114,416],[273,2145,372],[273,3224,491],[274,530,391],[274,2475,257],[274,2475,444],[275,57,263],[275,610,321],[275,1650,13],[275,1650,401],[275,2723,146],[275,2792,229],[275,3606,424],[275,3606,367],[276,1336,400],[276,1630,248],[276,1630,449],[276,1807,392],[276,1807,452],[276,2225,343],[276,2225,425],[276,2985,443],[276,2985,366],[277,21,484],[277,1213,383],[277,2442,274],[277,2442,246],[277,3323,228],[278,3659,207],[279,1237,209],[279,1237,284],[279,2037,451],[279,2037,250],[279,2618,122],[279,2819,37],[279,3529,47],[279,3529,489],[279,3855,497],[280,214,457],[280,1415,418],[280,1415,420],[280,2268,290],[280,2268,316],[281,2367,272],[281,3612,209],[282,9,492],[282,407,60],[282,407,337],[282,2651,324],[282,2651,331],[283,342,245],[283,889,277],[283,889,339],[283,1534,11],[283,1534,290],[283,2233,338],[283,3548,206],[284,976,499],[284,2127,487],[284,2859,441],[285,1142,302],[285,1238,156],[285,2108,210],[285,2520,438],[285,3506,497],[285,3506,176],[285,3739,272],[285,3903,386],[286,154,355],[286,633,109],[286,633,417],[286,633,154],[286,3120,181],[286,3580,355],[286,3691,237],[287,1255,319],[287,1255,276],[287,1690,369],[287,2356,359],[287,2356,367],[287,2385,432],[287,2974,304],[287,2974,446],[287,3154,466],[287,3158,397],[288,65,151],[288,67,360],[288,1808,474],[288,2181,292],[288,2361,207],[288,2361,295],[288,2361,128],[288,3582,488],[288,3582,393],[289,2467,331],[289,2467,453],[289,3452,406],[289,3452,453],[290,765,438],[290,2838,291],[290,2838,359],[290,3324,309],[290,3328,493],[291,476,92],[291,476,163],[291,476,256],[291,562,483],[291,1284,458],[291,1284,441],[291,1284,183],[291,3250,2],[291,3424,342],[291,3917,117],[291,3917,371],[291,3917,412],[292,710,495],[292,3669,348],[292,3669,378],[292,3997,5],[293,556,316],[293,962,61],[293,1988,129],[293,2283,431],[293,3565,229],[293,3565,42],[294,1221,379],[294,2389,489],[294,3500,397],[295,1677,199],[295,2581,439],[295,2581,362],[295,3147,357],[295,3147,481],[296,2077,307],[296,2538,300],[296,2538,496],[296,2746,419],[296,2858,216],[297,1284,458],[297,1284,441],[297,1284,183],[297,1385,299],[297,1385,356],[297,1967,305],[297,2627,352],[297,2721,252],[297,2721,355],[297,2984,225],[297,2984,245],[297,2984,457],[298,264,270],[298,633,109],[298,633,417],[298,633,154],[298,1224,377],[298,1224,452],[298,1224,151],[298,1984,336],[298,1984,376],[298,2225,343],[298,2225,425],[299,317,373],[299,684,335],[299,684,190],[299,1675,442],[299,2586,458],[299,2586,410],[299,3643,73],[300,1117,454],[300,2177,339],[300,2177,433],[300,3411,307],[300,3411,341],[300,3411,402],[300,3411,377],[300,3796,228],[301,138,408],[301,152,278],[301,152,125],[301,2341,45],[301,3307,196],[302,494,467],[302,1175,478],[302,2620,427],[302,3497,494],[302,3497,475],[303,94,450],[303,1705,225],[303,1705,422],[303,1705,183],[303,2204,424],[303,3345,487],[304,1056,456],[304,1935,276],[305,618,387],[305,618,455],[305,618,435],[305,1964,409],[305,1964,247],[305,2348,479],[305,3297,344],[305,3297,400],[305,3884,423],[306,1315,351],[306,1500,359],[306,1500,70],[306,2159,495],[306,2276,468],[306,2457,388],[306,2457,403],[307,2075,388],[307,2075,42],[307,3676,225],[307,3676,345],[307,3950,54],[308,884,217],[308,1343,142],[308,1343,287],[309,625,278],[309,625,378],[309,625,339],[309,1698,476],[309,2103,122],[309,2103,443],[310,660,284],[310,707,276],[310,707,88],[310,707,129],[310,3373,334],[311,349,368],[311,843,307],[311,843,482],[311,1454,425],[311,1454,397],[312,1731,461],[312,1731,481],[312,2487,490],[312,2696,415],[312,3408,324],[312,3408,354],[312,3408,430],[312,3868,88],[313,1479,436],[313,2434,55],[313,2501,42],[313,2501,92],[313,2853,192],[313,3711,271],[314,1291,45],[314,1291,447],[314,1291,466],[314,1454,425],[314,1454,397],[315,1396,112],[315,1396,333],[316,546,289],[316,840,470],[316,840,476],[316,960,272],[316,960,106],[316,1030,342],[316,1030,471],[316,3263,63],[316,3263,490],[317,500,44],[317,500,154],[317,500,20],[317,2256,196],[317,3033,452],[318,1216,369],[318,1216,244],[318,1396,112],[318,1396,333],[318,2441,404],[318,2492,328],[318,3485,463],[319,2740,3],[319,2801,343],[319,2801,421],[320,797,73],[320,3197,131],[320,3197,168],[321,627,407],[321,1502,340],[321,1686,269],[321,1686,426],[321,2305,420],[321,2700,374],[322,209,377],[322,621,431],[322,859,323],[322,2010,351],[322,3029,75],[322,3036,489],[322,3036,151],[322,3379,495],[323,100,158],[323,100,455],[323,2184,369],[323,2701,286],[323,3357,329],[323,3438,165],[324,694,384],[324,2547,110],[324,2547,400],[324,2913,355],[325,583,353],[325,1413,358],[325,2007,496],[325,2593,71],[326,237,385],[326,704,473],[326,2382,405],[326,2382,23],[326,2382,379],[326,2383,428],[326,3780,83],[326,3780,413],[326,3780,52],[327,2694,248],[327,2694,434],[327,2694,41],[327,2848,187],[327,2864,354],[328,107,389],[328,107,398],[328,378,459],[328,1325,119],[328,3905,426],[329,1796,408],[329,2151,408],[329,2151,85],[329,2221,450],[330,1323,68],[330,3607,79],[330,3607,226],[331,3382,44],[332,1912,387],[332,2518,152],[332,2518,379],[332,2657,407],[332,3164,440],[333,1150,273],[333,1150,395],[333,1150,499],[333,1304,325],[333,1304,472],[333,2167,327],[333,2167,433],[333,2461,376],[333,2801,343],[333,2801,421],[334,356,24],[334,356,394],[334,911,402],[334,3196,335],[334,3403,491],[334,3416,392],[335,1866,479],[335,1866,179],[335,1866,369],[336,618,387],[336,618,455],[336,618,435],[336,2290,35],[336,2974,304],[336,2974,446],[336,3836,399],[337,942,447],[337,942,492],[337,1976,44],[337,1976,281],[337,2856,434],[337,3919,492],[338,466,83],[338,1005,265],[338,1279,1],[338,2596,467],[339,136,411],[339,483,334],[339,3839,438],[340,202,374],[340,794,103],[340,3701,452],[341,2162,136],[341,2162,193],[341,3742,66],[341,3742,210],[342,2865,84],[342,3106,422],[343,1535,242],[343,2724,270],[343,3741,46],[344,905,99],[344,1429,100],[345,25,381],[345,760,231],[345,1163,298],[345,1163,322],[345,1163,351],[345,1385,299],[345,1385,356],[345,2175,436],[345,2992,473],[345,3126,494],[345,3126,189],[346,658,264],[346,848,395],[346,854,217],[346,2834,423],[347,1373,406],[347,1373,302],[347,1373,311],[347,2416,162],[347,2416,489],[347,2416,431],[347,2484,353],[347,2668,125],[347,3649,72],[348,2,303],[348,1060,9],[348,1060,464],[348,3724,468],[349,2104,391],[349,3059,423],[349,3149,490],[350,30,353],[350,703,68],[350,703,315],[350,1999,497],[350,3157,60],[351,843,307],[351,843,482],[353,43,235],[353,291,176],[354,1360,190],[354,2259,194],[355,1120,460],[355,1120,55],[355,2125,477],[355,3923,496],[355,3923,51],[355,3923,248],[356,63,305],[356,242,429],[356,3113,386],[356,3113,298],[357,1566,488],[357,3021,204],[357,3458,480],[358,2412,450],[358,2591,351],[358,3038,398],[358,3452,406],[358,3452,453],[358,3645,398],[359,2736,205],[359,3297,344],[359,3297,400],[360,313,181],[360,1373,406],[360,1373,302],[360,1373,311],[360,2408,152],[360,2408,165],[360,2408,11],[360,2408,425],[361,1477,472],[361,3648,30],[361,3648,440],[361,3677,368],[361,3784,153],[362,405,160],[362,2346,427],[363,3209,434],[363,3215,131],[364,533,444],[364,533,484],[364,1814,405],[364,1814,464],[364,2056,352],[364,2056,379],[364,2922,498],[365,41,373],[365,372,380],[365,372,416],[365,2445,301],[365,3694,57],[366,385,414],[366,1343,142],[366,1343,287],[366,1731,461],[366,1731,481],[366,2103,122],[366,2103,443],[366,2345,470],[366,2345,399],[367,734,137],[367,1922,141],[368,3934,313],[369,3291,407],[369,3618,17],[369,3618,126],[370,56,388],[370,1060,9],[370,1060,464],[370,1596,371],[370,2518,152],[370,2518,379],[370,3642,9],[370,3893,485],[370,3893,107],[370,3893,454],[371,1391,452],[371,2775,476],[372,123,416],[372,123,127],[372,913,13],[373,486,461],[373,486,28],[373,1771,392],[373,2142,310],[374,1109,419],[374,2442,274],[374,2442,246],[374,2702,170],[374,2900,361],[375,1145,453],[375,2586,458],[375,2586,410],[375,2804,161],[375,2804,498],[375,3696,454],[375,3888,401],[375,3888,494],[375,3888,311],[375,3888,406],[375,3888,479],[376,1683,488],[376,1683,385],[376,1683,198],[377,1541,473],[377,1962,415],[377,2046,426],[377,2046,308],[377,2296,403],[377,2296,422],[377,2296,18],[377,2401,191],[378,296,176],[378,1397,124],[380,476,92],[380,476,163],[380,476,256],[380,2779,486],[380,3062,422],[381,171,447],[381,784,404],[381,3087,19],[381,3113,386],[381,3113,298],[382,942,447],[382,942,492],[382,1393,289],[382,1512,408],[382,1512,457],[382,2552,286],[382,2552,217],[382,3493,431],[383,106,107],[383,106,431],[383,779,475],[383,779,74],[383,3853,32],[384,515,155],[384,515,376],[384,515,189],[384,515,363],[384,1563,138],[384,1563,448],[384,1571,309],[384,1584,312],[384,3160,391],[384,3392,429],[384,3392,447],[385,457,464],[385,2303,294],[385,2303,426],[385,2357,435],[386,226,426],[386,2371,428],[386,3156,177],[386,3370,411],[386,3992,414],[387,203,389],[387,1012,430],[387,1797,313],[388,3280,492],[388,3693,155],[388,3693,415],[388,3845,405],[389,806,95],[389,806,380],[389,1719,449],[389,2303,294],[389,2303,426],[389,3525,87],[390,177,94],[390,177,178],[390,1794,148],[390,2915,355],[390,2926,250],[390,3426,468],[391,1812,497],[391,3384,470],[392,532,233],[392,532,402],[392,532,58],[392,664,296],[392,1800,288],[393,1126,128],[393,1126,435],[393,3058,451],[393,3058,284],[393,3058,292],[393,3058,86],[393,3058,319],[394,3464,470],[394,3917,117],[394,3917,371],[394,3917,412],[394,3942,140],[394,3942,334],[395,612,304],[395,2907,361],[396,2446,16],[396,3045,302],[396,3444,332],[396,3948,169],[397,707,276],[397,707,88],[397,707,129],[397,1459,440],[397,2101,210],[397,2691,317],[397,2691,419],[398,1237,209],[398,1237,284],[398,2310,226],[398,2551,412],[399,384,143],[399,384,290],[399,384,367],[399,2042,480],[400,144,239],[400,644,333],[400,644,496],[401,649,259],[401,2622,371],[401,3759,277],[404,687,259],[404,878,440],[404,3362,468],[404,3536,293],[404,3536,451],[405,637,476],[405,1224,377],[405,1224,452],[405,1224,151],[405,3311,233],[406,841,477],[406,841,478],[406,1964,409],[406,1964,247],[407,2000,461],[407,2000,498],[407,2500,202],[407,2500,42],[407,2500,101],[408,3105,103],[408,3105,450],[408,3253,382],[409,2151,408],[409,2151,85],[409,2351,491],[409,2918,244],[410,495,396],[410,3365,22],[410,3425,453],[410,3425,278],[411,49,438],[411,521,162],[411,521,1],[411,2139,58],[412,644,333],[412,644,496],[412,1209,421],[412,2164,421],[412,2417,439],[412,2417,421],[412,2536,349],[412,2536,363],[413,1379,201],[413,1379,372],[413,1386,443],[414,1102,138],[414,1560,56],[414,1560,368],[415,1039,475],[415,1506,335],[415,2222,462],[416,455,53],[416,1733,327],[416,1733,138],[416,2828,139],[416,2828,211],[417,581,37],[417,2162,136],[417,2162,193],[417,2301,226],[417,2496,410],[418,1304,325],[418,1304,472],[418,3206,490],[418,3727,398],[419,443,349],[419,1291,45],[419,1291,447],[419,1291,466],[419,2514,391],[419,2514,150],[420,1283,23],[420,1345,332],[421,1787,218],[421,1901,167],[421,3478,358],[421,3799,59],[421,3799,262],[422,2026,96],[422,3431,310],[423,256,166],[423,256,340],[423,492,462],[423,3773,387],[424,96,88],[424,96,465],[424,2313,432],[424,3359,39],[424,3893,485],[424,3893,107],[424,3893,454],[425,1941,10],[425,1941,142],[425,1941,277],[426,3197,131],[426,3197,168],[427,1440,155],[427,1835,484],[428,3603,49],[429,434,55],[429,2697,254],[429,2697,340],[429,2697,117],[429,2953,361],[429,3566,395],[430,766,94],[430,766,286],[430,915,73],[430,978,348],[431,2585,131],[432,847,196],[432,847,448],[432,847,87],[432,1906,473],[433,295,166],[433,295,174],[433,1503,442],[433,1705,225],[433,1705,422],[433,1705,183],[433,1899,386],[433,1899,102],[433,2713,234],[433,2713,321],[434,486,461],[434,486,28],[434,2097,347],[434,2247,268],[434,2247,467],[434,2370,455],[435,298,237],[435,1996,139],[435,1996,41],[435,2152,489],[435,2152,22],[435,2686,447],[436,1654,246],[436,1723,444],[436,1784,330],[436,1784,130],[436,1784,119],[437,1043,219],[437,3918,173],[438,1814,405],[438,1814,464],[439,802,179],[439,802,89],[439,2570,17],[439,3646,454],[439,3792,98],[439,3792,480],[439,3792,249],[440,3312,463],[442,1288,199],[442,1288,192],[442,1784,330],[442,1784,130],[442,1784,119],[442,2714,271],[442,3432,474],[442,3888,401],[442,3888,494],[442,3888,311],[442,3888,406],[442,3888,479],[443,836,236],[443,836,487],[443,1214,113],[443,3246,165],[443,3246,262],[444,987,482],[444,2481,446],[445,2813,50],[446,2076,25],[446,2076,186],[446,3590,461],[447,1492,363],[447,3454,214],[447,3454,409],[448,632,434],[448,1246,5],[448,3600,460],[448,3835,419],[448,3848,483],[449,1199,397],[449,1199,20],[449,1199,477],[449,1961,336],[450,400,499],[451,1544,98],[451,2511,82],[451,2511,251],[451,3510,121],[451,3510,267],[451,3813,206],[452,410,390],[452,841,477],[452,841,478],[453,1067,454],[453,3821,219],[453,3821,72],[454,84,383],[454,84,453],[455,1936,482],[455,3010,494],[455,3037,491],[455,3037,252],[455,3126,494],[455,3126,189],[456,836,236],[456,836,487],[456,1758,490],[456,2978,427],[456,2978,486],[457,1996,139],[457,1996,41],[457,2271,173],[458,2431,347],[458,3102,36],[459,149,193],[459,149,317],[459,1126,128],[459,1126,435],[459,1558,255],[459,2567,89],[460,68,481],[460,2543,445],[460,3754,470],[461,2112,482],[461,3708,471],[462,607,215],[462,1150,273],[462,1150,395],[462,1150,499],[462,1387,486],[462,2557,486],[462,2818,170],[462,2818,58],[463,45,76],[463,503,174],[464,137,105],[464,137,109],[464,840,470],[464,840,476],[464,2080,303],[464,2530,485],[465,1423,356],[465,1423,389],[465,3240,115],[465,3240,354],[465,3990,116],[466,73,290],[467,474,354],[467,1200,163],[468,772,283],[468,772,473],[468,1855,449],[468,3144,488],[469,742,212],[469,742,17],[469,1823,425],[469,2712,485],[469,2772,484],[469,3252,228],[470,1281,63],[470,3107,330],[470,3107,245],[470,3107,259],[470,3940,496],[471,328,261],[471,864,227],[471,3683,177],[472,1053,98],[472,1053,136],[472,1053,342],[472,2606,7],[473,1919,469],[473,2548,488],[473,2708,496],[474,270,314],[474,270,7],[474,1079,4],[474,3569,456],[474,3569,15],[474,3820,424],[474,3820,491],[475,2116,306],[475,3236,354],[475,3236,219],[476,393,500],[476,602,484],[476,1657,171],[476,1657,380],[477,3310,497],[477,3310,262],[478,221,174],[478,1533,349],[478,1533,140],[478,2469,258],[478,3542,27],[479,2634,114],[479,2954,266],[480,2866,370],[481,1066,441],[481,1066,67],[481,2874,282],[481,3553,115],[482,1548,280],[482,3883,241],[482,3883,352],[483,135,65],[483,1008,74],[483,3503,199],[483,3606,424],[483,3606,367],[484,1534,11],[484,1534,290],[484,2091,82],[484,2091,234],[484,2091,108],[484,2298,379],[484,2298,246],[485,5,435],[485,1883,314],[485,2188,167],[485,2188,393],[486,775,450],[486,1621,118],[486,1621,328],[487,654,292],[488,3366,214],[489,2322,131],[489,3320,1],[491,1952,164],[491,2720,267],[492,1540,157],[492,2048,110],[492,2048,59],[492,2327,72],[493,3447,209],[493,3481,494],[494,1894,500],[494,3408,324],[494,3408,354],[494,3408,430],[495,2773,7],[495,3085,427],[495,3085,86],[496,521,162],[496,521,1],[497,1660,381],[498,1815,21],[499,418,129],[499,418,366],[499,1348,187],[499,1348,266],[499,3058,451],[499,3058,284],[499,3058,292],[499,3058,86],[499,3058,319],[500,750,39],[500,1313,281],[500,2538,300],[500,2538,496]];

jitters = [20000,20000,10000,10000,100000,20000,10000,10000,100000,20000,100000,100000,20000,10000,10000,1000,100000,100000,20000,100000,20000,100000,20000,10000,2000,1000,10000,100000,10000,10000,20000,5000,20000,20000,10000,1000,10000,20000,20000,100000,20000,100000,10000,50000,20000,20000,20000,20000,20000,20000,20000,20000,20000,100000,20000,100000,10000,10000,10000,20000,20000,20000,100000,100000,10000,10000,20000,10000,100000,20000,10000,2000,100000,10000,100000,100000,100000,20000,100000,20000,10000,20000,100000,20000,100000,100000,1000,10000,10000,10000,20000,100000,20000,1000,10000,10000,50000,10000,5000,10000,20000,100000,100000,20000,50000,100000,20000,20000,20000,2000,50000,100000,10000,20000,10000,100000,10000,10000,20000,10000,10000,5000,10000,100000,10000,20000,1000,20000,100000,2000,20000,20000,100000,10000,100000,20000,20000,10000,1000,20000,20000,5000,10000,10000,20000,20000,20000,2000,20000,5000,100000,100000,100000,100000,100000,20000,20000,20000,10000,50000,50000,10000,10000,20000,50000,20000,100000,1000,10000,100000,50000,5000,20000,20000,10000,100000,20000,10000,10000,20000,10000,20000,10000,20000,10000,100000,20000,100000,2000,10000,10000,100000,1000,20000,5000,10000,20000,5000,10000,10000,20000,10000,20000,10000,10000,10000,100000,100000,20000,50000,20000,10000,20000,20000,100000,100000,10000,20000,100000,10000,10000,100000,100000,20000,100000,100000,10000,20000,20000,20000,5000,100000,100000,100000,20000,20000,20000,100000,20000,10000,20000,100000,20000,10000,50000,10000,20000,100000,100000,100000,10000,1000,20000,20000,10000,20000,100000,20000,10000,2000,100000,50000,10000,1000,20000,10000,20000,20000,10000,100000,2000,100000,1000,20000,10000,20000,10000,100000,100000,20000,5000,2000,10000,20000,10000,50000,100000,20000,20000,10000,10000,100000,10000,100000,20000,100000,20000,100000,20000,20000,5000,10000,20000,100000,20000,100000,100000,100000,10000,20000,1000,10000,10000,100000,20000,10000,10000,100000,50000,1000,10000,100000,100000,20000,50000,10000,10000,100000,5000,100000,2000,100000,100000,20000,20000,10000,2000,10000,10000,10000,100000,10000,100000,10000,100000,20000,50000,100000,20000,10000,100000,20000,50000,10000,50000,100000,100000,50000,10000,20000,100000,20000,10000,10000,20000,20000,100000,100000,10000,10000,10000,1000,20000,10000,20000,100000,100000,100000,10000,20000,100000,100000,10000,20000,10000,100000,100000,10000,100000,1000,20000,20000,50000,20000,100000,100000,100000,50000,20000,20000,20000,20000,100000,100000,10000,50000,10000,5000,20000,20000,10000,50000,10000,20000,10000,1000,100000,20000,100000,10000,50000,20000,20000,20000,20000,100000,10000,10000,100000,100000,100000,100000,20000,10000,100000,10000,20000,10000,20000,100000,20000,20000,10000,10000,20000,10000,100000,20000,50000,5000,100000,10000,20000,20000,10000,20000,20000,20000,1000,20000,10000,20000,100000,10000,100000,100000,10000,100000,10000,20000,10000,100000,100000,20000,10000,10000,50000,10000,20000,20000,20000,10000,20000,10000,10000,20000,20000,100000,100000,20000,20000,2000,10000,10000,100000,100000,50000,20000,20000,10000];

