NumChains = 50;
NumResources = 3;
NumRunnablesInChains = 243;
MemoryBoundOnResource = 1048576;
UtilizationBoundOnResource = 100;

numberOfTasksinChain = [7,9,7,9,7,7,7,7,7,7,11,11,11,11,7,11,7,11,7,11,9,9,7,9,11,7,11,9,9,9,9,7,11,7,9,9,9,11,11,7,7,7,7,9,9,7,11,11,9,7];

runnablesInChains = [47,356,492,94,186,352,51,153,215,183,453,172,473,462,262,111,32,377,475,201,79,284,26,473,235,449,463,244,303,298,410,486,398,115,426,350,401,291,423,132,26,4,131,108,481,88,255,204,92,263,358,120,489,424,150,3,168,15,159,474,217,272,485,445,2,353,72,464,292,231,302,264,175,370,300,40,194,300,483,369,251,95,421,144,26,439,60,194,363,381,411,492,409,99,436,10,195,181,388,166,396,106,303,182,203,78,329,63,271,105,297,366,273,211,188,75,349,208,334,51,7,165,360,66,204,499,352,252,215,372,342,361,185,147,268,401,243,291,29,104,307,87,52,93,405,82,221,235,437,279,67,341,141,222,30,277,38,435,488,19,81,100,1,65,265,311,106,197,285,241,440,292,42,330,408,48,312,230,260,46,326,385,436,289,42,460,414,73,12,415,61,35,226,83,133,337,174,245,46,180,234,241,359,174,89,6,112,483,476,159,21,395,490,323,396,431,32,407,59,167,128,495,493,248,73,154,121,439,39,106,37,38,373,303,161,102,143,192,382,290,366,25,225];

ProcessingTimesOfMessages = [[1,1,1,1,1,1,1,1,1,1,1,1,1],[1,1,1,1,1,1,1,1,1,1],[1,1,1,1,1],[1,1,1,1,1,1],[1,1,1,1,1,1,1],[1,1,1,1,1,1,1,1],[1,1,1,1,1,1,1,1],[1,1,1,1,1,2,1,1,1],[1,1,1,1,1,1,1,1,1,1,1,1],[1,1,1,1,1,1,1],[1,1,1,1,1,1,1,1,1,1],[1,1,1,1,1,1,1,1],[1,1,1,1,1,1,1,1],[1,1,1,1,1,1],[1,1,1,1,1,1,1,1,1],[1,1,1,1,1,1,1,1],[1,1,1,1,1],[1,1,1,1,1,1,1,1,1,1],[1,1,1,1,1,1,1,1,1,1],[1,1,1,1,1,1],[1,1,1,1,1,1,1,1],[1,1,1,1,1,1,1,1,1,1,1,1,1,1],[1,1,1,1,1,1,1,1,1],[1,1,1,1,1,1],[1,1,1,1,1,2,1,1],[1,1,1,1,1,1,1],[1,1,1,1,1,1,1,1,1],[1,1,1,1,1,1,1,1,1,1,1,1,1,1,1,1,1],[1,1,1,1,1,1,1],[1,1,1,1,1,1,1],[1,1,1,1],[1,1,1,1,1,1,1,1,1,1],[1,2,1,1,1,1,1,1,1,1],[1,1,1,1,1,1,1],[1,1,1,1,1,1],[1,1,1,1,1,1,1,1],[1,1,1,1,1],[1,1,1,1,1,1],[1,1,1,1,1,1,1,1],[1,1,1,1,1],[1,1,1,1,1,1],[1,1,1,1,1,1,1],[1,1,1,1,1,1,1,1],[1,1,1,1,1,1,1,1,1,1,1],[1,1,1,1,1,1,1,1],[1,1,1,1,1],[1,1,1,1,1,1],[1,1,1,1,1,1,1,1,1,1,1,1],[1,1,1,1,1,1],[1,1,1,1,1,1,1,1,1],[1,1,1,1,1,1],[1,1,1,1,1,1,1,1,1],[1,1,1,1],[1,1,1,1,1,1,1,1],[1,1,1,1,1,1,1,1,1],[1,1,1,1,1,1],[1,1,1,1,1,1,1],[1,1,1,1,1,1,1,1,1,1,1],[1,1,1,1,1,2,1,1],[1,1,1,1,1,1],[1,1,1,1,1,1,1],[1,1,1,1,1,1,1],[1,1,1,1,1,1,1,1,1,1],[1,1,2,1,1],[1,1,1,1,1,1,1],[1,1,1,1,1],[1,1,1,1,1,1,1,1,1,1,1],[1,1,1,1,2,1,1,1,1],[1,1,1,1,1,1],[1,1,1,1,1,1,1,1],[1,1,1,1,1,1,1,1,1,1,1],[1,1,1,1,1],[1,1,1,1,1],[1,1,1,1,1,1,1],[1,1,1,1,1,1],[1,1,1,1,1,1,1,1,1,1,1],[1,1,1,1,1,1,1,1,1],[1,1,1,1,1,1,1],[1,1,1,1,1,1,1,1,1],[1,1,1,1,1,1,1,1],[1,1,1,1,1],[1,1,1,1,1,1,1,1,1,1],[1,1,1,1,1,1,1,1],[1,1,1,1,1,1,1,1,1],[1,1,1,1,1,1,1,1],[1,1,1,1,1,1,1,1,1,1],[1,1,1,1,1,1,1,1],[1,1,1,1],[1,1,1,1,1,1,1,1,1,1,1,1],[1,1,1,1],[1,1,1,1],[1,1,1,1,1],[1,1],[1,1,1,1,1,1,1],[1,1,1,1,1,1,1,1,1],[1,1,1,1,1],[1,1,1,1,1,1],[1,1,1,1,1,1,1],[1,1,1,1,1,1,1,1,1,1],[1,1,1,1,1,1,1,1,1],[1,1,1,1,1,1,1,1],[1,1,1],[1,1,1,1,2,1,1,1],[1,1,1,1,1],[1,1,1,1,1,1,1,1],[1,1,1,1,1,1,1],[1,1,1,1],[1,1,1,1,1],[1,1,1,1,1,1],[1,1,1,1,1],[1,1,1,1,1,1],[1,1,1,1,1,1,1,1,1],[1,1,1,1,1,1,1,1,1,1],[1,1,1,1,1,1],[1,1],[1,1,1,1,1,1],[1,1,1,1,1,1],[1,1,1,1,1,1,1],[1],[1,1,1,1,1,1,1,1],[1,1,1,1],[1,1,1,1,1,1,1],[1,1,1,1,1,1,1],[1,1,1,1,1,1,1,1,1,1,1,1,1],[1,1,1,1,1,1,1,1,1],[1,1,1,1,1,1,1,1,1],[1,1,1,1],[1,1,1,1,1,1,1,1,1],[1,1,1,1,1,1,1,1,1,1],[1,1,1,1,1,1,1,1],[1,1,1,1,1,1],[1,1,1,1,1,1,1],[1,1,1,1,1,1,1],[1,1,1,1,1,1,1,1,1,1],[1,1,1,1,1,1,1,1],[1,1,1,1,1,1,1],[1,1,1,1,1,1,1,1,1,1,1,1],[1,1,1,1,1,1],[1,1,1],[1,1,1,1,1,1,1,1,1,1],[1,1,1,1,1,1,1],[2,2,1,1,1,1],[1,1,1,1],[1,1,1],[1,1,1,1,1,1,1,1,1,1,1,1,1,1,1],[1,1,1,1,1,1,1,1],[1,1,1,1],[1,1,1,1,1,1],[1,1,1,1,1,1],[1,1,1,1,1,1],[1,1,1,1,1,1,1,1,1],[1],[1,1,1,1,1],[1,1,1],[1,1,1,1,1,1,1],[1,1,1,1,1],[1,1,1,1,1,1,1,1,1,1],[1,1,1,1,1,1,1,1,1,1,1],[1,1,1,1,1,1,1,1],[1,1,1,1,1,1],[1,1,1,1,1,1,1,1,1,1,1],[1,1,1],[1,1,1,1],[1,1,1,1,1,1],[1,1,1,1],[1,1,1,1,1,1,1],[1,1,1,1,1,1,1],[1,1,1,1,1,1,1],[1,1],[1,1,1,1,1,1,1,1,1,1,1,1,1,1,1],[1,1,1,1,1,1,1,1,1],[1,1,1,1,1],[1,1,1,1,1,1,1,1],[1,1,1,1,1,1,1,1,1,1],[1,1,1,1,1],[1,1,1,1,1,1,1],[1,1],[1,1,1,1,1,1],[1,1,1,1,1],[1,1,1,1,1,2],[1,1,1,1],[1,1,1,1],[1,1,1,1,1],[1,1,1,1,1,1,1,1,1,1],[1,1,1,1,1,1,1,1],[1,1,1,1,1,1,1,1],[1,1,1,1,1],[1,1,1,1,1,1,1,1],[1,1,1,1,1,1],[1,1,1,1],[1,1,1,1],[1,1,1,1,1,1,1,1,1],[1,1,1,1,1,1,1,1],[1,1,1,1],[1,1,1,1,1,1],[1,1,1,1,1,1,1,1],[1,1,1,1,1,1,1],[1,1,1,1,1,1,1,1],[1,1,1,1,1,1,1,1,1,1,1,1],[1,1,1,1],[1,1,1,1,1,1,1],[1,1,1,1,1],[1,1,1,1],[1,1,1],[1,1,1,1,1,1],[1,1,1,1,1,1,1,1],[1,1,1,1,1,1,1,1,1,1,1,1,1],[1,1,1,1,1,1,1,1],[1,1,1,1],[1,1,1,1,1,1,1],[1,1,1,1,1],[1,1,1,1,1],[1,1,1,1,1,1,2],[1,1,1,1,1,1,1],[1,1,1,1,1],[1,1,1,1,1,1],[1,1,1,1,1,1,1],[1,2,1],[1,1,1,1,1],[1,1,1,1,1,1,1],[1,1,1,1,1,1,1,1,1,1,1,1,1],[1,1,1,1,1,1,1,1],[1,1,1,1,1,1,1],[1,1,1,1],[1,1,1],[1,1,1,1,1,1],[1,1,1,1,1],[1,1,1,1,1,1,1,1],[1,1,1,1,1,1,1,1],[1,1,1,1,1,1],[1,1,1,1],[1,1,1,1,1,1,1],[1,1,1,1,1,1],[1,1,1,1,1],[1,1,1,1],[1,1,1],[1],[1,1,1,1,1,1,1],[1,1,1,1,1],[1,1,1,1,1,1],[1,1,1,1,1,1,1],[1,1,1,1,1,1,1,1],[1,1,1],[1,1,1,1,1,1],[1,1,1,1,1,1,2],[1,1,1],[1,1],[1,1,1,1],[1,1,1,1,1,1,1,1],[1,1,1,1,1],[1,1,1,1,1,1],[1,1,1],[1,1,1,1,1,1,1,1],[1,1,1,1,1],[1,1,1],[1,1,1,1,1,1,1],[1,1,1,1],[1,1,1],[1],[1,1,1,1,1],[1,1,1,1,1,1],[1,1,1,1],[1,1,1,1],[1,1,1,1,1],[1,1,1],[1,1,1,1,1],[1,1,1],[1,1,1,1,1,1,1,1],[1,1,1,1,1,1],[1,1,1,1,1],[1,1],[1,1,1,1],[1,2],[1,1,1,1,1,1,1,1,1,1,1,1],[1,1],[1,1,1,1,1,1,1,1],[1,1,1,1,1],[1,1,1,1],[1,1,1],[1,1,1,1,1,1,1],[1,1,1,1],[1,1,1,1,1,1],[1,1],[1,1,1,1,1,1],[1,1,1,1,1,1,1],[1,1,1,1,1,1,1],[1,1,1,1,1,1,1,1],[1,1,1,1,1],[1,1,1,1,1,1],[1,1,1,1],[1,1],[1,1,1,1,1],[1,1,1,1,1],[1,1,1,1,1,1,1,1],[1,1,1],[1,1,1,1,1,1,1,1],[1,1,1],[1,1,1],[1,1,1,1,1,1],[1,1,1,1,1,1],[1,1],[1,1,2,1,1],[1,1,1,1],[1,1,1,1,1,1,1],[1,1,1,1,1,1,1,1,1],[1,1,1,1,1,1,1,1],[1,1,1,1,1,1],[1],[1,1,1,1,1,1,1,1,1],[1,1,1,1,1,1,1],[1,1,1,1,1],[1,1,1,1,1,1,1],[1,1,1,1,1,1,1,1],[1,1,1,1,1,1],[1,1,1,1,1,1,1,1],[1,1,1],[1,1,1,1,1,1,1,1,1],[1],[1,1,1,1],[1,1,1,1,1,1,1,1],[1,1,1,1,1,1,1,1,1],[1,1,1,1],[1,1,1,1,1,1,1,1],[1,1,1,1,2],[1,1,1,1,1,1,1,1,1],[1,1],[1,1],[1,1,1,1,1,1,1,1],[1,1,1,1,1,1],[1,1,1,1,1,1,1,1],[1,1,1,1,1,1,1],[1,1,1,1,1],[1,1,1,1,1,1],[1,1,1,1,1,1,1],[1,1],[1,1,1,1,1,1],[1,1,1,1,1],[1,1,1,1,1],[1,1,1,1,1,1,1],[1],[1,1,1,1,1,1],[1,1],[1,1,1,1,1,1],[1,1,1,1,1],[1,1,1,1,1],[1,1,1,1,1,1,1],[1,1,1,1,1,1,1,1,1,1,1],[1,1,1,1],[1,1,1,1,1,1,1,1,1,1],[1,1,1,1,1],[1,1,1],[1,1,1,2],[1],[1,1,1,1,1,1],[],[1,1,1,1,1,1,1],[1,1],[1,1,1,1],[1,1,1],[1,1,1,1],[1,1,1,1],[1],[1,1,1,1,1,1,1],[1,1,1,1,1,1],[1,1,1,1,1,1,1,1],[1,1,1,1],[1,1,1],[1,1,1,1],[1,1,1,1,1,1,1,1],[1,1,1,1,1,1],[1,1,1,1,1,1,1,1,1],[1,1,1,1,1,1,1],[1,1],[1,1],[1,2,1,1],[1,1,1],[1,1,1,1,1,1,1,1,1],[1,1,1,1,1,1,1,1],[1,1,1],[1,1,1,1,1,1],[1,1,1,1],[1,1,1],[1,1,1,1,1],[1],[1,1,1,1,1],[1,1,1,1,1,1,1,1,1],[1,1,1,1],[1,1,1,1,1],[1,1,1,1,1,1,1,1],[1,1,1,1,1,1,1,1,1,1],[1,1,1,1,1,1],[1,1,1,1,1,1],[1,1,1,1,1,1,1],[1,1,1,1,1],[1,1,1],[1,1,1,1,1],[1,1,1,1,1,1,1,1],[1,1,1,1,1,1,2,1],[1,1,1,1],[1],[1,1,1],[1,1,1],[1,1,1,1],[1,1,1,1],[1,1,2,1],[1,1,1,1],[],[1],[1,1,1,1,1],[1],[1,1,1,1],[1,1],[1,1,1],[1,1,1],[1,1,1],[],[1,1,1,1,1,1],[1,1,1,1,1],[1],[1,1,1,1,1,1],[1,1,1,1],[1,1,1,1],[1,1,1,1],[1,1,1,1],[1,1],[1,1,1,1,1,1,1],[1,1,1],[1,1,1],[1,1,1,1,1],[1,1],[1,1,1,1,1],[1,1,2,2],[1,1],[1,1,1,1,1,1],[1,1,1,1,1],[1,1,1,1],[1,1],[1,1,1],[1,1,1,1],[1,1,1],[1,1,1],[1],[1,1,1,1,1,1,1,1],[1,1,1],[1,1,1,1],[1,1],[1],[1,1,1,1,1,1,1,1],[1,1],[1],[],[1,1,1,1,1,1,1,1,1],[1,1],[],[1,1,1,1,1,1],[1,1,1,1,1],[1,1],[1,1,1],[1,1,1,1,1,1,1],[1],[1,1,1,1,1,1,1,1],[1,1,1,1],[1,1],[1,1],[],[1,1,1,1],[1],[1,1,1],[],[],[1,1,1,1,1,1,1,1],[1,1],[1],[1],[1,1,1,1],[1,1,1,1,1],[1,1,1,1,1,1,1],[1,1,1],[1,1,1,1,1],[1,1],[1,1],[],[1],[1,1],[1,1,1],[1],[1,1,1],[1,1,1],[1,1,1],[1,1],[1,1],[1,1,1,1,1,1,1],[1,1,1,1,1,1],[1,1],[1,1,1,1],[1,1,1,1,1],[1],[1,1,1],[1,1,1,1,1],[1,1,1,1,1]];

processingTimesRunnables = [16,8,9,13,12,5,12,12,9,7,13,11,9,12,7,14,5,13,16,13,16,12,11,13,11,9,11,9,6,12,16,10,11,8,16,9,15,13,12,12,7,13,14,10,6,10,13,13,11,12,9,11,13,11,10,11,11,12,11,13,11,11,9,8,12,16,13,11,11,14,11,9,13,7,14,11,16,11,16,11,16,5,13,12,10,9,11,5,12,11,13,11,7,8,9,12,8,10,10,12,7,13,5,5,5,15,6,13,11,11,5,10,15,10,13,13,13,10,10,8,11,13,13,9,13,7,10,11,7,14,13,7,13,13,6,13,14,11,11,16,12,12,10,10,12,6,12,17,13,16,4,14,15,7,13,6,12,11,14,15,10,12,15,15,12,13,13,6,12,7,11,13,16,13,11,6,17,10,12,14,12,11,14,7,13,13,9,10,5,8,6,5,12,10,16,9,10,5,16,6,6,10,4,13,11,7,8,11,8,12,16,11,9,13,16,5,11,9,11,10,6,11,10,13,15,7,16,12,13,12,16,13,5,11,13,11,8,13,10,12,10,13,12,10,14,12,13,13,13,9,10,13,5,5,10,10,8,13,6,9,11,10,16,11,5,14,14,10,7,12,4,7,13,11,11,12,12,12,12,10,16,8,6,13,11,9,7,10,16,13,14,16,8,9,9,9,13,10,17,11,10,13,12,12,5,11,6,12,9,13,13,13,15,13,14,12,9,10,12,7,14,5,10,9,11,12,13,6,15,6,7,13,16,12,11,16,12,12,17,13,10,6,16,13,13,13,7,13,10,14,14,13,11,12,10,5,12,10,12,14,13,10,5,13,8,12,12,9,11,12,13,11,5,5,8,6,8,15,11,6,13,17,14,10,8,11,13,12,6,7,10,12,16,7,16,9,6,15,12,13,11,12,12,8,11,13,12,14,9,7,15,10,11,10,7,13,14,6,7,11,11,12,13,12,16,12,13,5,13,9,14,7,12,9,10,16,14,16,14,11,16,12,13,8,14,10,13,10,14,13,8,12,7,11,13,12,7,11,10,12,9,11,16,5,12,16,14,14,10,9,5,9,5,14,8,8,11,7,10,13,11,7,5,8,16,6,12,8,14,9,15,10,12,13,11,16,9,10,8,7];

periods = [100000,20000,1000,20000,20000,100000,50000,10000,10000,10000,100000,20000,10000,20000,1000,20000,20000,20000,100000,100000,1000,100000,50000,100000,5000,20000,20000,10000,10000,10000,10000,2000,5000,20000,20000,10000,100000,100000,100000,100000,100000,10000,10000,100000,100000,100000,10000,100000,10000,100000,50000,10000,20000,100000,100000,20000,100000,100000,10000,100000,20000,10000,10000,20000,100000,10000,20000,10000,20000,10000,100000,10000,20000,100000,50000,10000,10000,100000,100000,50000,100000,10000,10000,1000,2000,10000,10000,10000,100000,20000,10000,10000,10000,10000,20000,100000,20000,20000,10000,100000,20000,20000,20000,10000,10000,100000,20000,10000,10000,10000,2000,100000,20000,100000,20000,100000,10000,20000,10000,10000,20000,10000,100000,100000,1000,20000,100000,10000,10000,10000,10000,20000,10000,10000,100000,20000,10000,100000,100000,20000,10000,100000,20000,20000,20000,50000,10000,10000,10000,1000,100000,10000,50000,20000,10000,10000,20000,20000,1000,100000,20000,20000,10000,100000,10000,2000,10000,1000,1000,20000,10000,20000,10000,100000,100000,10000,10000,100000,10000,100000,2000,100000,20000,20000,10000,50000,100000,5000,10000,20000,20000,20000,20000,100000,2000,100000,100000,20000,100000,10000,100000,20000,100000,10000,100000,20000,20000,50000,20000,10000,5000,20000,20000,10000,50000,10000,20000,100000,20000,100000,20000,10000,20000,20000,5000,10000,100000,10000,100000,100000,10000,100000,20000,100000,20000,10000,100000,20000,10000,100000,100000,10000,10000,100000,100000,10000,100000,20000,50000,10000,20000,50000,50000,100000,10000,20000,10000,10000,20000,100000,10000,2000,10000,100000,100000,20000,100000,10000,10000,20000,10000,20000,5000,20000,50000,100000,100000,100000,20000,20000,20000,20000,20000,100000,100000,10000,10000,10000,10000,5000,10000,10000,20000,20000,20000,20000,5000,100000,20000,100000,20000,100000,100000,20000,20000,20000,10000,100000,50000,20000,100000,100000,100000,20000,20000,100000,10000,100000,10000,50000,20000,20000,2000,10000,20000,10000,10000,10000,10000,10000,100000,1000,10000,50000,10000,10000,10000,100000,100000,10000,10000,50000,2000,10000,100000,1000,10000,100000,50000,10000,100000,50000,20000,20000,1000,10000,20000,10000,100000,10000,10000,10000,100000,100000,100000,5000,20000,10000,100000,100000,10000,50000,100000,10000,20000,2000,2000,10000,20000,20000,100000,20000,10000,100000,10000,10000,10000,2000,20000,100000,1000,10000,20000,20000,1000,2000,10000,20000,20000,10000,10000,20000,10000,20000,10000,100000,2000,10000,10000,20000,10000,100000,10000,20000,20000,100000,20000,20000,2000,20000,20000,100000,20000,10000,100000,10000,10000,100000,10000,10000,2000,20000,20000,100000,100000,10000,20000,10000,20000,10000,100000,50000,100000,20000,20000,100000,100000,100000,20000,10000,100000,20000,20000,20000,100000,20000,100000,20000,1000,10000,100000,2000,100000,10000,20000,50000,20000,20000,10000,20000,20000,10000,20000,1000,100000,1000,20000,100000,20000,20000,10000,50000,100000,20000,20000,20000,20000,100000,10000,1000,20000,10000,20000,20000,10000,100000,100000,100000,50000,100000];

communicationTimeForOrderCriticalMessages = [1,1,1,1,1,1,1,1,1,1,1,1,1,1,1,1,1,1,1,1,1,1,1,1,1,2,1,1,1,1,1,1,1,1,1,1,1,1,1,1,1,1,1,1,1,1,1,1,1,1,1,1,1,1,1,1,1,1,1,1,1,1,1,1,1,1,1,1,1,1,1,1,1,1,1,1,1,1,1,1,1,1,1,1,1,1,1,1,1,1,1,1,1,1,1,1,1,1,1,1,1,1,1,1,1,1,1,1,1,1,1,1,1,1,1,1,1,1,1,1,1,1,1,1,1,1,1,1,1,1,1,1,1,1,1,1,1,1,1,1,1,1,1,1,1,1,1,1,1,1,1,1,1,1,1,1,1,1,1,1,1,1,1,1,1,1,1,1,1,1,1,1,1,1,1,1,1,1,1,1,1,1,1,1,1,1,1,1,1,1,1,1,1];

sizeOfRunnables = [1563,798,820,1275,1118,475,1108,1150,813,603,1258,1010,873,1200,613,1305,468,1270,1518,1230,1568,1148,1040,1225,1030,830,1075,855,585,1188,1523,955,1090,798,1573,880,1430,1210,1125,1163,603,1268,1305,993,513,933,1285,1268,1083,1148,803,1080,1253,1030,990,1038,1080,1185,1058,1230,1043,1013,835,790,1170,1555,1283,1058,1035,1388,1075,835,1300,685,1360,1058,1595,1058,1588,1065,1563,453,1253,1165,910,865,1058,450,1110,1083,1233,1020,638,713,810,1108,743,923,953,1158,675,1210,490,415,458,1433,580,1238,1038,1035,495,963,1438,998,1253,1270,1293,905,975,708,1080,1218,1225,833,1223,678,948,1045,638,1333,1293,653,1263,1270,533,1245,1393,1040,1060,1600,1165,1120,948,978,1185,570,1180,1610,1215,1560,378,1373,1443,633,1240,510,1198,1053,1393,1433,985,1165,1495,1425,1200,1205,1285,550,1120,603,1083,1285,1550,1255,1088,580,1620,953,1170,1323,1163,1050,1335,645,1240,1225,863,948,423,788,565,498,1113,953,1528,803,970,468,1540,535,580,945,398,1248,1080,673,758,1068,733,1120,1528,1098,850,1298,1523,483,1038,895,1035,928,535,1083,963,1210,1443,640,1588,1200,1300,1143,1560,1270,413,1098,1258,1053,750,1253,918,1150,970,1290,1118,970,1305,1150,1230,1248,1275,815,993,1210,423,475,983,908,798,1298,528,815,1028,975,1600,1020,465,1335,1313,938,633,1163,398,650,1300,1075,1080,1170,1148,1103,1118,930,1518,708,573,1263,1075,873,690,945,1568,1293,1335,1540,710,833,833,873,1210,925,1610,1058,975,1203,1128,1110,458,1065,555,1118,848,1215,1280,1205,1443,1210,1355,1135,880,998,1193,618,1365,483,960,885,1073,1178,1255,535,1495,548,683,1215,1540,1143,1085,1530,1140,1103,1615,1298,1000,555,1560,1255,1268,1300,645,1245,950,1398,1333,1263,1008,1118,940,465,1125,1000,1148,1305,1203,970,435,1218,705,1140,1148,815,1020,1118,1268,1028,408,478,765,510,713,1463,1050,550,1263,1610,1318,970,775,1050,1233,1120,575,660,960,1160,1528,633,1555,810,573,1448,1183,1263,1060,1105,1150,728,1008,1203,1118,1313,878,700,1443,985,1083,918,608,1293,1368,595,678,1008,1043,1140,1215,1138,1595,1113,1248,495,1248,820,1318,625,1110,818,1000,1503,1323,1550,1305,1043,1560,1193,1233,735,1393,963,1215,968,1308,1255,710,1163,613,1045,1208,1178,645,1053,945,1148,845,1058,1503,435,1193,1595,1400,1318,960,803,483,825,468,1313,773,768,1008,678,938,1263,1060,650,430,728,1528,555,1185,760,1333,825,1405,940,1135,1260,1083,1550,803,988,760,638];

SenderLabelReceiverOrderCriticalChains = [[47,2588,0,0,356],[356,1431,0,0,492],[492,1280,0,0,94],[186,2075,0,0,352],[352,2870,3529,0,51],[51,3377,0,0,153],[153,1157,0,0,215],[183,1498,0,0,453],[453,1125,0,0,172],[172,3044,0,0,473],[462,692,3346,0,262],[262,2244,0,0,111],[111,2284,0,0,32],[32,3216,0,0,377],[475,1971,0,0,201],[201,881,0,0,79],[79,447,0,0,284],[26,1159,0,0,473],[473,1778,0,0,235],[235,3695,0,0,449],[463,2374,0,0,244],[244,993,0,0,303],[303,3034,0,0,298],[410,2194,0,0,486],[486,1442,0,0,398],[398,2123,0,0,115],[426,3955,0,0,350],[350,1740,0,0,401],[401,2509,0,0,291],[423,672,0,0,132],[132,290,0,0,26],[26,2391,0,0,4],[131,828,0,0,108],[108,1175,0,0,481],[481,1398,0,0,88],[88,3770,0,0,255],[255,378,0,0,204],[92,2728,0,0,263],[263,1832,0,0,358],[358,2855,0,0,120],[120,488,0,0,489],[489,2526,0,0,424],[150,739,0,0,3],[3,1291,0,0,168],[168,3604,0,0,15],[15,385,0,0,159],[159,909,0,0,474],[217,2079,0,0,272],[272,361,0,0,485],[485,1151,0,0,445],[445,2567,0,0,2],[2,2830,0,0,353],[72,1945,0,0,464],[464,2648,0,0,292],[292,62,0,0,231],[302,1777,0,0,264],[264,3469,0,0,175],[175,1924,0,0,370],[370,995,0,0,300],[300,1079,0,0,40],[194,2286,0,0,300],[300,726,0,0,483],[483,2255,0,0,369],[251,3308,0,0,95],[95,2317,0,0,421],[421,191,0,0,144],[144,213,0,0,26],[26,1898,0,0,439],[60,2792,0,0,194],[194,737,0,0,363],[363,544,0,0,381],[411,3861,0,0,492],[492,2966,0,0,409],[409,2402,0,0,99],[99,2295,0,0,436],[436,60,3078,0,10],[195,462,0,0,181],[181,1114,0,0,388],[388,89,3394,0,166],[166,61,0,0,396],[106,2484,0,0,303],[303,2807,0,0,182],[182,2052,0,0,203],[203,394,3887,0,78],[329,3847,0,0,63],[63,856,0,0,271],[271,258,0,0,105],[297,860,0,0,366],[366,2657,0,0,273],[273,3832,0,0,211],[211,3843,0,0,188],[75,2505,0,0,349],[349,96,0,0,208],[208,509,2450,0,334],[334,2245,0,0,51],[51,872,0,0,7],[165,3775,0,0,360],[360,1128,0,0,66],[66,262,741,0,204],[499,3942,0,0,352],[352,3554,0,0,252],[252,3440,0,0,215],[215,2894,0,0,372],[372,1207,0,0,342],[361,530,0,0,185],[185,1934,0,0,147],[147,1108,0,0,268],[268,2496,0,0,401],[243,2861,0,0,291],[291,2963,0,0,29],[29,911,0,0,104],[104,2514,0,0,307],[87,2470,0,0,52],[52,2234,0,0,93],[93,1976,0,0,405],[405,3965,0,0,82],[221,1373,0,0,235],[235,2546,0,0,437],[437,2310,0,0,279],[279,1383,0,0,67],[341,837,0,0,141],[141,1026,0,0,222],[222,534,0,0,30],[277,3570,0,0,38],[38,3706,0,0,435],[435,2561,0,0,488],[488,2336,0,0,19],[19,2872,0,0,81],[100,3292,0,0,1],[1,2872,0,0,65],[65,3353,0,0,265],[311,1003,0,0,106],[106,624,0,0,197],[197,2197,0,0,285],[285,2162,0,0,241],[440,2573,0,0,292],[292,2398,0,0,42],[42,1497,0,0,330],[330,548,0,0,408],[48,699,0,0,312],[312,2035,0,0,230],[230,969,0,0,260],[260,2111,0,0,46],[326,3450,0,0,385],[385,60,2615,0,436],[436,60,0,0,289],[289,2,0,0,42],[42,2158,0,0,460],[414,1356,0,0,73],[73,3737,0,0,12],[12,975,0,0,415],[415,30,0,0,61],[61,1332,0,0,35],[226,533,0,0,83],[83,1672,0,0,133],[133,2508,0,0,337],[174,2649,0,0,245],[245,2176,0,0,46],[46,1181,0,0,180],[234,227,0,0,241],[241,3383,0,0,359],[359,1804,0,0,174],[89,416,0,0,6],[6,186,0,0,112],[112,2086,0,0,483],[476,2401,0,0,159],[159,224,0,0,21],[21,3162,0,0,395],[395,3109,0,0,490],[323,2965,0,0,396],[396,206,0,0,431],[431,1215,2326,0,32],[32,1647,0,0,407],[59,512,0,0,167],[167,1326,0,0,128],[128,1683,0,0,495],[493,3136,0,0,248],[248,3000,0,0,73],[73,2278,0,0,154],[154,1917,0,0,121],[121,2206,0,0,439],[39,351,0,0,106],[106,488,0,0,37],[37,309,2049,0,38],[38,3893,0,0,373],[373,3018,0,0,303],[161,2071,0,0,102],[102,2174,0,0,143],[143,1687,0,0,192],[192,2696,0,0,382],[290,3756,0,0,366],[366,2121,0,0,25],[25,1471,0,0,225]];

SenderLabelReceiverNonOrderCriticalChains = [[1,289,268],[1,602,71],[1,1431,265],[1,1431,492],[1,1431,6],[1,1563,281],[1,1563,416],[1,1563,476],[1,2872,81],[1,2872,281],[1,2872,235],[1,2872,65],[1,3867,136],[2,1428,279],[2,1428,375],[2,1536,465],[2,1536,480],[2,1536,357],[2,2179,4],[2,2830,353],[2,2830,298],[2,3254,486],[2,3370,132],[3,465,15],[3,724,368],[3,1291,168],[3,1291,287],[3,1495,378],[4,54,5],[4,514,295],[4,930,362],[4,2608,400],[4,3422,215],[4,3422,422],[5,259,415],[5,645,301],[5,645,339],[5,1018,12],[5,2115,463],[5,3094,315],[5,3166,259],[6,186,112],[6,484,12],[6,484,209],[6,959,110],[6,2428,43],[6,2615,417],[6,2615,436],[6,2732,435],[7,15,371],[7,240,482],[7,791,252],[7,1003,275],[7,1003,106],[7,2277,23],[7,2277,182],[7,3972,309],[8,170,13],[8,170,468],[8,437,68],[8,437,157],[8,745,444],[8,804,191],[8,1973,436],[8,3290,9],[8,3456,258],[9,118,151],[9,118,258],[9,641,289],[9,1332,347],[9,1332,35],[9,1332,458],[9,1476,408],[9,1476,387],[9,1865,11],[9,2962,10],[9,3042,155],[9,3042,212],[10,60,263],[10,60,385],[10,60,289],[10,536,163],[10,820,47],[10,3025,50],[10,3025,150],[11,663,457],[11,886,37],[11,1497,205],[11,1497,330],[11,2001,115],[11,2001,435],[11,2975,74],[11,2975,137],[11,3478,425],[11,3685,218],[12,764,374],[12,975,415],[12,1739,14],[12,1739,290],[12,1739,340],[12,2761,7],[12,3350,277],[12,3350,154],[13,511,363],[13,1745,259],[13,2561,488],[13,2561,83],[13,2561,234],[13,2918,243],[13,3538,179],[13,3774,29],[14,117,17],[14,2919,169],[14,2934,246],[14,3372,408],[14,3813,95],[14,3813,271],[15,385,31],[15,385,407],[15,385,159],[15,837,141],[15,837,355],[15,1582,21],[15,1582,53],[15,2277,23],[15,2277,182],[16,164,415],[16,733,121],[16,880,38],[16,2447,152],[16,2447,444],[16,2931,118],[16,3349,412],[16,3349,217],[17,515,80],[17,515,18],[17,2415,424],[17,3855,103],[17,3855,310],[18,14,473],[18,14,413],[18,177,53],[18,423,219],[18,423,304],[18,1906,172],[18,2260,464],[18,2260,341],[18,2265,94],[18,3095,410],[19,1247,301],[19,1247,442],[19,2144,30],[19,2144,284],[19,2488,165],[19,2872,81],[19,2872,281],[19,2872,235],[19,2872,65],[19,3814,20],[20,843,22],[20,948,336],[20,2784,240],[20,2784,305],[20,2854,416],[20,2854,169],[21,479,84],[21,479,244],[21,1034,332],[21,1260,84],[21,2396,324],[21,2396,448],[21,3162,395],[21,3716,332],[22,26,267],[22,191,97],[22,191,144],[22,191,235],[22,191,256],[22,1647,473],[22,1647,37],[22,1647,407],[22,2356,257],[22,3165,34],[22,3165,461],[22,3165,279],[22,3573,351],[22,3712,332],[23,1006,75],[23,1006,76],[23,1172,442],[23,1172,203],[23,2936,109],[23,2936,75],[23,3129,249],[23,3350,277],[23,3350,154],[24,1083,54],[24,1844,318],[24,2444,40],[24,2524,278],[24,3700,100],[24,3700,239],[25,1373,235],[25,1373,297],[25,1471,347],[25,1471,225],[25,1471,232],[25,3024,211],[25,3714,297],[25,3819,33],[26,134,418],[26,1159,473],[26,1269,56],[26,1898,451],[26,1898,439],[26,1898,226],[26,2391,4],[27,365,212],[27,767,190],[27,1410,172],[27,1410,72],[27,1940,234],[27,2337,386],[27,2337,53],[27,3321,219],[27,3829,250],[28,166,435],[28,166,76],[28,425,70],[28,425,344],[28,1563,281],[28,1563,416],[28,1563,476],[28,1828,171],[28,1828,481],[28,1828,493],[28,1868,262],[28,1868,409],[28,1868,469],[28,1868,177],[28,2470,110],[28,2470,52],[28,2887,29],[29,661,248],[29,911,486],[29,911,104],[29,1479,30],[29,1731,47],[29,2230,403],[29,2230,96],[30,732,211],[30,1158,252],[30,1158,24],[30,1158,267],[30,2347,47],[30,3698,144],[30,3698,326],[31,2229,362],[31,3198,430],[31,3333,185],[31,3649,119],[32,1215,431],[32,1215,91],[32,1647,473],[32,1647,37],[32,1647,407],[32,2462,465],[32,3177,253],[32,3177,163],[32,3177,85],[32,3216,377],[33,329,225],[33,397,396],[33,1293,273],[33,1293,308],[33,1293,444],[33,1857,273],[33,1857,35],[33,2618,188],[33,3926,147],[33,3926,297],[34,1898,451],[34,1898,439],[34,1898,226],[34,1920,3],[34,2925,353],[34,3392,213],[34,3392,184],[35,840,321],[35,1772,40],[35,2114,115],[35,3170,49],[35,3569,361],[35,3569,53],[36,1714,61],[36,1717,358],[36,1880,130],[36,1943,43],[36,2027,59],[36,3009,243],[36,3009,492],[36,3890,108],[37,309,41],[37,309,38],[37,1682,237],[37,1830,403],[37,2049,38],[38,82,187],[38,416,6],[38,416,40],[38,3706,435],[38,3893,373],[38,3893,136],[39,351,106],[39,360,102],[39,360,44],[39,360,494],[39,735,373],[39,796,322],[39,1523,58],[39,3112,194],[40,161,65],[40,708,488],[40,892,41],[40,2158,272],[40,2158,460],[41,463,50],[41,1441,345],[41,1790,16],[41,2127,401],[41,2127,381],[41,2425,96],[42,1336,52],[42,1497,205],[42,1497,330],[42,2158,272],[42,2158,460],[42,2198,497],[42,3214,61],[43,376,47],[43,376,407],[43,376,402],[43,823,226],[43,1199,422],[43,1199,263],[43,1325,142],[43,2640,120],[44,222,169],[44,222,247],[44,979,45],[44,979,234],[44,979,335],[44,1163,181],[44,2230,403],[44,2230,96],[44,3308,408],[44,3308,95],[44,3776,182],[45,1600,204],[45,1793,142],[45,2565,91],[45,2724,175],[45,3028,433],[45,3028,336],[45,3217,314],[45,3217,139],[46,484,12],[46,484,209],[46,1181,180],[46,3691,57],[46,3888,114],[47,785,327],[47,2588,301],[47,2588,356],[47,2590,289],[47,2590,486],[47,2681,49],[48,435,178],[48,435,477],[48,441,83],[48,699,312],[48,849,142],[48,1470,144],[48,3079,237],[48,3134,54],[48,3134,295],[48,3134,127],[48,3422,215],[48,3422,422],[49,1900,360],[49,1900,117],[49,1993,92],[49,2403,355],[49,2538,165],[49,3545,228],[50,846,51],[50,846,236],[50,2076,451],[50,2076,407],[50,2084,451],[50,2738,251],[50,2738,422],[50,2738,318],[50,3618,472],[51,436,75],[51,872,442],[51,872,7],[51,1469,252],[51,3377,153],[51,3529,352],[52,1215,431],[52,1215,91],[52,1719,201],[52,1739,14],[52,1739,290],[52,1739,340],[52,2135,179],[52,2234,93],[52,3632,435],[53,248,458],[53,261,305],[53,261,367],[53,568,103],[54,1507,74],[54,1507,376],[54,2645,88],[54,2645,357],[54,2841,406],[54,3147,187],[54,3555,148],[54,3555,414],[55,392,359],[55,392,224],[55,2337,386],[55,2337,53],[55,2352,57],[55,2352,478],[55,3452,361],[55,3452,498],[55,3485,277],[56,69,152],[56,1085,115],[56,1697,67],[56,3027,310],[56,3223,219],[56,3727,484],[57,1289,186],[57,1512,78],[57,2838,98],[57,2838,384],[57,2910,105],[57,3610,499],[57,3610,152],[58,118,151],[58,118,258],[58,1154,457],[58,2203,410],[58,2203,104],[58,2933,107],[58,2933,406],[58,2973,184],[58,2973,187],[58,3130,60],[58,3999,81],[59,512,4],[59,512,167],[59,638,189],[59,1967,17],[59,1967,128],[59,2275,97],[59,2690,168],[59,3381,397],[60,1025,218],[60,1557,112],[60,2463,425],[60,2792,157],[60,2792,152],[60,2792,194],[61,242,272],[61,620,73],[61,990,349],[61,1332,347],[61,1332,35],[61,1332,458],[61,3582,402],[62,3,72],[62,608,454],[62,1861,499],[62,2132,341],[62,3026,218],[62,3405,329],[62,3779,216],[63,856,271],[63,907,249],[63,907,368],[63,2086,483],[63,2086,340],[63,2086,239],[63,2185,72],[63,3280,405],[63,3280,458],[63,3745,110],[64,200,13],[64,783,353],[64,3021,286],[64,3025,50],[64,3025,150],[65,185,179],[65,1439,278],[65,1582,21],[65,1582,53],[65,2091,277],[65,2862,112],[65,3353,265],[66,262,204],[66,741,204],[66,907,249],[66,907,368],[66,1716,68],[67,1097,455],[67,1749,414],[67,1749,139],[67,2792,157],[67,2792,152],[67,2792,194],[67,3513,283],[67,3513,107],[67,3855,103],[67,3855,310],[67,3898,323],[68,618,177],[68,1410,172],[68,1410,72],[68,2285,34],[68,2440,171],[68,2687,57],[68,3674,355],[68,3674,142],[68,3674,474],[69,909,474],[69,909,293],[69,1676,283],[69,1962,134],[69,1962,224],[69,3765,140],[70,473,491],[70,473,5],[70,541,173],[70,1395,307],[70,2476,72],[70,2651,400],[70,3227,93],[70,3762,152],[71,342,360],[71,342,441],[71,342,436],[71,2068,116],[71,2138,359],[71,2138,482],[71,2603,316],[71,2849,115],[71,3173,359],[71,3173,26],[71,3215,79],[72,17,88],[72,1313,283],[72,1313,139],[72,1313,479],[72,1945,464],[73,263,90],[73,1339,224],[73,2278,154],[73,3737,271],[73,3737,12],[74,1740,401],[74,1740,399],[74,1776,331],[74,1776,230],[74,2927,174],[74,3639,78],[74,3921,298],[75,1132,45],[75,1132,434],[75,1836,153],[75,2099,130],[75,2505,349],[75,3778,25],[76,63,242],[76,157,179],[76,157,447],[76,191,97],[76,191,144],[76,191,235],[76,191,256],[76,1020,407],[76,1692,414],[76,3695,449],[76,3695,178],[77,1520,259],[77,1520,354],[77,2133,119],[77,2263,247],[77,2263,312],[77,2263,429],[77,2263,337],[77,2417,335],[77,3731,383],[78,1006,75],[78,1006,76],[78,2957,127],[78,3875,379],[78,3887,273],[78,3887,412],[78,3887,203],[79,447,284],[79,2396,324],[79,2396,448],[79,3005,344],[79,3005,369],[79,3005,481],[79,3878,370],[79,3878,244],[79,3878,441],[80,1634,340],[80,1634,79],[80,1751,442],[80,2656,153],[80,2697,375],[80,3109,490],[80,3109,146],[80,3132,401],[81,403,278],[81,2683,252],[81,2908,201],[81,3122,348],[81,3122,496],[82,555,245],[82,555,133],[82,1791,180],[82,2586,20],[82,2586,131],[82,2901,201],[82,2901,64],[82,3048,340],[82,3452,361],[82,3452,498],[83,280,129],[83,1672,138],[83,1672,133],[83,3022,164],[83,3022,236],[83,3022,488],[83,3347,93],[83,3647,167],[84,1103,474],[84,1402,169],[84,2729,411],[84,3674,355],[84,3674,142],[84,3674,474],[84,3942,352],[84,3942,355],[84,3985,329],[85,567,181],[85,567,343],[85,1045,294],[85,1045,152],[85,2076,451],[85,2076,407],[85,2300,419],[85,2466,407],[86,634,163],[86,889,376],[86,1052,50],[86,1675,340],[86,2872,81],[86,2872,281],[86,2872,235],[86,2872,65],[86,3698,144],[86,3698,326],[87,1144,94],[87,1891,23],[87,2154,317],[87,2470,110],[87,2470,52],[87,2633,200],[87,3013,459],[87,3662,368],[88,95,261],[88,851,366],[88,851,435],[88,3770,255],[89,340,383],[89,416,6],[89,416,40],[89,1280,246],[89,1280,94],[89,1280,202],[89,1280,190],[89,1451,64],[89,1493,373],[89,1493,225],[89,3236,232],[89,3715,135],[90,2818,439],[90,3075,314],[90,3414,95],[90,3414,129],[91,740,207],[91,1194,210],[91,3737,271],[91,3737,12],[92,2728,263],[92,3005,344],[92,3005,369],[92,3005,481],[92,3950,93],[93,1935,85],[93,1976,405],[94,451,214],[94,451,363],[94,451,362],[94,1572,222],[94,1895,204],[94,2480,246],[94,2999,500],[95,346,266],[95,376,47],[95,376,407],[95,376,402],[95,2001,115],[95,2001,435],[95,2317,421],[95,2963,89],[95,2963,29],[96,554,31],[96,1094,182],[96,2348,302],[96,2348,66],[96,2842,218],[97,515,80],[97,515,18],[97,616,143],[97,949,270],[97,1075,169],[97,2080,101],[98,184,236],[98,698,499],[98,922,303],[98,2959,319],[98,2959,478],[98,3242,453],[98,3719,144],[99,153,104],[99,156,261],[99,179,90],[99,996,86],[99,996,226],[99,2204,128],[99,2295,293],[99,2295,436],[99,3066,405],[99,3066,181],[100,326,93],[100,1207,237],[100,1207,342],[100,1378,278],[100,1378,298],[100,2082,230],[100,2702,404],[100,3292,1],[100,3292,441],[101,1362,254],[101,1362,306],[101,2985,426],[101,3390,328],[101,3390,118],[101,3560,103],[101,3678,203],[101,3678,276],[102,1084,455],[102,2174,143],[102,2776,126],[103,451,214],[103,451,363],[103,451,362],[103,1143,410],[103,1864,373],[103,2738,251],[103,2738,422],[103,2738,318],[104,472,108],[104,2181,422],[104,2286,288],[104,2286,300],[104,2514,307],[105,627,368],[105,627,143],[105,854,216],[105,1668,131],[105,1668,133],[105,2838,98],[105,2838,384],[105,3360,433],[106,488,37],[106,488,489],[106,624,197],[106,1806,446],[106,1806,248],[106,2484,303],[106,2484,247],[107,896,168],[107,977,382],[107,2041,469],[107,3673,200],[108,314,96],[108,1175,481],[108,3300,317],[108,3763,295],[108,3763,110],[109,1392,401],[109,1392,463],[109,2725,465],[109,2975,74],[109,2975,137],[109,3320,134],[110,2089,156],[110,3524,443],[110,3524,37],[110,3624,154],[110,3624,141],[111,1298,388],[111,1323,166],[111,2284,32],[111,2284,60],[111,2284,269],[111,3211,195],[112,606,138],[112,1174,248],[112,1174,475],[112,1651,298],[112,2086,483],[112,2086,340],[112,2086,239],[112,2242,417],[112,2242,276],[113,46,462],[113,46,470],[113,1214,446],[113,1621,467],[113,2218,20],[113,2218,280],[113,2586,20],[113,2586,131],[113,3413,421],[113,3413,212],[114,1153,318],[114,2276,247],[114,2332,302],[114,3134,54],[114,3134,295],[114,3134,127],[115,1855,217],[115,1855,345],[116,281,284],[116,778,139],[116,2888,184],[116,2913,412],[116,3414,95],[116,3414,129],[117,1017,450],[117,1270,193],[117,1558,251],[117,1775,114],[117,3578,14],[117,3956,152],[118,370,271],[118,524,175],[118,524,314],[118,1058,321],[118,1456,121],[118,2352,57],[118,2352,478],[119,1813,149],[120,488,37],[120,488,489],[120,1579,484],[120,1743,240],[120,2173,483],[120,2699,55],[120,3699,430],[120,3699,224],[121,22,133],[121,1475,92],[121,2088,100],[121,2206,439],[122,507,241],[122,1326,128],[122,1326,189],[122,1954,356],[122,2821,340],[122,2825,290],[122,2976,362],[123,279,322],[123,982,119],[123,1521,237],[123,1521,117],[123,1738,346],[123,3156,247],[123,3451,230],[124,38,267],[124,1213,64],[124,1280,246],[124,1280,94],[124,1280,202],[124,1280,190],[124,2738,251],[124,2738,422],[124,2738,318],[124,3165,34],[124,3165,461],[124,3165,279],[124,3417,237],[125,1615,478],[125,2447,152],[125,2447,444],[125,2630,168],[125,2811,496],[125,2811,332],[125,3655,355],[125,3655,426],[125,3784,197],[126,392,359],[126,392,224],[126,627,368],[126,627,143],[126,1946,62],[126,2873,223],[126,3183,386],[126,3183,473],[126,3551,122],[127,211,264],[127,722,3],[127,1004,82],[127,1968,308],[128,49,200],[128,49,357],[128,178,107],[128,1316,353],[128,1316,15],[128,1683,495],[128,3022,164],[128,3022,236],[128,3022,488],[129,27,255],[129,27,298],[129,27,460],[129,332,243],[129,332,69],[129,861,336],[129,861,322],[129,1195,326],[129,1195,136],[129,2259,141],[130,265,356],[130,415,167],[130,961,216],[130,2213,340],[130,2822,116],[130,2822,263],[130,3477,92],[130,3477,246],[131,828,108],[131,1818,183],[131,2100,243],[131,2822,116],[131,2822,263],[131,3688,324],[132,74,272],[132,290,26],[132,342,360],[132,342,441],[132,342,436],[132,1165,463],[132,1437,162],[133,1500,147],[133,1500,176],[133,2508,337],[133,2721,279],[133,3043,484],[133,3043,489],[133,3043,327],[134,2401,159],[134,2401,259],[134,2401,172],[134,2716,417],[134,2855,149],[134,2855,120],[134,3798,277],[134,3798,464],[134,3893,373],[134,3893,136],[135,928,312],[135,1643,24],[135,1643,351],[135,2059,162],[135,2279,56],[135,2279,280],[135,3678,203],[135,3678,276],[136,7,486],[136,437,68],[136,437,157],[136,1070,399],[136,1599,66],[136,3807,343],[136,3807,489],[137,224,21],[137,224,191],[137,224,412],[137,387,228],[137,561,428],[137,561,185],[137,664,424],[137,1127,469],[137,1127,470],[137,1723,335],[137,3200,113],[137,3200,327],[138,1225,411],[138,1513,414],[138,3543,31],[138,3543,446],[138,3687,106],[138,3687,176],[139,2189,202],[139,2530,310],[139,2530,498],[140,667,444],[140,667,150],[140,1060,437],[140,1158,252],[140,1158,24],[140,1158,267],[140,1368,316],[140,1404,296],[140,2127,401],[140,2127,381],[141,205,189],[141,205,209],[141,1026,222],[141,1152,281],[141,3102,271],[141,3102,318],[141,3661,118],[142,1171,433],[142,1171,164],[142,1174,248],[142,1174,475],[142,1573,447],[142,1573,364],[143,1551,415],[143,1687,192],[143,2112,161],[143,2112,455],[144,213,26],[144,863,354],[144,1188,182],[145,996,86],[145,996,226],[145,1510,317],[145,1510,10],[145,1798,1],[145,3177,253],[145,3177,163],[145,3177,85],[145,3284,368],[145,3392,213],[145,3392,184],[145,3492,147],[145,3887,273],[145,3887,412],[145,3887,203],[146,872,442],[146,872,7],[146,1258,125],[146,1554,450],[146,1554,308],[146,2128,190],[146,2138,359],[146,2138,482],[147,984,453],[147,1108,268],[147,2573,292],[147,2573,165],[148,266,64],[148,619,395],[148,619,177],[148,1979,498],[148,2599,327],[148,3953,154],[149,341,143],[149,1857,273],[149,1857,35],[149,1901,222],[149,2092,138],[149,3406,409],[150,647,169],[150,739,3],[150,834,450],[150,834,476],[150,1243,231],[150,3534,77],[151,555,245],[151,555,133],[151,1118,43],[151,1601,468],[151,2379,419],[151,2933,107],[151,2933,406],[151,3610,499],[151,3610,152],[152,870,203],[153,1157,215],[153,2478,342],[153,2676,17],[153,3010,186],[153,3131,475],[154,1917,121],[154,2541,266],[154,3805,418],[155,6,362],[155,222,169],[155,222,247],[155,1715,255],[155,3018,303],[155,3018,292],[155,3243,90],[156,304,271],[156,2261,115],[156,3271,210],[156,3479,208],[156,3802,472],[157,1536,465],[157,1536,480],[157,1536,357],[157,2746,259],[157,2746,299],[157,2834,357],[157,3140,319],[157,3448,485],[157,3448,170],[157,3504,243],[158,333,233],[158,333,307],[158,333,402],[158,1285,490],[158,2340,467],[158,2968,480],[158,2968,373],[158,3205,259],[158,3413,421],[158,3413,212],[158,3434,389],[159,224,21],[159,224,191],[159,224,412],[159,909,474],[159,909,293],[159,2960,355],[159,3042,155],[159,3042,212],[160,719,497],[160,2030,234],[160,2104,316],[160,3059,483],[160,3179,331],[160,3590,180],[161,41,24],[161,41,259],[161,553,325],[161,1835,296],[161,1868,262],[161,1868,409],[161,1868,469],[161,1868,177],[161,2071,102],[161,2836,500],[161,3455,275],[162,877,244],[162,877,491],[162,2953,345],[163,356,400],[163,2318,464],[163,2675,404],[163,2675,413],[164,247,318],[164,291,381],[164,1261,260],[164,1431,265],[164,1431,492],[164,1431,6],[165,149,288],[165,2368,447],[165,3137,464],[165,3775,360],[166,61,396],[166,861,336],[166,861,322],[166,2611,462],[166,3256,262],[166,3394,388],[166,3626,233],[167,384,239],[167,1326,128],[167,1326,189],[167,2583,378],[167,3277,426],[167,3682,255],[167,3682,60],[168,1541,85],[168,2284,32],[168,2284,60],[168,2284,269],[168,3060,324],[168,3060,415],[168,3604,15],[169,1515,111],[169,2689,66],[170,191,97],[170,191,144],[170,191,235],[170,191,256],[170,331,217],[170,331,469],[170,1196,224],[170,2401,159],[170,2401,259],[170,2401,172],[170,2512,453],[170,2779,255],[170,3674,355],[170,3674,142],[170,3674,474],[171,887,291],[171,1305,202],[171,1934,127],[171,1934,147],[171,2086,483],[171,2086,340],[171,2086,239],[171,3149,326],[171,3185,3],[172,1795,32],[172,2279,56],[172,2279,280],[172,3044,440],[172,3044,473],[173,1877,183],[173,1898,451],[173,1898,439],[173,1898,226],[173,2484,303],[173,2484,247],[173,3512,283],[173,3512,355],[174,615,416],[174,933,194],[174,1487,194],[174,1487,399],[174,1487,442],[174,1752,313],[174,2649,245],[174,2649,327],[174,3906,319],[174,3906,232],[175,653,351],[175,1924,34],[175,1924,370],[175,3187,445],[175,3187,206],[176,371,177],[176,1267,334],[176,1267,164],[176,1452,255],[176,1452,301],[176,1768,421],[176,3539,403],[177,814,358],[177,1057,123],[178,607,91],[178,1086,188],[178,1362,254],[178,1362,306],[178,2951,146],[178,3054,144],[179,1360,291],[179,1360,360],[179,2737,81],[179,2737,307],[179,3511,210],[180,27,255],[180,27,298],[180,27,460],[180,485,199],[180,1375,252],[180,2108,194],[181,1114,388],[181,1399,246],[181,2959,319],[181,2959,478],[182,1158,252],[182,1158,24],[182,1158,267],[182,2052,203],[183,1498,453],[183,2675,404],[183,2675,413],[183,2897,315],[183,2897,450],[184,49,200],[184,49,357],[184,2095,42],[184,2095,322],[184,2566,465],[184,3247,192],[184,3247,497],[184,3374,291],[184,3374,495],[184,3374,473],[185,1176,183],[185,1602,178],[185,1934,127],[185,1934,147],[185,2048,165],[185,2048,282],[185,3609,427],[185,3609,219],[186,1247,301],[186,1247,442],[186,2075,196],[186,2075,352],[186,3494,480],[186,3494,253],[186,3558,466],[186,3792,106],[187,56,429],[187,1268,284],[187,1689,265],[187,3883,28],[187,3883,101],[188,121,460],[188,376,47],[188,376,407],[188,376,402],[188,1300,225],[188,1343,297],[188,1631,497],[188,1631,186],[189,2487,429],[189,2561,488],[189,2561,83],[189,2561,234],[189,2969,33],[189,3368,374],[190,968,23],[190,968,486],[190,1138,233],[190,1511,337],[191,1054,175],[191,1155,235],[191,1522,374],[191,3382,209],[192,318,267],[192,841,179],[192,2696,382],[192,3493,256],[192,3883,28],[192,3883,101],[192,3887,273],[192,3887,412],[192,3887,203],[193,1204,354],[193,1486,404],[193,1742,282],[193,2208,311],[193,2654,211],[193,2785,468],[193,3555,148],[193,3555,414],[194,737,363],[194,1297,189],[194,2286,288],[194,2286,300],[195,462,181],[195,701,177],[195,1104,343],[195,2022,388],[195,2074,262],[195,2939,376],[196,2095,42],[196,2095,322],[196,2708,318],[196,2708,274],[196,2723,250],[196,3484,339],[196,3631,218],[196,3840,394],[197,558,369],[197,697,351],[197,2197,285],[197,2746,259],[197,2746,299],[197,3029,311],[197,3852,229],[198,180,415],[198,827,428],[198,2528,497],[198,2528,470],[198,2980,213],[198,3653,121],[198,3653,247],[198,3735,391],[199,1151,445],[199,1151,483],[199,1151,475],[199,2196,311],[199,2243,372],[199,2243,359],[199,2243,454],[199,2769,92],[199,2769,288],[199,2769,231],[199,3653,121],[199,3653,247],[200,1068,236],[200,1758,232],[200,2328,292],[200,3248,350],[201,881,79],[201,881,456],[201,1172,442],[201,1172,203],[201,3247,192],[201,3247,497],[201,3842,16],[202,41,24],[202,41,259],[202,205,189],[202,205,209],[202,1565,296],[203,394,78],[203,394,456],[203,744,229],[203,799,461],[204,625,126],[204,1703,288],[204,2214,236],[205,1080,475],[205,2215,425],[205,2215,311],[205,2421,385],[205,2421,237],[205,3384,245],[206,498,379],[206,1134,308],[206,2147,108],[206,2872,81],[206,2872,281],[206,2872,235],[206,2872,65],[206,3657,208],[207,1647,473],[207,1647,37],[207,1647,407],[207,1985,242],[207,2263,247],[207,2263,312],[207,2263,429],[207,2263,337],[207,2331,223],[207,3176,375],[207,3206,468],[207,3518,480],[207,3518,109],[208,509,334],[208,512,4],[208,512,167],[208,723,249],[208,2450,395],[208,2450,334],[208,3477,92],[208,3477,246],[209,893,366],[209,1806,446],[209,1806,248],[209,3117,221],[210,1313,283],[210,1313,139],[210,1313,479],[210,2937,250],[210,3512,283],[210,3512,355],[210,3658,226],[211,305,69],[211,2901,201],[211,2901,64],[211,3843,188],[211,3843,483],[212,897,238],[212,2295,293],[212,2295,436],[212,2711,380],[212,2804,437],[213,170,13],[213,170,468],[213,845,357],[213,3244,103],[213,3244,223],[213,3388,437],[213,3438,270],[214,652,494],[214,1007,228],[214,2639,350],[214,3072,416],[214,3427,198],[214,3427,397],[214,3760,335],[215,1885,275],[215,2894,372],[215,3163,191],[215,3163,257],[215,3684,482],[216,338,209],[216,1112,199],[216,3655,355],[216,3655,426],[216,3699,430],[216,3699,224],[217,1315,134],[217,2079,272],[217,2284,32],[217,2284,60],[217,2284,269],[217,3938,19],[217,3938,393],[218,104,475],[218,1119,227],[218,3001,241],[219,882,322],[219,1262,448],[219,1514,55],[219,2590,289],[219,2590,486],[220,20,302],[220,107,372],[220,784,463],[220,1161,257],[220,1876,381],[220,3542,264],[220,3934,260],[221,377,31],[221,425,70],[221,425,344],[221,1280,246],[221,1280,94],[221,1280,202],[221,1280,190],[221,1281,471],[221,1373,235],[221,1373,297],[221,3056,389],[221,3494,480],[221,3494,253],[222,245,460],[222,337,394],[222,534,63],[222,534,286],[222,534,30],[222,3037,360],[222,3619,124],[222,3619,365],[223,1533,278],[223,1757,472],[223,1757,454],[223,2242,417],[223,2242,276],[223,3763,295],[223,3763,110],[224,78,382],[224,320,273],[224,3440,215],[224,3440,268],[225,2134,215],[225,2140,273],[225,2343,190],[226,342,360],[226,342,441],[226,342,436],[226,468,482],[226,533,83],[226,1010,319],[227,66,477],[227,877,244],[227,877,491],[227,2409,277],[227,3781,244],[228,333,233],[228,333,307],[228,333,402],[228,362,371],[228,2430,263],[228,3570,38],[228,3570,496],[228,3630,269],[229,13,158],[229,13,436],[229,13,494],[229,166,435],[229,166,76],[229,574,216],[229,878,240],[229,2700,416],[230,479,84],[230,479,244],[230,969,260],[230,969,254],[230,1521,237],[230,1521,117],[231,988,353],[231,1387,316],[231,1779,385],[231,2540,159],[232,385,31],[232,385,407],[232,385,159],[232,576,457],[232,985,463],[232,3106,412],[232,3106,487],[233,968,23],[233,968,486],[233,2075,196],[233,2075,352],[233,2571,379],[233,2814,276],[234,227,241],[234,227,374],[234,766,200],[234,766,430],[234,3051,240],[235,2546,437],[235,3695,449],[235,3695,178],[235,3980,393],[236,1971,350],[236,1971,201],[236,3856,242],[237,2257,155],[238,32,39],[238,2327,392],[238,2826,382],[238,2826,442],[238,3554,227],[238,3554,252],[238,3846,480],[239,535,440],[239,1391,489],[239,1527,327],[239,3009,243],[239,3009,492],[240,1392,401],[240,1392,463],[240,1962,134],[240,1962,224],[240,3285,213],[240,3285,345],[241,534,63],[241,534,286],[241,534,30],[241,3383,359],[241,3725,238],[241,3946,277],[241,3946,399],[242,1360,291],[242,1360,360],[242,1690,341],[242,2176,269],[242,2176,46],[242,3495,361],[242,3524,443],[242,3524,37],[243,2861,291],[243,3624,154],[243,3624,141],[244,993,303],[244,2263,247],[244,2263,312],[244,2263,429],[244,2263,337],[244,3073,173],[245,1132,45],[245,1132,434],[245,2176,269],[245,2176,46],[245,2797,309],[245,2797,364],[245,3202,265],[246,671,464],[246,1677,436],[246,2903,333],[247,1244,260],[247,2643,348],[248,389,367],[248,714,458],[248,2360,402],[248,3000,73],[249,1192,253],[249,1660,275],[249,2187,342],[249,2854,416],[249,2854,169],[249,3177,253],[249,3177,163],[249,3177,85],[250,903,400],[250,1062,317],[250,1652,270],[250,3305,115],[250,3853,206],[251,123,394],[251,235,375],[251,2124,379],[251,3126,266],[251,3308,408],[251,3308,95],[252,2993,119],[252,3440,215],[252,3440,268],[253,8,320],[253,300,411],[253,300,457],[253,1549,406],[253,1549,438],[253,1549,455],[253,1549,140],[253,3369,275],[254,797,358],[254,2531,390],[254,2830,353],[254,2830,298],[254,3332,483],[255,378,204],[255,3163,191],[255,3163,257],[256,911,486],[256,911,104],[256,1416,295],[256,1661,363],[256,1975,49],[256,1975,410],[256,2930,315],[257,5,326],[257,1685,74],[257,3938,19],[257,3938,393],[258,368,359],[258,2364,146],[258,2520,469],[259,2377,282],[260,9,358],[260,1567,17],[260,2111,46],[260,2111,494],[260,3119,447],[261,639,313],[261,2310,279],[261,2310,392],[261,2359,391],[261,3569,361],[261,3569,53],[262,2244,111],[262,2885,20],[262,3213,343],[262,3346,462],[263,410,187],[263,1832,358],[263,3798,277],[263,3798,464],[264,923,386],[264,941,223],[264,1781,488],[264,3233,102],[264,3469,175],[265,657,352],[265,1688,496],[265,2793,101],[266,1216,294],[266,2144,30],[266,2144,284],[266,3293,449],[266,3974,405],[267,332,243],[267,332,69],[267,1545,202],[268,360,102],[268,360,44],[268,360,494],[268,1623,337],[268,2111,46],[268,2111,494],[268,2496,401],[268,2614,403],[269,138,27],[269,979,45],[269,979,234],[269,979,335],[269,3173,359],[269,3173,26],[270,39,77],[270,2376,299],[270,2645,88],[270,2645,357],[270,2991,437],[271,258,105],[271,1082,287],[272,361,485],[272,2406,148],[272,2406,301],[272,3453,293],[273,3832,211],[273,3970,290],[274,1200,486],[274,1430,305],[274,1630,279],[274,1655,281],[274,1655,438],[274,1868,262],[274,1868,409],[274,1868,469],[274,1868,177],[274,2798,323],[274,2798,306],[274,3483,468],[275,115,466],[275,1096,364],[276,645,301],[276,645,339],[276,947,73],[276,1554,450],[276,1554,308],[276,2078,236],[276,2691,253],[276,2691,258],[277,1293,273],[277,1293,308],[277,1293,444],[277,3570,38],[277,3570,496],[278,391,105],[278,1593,404],[278,1593,387],[278,2680,365],[279,143,10],[279,1383,67],[279,3500,308],[280,423,219],[280,423,304],[280,432,367],[280,1812,423],[280,2471,420],[280,2602,353],[280,3528,318],[281,1500,147],[281,1500,176],[281,3385,163],[281,3586,299],[282,1198,458],[282,1217,394],[282,1611,288],[282,2984,421],[282,3285,213],[282,3285,345],[283,3224,419],[283,3989,315],[284,451,214],[284,451,363],[284,451,362],[284,552,351],[284,1267,334],[284,1267,164],[285,1493,373],[285,1493,225],[285,1974,416],[285,2162,241],[285,2722,474],[285,2722,348],[285,3289,363],[286,3012,429],[286,3044,440],[286,3044,473],[286,3092,368],[286,3349,412],[286,3349,217],[286,3683,489],[287,811,329],[287,2390,440],[287,2492,316],[287,3066,405],[287,3066,181],[287,3272,328],[287,3272,484],[287,3367,96],[288,2421,385],[288,2421,237],[288,3043,484],[288,3043,489],[288,3043,327],[289,2,42],[289,2,413],[289,2663,154],[289,3700,100],[289,3700,239],[289,3851,337],[290,1288,373],[290,3756,366],[290,3756,447],[290,3791,297],[291,2963,89],[291,2963,29],[292,62,231],[292,62,348],[292,136,330],[292,2398,42],[292,2978,400],[293,75,227],[293,348,479],[293,1679,473],[293,1773,407],[293,2593,304],[294,2509,291],[294,2509,295],[294,2719,322],[294,3028,433],[294,3028,336],[294,3938,19],[294,3938,393],[294,3964,123],[295,1903,432],[295,1903,470],[295,3077,125],[296,1428,279],[296,1428,375],[296,1487,194],[296,1487,399],[296,1487,442],[296,1564,304],[296,1564,379],[296,3084,325],[297,860,366],[297,1516,156],[297,3058,354],[298,523,257],[298,1924,34],[298,1924,370],[299,524,175],[299,524,314],[299,677,304],[299,1444,129],[299,1620,465],[299,3636,88],[300,603,97],[300,726,483],[300,775,308],[300,1079,40],[300,3436,369],[300,3525,384],[301,1342,93],[301,3530,437],[302,1744,15],[302,1777,264],[302,2298,286],[302,3390,328],[302,3390,118],[303,2807,182],[303,3034,298],[303,3813,95],[303,3813,271],[304,1256,487],[304,2450,395],[304,2450,334],[304,2530,310],[304,2530,498],[304,3892,497],[304,3892,127],[305,473,491],[305,473,5],[305,1536,465],[305,1536,480],[305,1536,357],[305,1564,304],[305,1564,379],[305,2948,338],[305,3620,485],[306,145,398],[306,734,449],[306,901,336],[306,1087,470],[306,1491,339],[306,1491,356],[306,2897,315],[306,2897,450],[307,994,380],[307,1491,339],[307,1491,356],[307,1900,360],[307,1900,117],[307,3772,450],[308,1539,331],[309,157,179],[309,157,447],[309,1069,357],[309,1649,352],[309,1691,498],[309,1691,135],[309,1691,482],[309,2302,442],[309,3652,209],[310,168,468],[310,1316,353],[310,1316,15],[310,2321,432],[310,2968,480],[310,2968,373],[310,3808,451],[311,1003,275],[311,1003,106],[311,1330,428],[311,2346,380],[311,3830,291],[312,1593,404],[312,1593,387],[312,2035,230],[312,3105,434],[312,3878,370],[312,3878,244],[312,3878,441],[313,561,428],[313,561,185],[313,1081,384],[313,1129,430],[313,1967,17],[313,1967,128],[313,2649,245],[313,2649,327],[314,931,342],[314,1191,393],[314,1445,410],[314,1613,495],[314,1613,453],[314,3246,420],[315,1385,433],[315,1385,35],[315,2283,227],[315,2283,491],[315,2406,148],[315,2406,301],[315,2837,430],[315,2837,470],[316,1899,420],[316,3011,149],[316,3741,347],[317,766,200],[317,766,430],[317,3609,427],[317,3609,219],[317,3878,370],[317,3878,244],[317,3878,441],[317,3906,319],[317,3906,232],[318,2098,434],[319,1598,426],[319,2662,272],[319,3060,324],[319,3060,415],[320,386,342],[320,788,466],[320,1208,261],[320,1208,342],[320,2581,313],[320,2826,382],[320,2826,442],[320,3845,256],[321,544,480],[321,544,381],[321,1332,347],[321,1332,35],[321,1332,458],[321,1476,408],[321,1476,387],[321,2225,432],[321,2622,410],[322,979,45],[322,979,234],[322,979,335],[322,1592,367],[323,567,181],[323,567,343],[323,1507,74],[323,1507,376],[323,2658,407],[323,2741,156],[323,2965,396],[323,3648,377],[324,53,254],[324,1626,406],[324,2607,492],[324,2796,335],[324,3067,350],[325,261,305],[325,261,367],[325,339,81],[325,1212,465],[325,2780,254],[325,2780,375],[325,3448,485],[325,3448,170],[325,3902,308],[326,3286,266],[326,3450,385],[327,1045,294],[327,1045,152],[328,720,397],[328,1293,273],[328,1293,308],[328,1293,444],[328,1753,450],[328,1808,160],[328,1808,344],[328,3553,362],[329,2339,410],[329,2339,387],[329,3187,445],[329,3187,206],[329,3847,63],[329,3987,401],[330,162,432],[330,227,241],[330,227,374],[330,548,408],[330,687,427],[330,2348,302],[330,2348,66],[330,2381,400],[331,62,231],[331,62,348],[331,2163,451],[331,2515,365],[331,3122,348],[331,3122,496],[331,3376,384],[332,271,355],[332,1589,459],[332,1872,346],[332,2722,474],[332,2722,348],[333,435,178],[333,435,477],[333,2020,44],[333,2837,430],[333,2837,470],[333,3736,440],[334,1471,347],[334,1471,225],[334,1471,232],[334,2243,372],[334,2243,359],[334,2243,454],[334,2245,51],[335,221,374],[335,404,462],[336,834,450],[336,834,476],[336,1378,278],[336,1378,298],[336,3217,314],[336,3217,139],[337,16,17],[337,16,206],[337,91,460],[337,1643,24],[337,1643,351],[338,313,451],[338,1453,446],[338,1550,425],[338,2355,269],[338,3547,294],[339,224,21],[339,224,191],[339,224,412],[339,1631,497],[339,1631,186],[339,2219,485],[339,3069,496],[340,3460,387],[341,637,427],[341,837,141],[341,837,355],[341,1367,472],[341,3946,277],[341,3946,399],[342,1767,86],[342,1852,290],[343,303,376],[343,914,231],[343,1520,259],[343,1520,354],[343,2973,184],[343,2973,187],[344,1471,347],[344,1471,225],[344,1471,232],[344,2489,347],[344,3373,408],[345,1195,326],[345,1195,136],[345,2708,318],[345,2708,274],[345,3919,34],[346,579,334],[346,2236,465],[346,3102,271],[346,3102,318],[346,3330,395],[346,3585,474],[346,3702,258],[347,1549,406],[347,1549,438],[347,1549,455],[347,1549,140],[347,1730,450],[347,2263,247],[347,2263,312],[347,2263,429],[347,2263,337],[347,3427,198],[347,3427,397],[348,133,447],[348,215,384],[348,1870,446],[348,3550,478],[349,1,466],[349,96,208],[349,1199,422],[349,1199,263],[349,1487,194],[349,1487,399],[349,1487,442],[349,3536,54],[349,3682,255],[349,3682,60],[350,1740,401],[350,1740,399],[350,1948,162],[350,3292,1],[350,3292,441],[351,390,176],[351,401,344],[351,2892,109],[352,2870,51],[352,3554,227],[352,3554,252],[352,3837,230],[353,3879,399],[354,572,437],[354,1749,414],[354,1749,139],[354,2374,244],[354,2374,367],[354,3337,444],[356,1313,283],[356,1313,139],[356,1313,479],[356,1431,265],[356,1431,492],[356,1431,6],[356,2499,14],[357,246,500],[357,2081,394],[358,501,220],[358,2855,149],[358,2855,120],[358,3188,78],[359,1385,433],[359,1385,35],[359,1804,174],[360,1128,66],[360,2243,372],[360,2243,359],[360,2243,454],[361,300,411],[361,300,457],[361,530,185],[361,839,132],[362,1792,205],[363,544,480],[363,544,381],[363,1151,445],[363,1151,483],[363,1151,475],[363,2407,383],[363,2407,402],[364,273,159],[364,1208,261],[364,1208,342],[364,1932,183],[364,2253,36],[364,2258,90],[365,547,390],[365,1276,463],[365,1549,406],[365,1549,438],[365,1549,455],[365,1549,140],[365,2028,381],[365,2585,428],[366,846,51],[366,846,236],[366,2121,25],[366,2657,273],[367,2334,418],[367,2527,421],[367,3380,421],[368,1664,135],[368,3165,34],[368,3165,461],[368,3165,279],[369,210,392],[369,2792,157],[369,2792,152],[369,2792,194],[369,2798,323],[369,2798,306],[369,3756,366],[369,3756,447],[370,252,387],[370,705,384],[370,936,104],[370,995,300],[370,3518,480],[370,3518,109],[371,2,42],[371,2,413],[371,85,400],[371,1406,492],[371,1605,469],[371,2526,290],[371,2526,424],[371,3183,386],[371,3183,473],[372,587,482],[372,658,114],[372,1207,237],[372,1207,342],[372,2769,92],[372,2769,288],[372,2769,231],[373,3018,303],[373,3018,292],[374,2502,481],[374,3354,162],[375,1252,380],[375,1421,493],[375,2339,410],[375,2339,387],[376,689,419],[376,1040,139],[376,1578,377],[377,34,419],[377,1634,340],[377,1634,79],[377,2994,87],[377,2994,109],[377,3134,54],[377,3134,295],[377,3134,127],[377,3387,445],[378,471,459],[378,682,339],[378,1048,429],[378,1179,438],[378,1179,443],[378,2921,467],[378,3513,283],[378,3513,107],[379,148,481],[379,605,471],[379,906,334],[380,1903,432],[380,1903,470],[380,3272,328],[380,3272,484],[380,3687,106],[380,3687,176],[381,2954,251],[381,2994,87],[381,2994,109],[381,3768,77],[382,3508,433],[382,3532,423],[382,3785,487],[383,230,413],[383,1189,182],[383,1757,472],[383,1757,454],[383,2686,438],[384,2066,356],[385,1529,440],[385,2615,417],[385,2615,436],[385,3244,103],[385,3244,223],[386,731,424],[386,1452,255],[386,1452,301],[386,2282,424],[386,3374,291],[386,3374,495],[386,3374,473],[386,3807,343],[386,3807,489],[387,420,467],[387,420,107],[387,609,98],[387,874,427],[388,89,166],[388,703,285],[388,703,485],[388,972,110],[388,3344,114],[389,757,333],[389,881,79],[389,881,456],[389,1121,454],[389,1672,138],[389,1672,133],[389,1965,199],[389,2429,418],[390,1543,416],[390,1549,406],[390,1549,438],[390,1549,455],[390,1549,140],[390,2170,428],[390,2528,497],[390,2528,470],[390,3340,446],[390,3340,190],[391,619,395],[391,619,177],[391,1833,476],[391,2247,395],[391,2704,474],[391,3357,474],[392,707,283],[392,867,471],[392,1179,438],[392,1179,443],[392,1655,281],[392,1655,438],[393,29,456],[393,86,484],[393,86,39],[393,667,444],[393,667,150],[393,1894,454],[393,3082,440],[394,333,233],[394,333,307],[394,333,402],[394,2452,441],[394,3442,467],[395,715,180],[395,3109,490],[395,3109,146],[396,206,431],[396,2850,142],[396,3280,405],[396,3280,458],[396,3309,419],[397,1828,171],[397,1828,481],[397,1828,493],[397,2341,191],[397,2560,449],[397,2670,245],[397,2670,69],[397,2790,495],[398,884,383],[398,1868,262],[398,1868,409],[398,1868,469],[398,1868,177],[398,1996,406],[398,2123,115],[398,2899,493],[399,794,41],[399,969,260],[399,969,254],[399,3680,392],[400,1090,2],[401,2117,284],[401,2509,291],[401,2509,295],[402,413,205],[402,1938,417],[402,2647,237],[403,900,301],[403,2407,383],[403,2407,402],[403,2831,413],[404,917,454],[404,1884,261],[404,2904,461],[404,3561,92],[405,642,183],[405,857,69],[405,2703,138],[405,3965,82],[406,385,31],[406,385,407],[406,385,159],[406,2843,72],[408,2902,409],[409,27,255],[409,27,298],[409,27,460],[409,2402,99],[409,3894,46],[410,2194,486],[411,1349,195],[411,3435,490],[411,3861,492],[411,3981,275],[412,411,478],[412,3415,90],[413,2044,60],[413,2780,254],[413,2780,375],[414,1356,73],[414,2534,423],[414,2944,345],[415,30,61],[415,30,163],[415,3757,46],[417,1797,491],[417,2203,410],[417,2203,104],[417,3043,484],[417,3043,489],[417,3043,327],[418,610,420],[418,1614,470],[418,1668,131],[418,1668,133],[418,2241,406],[419,520,53],[420,433,431],[420,703,285],[420,703,485],[420,1739,14],[420,1739,290],[420,1739,340],[421,191,97],[421,191,144],[421,191,235],[421,191,256],[422,1548,425],[422,2180,448],[422,3843,188],[422,3843,483],[423,672,132],[423,1180,453],[423,3171,333],[423,3502,449],[424,13,158],[424,13,436],[424,13,494],[424,2667,438],[425,678,448],[425,3474,498],[426,1776,331],[426,1776,230],[426,1808,160],[426,1808,344],[426,3340,446],[426,3340,190],[426,3955,350],[427,109,489],[427,559,494],[427,2562,460],[428,851,366],[428,851,435],[428,1893,467],[429,694,451],[429,1691,498],[429,1691,135],[429,1691,482],[429,3549,417],[430,621,472],[430,3904,25],[431,842,102],[431,1855,217],[431,1855,345],[431,2315,267],[431,2326,32],[432,139,458],[432,1044,493],[432,1171,433],[432,1171,164],[433,3306,491],[433,3611,79],[434,30,61],[434,30,163],[434,2112,161],[434,2112,455],[434,2373,269],[434,2373,455],[435,420,467],[435,420,107],[435,2561,488],[435,2561,83],[435,2561,234],[436,60,263],[436,60,385],[436,60,289],[436,3078,10],[437,2310,279],[437,2310,392],[438,331,217],[438,331,469],[438,2627,102],[439,220,456],[439,309,41],[439,309,38],[439,1449,139],[440,1312,150],[440,2573,292],[440,2573,165],[441,2273,463],[441,2373,269],[441,2373,455],[442,3960,173],[443,154,457],[443,1573,447],[443,1573,364],[443,1975,49],[443,1975,410],[443,2730,488],[443,2811,496],[443,2811,332],[444,3172,55],[444,3592,111],[444,3634,148],[445,394,78],[445,394,456],[445,1883,456],[445,2567,2],[446,2333,333],[446,2380,119],[447,1915,490],[448,648,361],[448,1050,91],[448,2769,92],[448,2769,288],[448,2769,231],[448,3022,164],[448,3022,236],[448,3022,488],[449,1625,173],[449,2998,452],[450,3418,151],[452,46,462],[452,46,470],[452,781,485],[452,1587,454],[452,2233,476],[452,2936,109],[452,2936,75],[452,3619,124],[452,3619,365],[453,1125,172],[453,1125,212],[455,14,473],[455,14,413],[455,360,102],[455,360,44],[455,360,494],[455,2616,326],[456,13,158],[456,13,436],[456,13,494],[456,3338,465],[456,3968,91],[457,1970,162],[457,3517,122],[458,2142,462],[458,3926,147],[458,3926,297],[459,1563,281],[459,1563,416],[459,1563,476],[459,1841,452],[459,3374,291],[459,3374,495],[459,3374,473],[460,3355,469],[461,16,17],[461,16,206],[461,1591,478],[461,1691,498],[461,1691,135],[461,1691,482],[461,3892,497],[461,3892,127],[462,692,262],[462,1127,469],[462,1127,470],[462,2553,214],[463,2374,244],[463,2374,367],[464,1959,80],[464,2648,292],[466,119,482],[466,1328,441],[466,2048,165],[466,2048,282],[467,2504,119],[468,3543,31],[468,3543,446],[468,3579,164],[471,86,484],[471,86,39],[471,1828,171],[471,1828,481],[471,1828,493],[471,1889,408],[471,2797,309],[471,2797,364],[472,1242,434],[472,1907,441],[473,1778,235],[474,142,8],[475,1971,350],[475,1971,201],[475,2679,202],[475,3423,111],[476,482,257],[476,2401,159],[476,2401,259],[476,2401,172],[476,2601,490],[477,452,229],[477,1995,479],[477,2215,425],[477,2215,311],[477,2283,227],[477,2283,491],[477,3588,479],[478,2737,81],[478,2737,307],[478,3439,445],[479,534,63],[479,534,286],[479,534,30],[479,3186,487],[479,3506,484],[480,1436,205],[480,3334,196],[481,1398,88],[481,3988,116],[483,2255,369],[484,3106,412],[484,3106,487],[485,1151,445],[485,1151,483],[485,1151,475],[486,1442,398],[487,569,491],[487,879,491],[487,1055,177],[488,2336,19],[488,2588,301],[488,2588,356],[489,2526,290],[489,2526,424],[489,3676,459],[490,592,210],[490,3116,131],[491,1291,168],[491,1291,287],[492,1280,246],[492,1280,94],[492,1280,202],[492,1280,190],[492,2670,245],[492,2670,69],[492,2966,409],[493,336,30],[493,1510,317],[493,1510,10],[493,2260,464],[493,2260,341],[493,3136,248],[494,983,482],[494,3659,234],[495,1663,143],[495,2252,479],[495,2691,253],[495,2691,258],[496,60,263],[496,60,385],[496,60,289],[496,1542,239],[496,2947,439],[497,2329,217],[498,2218,20],[498,2218,280],[498,3158,243],[499,3407,390],[499,3516,198],[499,3942,352],[499,3942,355],[499,3976,338],[500,1286,321],[500,2521,430],[500,2956,59],[500,3200,113],[500,3200,327]];

jitters = [100000,20000,1000,20000,20000,100000,50000,10000,10000,10000,100000,20000,10000,20000,1000,20000,20000,20000,100000,100000,1000,100000,50000,100000,5000,20000,20000,10000,10000,10000,10000,2000,5000,20000,20000,10000,100000,100000,100000,100000,100000,10000,10000,100000,100000,100000,10000,100000,10000,100000,50000,10000,20000,100000,100000,20000,100000,100000,10000,100000,20000,10000,10000,20000,100000,10000,20000,10000,20000,10000,100000,10000,20000,100000,50000,10000,10000,100000,100000,50000,100000,10000,10000,1000,2000,10000,10000,10000,100000,20000,10000,10000,10000,10000,20000,100000,20000,20000,10000,100000,20000,20000,20000,10000,10000,100000,20000,10000,10000,10000,2000,100000,20000,100000,20000,100000,10000,20000,10000,10000,20000,10000,100000,100000,1000,20000,100000,10000,10000,10000,10000,20000,10000,10000,100000,20000,10000,100000,100000,20000,10000,100000,20000,20000,20000,50000,10000,10000,10000,1000,100000,10000,50000,20000,10000,10000,20000,20000,1000,100000,20000,20000,10000,100000,10000,2000,10000,1000,1000,20000,10000,20000,10000,100000,100000,10000,10000,100000,10000,100000,2000,100000,20000,20000,10000,50000,100000,5000,10000,20000,20000,20000,20000,100000,2000,100000,100000,20000,100000,10000,100000,20000,100000,10000,100000,20000,20000,50000,20000,10000,5000,20000,20000,10000,50000,10000,20000,100000,20000,100000,20000,10000,20000,20000,5000,10000,100000,10000,100000,100000,10000,100000,20000,100000,20000,10000,100000,20000,10000,100000,100000,10000,10000,100000,100000,10000,100000,20000,50000,10000,20000,50000,50000,100000,10000,20000,10000,10000,20000,100000,10000,2000,10000,100000,100000,20000,100000,10000,10000,20000,10000,20000,5000,20000,50000,100000,100000,100000,20000,20000,20000,20000,20000,100000,100000,10000,10000,10000,10000,5000,10000,10000,20000,20000,20000,20000,5000,100000,20000,100000,20000,100000,100000,20000,20000,20000,10000,100000,50000,20000,100000,100000,100000,20000,20000,100000,10000,100000,10000,50000,20000,20000,2000,10000,20000,10000,10000,10000,10000,10000,100000,1000,10000,50000,10000,10000,10000,100000,100000,10000,10000,50000,2000,10000,100000,1000,10000,100000,50000,10000,100000,50000,20000,20000,1000,10000,20000,10000,100000,10000,10000,10000,100000,100000,100000,5000,20000,10000,100000,100000,10000,50000,100000,10000,20000,2000,2000,10000,20000,20000,100000,20000,10000,100000,10000,10000,10000,2000,20000,100000,1000,10000,20000,20000,1000,2000,10000,20000,20000,10000,10000,20000,10000,20000,10000,100000,2000,10000,10000,20000,10000,100000,10000,20000,20000,100000,20000,20000,2000,20000,20000,100000,20000,10000,100000,10000,10000,100000,10000,10000,2000,20000,20000,100000,100000,10000,20000,10000,20000,10000,100000,50000,100000,20000,20000,100000,100000,100000,20000,10000,100000,20000,20000,20000,100000,20000,100000,20000,1000,10000,100000,2000,100000,10000,20000,50000,20000,20000,10000,20000,20000,10000,20000,1000,100000,1000,20000,100000,20000,20000,10000,50000,100000,20000,20000,20000,20000,100000,10000,1000,20000,10000,20000,20000,10000,100000,100000,100000,50000,100000];

