NumChains = 50;
NumResources = 3;
NumRunnablesInChains = 193;
MemoryBoundOnResource = 1048576;
UtilizationBoundOnResource = 100;

numberOfTasksinChain = [9,7,5,9,5,7,7,9,5,7,5,7,7,7,7,5,9,5,7,9,5,5,5,7,5,5,9,5,7,7,9,7,7,5,7,5,7,7,9,5,7,9,9,7,9,7,5,5,5,7];

runnablesInChains = [157,127,102,495,246,85,109,342,139,210,297,176,69,314,260,290,217,303,200,11,170,295,274,356,3,281,152,393,453,24,123,457,149,19,92,322,404,428,7,312,405,41,209,276,476,146,331,336,496,172,364,430,340,335,103,178,328,370,224,147,96,36,481,242,206,108,66,291,289,492,334,462,5,263,469,255,35,259,362,62,383,19,467,195,312,230,255,466,321,383,456,288,227,41,419,46,168,122,294,196,89,28,56,75,229,496,240,74,48,84,201,337,130,60,144,63,240,59,94,83,330,378,249,73,211,383,381,394,177,92,256,116,306,26,431,500,339,265,195,392,2,343,208,378,447,298,351,251,228,334,233,37,328,376,307,378,424,247,222,278,168,498,239,85,113,210,450,412,62,234,76,106,497,463,71,291,79,433,261,483,58,394,191,398,472,203,277,108,439,49,459,384,41];

ProcessingTimesOfMessages = [[1,1,1,1,1,1,1],[1,1,1,1],[1,1,1,1,1,1,1,1,1,1,1,1],[1,1,1,1,1,1,1,1,1],[1,1,1,1,1,1,1,1,1],[1,1,1,1,1,1,1,1,1,1,1],[1,1,1,1,1,1],[1,1,1,1,1,1,1,1,1],[1,1,1,1,1],[1,1,1,1,1,1,1,1,1,1,1],[1,1,1,1,1,1,1,1,1],[1,1,1,1,1,1],[1,1,1,1,1,1,1,1,1],[1,1,1,1,1,1,1,1,2,1,1,1],[1,1,1,1,1,1,1,1],[1,1,1,1,1,1],[1,1,1,1,1,1],[1,1,1,1,1,1,1],[1,1,1,1,1],[1,1,1,1,1,1,1,1,1,1],[1,1,1,1,1,1,1,1,1],[1,1,1,1,1,1],[1,1,1,1,1],[1,2,1,1,1,1,1,1],[1,1,1,1,1,1,1,1,1],[1,1],[1,1,1,1,1,1,1,1,1,1,1,1,1],[1,1,2,1,1],[1,1,1,1,1,1,1,1],[1,1,1,1,1,1],[1,1,1,1,1,1,1,1,1],[1,1,1,1,1,1,1,1,1],[1,1,1,1,1,1],[1,1,1],[1,1,1,1,1,1,1],[1,1,1,1,1,1,1,1,1],[1,1,1,1,1],[1,1,1,1,1,1,1,1,1,1,1,1],[1,1,1,1,1,1,1,1],[1,1,1,1,1,1,1,1],[1,1,1],[1,1,1,1,1,1,1],[1,1,1],[1,1,1,1,1,1,1],[1,1,1,1,1,1,1,1],[1,1,1,1,1,1,2,1,1,1,1],[1,1,1,1,1,1,1,1],[1,1,1,1,1,1],[1,1,1,1,1,1,1,1,1,1],[1,1,1,1,1,1,1,1,1,1],[1,1,1,1,1,1,1,1],[1,1,1,1,1,1,1,1],[1],[1,1],[1,1,1,1,1,1,1,1,1,1],[1,1,1,1,1],[1,1,1,1,1,1,1,1,1],[1,1,1,1,1,1,1,1,1],[1,1,1,1,1,1],[1,1,1,1,1,1,1,1,1,1,1,1,1],[1,1,1,1,1,1,1],[1,1,1,1],[1,1,1,1,1,1,1,1,1],[1,1,2,2,1,1,1,1],[1,1,1,1,1,1],[1,1,1,1],[1,1,1,1,1,1,1,1,1],[1,1,1,1,1,1,1,1,1,1],[1,1,1,1,1,1],[1,1,1,1,1,1,1],[1,1,1,1,1,1,1,1],[1,1,1,1,1],[1,1,1,1,1,1,1],[1,1,1,1,1,1,1,1,1],[1,1,1,1,1,1,1,1],[1,1,1,1,1,1,1],[1,1,1,1],[1,1,1,1,1,1,1,1],[1,1,1,1],[1,1,1,1,1,1,1],[1,1,1,1,1,1,1,1,1,1,1,1,1],[1,1,1,1],[1,1,1],[1,1,1,1,1,1],[1,1,1,1,1,1,1,1,1,1,1],[1,1,1,1,1,1,1],[1,1,1,1,1,1,1],[1,1,1,1,1,1,1,1,1],[1,1,1,1,1,1],[1,1,1,2,2],[1,1,1,1,1,1,1,1,1,1],[1,1,1,1,1],[1,1,1,1,1,1,1],[1,1,1],[1,1,1,1,1,1],[1,1,1,1,1,1,1,1,1,1],[1],[1,1,1,1,1,1,1],[1,1,1,1,1,1],[1,1,1,1],[1,1,1,1,1,1],[1,1,1,1],[1,1,1,1,1,1],[1,1,1,1,1,1,1,1],[1,1,1,1,1,1,1,1],[1,1,1,1,1,1,1,1,1,1],[1,1,1,1,1,1],[1,1,1,1,1,1,1,1],[1,1,1,1,1,1,1,1],[1,1,1,1,1,1,1],[1,1,1,1,1,1,1,1,1],[1,1,1,1,1,1,1,1,1,1,1],[1,1,1,1,1,1,1,1],[1,1,1,1,1,1,1],[1,1,1,1,1,1,1],[1,1,1,1],[1,1,1,1,1,1,1,1,1],[1,1,1,1,1,1,1,1,1],[1,1,1,1,1,1,1,2],[1,1,1,1,1,1,1,1,1],[1,1,1,1,1,1,1,1,1,1,1],[1,1,1,1,1,1,1],[1,1,1,1,1,1],[1,1,1,1,1,1,1],[1,1,1,1,1,1,1,1,1,1,1,1,1],[1,1,1],[1,1,1,1,1,1],[1,1,1,1,1],[1,1,1,1,1,1,1],[1,1,1,1,1,1,1,1,1,1],[1,1,1,1,1,1,1,1,1],[1,1,1,1,1,1,1,1],[1,1,1,1,1],[1,1,1,1,1,1,1,1,1],[1,1,1,1,1,1,1],[1,1,1,1,1,1],[1,1,1,1,1,1,1,1,1,1,1],[1,1,1,1,1,1],[1,1,1,1],[1,1,1,1,1,1,1],[1,1,1,1,1,1,1],[1,1,1,1,1],[1,1,1,1,1,1,1,1],[1,1,1],[1,1,1,1,1,1,1],[1,1,1,1,1,1,1,1,2],[1,1,1,1],[1,1,1],[1,1,1,1],[1,1,1,1,1,1],[1,1,1,1,1,1],[1,1,1,1,1,1,1,1,1,1],[1,1,1,1,1],[1,1,1,1,1],[1,1,1,1,1,2,2,2,1,1,1],[1,1,1,1,1,1,1,1],[1,1,1,1,1,1,1,1],[1,1,1,1,1],[1,1,1],[1,1,1,1,1,1,1],[1,1,1,1,1,1,1],[1,1,1,1,1,1],[1,1,1,1,1,1,1,1],[1,1,1,1,1,1],[1,1,1,1,1,1,1],[1,1,1,1,1,1],[1,1,1,1],[1,1,1,1,1,1],[1,2,1,1,1,1,1],[1,1,1,1,1,1,1,1,1],[1,1,1,1,1,1,1,1,1],[1,1,1,1,1,1,1,1,1,1],[1,1,1,1,1],[1,1,1,1],[1,1,1,1,1,1,1,1,1,1,1],[1,1,1,1,1,1,2,2],[1],[1,1,1,1,1,1,1,1,1,1],[1,1,1,1,1,1,1,1,1,1],[1,1,1,1,1,1,1,1,1],[1,1,1,1,1,1,1,1,1,1],[1,1,1,1,1,1,1,1],[1,1,1,1,1,1,1,1,1,1],[1],[1,1,1,1,1,1,1,1],[1,1,1,1,1,1,1],[1,1,1,1,1,1,1],[1,1,1,1,1],[1,1,1,1,1],[1,1,1,1,1],[1,1,1,1,1,1,1,1],[1,1,1,1,1,1,1,1,1],[1,1,1,1,1,1,1,1],[1,1,1,1,1,1],[1,1,1,1,1,1,1],[1,1,1,1,1,2,2],[1,1,1,1],[1,1,1,1,1,1,1],[1,1,1,1,1],[1,1,1,1,1,1,1,1,1,1],[1,1,1,1,1,1,1,1],[1,1,1],[1,1,1,1,1,1,1,1,1],[1,1,1,1,1,1,1,1,1,1,1,1],[1,1,1,1,1,1,1,2,2],[1,1,1,1,1,1,1,1],[1,1,1],[1,1,1,1,1,1,1],[1,1,1,1,1],[1,1,1,1,1,1,1],[1,1,1,1,1,1,1],[1,1,1,1,1],[1,1,1,1,1,1,1,1,1],[1,1,1],[1,1,1,1,1,1],[1],[1,1,1,1,1,1],[1,1,1,1,1,1],[1,1,1,1,1,1,1,1,1],[1,1,1,1,1],[1,1,1,2],[1,1,1,1,1],[1,1,1,1,1,1,1,1],[1,1,1,1],[1,1,1,1],[1,1,1,1,1,1],[1,1,1,1,1,2,1,1],[1,1,1,1,1,1,1],[1,1,1,1,1],[1,1,1,1],[1,1,1,1],[1,1,1,1,1,1,1,1],[1,1,1],[1,1,1,1,1],[1,1,1,1,1,1,1,1,1],[1,1,1,1,1,1,1,1],[1,1,1,1,1,1,1,1],[1,1,1,1,1,1,1],[1,1,1,1,1,1,1],[1,1,1,1],[1,1,1,1,1,2,2,1,1],[1,1,1,1,1,1,1,1,1,1],[1,1,1],[1,1,1,1],[1,1,1,1,1,1,1],[1,1,1,1],[1,1,1,1,1,1,1,1],[1,1,1,1,1,1],[1,1,1],[1,1,1,1,1,1,1,1,1],[1,1,1,1],[2,1],[1,1,1,1,1,1],[1,1,1,1,1,1,1,1],[1,1,1,1,1,1,1,1],[1,1,1,1,1,1,1,1,1,1],[1,1,1,1,1,1,1],[1,1,1,1,1],[1,1,1,1],[1,1,1],[1,1,1,1,1,1,1],[1,1,1,1,1,1],[1,1,1],[1,1,1,1,1,1,1,1,1,1,1],[1,1,1,1,1],[1,1,1],[1,1,1,1,1],[1,1,1,1,1],[1,1,1,1,1,1,1,1,1],[1,1,1,1,1,1,1,1,1,1,1,1],[1,1,1,1,1,1],[1,1,1,1,1],[1,1,1,1,1,1,1,1,1],[1,1,1,1,1],[1,1,1,1,1,1,1,1,1,1,1],[1,1,1,1],[1,1,1,1],[1,1,1,1],[1,1,1,1,1,1,1],[1,1,1],[1,1,1,2,2,2,1,1,1,1],[1,1,1,1,1,1,1],[1,1,1,1,1],[1,1,1],[1,1,1,1,1,1],[1,1,1,1,1],[1,1,1,1,1,1],[1,1,1,1,1,1],[1,1,1,1,1,1,1],[1,1,1,1,1,1,1,1,1],[1,1,1,1],[1,1,1,1],[1,1,1,1],[1,1,1,1],[1,1,1,1,1],[1,1,1,1],[1,1,1,1],[1,1,1,1],[1,1,1,1,1,1,1],[1,1,1,1,1,1,1],[1,1,1,1,1,1],[1,1,1,1,1,1],[1,1,1,1,1,1,1],[1,1,1],[1,1,1,1],[1,1,1,1,1],[1,1,1,1,1,1,1,1],[1,1,1,1],[1,1,1,1],[1,1,1,1,1,1,1,1],[1,1,1,1,1,1],[2,1,1],[1,1],[1,1],[1,1,1],[1,1,1],[1,1,1,1,1,1,1,1],[1,1,1,1,1,1,1],[1,1,1,1,1,1,1,1],[1,1,1],[1,1,1,1,1,1,1],[1,1,1,1],[1,1,1,1,1,2,2],[1,1,1,1],[1,1,1,1,1,1,1],[1,1,1,1],[1],[1],[1,1,1,1,1,1,1],[1,2,2,1,1,1,1,1,1],[1,1,1,1],[1,1,1,1,1,1],[1,1,1,1,1],[1,1,1,1,1,1,1],[1,1],[1,1,1,1,1,1,1],[1,1,1,1,1,1],[1,1,1,1],[1,1,1,1],[1,1],[1,1,1,1],[1,1,1,1,1],[1,1,1,1,1,1,1],[1,1,1,1],[1,1,1],[1,1,1,1,1,1,1],[1,1,1,1,1,1],[1,1,2,2,2],[1,1],[1,1,1,1,1,1,1,1,1,1],[1,1,1,1,1,1,1],[1,1],[1,1,1,1,1],[1,1,1,1,1],[1,1,1,1,1,1,1,1,1],[1,1,1],[1,1,1,1,1,1],[1,1,1],[1,1,1,1,1],[1,1,1,1],[1,1,1],[],[1,1,1,1,1],[1,1,1],[1],[1,1,1,1,1,1,1],[1,1,1,1,1,1,1,1,1],[1,1],[],[1,1,1,1,1],[1,1,1,1,1],[1,1,1],[1,1,1,1,1,1,1],[1],[1,1,1,1,1,1,1,1,1,1],[1,1],[1,1,1,1,1,1,1,1,1,1],[1,1,1,1],[1,1,1,1],[1,1,1,1],[1,1],[1,1,1,1,1],[1,1,1,1,1],[1,1],[1,1,1,1,1,1,1],[1,1,1,1],[1,1],[1,1,1,1],[1,1,1,1],[1,1,1,1],[1,1,1,1,1,1,1,1,1,1],[1,1,1,1,1],[1,1,1],[1,1,1,1,1,1,1],[1,1,1,1],[1],[1,1,1,1],[1,1,1,1],[],[1,1,1,1,1,1],[1,1,1,1,1],[1,1,1,1,1],[1,1],[1,1,1,1],[1,1,1,1,1],[1,1,1,1,1],[1,1,1,1,1,1],[1,1,1,1],[1,1,1],[1,1,1,1,1,1,1,1],[1,1,1,1],[1,1,1,1,1,1],[1,1,1,1,1,1],[1],[1,1,1],[1,1],[1,1],[1,1,1,1],[1],[1,1,1,1,1],[1,1,1,1],[1,1,1,1],[1,1],[1,1,1,1],[1,1,1,1],[1,1,1,1,1,1,1],[1,1,1,1,1,1,1,1,1,1,1],[1,1,1,1],[1,1],[1,1,1,1],[1],[1,1,1,1,1,1],[1,1,1],[1,1,1],[],[1,1],[1,1,1,1],[1,1,1,1],[1,1,1,1,1,1],[1],[1],[1,1,1],[1,1,1],[1],[1,1,1,1,1,1,1],[1],[1,1],[1,1,1,1],[1],[1,1],[1,1,1],[1,1,1],[1,1,1],[1],[1],[1,1],[1,1,1,1,1],[1,1,1,1,1,1,1],[1,1,1,1,1,1],[1,1],[1,1,1,1],[1,1,1],[1],[1,1],[1,1,1,1,1,1,1],[1],[1,1,1,1,1,1,1,1,1],[1,1,1],[1,1,1,1],[1,1,1,1,1,1],[1,1,1,1],[1,1,1,1,1],[1,1,1,1,1,1,1],[1,1],[1],[1,1,1,1,1,1],[1,1,1,1,1,1],[1,1,1],[1,1,1],[1,1,1,1,1],[1,1,1,1],[1,1,1,1],[1],[],[],[],[1,1,1,1,1,1,1],[1,1,1,1],[1,1],[1,1],[1,1],[1],[1,1,1],[1,1,1,1],[1],[1,1,1,1,1,1,1,1],[1,1,1,1,1,1],[1],[1,1,1],[1,1,1,1]];

processingTimesRunnables = [15,12,10,14,12,12,8,11,12,13,15,17,11,14,16,13,12,10,5,6,7,13,12,13,12,13,11,10,13,12,13,12,16,12,7,13,12,15,11,11,13,12,11,13,16,10,7,10,5,7,9,14,12,10,6,13,6,10,16,8,10,11,11,12,6,6,17,11,13,6,10,13,7,15,13,12,5,7,10,13,13,9,12,9,12,16,6,11,13,13,7,13,13,7,13,13,6,10,10,13,11,13,11,12,15,7,13,16,13,10,11,12,6,12,12,7,12,12,12,11,12,11,14,8,13,5,6,12,10,14,13,14,13,13,12,13,11,12,7,14,12,7,7,6,13,13,11,11,10,14,12,9,12,13,10,11,13,12,12,11,7,14,8,9,13,14,8,14,11,11,13,7,14,12,11,15,13,9,8,11,10,16,8,8,12,10,11,13,7,9,13,12,7,11,15,13,12,15,13,12,9,11,4,13,12,7,12,13,10,4,10,7,15,9,13,6,16,16,6,10,11,12,12,11,13,13,10,10,16,12,12,16,8,7,7,10,11,12,13,11,16,11,12,14,9,15,13,5,11,11,10,11,13,12,13,10,13,10,11,11,10,12,11,13,13,14,11,6,11,8,12,14,10,9,7,5,8,13,9,9,12,6,12,8,10,8,6,10,8,13,11,13,12,13,6,11,13,11,11,11,17,11,5,6,11,14,15,10,7,16,12,6,14,15,13,7,13,11,12,11,10,12,10,6,13,6,7,13,9,5,6,6,8,9,14,14,9,10,5,7,13,11,11,8,12,8,10,10,7,11,5,7,13,6,9,15,12,7,10,10,9,16,10,4,12,7,12,13,6,13,10,8,11,7,6,14,10,16,14,9,13,13,14,9,5,13,14,13,13,6,4,13,7,12,4,11,11,13,16,10,10,12,10,12,16,13,11,17,16,12,11,12,10,11,13,11,12,11,15,9,15,13,9,5,12,13,13,12,17,16,10,7,14,11,8,13,11,5,11,13,10,5,5,7,6,8,14,17,7,15,13,13,12,13,5,10,12,12,12,12,11,11,12,9,10,11,14,4,6,10,13,8,6,5,12,13,15,12,9,4,12,13,10,9,13,14,12,7,11,13,13,11,13,11,12,11,10,6,12,11];

periods = [10000,20000,20000,10000,100000,10000,20000,100000,100000,100000,10000,10000,10000,100000,10000,10000,100000,10000,20000,10000,100000,100000,10000,10000,10000,50000,20000,20000,20000,20000,20000,10000,100000,100000,20000,10000,20000,10000,100000,1000,100000,20000,20000,20000,10000,100000,20000,1000,100000,10000,10000,10000,10000,50000,100000,20000,10000,20000,1000,20000,20000,20000,1000,100000,10000,20000,10000,10000,10000,20000,50000,100000,20000,1000,2000,20000,100000,10000,20000,50000,100000,1000,10000,1000,100000,10000,20000,10000,20000,100000,100000,20000,20000,1000,20000,10000,10000,100000,5000,20000,100000,100000,100000,10000,20000,50000,100000,20000,100000,100000,10000,20000,100000,100000,100000,50000,100000,10000,5000,10000,100000,100000,10000,100000,10000,10000,100000,20000,10000,20000,20000,10000,100000,2000,20000,100000,10000,10000,100000,10000,20000,1000,10000,1000,10000,10000,10000,20000,10000,100000,10000,20000,20000,100000,10000,20000,100000,100000,100000,20000,10000,1000,100000,100000,10000,100000,100000,100000,20000,20000,10000,2000,10000,10000,10000,100000,20000,20000,10000,10000,10000,10000,100000,20000,20000,20000,5000,10000,10000,10000,20000,10000,10000,20000,20000,20000,100000,100000,20000,10000,20000,10000,100000,5000,20000,20000,20000,10000,100000,100000,20000,100000,20000,100000,100000,100000,10000,100000,5000,100000,10000,100000,20000,20000,5000,10000,100000,100000,2000,20000,10000,100000,20000,20000,50000,50000,100000,10000,100000,1000,100000,20000,10000,10000,10000,100000,100000,100000,10000,10000,100000,2000,5000,10000,20000,50000,5000,20000,20000,10000,20000,100000,100000,20000,20000,20000,10000,10000,100000,100000,10000,10000,10000,20000,10000,10000,20000,100000,100000,10000,20000,100000,20000,10000,10000,100000,100000,20000,50000,10000,50000,20000,20000,20000,20000,100000,100000,100000,20000,10000,20000,50000,10000,100000,100000,50000,10000,20000,20000,50000,10000,20000,5000,10000,100000,20000,10000,100000,10000,10000,20000,20000,20000,100000,20000,100000,10000,20000,100000,10000,10000,100000,10000,100000,100000,2000,20000,20000,10000,100000,20000,100000,10000,100000,100000,10000,10000,10000,100000,100000,100000,100000,20000,10000,100000,20000,10000,20000,100000,10000,100000,20000,100000,2000,10000,10000,10000,100000,20000,20000,100000,10000,100000,10000,10000,10000,100000,10000,10000,100000,20000,1000,20000,100000,10000,20000,20000,10000,10000,100000,10000,20000,20000,20000,10000,100000,10000,100000,20000,20000,10000,20000,100000,20000,100000,10000,20000,10000,100000,10000,100000,20000,10000,10000,20000,10000,20000,100000,100000,20000,100000,10000,100000,10000,10000,20000,10000,20000,20000,100000,10000,10000,20000,100000,10000,10000,10000,10000,20000,10000,10000,100000,10000,10000,20000,100000,10000,1000,100000,100000,50000,50000,10000,10000,10000,20000,10000,100000,100000,100000,100000,100000,50000,20000,100000,20000,20000,20000,20000,5000,100000,100000,10000,10000,10000,10000,100000,20000,100000,100000,20000,20000,20000,10000,100000,100000,5000,10000,100000,10000,20000,50000,100000,20000,100000,2000,50000,100000,10000,10000];

communicationTimeForOrderCriticalMessages = [1,1,1,1,1,1,1,1,1,1,1,1,1,1,1,1,1,1,1,1,1,1,1,1,1,1,1,1,1,1,1,1,1,1,1,1,1,1,1,1,1,1,1,1,1,1,1,1,1,1,1,1,1,1,1,1,1,1,1,1,1,1,1,1,1,1,1,1,2,1,1,1,1,1,1,2,1,1,1,1,1,1,1,1,1,1,1,1,1,1,1,1,1,1,1,1,1,1,1,1,1,1,1,1,1,1,1,1,1,1,1,1,1,1,1,1,1,1,1,1,1,1,1,1,1,1,1,1,1,1,1,1,1,1,1,1,1,1,1,1,1,1,1];

sizeOfRunnables = [1443,1128,968,1355,1185,1163,718,1038,1135,1240,1453,1610,1028,1365,1583,1268,1178,940,423,563,698,1255,1195,1230,1160,1220,1020,975,1225,1105,1283,1140,1593,1180,683,1225,1110,1458,1075,1098,1240,1103,1088,1203,1573,983,698,990,423,625,828,1340,1173,975,565,1283,533,990,1583,790,998,1060,1058,1105,600,558,1610,1015,1233,558,998,1240,658,1438,1218,1178,463,633,970,1253,1263,845,1150,820,1173,1530,588,1088,1263,1223,635,1208,1203,653,1215,1298,518,998,940,1203,1075,1223,1075,1183,1470,640,1270,1555,1248,998,1088,1105,570,1140,1188,638,1163,1183,1143,1065,1133,1030,1378,798,1248,415,588,1150,998,1383,1293,1388,1245,1275,1178,1270,1005,1158,678,1308,1118,685,618,593,1208,1223,1088,1088,970,1365,1103,873,1178,1238,970,1030,1208,1120,1185,1035,610,1393,728,878,1268,1333,730,1328,1035,1095,1210,683,1308,1148,1065,1433,1263,803,715,1060,945,1568,705,713,1155,940,1015,1253,640,850,1233,1173,630,1058,1410,1208,1140,1415,1275,1163,810,1023,375,1270,1113,625,1170,1263,990,393,990,618,1453,833,1290,570,1593,1503,513,983,1028,1150,1200,1065,1275,1240,948,998,1523,1163,1118,1595,795,683,670,993,1058,1150,1210,1088,1593,1030,1133,1308,900,1485,1258,465,1090,1050,918,1075,1253,1135,1300,908,1275,975,1060,1065,915,1133,1008,1295,1218,1393,1015,593,1065,795,1125,1398,993,885,700,443,788,1243,900,858,1193,513,1183,710,998,773,505,998,783,1255,1080,1225,1135,1203,588,1068,1298,1035,1045,1068,1605,1075,468,588,1035,1393,1438,938,603,1523,1200,525,1318,1458,1210,678,1298,1020,1178,1035,948,1128,940,565,1290,503,700,1285,833,460,525,580,723,835,1350,1328,835,923,430,678,1255,1030,1058,720,1118,780,960,948,668,1068,413,618,1300,593,848,1433,1105,673,945,978,893,1595,993,393,1185,695,1160,1230,550,1210,953,793,1083,633,588,1350,970,1545,1400,895,1233,1248,1383,840,438,1300,1345,1233,1283,543,383,1233,693,1103,383,1060,1030,1293,1523,963,978,1193,975,1193,1508,1275,1065,1615,1535,1185,1023,1113,918,1073,1218,1088,1148,1065,1425,885,1410,1270,843,453,1173,1215,1285,1143,1610,1560,933,670,1323,1038,753,1233,1058,498,1013,1240,968,475,420,685,520,713,1345,1605,670,1438,1278,1300,1195,1210,473,978,1110,1140,1193,1193,1063,1035,1105,895,925,1090,1355,383,565,970,1300,723,588,428,1120,1253,1410,1170,803,378,1110,1263,1000,840,1275,1328,1105,660,1065,1233,1235,1075,1285,1015,1170,1005,970,523,1125,1043];

SenderLabelReceiverOrderCriticalChains = [[157,1752,0,0,127],[127,371,0,0,102],[102,2974,0,0,495],[495,2927,0,0,246],[85,854,0,0,109],[109,3242,0,0,342],[342,361,0,0,139],[210,3442,0,0,297],[297,1650,0,0,176],[69,1771,0,0,314],[314,48,0,0,260],[260,1910,2496,0,290],[290,897,0,0,217],[303,323,0,0,200],[200,1186,0,0,11],[170,2627,0,0,295],[295,2148,0,0,274],[274,2524,0,0,356],[3,2773,0,0,281],[281,2050,0,0,152],[152,2789,0,0,393],[453,2225,0,0,24],[24,1609,0,0,123],[123,526,0,0,457],[457,1470,0,0,149],[19,2172,0,0,92],[92,288,0,0,322],[404,1784,0,0,428],[428,278,0,0,7],[7,2335,0,0,312],[405,854,0,0,41],[41,83,0,0,209],[276,2178,0,0,476],[476,2952,0,0,146],[146,2045,0,0,331],[336,17,0,0,496],[496,915,0,0,172],[172,2033,0,0,364],[430,3786,0,0,340],[340,1535,0,0,335],[335,1066,0,0,103],[178,1321,0,0,328],[328,429,0,0,370],[370,1232,0,0,224],[147,2616,0,0,96],[96,3286,0,0,36],[481,2024,0,0,242],[242,1577,0,0,206],[206,2238,0,0,108],[108,212,0,0,66],[291,2789,0,0,289],[289,991,0,0,492],[334,2620,0,0,462],[462,1662,0,0,5],[5,2749,0,0,263],[469,217,0,0,255],[255,2603,0,0,35],[35,812,0,0,259],[259,3693,0,0,362],[62,2082,0,0,383],[383,2328,0,0,19],[467,3475,0,0,195],[195,2507,0,0,312],[230,3833,0,0,255],[255,39,0,0,466],[321,184,0,0,383],[383,1538,0,0,456],[456,279,0,0,288],[227,3491,0,0,41],[41,433,0,0,419],[46,3273,0,0,168],[168,3911,0,0,122],[294,3938,0,0,196],[196,917,0,0,89],[89,2686,0,0,28],[28,2867,0,0,56],[75,3166,0,0,229],[229,1878,0,0,496],[240,3811,0,0,74],[74,3062,0,0,48],[48,1891,0,0,84],[201,3596,0,0,337],[337,672,0,0,130],[130,1139,0,0,60],[144,93,2372,0,63],[63,3271,0,0,240],[240,872,0,0,59],[59,3523,0,0,94],[83,3106,0,0,330],[330,3969,0,0,378],[378,2425,0,0,249],[73,2965,0,0,211],[211,612,0,0,383],[383,384,1236,0,381],[394,2904,0,0,177],[177,2314,0,0,92],[256,2936,0,0,116],[116,2432,0,0,306],[306,3977,0,0,26],[431,2921,0,0,500],[500,566,0,0,339],[265,1405,0,0,195],[195,628,0,0,392],[392,1221,0,0,2],[343,1015,0,0,208],[208,1510,0,0,378],[378,3869,0,0,447],[298,2631,0,0,351],[351,420,0,0,251],[251,173,0,0,228],[228,171,0,0,334],[233,2465,0,0,37],[37,1347,0,0,328],[376,1563,0,0,307],[307,3475,0,0,378],[378,2761,0,0,424],[247,3482,0,0,222],[222,1395,0,0,278],[278,787,0,0,168],[168,1493,0,0,498],[239,1354,0,0,85],[85,144,0,0,113],[113,1428,0,0,210],[210,2326,0,0,450],[412,2327,0,0,62],[62,2811,0,0,234],[234,2645,0,0,76],[106,362,0,0,497],[497,1442,0,0,463],[463,1723,0,0,71],[71,610,0,0,291],[79,2442,0,0,433],[433,1565,0,0,261],[261,1178,0,0,483],[58,3091,0,0,394],[394,3226,0,0,191],[398,3447,0,0,472],[472,3340,0,0,203],[277,3374,0,0,108],[108,287,0,0,439],[49,1573,0,0,459],[459,2779,0,0,384],[384,3924,0,0,41]];

SenderLabelReceiverNonOrderCriticalChains = [[1,690,293],[1,690,280],[1,703,443],[1,703,201],[1,758,399],[1,1507,4],[1,2780,379],[2,1167,3],[2,1167,268],[2,1933,26],[2,2227,105],[3,499,100],[3,818,55],[3,818,413],[3,1234,283],[3,1234,334],[3,1234,101],[3,1452,468],[3,1452,186],[3,1452,451],[3,2773,281],[3,3108,7],[3,3991,129],[4,1065,52],[4,1962,250],[4,1962,82],[4,1962,314],[4,2034,346],[4,2218,117],[4,2756,232],[4,3473,6],[4,3473,455],[5,1889,396],[5,2749,263],[5,3354,411],[5,3354,269],[5,3604,8],[5,3643,414],[5,3643,216],[5,3972,90],[5,3972,189],[6,304,378],[6,304,291],[6,528,138],[6,528,327],[6,528,336],[6,528,85],[6,1034,362],[6,1034,420],[6,1878,50],[6,1878,496],[6,3676,445],[7,1579,4],[7,1579,75],[7,1579,264],[7,2136,481],[7,2136,214],[7,2335,312],[8,1332,394],[8,1332,106],[8,1332,500],[8,1934,493],[8,1934,265],[8,2000,26],[8,2200,495],[8,2900,157],[8,3985,9],[9,1370,10],[9,2121,352],[9,2245,94],[9,3110,198],[9,3395,344],[10,510,14],[10,510,260],[10,711,489],[10,912,492],[10,1769,58],[10,1769,117],[10,1769,54],[10,3512,188],[10,3512,33],[10,3512,143],[10,3979,390],[11,227,93],[11,227,368],[11,1598,217],[11,2467,291],[11,2833,16],[11,2960,155],[11,2960,437],[11,3872,130],[11,3872,328],[12,631,15],[12,1178,198],[12,1178,360],[12,1178,483],[12,3693,51],[12,3693,362],[13,210,361],[13,509,184],[13,1392,189],[13,1653,391],[13,1941,7],[13,2947,173],[13,2975,18],[13,2975,133],[13,3577,400],[14,1167,3],[14,1167,268],[14,2325,55],[14,2384,167],[14,2640,395],[14,2753,478],[14,2753,420],[14,2753,1],[14,3243,478],[14,3451,417],[14,3451,21],[14,3451,351],[15,85,424],[15,2695,442],[15,2695,320],[15,2695,87],[15,2851,473],[15,2851,172],[15,3142,497],[15,3632,18],[16,907,71],[16,907,368],[16,1536,25],[16,1805,219],[16,2677,32],[16,3228,431],[17,752,405],[17,1561,21],[17,2173,150],[17,2173,440],[17,3019,81],[17,3661,53],[18,1168,429],[18,1324,307],[18,1324,68],[18,1814,45],[18,3109,280],[18,3232,265],[18,3851,58],[19,391,28],[19,710,434],[19,2172,92],[19,2355,345],[19,3530,491],[20,335,343],[20,1719,207],[20,1730,202],[20,3151,272],[20,3341,16],[20,3341,428],[20,3433,378],[20,3498,254],[20,3498,24],[20,3978,245],[21,325,324],[21,325,249],[21,1744,380],[21,1744,173],[21,2480,423],[21,2753,478],[21,2753,420],[21,2753,1],[21,3096,22],[22,151,304],[22,1510,378],[22,1510,220],[22,2969,461],[22,2969,310],[22,3427,107],[23,81,319],[23,224,84],[23,1798,416],[23,2511,45],[23,3257,182],[24,64,328],[24,1349,221],[24,1490,327],[24,1490,422],[24,1609,123],[24,2255,25],[24,2310,212],[24,2310,226],[25,278,488],[25,278,7],[25,339,291],[25,1295,36],[25,1744,380],[25,1744,173],[25,1954,222],[25,2837,17],[25,2837,37],[26,442,444],[26,1977,54],[27,66,215],[27,66,309],[27,721,37],[27,721,284],[27,1498,153],[27,1760,415],[27,1760,230],[27,2535,252],[27,2535,151],[27,3248,91],[27,3248,476],[27,3773,407],[27,3847,168],[28,1428,210],[28,1428,261],[28,2867,56],[28,3605,253],[28,3605,29],[29,99,214],[29,99,259],[29,967,474],[29,1605,336],[29,1960,215],[29,1960,361],[29,3192,34],[29,3353,79],[30,1245,31],[30,1258,73],[30,1961,328],[30,2409,270],[30,2534,42],[30,3422,22],[31,519,78],[31,519,224],[31,800,313],[31,800,43],[31,2061,53],[31,2061,444],[31,3029,387],[31,3029,473],[31,3840,299],[32,521,403],[32,2142,425],[32,2142,159],[32,2260,440],[32,2835,365],[32,3593,173],[32,3593,226],[32,3772,414],[32,3772,132],[33,2395,282],[33,2395,39],[33,2637,168],[33,2737,163],[33,3410,171],[33,3611,41],[34,1622,431],[34,3085,297],[34,3285,133],[35,188,62],[35,812,259],[35,1152,233],[35,1982,89],[35,2278,62],[35,2875,34],[35,2875,450],[36,12,70],[36,107,203],[36,2162,401],[36,2162,435],[36,2162,224],[36,3593,173],[36,3593,226],[36,3607,69],[36,3630,148],[37,4,229],[37,470,417],[37,1347,328],[37,1777,42],[37,2219,491],[38,168,94],[38,168,281],[38,332,261],[38,332,86],[38,554,53],[38,554,87],[38,1811,180],[38,3171,231],[38,3785,335],[38,3785,189],[38,3803,326],[38,3803,440],[39,1290,124],[39,1351,405],[39,1351,424],[39,2354,2],[39,2549,72],[39,2622,468],[39,3598,319],[39,3598,184],[40,74,296],[40,143,142],[40,185,48],[40,1871,53],[40,1871,142],[40,3034,43],[40,3269,48],[40,3824,82],[41,83,209],[41,433,419],[41,3536,345],[42,279,43],[42,279,288],[42,2035,169],[42,2444,358],[42,3340,203],[42,3340,170],[42,3500,322],[43,375,180],[43,1171,261],[43,3122,469],[44,219,308],[44,543,466],[44,1204,91],[44,1624,431],[44,2233,362],[44,2233,305],[44,3888,178],[45,1042,148],[45,1042,412],[45,1775,339],[45,1923,214],[45,1923,87],[45,2126,360],[45,2126,50],[45,3616,474],[46,104,77],[46,1090,248],[46,1178,198],[46,1178,360],[46,1178,483],[46,1309,265],[46,2156,462],[46,2620,495],[46,2620,462],[46,3273,168],[46,3273,481],[47,214,462],[47,327,32],[47,383,394],[47,1148,443],[47,1410,61],[47,1410,250],[47,2247,184],[47,3528,6],[48,176,59],[48,1391,368],[48,1891,84],[48,1905,15],[48,2275,295],[48,2275,82],[49,8,396],[49,146,90],[49,1573,459],[49,3470,349],[49,3537,315],[49,3537,72],[49,3810,371],[49,3858,227],[49,3858,350],[49,3858,105],[50,160,57],[50,160,372],[50,730,164],[50,837,221],[50,837,330],[50,837,329],[50,837,469],[50,1087,438],[50,2569,86],[50,3045,97],[51,80,96],[51,915,76],[51,915,172],[51,915,454],[51,915,174],[51,2139,279],[51,2944,462],[51,3806,83],[52,32,386],[52,353,192],[52,1189,228],[52,2204,53],[52,2382,494],[52,3443,414],[52,3877,406],[52,3877,348],[53,2978,65],[54,679,106],[54,1766,22],[55,498,197],[55,498,177],[55,2197,228],[55,2695,442],[55,2695,320],[55,2695,87],[55,2718,496],[55,3538,365],[55,3636,251],[55,3636,263],[56,1469,223],[56,1752,316],[56,1752,127],[56,1752,464],[56,2980,76],[57,761,88],[57,2068,365],[57,2191,64],[57,3357,226],[57,3357,369],[57,3561,380],[57,3561,284],[57,3561,493],[57,3804,56],[58,500,306],[58,1424,314],[58,1424,61],[58,1963,182],[58,1963,463],[58,2659,133],[58,2765,454],[58,2765,207],[58,3091,394],[59,3280,28],[59,3280,140],[59,3434,63],[59,3523,94],[59,3646,479],[59,3748,63],[60,744,293],[60,744,436],[60,744,375],[60,1237,153],[60,1237,239],[60,1237,186],[60,1294,65],[60,1294,199],[60,1324,307],[60,1324,68],[60,2504,309],[60,2696,266],[60,2696,66],[61,847,73],[61,2287,246],[61,2287,264],[61,2576,233],[61,2625,428],[61,2794,317],[61,2794,483],[62,2028,128],[62,2082,124],[62,2082,383],[62,2811,234],[63,867,89],[63,1769,58],[63,1769,117],[63,1769,54],[63,1962,250],[63,1962,82],[63,1962,314],[63,2372,144],[63,3271,240],[64,1013,101],[64,1238,257],[64,2008,335],[64,2008,355],[64,2287,246],[64,2287,264],[64,2629,214],[64,2796,109],[65,2142,425],[65,2142,159],[65,2327,62],[65,2327,251],[65,3307,101],[65,3307,146],[66,3011,371],[66,3477,77],[66,3673,386],[66,3673,495],[67,329,138],[67,1253,221],[67,2100,88],[67,2497,352],[67,3161,258],[67,3161,325],[67,3161,179],[67,3196,10],[67,3196,104],[68,47,280],[68,47,393],[68,311,434],[68,666,356],[68,666,125],[68,1342,126],[68,1780,97],[68,3199,173],[68,3720,436],[68,3720,43],[69,198,165],[69,505,72],[69,1366,258],[69,1771,314],[69,2721,188],[69,2862,140],[70,744,293],[70,744,436],[70,744,375],[70,1018,156],[70,1638,224],[70,1995,439],[70,3715,177],[71,610,291],[71,1075,403],[71,1304,243],[71,1304,232],[71,1304,369],[71,1515,289],[71,1515,483],[71,1803,235],[72,338,114],[72,338,343],[72,1927,314],[72,3691,220],[72,3691,419],[73,2458,134],[73,2551,412],[73,2965,211],[73,3237,369],[73,3679,482],[73,3872,130],[73,3872,328],[74,770,335],[74,770,450],[74,770,82],[74,1426,82],[74,2154,151],[74,2154,417],[74,3062,48],[74,3351,202],[74,3371,216],[75,190,134],[75,2162,401],[75,2162,435],[75,2162,224],[75,2667,252],[75,2704,364],[75,3166,229],[75,3886,364],[76,2066,108],[76,2652,373],[76,2652,386],[76,3007,417],[76,3284,174],[76,3883,322],[76,3883,495],[77,1157,377],[77,2348,90],[77,3415,142],[77,3415,418],[78,926,463],[78,1820,151],[78,1820,185],[78,2431,174],[78,3196,10],[78,3196,104],[78,3757,189],[78,3757,258],[79,2442,433],[79,2624,224],[79,3319,338],[79,3862,344],[80,244,291],[80,410,482],[80,668,236],[80,1106,60],[80,1791,315],[80,1791,488],[80,2473,116],[81,770,335],[81,770,450],[81,770,82],[81,1815,467],[81,1815,97],[81,1815,326],[81,2591,486],[81,3103,449],[81,3278,98],[81,3307,101],[81,3307,146],[81,3720,436],[81,3720,43],[82,302,84],[82,1221,2],[82,1221,144],[82,3940,101],[83,2720,132],[83,3106,330],[83,3531,425],[84,168,94],[84,168,281],[84,1060,256],[84,2398,342],[84,2398,259],[84,3517,17],[85,144,113],[85,854,109],[85,854,328],[85,854,355],[85,854,41],[85,892,352],[85,2328,188],[85,2328,461],[85,2328,19],[85,3613,242],[85,3613,111],[86,160,57],[86,160,372],[86,780,181],[86,2535,252],[86,2535,151],[86,3335,498],[86,3364,411],[87,159,100],[87,178,364],[87,178,108],[87,178,418],[87,425,184],[87,1217,483],[87,2312,292],[88,1067,384],[88,1067,238],[88,1180,274],[88,1500,249],[88,1579,4],[88,1579,75],[88,1579,264],[88,1582,410],[88,2897,439],[89,1513,224],[89,1513,112],[89,1533,152],[89,2686,28],[89,2686,415],[89,2856,118],[90,69,140],[90,199,479],[90,3541,133],[90,3588,283],[90,3588,252],[91,371,28],[91,371,102],[91,1111,435],[91,1919,495],[91,2478,102],[91,3858,227],[91,3858,350],[91,3858,105],[91,3925,465],[91,3925,16],[92,288,322],[92,844,97],[92,983,495],[92,983,185],[92,1733,478],[93,498,197],[93,498,177],[93,577,471],[93,925,234],[93,3161,258],[93,3161,325],[93,3161,179],[94,392,142],[94,898,7],[94,1652,191],[95,409,148],[95,409,167],[95,409,309],[95,1847,483],[95,3416,302],[95,3416,362],[96,82,245],[96,82,361],[96,1244,285],[96,1244,138],[96,3093,374],[96,3161,258],[96,3161,325],[96,3161,179],[96,3286,36],[96,3286,231],[97,803,104],[98,450,115],[98,1592,220],[98,1736,216],[98,2864,65],[98,2864,331],[98,3298,437],[98,3522,449],[99,287,439],[99,287,93],[99,2555,62],[99,3668,498],[99,3966,84],[99,3966,139],[100,326,205],[100,1530,265],[100,2011,294],[100,3515,151],[101,103,391],[101,983,495],[101,983,185],[101,1026,154],[101,1026,107],[101,3832,304],[102,456,286],[102,2974,495],[102,3224,122],[102,3680,298],[103,579,110],[103,695,446],[103,2425,249],[103,2425,262],[103,2848,292],[103,2871,249],[104,108,99],[104,563,145],[104,563,486],[104,1256,460],[104,1256,190],[104,3566,327],[104,3598,319],[104,3598,184],[105,863,286],[105,1120,218],[105,1174,474],[105,1174,356],[105,1468,141],[105,2243,160],[105,2690,496],[105,2690,209],[106,362,154],[106,362,497],[106,1045,302],[106,1045,95],[106,1045,500],[106,1062,171],[106,2671,276],[106,2671,479],[106,2869,116],[106,3984,463],[107,627,282],[107,911,449],[107,2326,79],[107,2326,153],[107,2326,450],[107,3067,468],[108,150,128],[108,150,208],[108,150,473],[108,212,66],[108,287,439],[108,287,93],[108,1820,151],[108,1820,185],[109,180,139],[109,2132,318],[109,2304,135],[109,2304,430],[109,2663,210],[109,3242,342],[109,3435,399],[109,3435,376],[110,1700,338],[110,1757,489],[110,2792,121],[110,3327,462],[110,3327,144],[110,3357,226],[110,3357,369],[111,461,177],[111,1219,70],[111,1410,61],[111,1410,250],[111,2305,349],[111,2328,188],[111,2328,461],[111,2328,19],[111,2855,407],[112,559,41],[112,669,393],[112,883,341],[112,984,356],[112,984,413],[112,2025,185],[112,3733,429],[112,3815,176],[112,3815,403],[112,3815,199],[112,3815,279],[113,131,493],[113,1074,253],[113,1428,210],[113,1428,261],[113,1691,419],[113,1947,414],[113,1947,472],[113,3467,409],[114,583,347],[114,918,489],[114,918,328],[114,1105,54],[114,1369,75],[114,2868,326],[114,3026,139],[115,66,215],[115,66,309],[115,2009,419],[115,2009,485],[115,2082,124],[115,2082,383],[115,2767,287],[116,265,271],[116,1334,431],[116,1880,451],[116,2432,306],[117,1045,302],[117,1045,95],[117,1045,500],[117,1458,403],[117,2451,156],[117,3030,401],[117,3030,340],[117,3526,6],[117,3526,396],[118,362,154],[118,362,497],[118,745,66],[118,1212,21],[118,2779,384],[118,2779,456],[118,3567,9],[118,3768,161],[118,3849,268],[119,1035,79],[119,1243,257],[119,2115,219],[119,2503,169],[119,2503,225],[119,2696,266],[119,2696,66],[119,3401,306],[120,868,313],[120,901,397],[120,923,441],[120,1546,144],[120,2173,150],[120,2173,440],[120,2769,358],[120,2875,34],[120,2875,450],[121,409,148],[121,409,167],[121,409,309],[121,815,349],[121,815,426],[121,815,460],[121,1299,216],[121,2154,151],[121,2154,417],[121,2794,317],[121,2794,483],[122,527,95],[122,1452,468],[122,1452,186],[122,1452,451],[122,1713,243],[122,2093,127],[122,3323,398],[123,526,457],[123,1545,131],[123,1817,347],[123,1817,300],[123,2141,30],[123,2141,226],[124,206,444],[124,206,457],[124,994,416],[124,994,329],[124,1688,243],[124,2316,136],[124,2501,419],[125,365,5],[125,365,67],[125,528,138],[125,528,327],[125,528,336],[125,528,85],[125,1234,283],[125,1234,334],[125,1234,101],[125,1789,340],[125,2806,347],[125,3785,335],[125,3785,189],[126,385,129],[126,2303,200],[126,3046,221],[127,371,28],[127,371,102],[127,445,179],[127,2067,390],[127,2543,384],[127,2543,389],[128,439,90],[128,1741,185],[128,1869,201],[128,3073,194],[128,3723,316],[129,510,14],[129,510,260],[129,685,145],[129,1887,463],[129,2477,294],[129,3176,464],[129,3483,454],[130,1139,344],[130,1139,60],[130,1463,293],[130,1980,113],[130,2162,401],[130,2162,435],[130,2162,224],[130,2880,195],[130,3936,26],[130,3936,406],[131,2013,15],[131,2110,206],[131,2110,313],[131,3001,196],[131,3341,16],[131,3341,428],[131,3512,188],[131,3512,33],[131,3512,143],[132,243,149],[132,243,438],[132,301,49],[132,3347,275],[132,3347,194],[132,3347,339],[132,3643,414],[132,3643,216],[133,1945,98],[133,1945,157],[133,2024,242],[133,2024,163],[133,3853,212],[134,528,138],[134,528,327],[134,528,336],[134,528,85],[134,874,323],[134,874,336],[134,2224,305],[134,2851,473],[134,2851,172],[135,1406,162],[135,1406,144],[135,1406,80],[135,1420,445],[135,2398,342],[135,2398,259],[135,2509,346],[136,164,158],[136,370,283],[136,802,30],[136,802,167],[136,957,434],[136,3205,147],[137,87,174],[137,851,372],[137,1185,202],[137,1185,305],[137,1185,233],[137,2319,367],[137,2319,388],[137,2517,260],[137,2731,179],[137,2950,437],[137,2950,419],[138,990,339],[138,2157,147],[138,2157,321],[138,2997,413],[138,2997,278],[138,3689,140],[139,776,246],[139,1449,470],[139,1449,460],[139,2736,438],[140,1099,281],[140,1485,145],[140,1615,294],[140,1615,475],[140,1615,388],[140,1858,474],[140,1858,443],[141,428,440],[141,1047,392],[141,1343,358],[141,1386,136],[141,2932,387],[141,2992,258],[141,2992,423],[142,1406,162],[142,1406,144],[142,1406,80],[142,1482,162],[142,1783,23],[143,1293,133],[143,2099,397],[143,2399,190],[143,2586,280],[143,2661,119],[143,2661,441],[143,3435,399],[143,3435,376],[144,93,63],[144,2795,214],[144,3112,240],[145,145,243],[145,1158,157],[145,1158,72],[145,1237,153],[145,1237,239],[145,1237,186],[145,1291,484],[146,570,149],[146,837,221],[146,837,330],[146,837,329],[146,837,469],[146,1211,499],[146,1211,184],[146,2045,331],[146,2854,292],[147,1603,446],[147,2616,96],[147,3683,354],[147,3878,347],[148,5,393],[148,3537,315],[148,3537,72],[149,518,276],[149,597,174],[149,3209,266],[149,3458,29],[150,1045,302],[150,1045,95],[150,1045,500],[150,2002,313],[150,3104,247],[150,3774,384],[151,1067,384],[151,1067,238],[151,1200,285],[151,1200,103],[151,3043,453],[151,3043,360],[152,35,184],[152,917,89],[152,917,160],[152,917,289],[152,1305,102],[152,2503,169],[152,2503,225],[152,2789,393],[152,2789,289],[152,2799,314],[153,2536,381],[153,2837,17],[153,2837,37],[153,3183,486],[153,3974,196],[154,2157,147],[154,2157,321],[154,2236,123],[154,3484,414],[154,3484,248],[155,1534,484],[155,1581,374],[155,2439,160],[155,2599,348],[155,2599,367],[155,3350,414],[155,3350,479],[155,3350,360],[155,3445,154],[155,3445,486],[155,3552,453],[156,272,482],[156,272,260],[156,557,456],[156,3003,97],[156,3003,199],[156,3626,456],[156,3660,449],[156,3660,433],[157,220,480],[157,220,159],[157,1752,316],[157,1752,127],[157,1752,464],[157,2863,349],[157,3252,62],[157,3480,251],[158,907,71],[158,907,368],[158,1368,443],[158,3006,259],[158,3165,380],[159,36,361],[159,2020,332],[159,2131,166],[160,53,210],[160,53,404],[160,1116,483],[160,1332,394],[160,1332,106],[160,1332,500],[160,2101,99],[161,607,476],[161,2209,320],[161,2310,212],[161,2310,226],[161,3216,165],[161,3877,406],[161,3877,348],[162,1686,240],[162,2211,240],[162,2401,382],[162,2977,382],[162,3003,97],[162,3003,199],[163,367,462],[163,773,499],[163,773,216],[163,1010,147],[163,1185,202],[163,1185,305],[163,1185,233],[163,2607,345],[164,537,442],[164,688,216],[164,1095,237],[164,1697,485],[164,2075,197],[164,3222,28],[165,404,327],[165,538,284],[165,1616,231],[165,1843,1],[165,1843,488],[165,3801,447],[165,3801,159],[166,101,164],[166,101,168],[166,910,450],[166,1797,481],[166,2015,421],[166,3726,447],[167,175,177],[167,1620,421],[167,2133,120],[167,2959,315],[168,1493,498],[168,1493,295],[168,1493,141],[168,2819,26],[168,2819,358],[168,3911,122],[169,431,51],[169,2872,316],[169,3815,176],[169,3815,403],[169,3815,199],[169,3815,279],[169,3900,196],[170,338,114],[170,338,343],[170,556,306],[170,556,473],[170,927,484],[170,1080,236],[170,1926,177],[170,2163,166],[170,2627,295],[171,351,192],[171,405,482],[171,1021,65],[171,1021,354],[171,1516,421],[171,1837,308],[171,1962,250],[171,1962,82],[171,1962,314],[172,1826,252],[172,1975,309],[172,2033,364],[172,2386,386],[172,2386,65],[172,2519,237],[172,2519,149],[172,2519,470],[172,3456,17],[172,3456,303],[173,254,300],[173,1304,243],[173,1304,232],[173,1304,369],[173,3229,175],[174,1330,175],[174,2339,77],[174,2339,475],[174,2918,110],[175,150,128],[175,150,208],[175,150,473],[175,1033,193],[175,1203,263],[175,1211,499],[175,1211,184],[175,1230,276],[175,1230,424],[175,1559,376],[175,1559,137],[176,293,459],[176,1559,376],[176,1559,137],[176,2665,43],[176,2665,284],[176,2728,433],[176,3932,335],[176,3932,399],[177,2314,92],[178,443,104],[178,443,369],[178,987,230],[178,1321,328],[178,1577,226],[178,1577,206],[178,1808,259],[178,1858,474],[178,1858,443],[178,2085,150],[179,178,364],[179,178,108],[179,178,418],[179,748,182],[179,748,426],[179,748,390],[179,748,321],[179,2343,444],[179,2967,455],[179,3159,262],[180,641,440],[180,2130,271],[180,2130,340],[180,2690,496],[180,2690,209],[180,2859,303],[180,3960,223],[180,3960,427],[180,3960,488],[181,1351,405],[181,1351,424],[181,1384,202],[181,2942,429],[181,2942,379],[181,2948,449],[181,2948,244],[181,3327,462],[181,3327,144],[181,3701,348],[182,837,221],[182,837,330],[182,837,329],[182,837,469],[182,1433,366],[182,1617,190],[182,1817,347],[182,1817,300],[183,454,195],[183,455,297],[183,455,287],[183,1416,384],[183,1493,498],[183,1493,295],[183,1493,141],[183,1551,42],[183,1551,392],[183,1932,479],[184,580,12],[185,533,34],[185,533,53],[185,815,349],[185,815,426],[185,815,460],[185,1200,285],[185,1200,103],[185,2040,38],[186,854,109],[186,854,328],[186,854,355],[186,854,41],[186,2906,262],[186,3469,409],[186,3469,366],[187,239,225],[187,895,116],[187,1606,482],[187,1646,45],[187,2917,166],[187,2917,35],[187,3146,204],[188,3134,351],[188,3757,189],[188,3757,258],[188,3808,148],[188,3865,352],[189,949,272],[189,1424,314],[189,1424,61],[189,1461,400],[189,2612,267],[190,388,150],[190,388,338],[190,766,405],[190,880,193],[190,2373,395],[191,779,415],[191,1282,114],[191,3322,211],[191,3347,275],[191,3347,194],[191,3347,339],[191,3613,242],[191,3613,111],[192,528,138],[192,528,327],[192,528,336],[192,528,85],[192,743,357],[192,2014,424],[192,2717,135],[192,3565,239],[192,3565,426],[193,1303,284],[193,1486,499],[193,1848,272],[193,2572,217],[193,2572,364],[193,3043,453],[193,3043,360],[193,3356,297],[194,215,262],[194,971,452],[194,1034,362],[194,1034,420],[194,1684,197],[194,3926,312],[195,628,258],[195,628,389],[195,628,123],[195,628,392],[195,1555,221],[195,2507,312],[195,2653,457],[196,600,362],[196,799,323],[196,917,89],[196,917,160],[196,917,289],[196,2122,213],[196,2122,381],[197,676,235],[197,1440,405],[197,1999,377],[197,3843,461],[198,50,385],[198,99,214],[198,99,259],[198,1242,351],[198,2141,30],[198,2141,226],[198,2207,145],[199,829,323],[199,1151,230],[199,1515,289],[199,1515,483],[199,1726,26],[200,759,489],[200,1186,11],[200,1759,327],[200,1769,58],[200,1769,117],[200,1769,54],[200,2416,491],[200,2416,139],[200,2420,276],[200,2420,436],[201,27,218],[201,1061,132],[201,1885,207],[201,2762,284],[201,2762,206],[201,2771,437],[201,2771,319],[201,3596,337],[202,1352,254],[202,1480,245],[202,2723,408],[203,1304,243],[203,1304,232],[203,1304,369],[203,1607,494],[203,1607,186],[203,1607,208],[203,2926,154],[203,2926,177],[203,3495,459],[204,700,421],[204,725,44],[204,725,361],[204,800,313],[204,800,43],[204,1398,80],[204,1398,322],[204,1449,470],[204,1449,460],[204,1875,132],[204,1875,313],[204,3575,57],[205,1131,369],[205,1770,341],[205,3289,266],[205,3548,293],[205,3561,380],[205,3561,284],[205,3561,493],[205,3588,283],[205,3588,252],[206,628,258],[206,628,389],[206,628,123],[206,628,392],[206,1201,396],[206,1778,456],[206,1779,277],[206,2238,108],[207,452,369],[207,795,288],[207,956,370],[208,782,395],[208,1185,202],[208,1185,305],[208,1185,233],[208,1475,385],[208,1510,378],[208,1510,220],[209,134,212],[209,1042,148],[209,1042,412],[209,2568,186],[209,2804,237],[210,1155,306],[210,1967,304],[210,2326,79],[210,2326,153],[210,2326,450],[210,2998,436],[210,3442,297],[211,350,227],[211,612,383],[211,748,182],[211,748,426],[211,748,390],[211,748,321],[211,3581,353],[212,443,104],[212,443,369],[212,453,131],[212,859,134],[212,3361,305],[213,1261,292],[213,2044,460],[213,2753,478],[213,2753,420],[213,2753,1],[213,3403,420],[213,3674,316],[213,3803,326],[213,3803,440],[214,1960,215],[214,1960,361],[214,3004,425],[215,446,301],[215,2027,396],[215,2853,222],[215,3141,493],[215,3169,376],[215,3169,190],[216,477,344],[217,1764,390],[217,2375,286],[217,2843,493],[217,2843,372],[217,2902,115],[217,3684,453],[218,2695,442],[218,2695,320],[218,2695,87],[218,3070,263],[218,3465,468],[218,3707,276],[219,1046,225],[219,1525,470],[219,2519,237],[219,2519,149],[219,2519,470],[219,3714,230],[219,3714,253],[219,3714,346],[219,3906,225],[220,342,397],[220,388,150],[220,388,338],[220,801,181],[220,1753,199],[221,858,162],[221,858,422],[221,2299,251],[221,2666,205],[222,1193,486],[222,1395,278],[222,1950,161],[222,2709,263],[222,3740,483],[223,196,230],[223,325,324],[223,325,249],[223,2016,299],[223,2275,295],[223,2275,82],[223,3126,401],[223,3126,393],[224,699,302],[224,3226,191],[224,3226,44],[224,3226,292],[225,937,247],[225,2489,253],[225,3605,253],[225,3605,29],[226,1184,231],[226,1615,294],[226,1615,475],[226,1615,388],[226,1979,435],[226,1979,327],[227,1483,409],[227,1483,344],[227,1862,493],[227,1862,421],[227,2700,423],[227,3491,41],[227,3934,449],[227,3934,182],[228,171,334],[228,1022,451],[228,1237,153],[228,1237,239],[228,1237,186],[228,3569,298],[228,3574,320],[229,1878,50],[229,1878,496],[229,3392,336],[229,3717,219],[229,3967,407],[230,336,233],[230,336,313],[230,3833,255],[230,3939,417],[231,773,499],[231,773,216],[231,2042,240],[231,3739,119],[232,462,379],[232,797,248],[232,815,349],[232,815,426],[232,815,460],[232,1266,349],[232,1266,388],[232,3716,448],[233,572,402],[233,2465,37],[233,2911,454],[234,1154,356],[234,1207,183],[234,1600,248],[234,2645,76],[234,3545,39],[235,389,375],[235,389,451],[235,503,463],[235,556,306],[235,556,473],[235,599,96],[235,599,291],[235,675,209],[235,675,236],[236,31,311],[236,304,378],[236,304,291],[236,1644,365],[236,1644,332],[236,2805,463],[236,3981,122],[236,3981,126],[237,38,403],[237,690,293],[237,690,280],[237,2449,318],[237,2942,429],[237,2942,379],[237,3498,254],[237,3498,24],[238,63,74],[238,611,424],[238,611,487],[238,2199,448],[238,2320,134],[238,3724,93],[238,3796,260],[239,1160,244],[239,1354,85],[239,2315,377],[239,2652,373],[239,2652,386],[239,2680,278],[239,3982,23],[240,872,59],[240,2689,78],[240,2689,115],[240,3811,74],[241,621,56],[241,621,448],[241,1176,229],[241,1418,373],[241,1969,384],[241,2008,335],[241,2008,355],[241,2038,485],[241,3745,409],[242,289,404],[242,837,221],[242,837,330],[242,837,329],[242,837,469],[242,1577,226],[242,1577,206],[242,2852,274],[242,3839,399],[242,3839,443],[243,1477,334],[243,2136,481],[243,2136,214],[244,109,311],[244,2292,317],[244,2951,252],[244,3462,359],[245,660,374],[245,2233,362],[245,2233,305],[245,2621,268],[245,3721,374],[245,3835,471],[245,3835,382],[246,813,318],[246,2118,165],[246,3415,142],[246,3415,418],[247,455,297],[247,455,287],[247,1059,450],[247,1483,409],[247,1483,344],[247,1654,147],[247,3482,222],[247,3651,381],[248,149,418],[248,916,305],[248,2671,276],[248,2671,479],[248,2722,277],[248,2722,282],[249,1906,267],[249,3497,300],[249,3510,416],[250,349,176],[250,1241,487],[250,2126,360],[250,2126,50],[250,2798,242],[250,3753,275],[250,3960,223],[250,3960,427],[250,3960,488],[251,173,228],[251,725,44],[251,725,361],[251,3101,298],[252,3223,336],[252,3426,159],[253,463,184],[253,1792,173],[253,2110,206],[253,2110,313],[253,3597,259],[253,3597,427],[254,96,369],[254,360,266],[254,360,440],[254,1655,455],[254,2244,333],[254,2244,273],[254,2285,163],[254,3931,280],[255,39,466],[255,1917,274],[255,2603,115],[255,2603,35],[255,2975,18],[255,2975,133],[255,3597,259],[255,3597,427],[256,917,89],[256,917,160],[256,917,289],[256,2936,215],[256,2936,116],[256,3137,277],[256,3137,368],[256,3189,40],[256,3214,310],[256,3501,246],[257,336,233],[257,336,313],[257,858,162],[257,858,422],[257,1251,135],[257,1251,387],[257,1718,435],[258,2520,394],[258,3815,176],[258,3815,403],[258,3815,199],[258,3815,279],[259,1963,182],[259,1963,463],[259,3693,51],[259,3693,362],[260,605,440],[260,1910,290],[260,2496,290],[261,1178,198],[261,1178,360],[261,1178,483],[261,1493,498],[261,1493,295],[261,1493,141],[261,3916,71],[262,360,266],[262,360,440],[262,796,345],[262,953,329],[262,2656,369],[262,2656,286],[263,1875,132],[263,1875,313],[263,2874,97],[264,587,383],[264,1294,65],[264,1294,199],[264,1382,387],[264,1382,399],[264,1681,238],[264,1681,288],[264,2262,467],[264,3022,362],[264,3022,12],[264,3022,435],[265,1364,322],[265,1405,195],[265,1405,95],[265,1855,325],[265,2091,402],[266,2153,337],[266,2945,428],[266,3871,315],[267,400,320],[267,550,203],[267,2710,416],[267,2866,408],[267,3696,475],[268,721,37],[268,721,284],[268,2187,488],[268,3718,183],[268,3718,358],[269,415,304],[269,821,359],[269,821,301],[269,981,340],[269,1709,95],[269,2643,442],[269,2705,296],[269,3445,154],[269,3445,486],[270,227,93],[270,227,368],[270,517,352],[270,897,217],[270,897,459],[270,1139,344],[270,1139,60],[270,1615,294],[270,1615,475],[270,1615,388],[270,2394,296],[270,3493,461],[271,468,457],[271,471,324],[271,2665,43],[271,2665,284],[271,3648,89],[271,3703,333],[272,275,235],[272,1123,422],[272,1135,298],[272,1135,303],[272,1283,484],[273,3,312],[273,1947,414],[273,1947,472],[273,1979,435],[273,1979,327],[273,3250,435],[273,3614,425],[273,3772,414],[273,3772,132],[274,978,94],[274,1021,65],[274,1021,354],[274,1715,225],[274,2524,356],[275,802,30],[275,802,167],[275,1158,157],[275,1158,72],[275,1607,494],[275,1607,186],[275,1607,208],[275,2130,271],[275,2130,340],[275,2145,308],[275,3384,77],[276,1644,365],[276,1644,332],[276,2178,476],[276,3065,362],[277,3132,94],[277,3374,108],[277,3936,26],[277,3936,406],[278,787,168],[278,2948,449],[278,2948,244],[278,3631,380],[279,954,286],[279,1430,352],[279,1649,480],[279,1784,428],[279,1784,125],[279,2618,359],[279,3148,229],[280,3565,239],[280,3565,426],[280,3713,333],[281,2050,138],[281,2050,152],[281,2337,423],[281,3350,414],[281,3350,479],[281,3350,360],[281,3416,302],[281,3416,362],[281,3769,158],[281,3769,243],[282,2304,135],[282,2304,430],[282,2969,461],[282,2969,310],[282,3413,299],[282,3913,324],[282,3913,356],[283,670,353],[283,1431,280],[283,2809,434],[283,3801,447],[283,3801,159],[284,606,277],[284,3883,322],[284,3883,495],[285,1429,79],[285,1442,463],[285,1442,499],[285,3444,294],[285,3456,17],[285,3456,303],[286,1544,498],[286,1544,300],[286,1761,446],[286,3354,411],[286,3354,269],[287,47,280],[287,47,393],[287,363,131],[287,1153,296],[287,1263,371],[287,1836,315],[288,1727,445],[288,2386,386],[288,2386,65],[288,3561,380],[288,3561,284],[288,3561,493],[289,489,9],[289,489,310],[289,519,78],[289,519,224],[289,991,492],[289,2029,273],[289,2240,452],[290,897,217],[290,897,459],[290,2065,227],[290,2339,77],[290,2339,475],[290,2583,311],[290,2997,413],[290,2997,278],[290,3933,454],[291,2789,393],[291,2789,289],[291,3972,90],[291,3972,189],[292,671,322],[292,1874,399],[292,2599,348],[292,2599,367],[293,874,323],[293,874,336],[293,1782,341],[293,3369,338],[294,3399,400],[294,3673,386],[294,3673,495],[294,3938,196],[295,1000,428],[295,2148,274],[295,2235,456],[295,2661,119],[295,2661,441],[296,3934,449],[296,3934,182],[296,3941,304],[296,3980,355],[297,1650,176],[297,2784,419],[297,3660,449],[297,3660,433],[298,1785,2],[298,2631,351],[298,2886,349],[298,3677,405],[299,1401,208],[299,1763,456],[299,2244,333],[299,2244,273],[299,2745,337],[299,3449,423],[299,3449,467],[300,46,307],[300,82,245],[300,82,361],[300,1234,283],[300,1234,334],[300,1234,101],[300,2472,103],[301,272,482],[301,272,260],[301,2762,284],[301,2762,206],[301,3469,409],[301,3469,366],[302,285,358],[302,1135,298],[302,1135,303],[302,1634,492],[302,3502,452],[302,3901,12],[303,323,200],[303,323,249],[303,533,34],[303,533,53],[303,920,288],[303,3137,277],[303,3137,368],[304,256,388],[304,379,404],[304,1038,496],[305,1244,285],[305,1244,138],[305,2023,19],[305,3200,398],[306,1579,4],[306,1579,75],[306,1579,264],[306,3408,8],[306,3977,26],[307,994,416],[307,994,329],[307,2420,276],[307,2420,436],[307,2668,490],[307,2930,365],[307,3475,378],[307,3475,195],[308,1473,420],[308,2084,126],[308,2084,92],[308,3658,339],[309,1986,402],[309,2411,316],[309,2861,317],[309,3551,481],[310,389,375],[310,389,451],[310,2032,451],[310,2376,430],[310,3714,230],[310,3714,253],[310,3714,346],[310,3855,492],[311,174,437],[311,1490,327],[311,1490,422],[311,3297,338],[311,3297,347],[311,3615,333],[312,1179,402],[312,2553,252],[312,3621,417],[313,2552,379],[313,2593,97],[314,48,260],[314,3389,54],[315,3568,353],[315,3568,180],[315,3732,301],[316,975,346],[316,2395,282],[316,2395,39],[317,744,293],[317,744,436],[317,744,375],[317,1604,438],[317,2192,379],[317,2633,376],[317,2864,65],[317,2864,331],[318,125,368],[318,591,442],[318,2127,477],[318,2276,371],[318,3451,417],[318,3451,21],[318,3451,351],[319,565,432],[319,900,408],[319,1232,186],[319,1232,224],[319,1815,467],[319,1815,97],[319,1815,326],[319,3971,354],[320,206,444],[320,206,457],[320,511,418],[321,184,383],[321,506,77],[321,1752,316],[321,1752,127],[321,1752,464],[321,3286,36],[321,3286,231],[322,494,358],[322,3022,362],[322,3022,12],[322,3022,435],[323,1251,135],[323,1251,387],[323,2819,26],[323,2819,358],[323,3563,478],[323,3932,335],[323,3932,399],[324,356,143],[324,464,326],[324,487,407],[324,495,223],[325,449,444],[325,1587,433],[325,1587,231],[325,3899,478],[325,3913,324],[325,3913,356],[325,3918,218],[326,372,312],[326,623,86],[326,1934,493],[326,1934,265],[327,3235,128],[328,429,370],[329,732,411],[329,962,479],[329,1924,434],[329,2992,258],[329,2992,423],[329,3449,423],[329,3449,467],[330,1118,33],[330,2122,213],[330,2122,381],[330,2817,454],[330,3815,176],[330,3815,403],[330,3815,199],[330,3815,279],[330,3969,378],[331,133,66],[331,165,395],[331,2764,422],[331,3150,47],[332,1527,56],[332,1599,445],[332,2061,53],[332,2061,444],[332,2457,460],[332,3988,409],[333,357,452],[333,933,389],[333,1012,365],[333,3839,399],[333,3839,443],[334,178,364],[334,178,108],[334,178,418],[334,2620,495],[334,2620,462],[334,2776,69],[334,2840,12],[335,1066,103],[335,1992,187],[336,17,496],[336,748,182],[336,748,426],[336,748,390],[336,748,321],[336,2572,217],[336,2572,364],[337,672,130],[337,672,455],[337,1873,340],[337,3568,353],[337,3568,180],[337,3793,72],[338,666,356],[338,666,125],[338,1413,491],[338,1567,188],[339,629,376],[339,629,471],[339,2418,372],[339,3087,388],[340,1535,335],[340,2309,321],[341,648,268],[341,833,381],[341,2152,370],[341,3117,399],[342,361,139],[342,2158,384],[342,2408,373],[342,3418,491],[342,3418,430],[343,1015,208],[343,1382,387],[343,1382,399],[343,2037,365],[343,3180,348],[343,3180,395],[343,3370,31],[344,1307,359],[344,1307,490],[344,2574,53],[344,2581,61],[345,596,442],[345,723,355],[345,1288,244],[346,2603,115],[346,2603,35],[346,3136,453],[346,3144,154],[346,3144,432],[346,3297,338],[346,3297,347],[347,140,64],[347,140,457],[347,409,148],[347,409,167],[347,409,309],[347,3737,498],[348,558,422],[348,728,124],[348,3350,414],[348,3350,479],[348,3350,360],[349,738,472],[349,2364,363],[350,119,486],[350,602,402],[350,703,443],[350,703,201],[350,1233,446],[350,3226,191],[350,3226,44],[350,3226,292],[350,3691,220],[350,3691,419],[351,420,447],[351,420,251],[351,2009,419],[351,2009,485],[351,2702,357],[351,2722,277],[351,2722,282],[352,58,500],[352,114,169],[353,501,244],[353,2018,389],[353,2018,1],[353,2428,12],[353,3948,83],[354,913,441],[354,1389,475],[354,2765,454],[354,2765,207],[354,3570,159],[355,628,258],[355,628,389],[355,628,123],[355,628,392],[355,1230,276],[355,1230,424],[355,1319,497],[355,3180,348],[355,3180,395],[356,1681,238],[356,1681,288],[356,3755,121],[357,169,22],[357,242,431],[357,989,437],[357,1716,233],[357,3251,427],[357,3466,447],[358,3451,417],[358,3451,21],[358,3451,351],[359,1505,303],[359,3347,275],[359,3347,194],[359,3347,339],[359,3601,444],[360,647,457],[360,1557,374],[360,2264,169],[360,2264,492],[361,233,368],[361,1345,54],[361,3152,398],[363,618,396],[363,3259,446],[363,3366,403],[363,3547,415],[363,3775,460],[364,1993,100],[364,2686,28],[364,2686,415],[365,3644,421],[366,200,407],[366,657,454],[366,817,404],[366,1266,349],[366,1266,388],[366,3030,401],[366,3030,340],[367,1142,441],[367,2274,408],[367,2543,384],[367,2543,389],[367,2752,385],[367,2971,308],[367,3960,223],[367,3960,427],[367,3960,488],[368,2802,198],[368,2802,135],[370,1232,186],[370,1232,224],[370,1587,433],[370,1587,231],[370,3554,478],[371,544,484],[371,544,311],[371,1147,458],[371,2714,461],[371,3263,191],[372,950,374],[372,1091,388],[372,1296,297],[373,1332,394],[373,1332,106],[373,1332,500],[373,2751,477],[373,3328,320],[373,3328,442],[373,3496,425],[374,3210,474],[375,150,128],[375,150,208],[375,150,473],[375,628,258],[375,628,389],[375,628,123],[375,628,392],[375,2319,367],[375,2319,388],[375,2419,431],[376,1170,441],[376,1563,307],[377,407,460],[377,748,182],[377,748,426],[377,748,390],[377,748,321],[377,1256,460],[377,1256,190],[377,2684,446],[377,2950,437],[377,2950,419],[378,2425,249],[378,2425,262],[378,2761,424],[378,3869,447],[379,420,447],[379,420,251],[379,1112,490],[379,3481,158],[380,2215,458],[380,2351,472],[380,3718,183],[380,3718,358],[381,384,412],[381,3178,287],[382,251,19],[382,621,56],[382,621,448],[382,1056,448],[382,2741,448],[383,1236,381],[383,1538,456],[383,2328,188],[383,2328,461],[383,2328,19],[384,3924,41],[384,3924,256],[385,1633,441],[385,1760,415],[385,1760,230],[385,1832,59],[385,3126,401],[385,3126,393],[385,3608,353],[386,1864,364],[386,2385,285],[386,3169,376],[386,3169,190],[387,2098,412],[387,3558,428],[388,1815,467],[388,1815,97],[388,1815,326],[388,2937,2],[389,1796,441],[389,2626,381],[389,2788,474],[389,3253,484],[390,253,480],[390,1255,411],[390,2783,99],[390,2783,458],[391,584,197],[391,770,335],[391,770,450],[391,770,82],[391,1751,408],[391,2712,475],[391,2802,198],[391,2802,135],[391,2926,154],[391,2926,177],[392,403,320],[392,1221,2],[392,1221,144],[392,1692,202],[392,3866,241],[393,2678,146],[393,3052,216],[393,3052,464],[394,816,466],[394,2904,177],[394,3052,216],[394,3052,464],[394,3226,191],[394,3226,44],[394,3226,292],[395,140,64],[395,140,457],[395,1187,401],[395,2369,499],[396,3342,477],[397,2146,453],[397,2771,437],[397,2771,319],[397,2994,431],[398,1213,348],[398,2843,493],[398,2843,372],[398,3447,472],[400,948,429],[400,2048,466],[400,2933,282],[400,2952,263],[400,2952,146],[400,3221,498],[401,720,214],[401,1671,469],[401,2689,78],[401,2689,115],[401,3190,438],[402,675,209],[402,675,236],[402,1307,359],[402,1307,490],[402,3197,491],[403,3217,11],[403,3217,54],[404,1784,428],[404,1784,125],[404,2318,485],[404,2672,397],[405,854,109],[405,854,328],[405,854,355],[405,854,41],[405,3807,51],[406,321,487],[406,416,117],[406,635,447],[406,684,447],[406,1501,56],[407,1240,464],[407,2936,215],[407,2936,116],[407,3022,362],[407,3022,12],[407,3022,435],[408,258,277],[408,489,9],[408,489,310],[408,871,158],[409,277,7],[409,1405,195],[409,1405,95],[410,818,55],[410,818,413],[410,2072,435],[410,3036,475],[410,3309,435],[410,3412,484],[410,3484,414],[410,3484,248],[411,599,96],[411,599,291],[411,1298,325],[411,3949,485],[412,473,464],[412,1174,474],[412,1174,356],[412,1576,484],[412,2327,62],[412,2327,251],[413,683,455],[413,958,459],[413,3029,387],[413,3029,473],[413,3966,84],[413,3966,139],[414,2961,342],[415,483,85],[415,2103,426],[415,2134,466],[416,3473,6],[416,3473,455],[417,536,209],[417,1159,375],[418,1398,80],[418,1398,322],[418,2340,207],[418,2529,370],[419,856,416],[420,261,360],[420,2541,466],[420,2783,99],[420,2783,458],[420,3312,83],[421,563,145],[421,563,486],[421,984,356],[421,984,413],[422,1181,455],[422,1181,323],[422,1513,224],[422,1513,112],[423,929,430],[423,2341,272],[424,2326,79],[424,2326,153],[424,2326,450],[424,2890,46],[425,332,261],[425,332,86],[425,2960,155],[425,2960,437],[426,1125,429],[426,1607,494],[426,1607,186],[426,1607,208],[426,3238,434],[426,3418,491],[426,3418,430],[427,672,130],[427,672,455],[427,915,76],[427,915,172],[427,915,454],[427,915,174],[427,1446,499],[427,1791,315],[427,1791,488],[427,1923,214],[427,1923,87],[428,278,488],[428,278,7],[428,365,5],[428,365,67],[429,111,278],[429,633,127],[430,1871,53],[430,1871,142],[430,2739,111],[430,3786,340],[431,2921,500],[432,118,95],[432,959,436],[432,1181,455],[432,1181,323],[432,1472,393],[432,2515,187],[433,1565,261],[433,2249,78],[433,2362,331],[434,3512,188],[434,3512,33],[434,3512,143],[436,378,499],[436,1436,207],[437,1406,162],[437,1406,144],[437,1406,80],[437,3764,301],[438,220,480],[438,220,159],[438,3248,91],[438,3248,476],[439,377,430],[439,1026,154],[439,1026,107],[439,2058,136],[439,2715,469],[439,2715,2],[440,1137,194],[441,763,70],[442,2847,83],[442,3769,158],[442,3769,243],[443,2293,102],[443,2293,31],[443,3333,211],[444,3619,373],[445,1738,359],[445,1843,1],[445,1843,488],[445,1945,98],[445,1945,157],[445,3636,251],[445,3636,263],[446,1456,126],[447,3280,28],[447,3280,140],[448,418,161],[448,760,93],[448,1662,5],[448,1662,363],[449,1474,382],[450,1271,489],[450,1844,432],[451,202,213],[451,430,492],[451,1471,452],[452,2264,169],[452,2264,492],[452,3591,258],[453,712,100],[453,1122,293],[453,2225,24],[454,972,33],[455,1610,475],[456,279,43],[456,279,288],[457,915,76],[457,915,172],[457,915,454],[457,915,174],[457,1470,149],[458,166,465],[458,323,200],[458,323,249],[458,629,376],[458,629,471],[458,1198,485],[458,3788,480],[459,789,301],[459,2519,237],[459,2519,149],[459,2519,470],[459,2779,384],[459,2779,456],[460,2715,469],[460,2715,2],[461,1551,42],[461,1551,392],[461,3217,11],[461,3217,54],[462,1662,5],[462,1662,363],[462,3662,126],[463,1723,71],[464,1104,466],[464,1417,468],[465,624,485],[465,918,489],[465,918,328],[465,2828,471],[465,3835,471],[465,3835,382],[465,3917,485],[466,3771,99],[467,1452,468],[467,1452,186],[467,1452,451],[467,1850,491],[467,1913,494],[467,1913,490],[467,3081,354],[467,3475,378],[467,3475,195],[468,3273,168],[468,3273,481],[468,3368,34],[469,217,255],[469,1958,23],[469,2734,67],[469,3193,296],[470,243,149],[470,243,438],[470,1371,278],[470,2293,102],[470,2293,31],[470,2429,387],[471,2062,66],[471,3294,480],[471,3320,92],[471,3867,494],[472,1677,489],[472,1862,493],[472,1862,421],[472,3340,203],[472,3340,170],[473,101,164],[473,101,168],[473,273,476],[473,854,109],[473,854,328],[473,854,355],[473,854,41],[474,2084,126],[474,2084,92],[475,1839,232],[476,248,490],[476,2952,263],[476,2952,146],[476,3858,227],[476,3858,350],[476,3858,105],[477,1579,4],[477,1579,75],[477,1579,264],[477,1658,123],[477,1696,234],[477,3044,148],[478,1940,110],[478,3981,122],[478,3981,126],[479,821,359],[479,821,301],[479,2165,148],[480,544,484],[480,544,311],[480,1117,486],[480,1913,494],[480,1913,490],[481,905,150],[481,2024,242],[481,2024,163],[481,2547,107],[482,496,83],[482,3144,154],[482,3144,432],[482,3798,218],[483,636,107],[487,830,203],[487,2050,138],[487,2050,152],[487,2656,369],[487,2656,286],[487,2917,166],[487,2917,35],[488,480,398],[488,554,53],[488,554,87],[488,1070,257],[489,3328,320],[489,3328,442],[490,381,261],[490,3711,434],[491,3924,41],[491,3924,256],[492,382,268],[493,611,424],[493,611,487],[493,3186,153],[494,1856,416],[494,2018,389],[494,2018,1],[494,3276,243],[495,2927,246],[496,915,76],[496,915,172],[496,915,454],[496,915,174],[496,1544,498],[496,1544,300],[496,3526,6],[496,3526,396],[497,427,416],[497,1442,463],[497,1442,499],[497,1799,34],[497,3925,465],[497,3925,16],[498,3102,271],[499,3714,230],[499,3714,253],[499,3714,346],[500,566,339],[500,839,167],[500,2416,491],[500,2416,139]];

jitters = [10000,20000,20000,10000,100000,10000,20000,100000,100000,100000,10000,10000,10000,100000,10000,10000,100000,10000,20000,10000,100000,100000,10000,10000,10000,50000,20000,20000,20000,20000,20000,10000,100000,100000,20000,10000,20000,10000,100000,1000,100000,20000,20000,20000,10000,100000,20000,1000,100000,10000,10000,10000,10000,50000,100000,20000,10000,20000,1000,20000,20000,20000,1000,100000,10000,20000,10000,10000,10000,20000,50000,100000,20000,1000,2000,20000,100000,10000,20000,50000,100000,1000,10000,1000,100000,10000,20000,10000,20000,100000,100000,20000,20000,1000,20000,10000,10000,100000,5000,20000,100000,100000,100000,10000,20000,50000,100000,20000,100000,100000,10000,20000,100000,100000,100000,50000,100000,10000,5000,10000,100000,100000,10000,100000,10000,10000,100000,20000,10000,20000,20000,10000,100000,2000,20000,100000,10000,10000,100000,10000,20000,1000,10000,1000,10000,10000,10000,20000,10000,100000,10000,20000,20000,100000,10000,20000,100000,100000,100000,20000,10000,1000,100000,100000,10000,100000,100000,100000,20000,20000,10000,2000,10000,10000,10000,100000,20000,20000,10000,10000,10000,10000,100000,20000,20000,20000,5000,10000,10000,10000,20000,10000,10000,20000,20000,20000,100000,100000,20000,10000,20000,10000,100000,5000,20000,20000,20000,10000,100000,100000,20000,100000,20000,100000,100000,100000,10000,100000,5000,100000,10000,100000,20000,20000,5000,10000,100000,100000,2000,20000,10000,100000,20000,20000,50000,50000,100000,10000,100000,1000,100000,20000,10000,10000,10000,100000,100000,100000,10000,10000,100000,2000,5000,10000,20000,50000,5000,20000,20000,10000,20000,100000,100000,20000,20000,20000,10000,10000,100000,100000,10000,10000,10000,20000,10000,10000,20000,100000,100000,10000,20000,100000,20000,10000,10000,100000,100000,20000,50000,10000,50000,20000,20000,20000,20000,100000,100000,100000,20000,10000,20000,50000,10000,100000,100000,50000,10000,20000,20000,50000,10000,20000,5000,10000,100000,20000,10000,100000,10000,10000,20000,20000,20000,100000,20000,100000,10000,20000,100000,10000,10000,100000,10000,100000,100000,2000,20000,20000,10000,100000,20000,100000,10000,100000,100000,10000,10000,10000,100000,100000,100000,100000,20000,10000,100000,20000,10000,20000,100000,10000,100000,20000,100000,2000,10000,10000,10000,100000,20000,20000,100000,10000,100000,10000,10000,10000,100000,10000,10000,100000,20000,1000,20000,100000,10000,20000,20000,10000,10000,100000,10000,20000,20000,20000,10000,100000,10000,100000,20000,20000,10000,20000,100000,20000,100000,10000,20000,10000,100000,10000,100000,20000,10000,10000,20000,10000,20000,100000,100000,20000,100000,10000,100000,10000,10000,20000,10000,20000,20000,100000,10000,10000,20000,100000,10000,10000,10000,10000,20000,10000,10000,100000,10000,10000,20000,100000,10000,1000,100000,100000,50000,50000,10000,10000,10000,20000,10000,100000,100000,100000,100000,100000,50000,20000,100000,20000,20000,20000,20000,5000,100000,100000,10000,10000,10000,10000,100000,20000,100000,100000,20000,20000,20000,10000,100000,100000,5000,10000,100000,10000,20000,50000,100000,20000,100000,2000,50000,100000,10000,10000];

