NumChains = 50;
NumResources = 3;
NumRunnablesInChains = 273;
MemoryBoundOnResource = 1048576;
UtilizationBoundOnResource = 100;

numberOfTasksinChain = [13,13,7,11,7,11,13,11,13,13,9,9,11,13,13,7,7,13,11,7,7,11,11,13,9,11,7,9,9,11,9,9,11,13,7,11,9,7,7,13,7,11,11,9,7,9,7,9,9,11];

runnablesInChains = [207,92,276,415,65,453,255,424,278,125,36,279,365,116,306,12,250,37,469,151,312,434,179,359,200,354,473,208,161,207,495,205,422,265,385,104,58,351,247,102,191,476,120,57,345,382,279,68,83,61,458,417,305,419,195,285,131,372,466,29,162,33,137,447,172,15,442,257,467,220,50,321,142,97,169,72,298,420,375,255,8,331,265,292,446,226,170,365,360,464,461,1,97,140,182,94,409,497,496,409,179,40,50,81,314,444,462,353,496,425,11,142,350,426,431,468,333,338,327,66,409,151,319,19,275,298,492,78,159,399,160,231,38,83,232,231,154,133,89,427,110,380,465,398,215,453,149,162,316,480,299,138,148,28,497,407,245,496,1,268,179,369,86,437,320,54,404,84,421,405,102,75,278,176,344,222,110,290,364,171,309,402,191,395,78,57,224,348,218,376,261,209,78,217,422,98,316,439,446,478,335,158,274,310,108,405,326,324,329,113,43,129,329,113,208,254,265,306,477,18,323,292,222,231,349,263,144,300,313,278,112,76,352,28,375,379,445,408,325,164,389,306,128,463,243,419,180,335,94,304,407,186,437,90,155,120,21,243,309,99,150,159,294,357,187,388,484,58,429,120,85,231,388];

ProcessingTimesOfMessages = [[1,1,1,1,1,1,1,1,1],[1,1,1,1,1,1],[1,1,1,1,1,1,1,1,1],[1,1,1,1,1,1,1,1],[1,1,1,1,1,1,1,1,1],[1,1,1,1,1],[1,1,1,1,1,1,1,1,1],[1,1,1,1,1,1,1,1],[1,1,1,1,1,1,1,1,1,1,1,1,1],[1,1,1,1,1,1,1,1,1,1,1],[1,1,1,1,1,1,1,1,1],[1,1,1,1,1,1],[1,1,1,1,1,1,1],[1,1,1,1,1,1,1,1,1,1,1,1],[1,1,1,1,1],[1,1,1,1,1,1,1,1,1],[1,1,1,1,1,1,1,1],[1,1,1,1,1,1],[1,1,1,1,1,1,1,1,1,1],[1,1,1,1,1,1],[1,1,1,1,1,1,1,2],[1,1,1,1,1,1,1,1],[1,1,1,1,1,2,1,1],[1,1,1,1,1,1,1],[1,1,1,1,1,1,1,1,1],[1,1,1,1,1,1,1,1,1,1,1,1],[1,1,1,1,1,1],[1,1,1,1,1,1,1],[1,1,1,1,1,1,1,1,1,1],[1,1,1,1,1,1,1,1,1,1,1],[1,1,1,1,1,1],[1,1,1,1,1,1,1],[1,1,1,1],[1,1,1,1,1,1,1,1],[1,1,1,1,1,1,1,1,1],[1,1,1,1,1,1,1,1],[1,1,1,1,1,1,1],[1,1,1,1,2,1,1],[1,1,1,1,1,1,1],[1,1,1,1,1,1,1,1],[1,1,1,1,1,1],[1,1,1,1,1,1,1],[1,1,1,1,1,1,1,1,1],[1,1,1,1,1,1,1,1,1,1],[1,1,1,1,1,1,1,1,1,1],[1,1,1,1,1,1,1],[1,1,1,1,1,1,1,1,1],[1,1,1,1,1,1,1,1,1],[1,1,1,1,1],[1,1,1,1,1,1,1,1],[1,1,1,1,1,1,1],[1,1,1,1,1],[1,1,1,1,1,1,1,1,1,1,1],[1,1,1,1,1,1,1,1],[1,1,1,1,1,1,1,1,1,1,1,1,1,1],[1,1,1,1,1,1,1],[1,1,1,1,1,1,1],[1,1,1,1,1,1,1,1,1,1,1],[1,1,1,1,1,1,1,1],[1,1,1,1,1,1,1,1,1],[1,1,1,1,1,1,1,1,1],[1,1,1,1,1,1,1,1],[1,1,1,1,1,1],[1,1,1,1,1,1,1,1,1,1,1],[1,1,1,1,1,1,1],[1,1,1,1,1,1,1,1],[1,1,1,1,1,1,1,1,1,2,1],[1,1,1,1,1,1,1],[1,1],[1,1,1,1,1,1,1],[1,1,1,1,1,1],[1,1,1,1,1,1,1],[1],[1,1,1,1,1],[1,1,1,1,1,1,1,1,1],[1,1,1,1,1,1,1,1],[1,1,1,1,1,1,1,1],[1,1,1,1,1],[1,1,1,1,1,1,1,1,1,1,1,1,1],[1,1,1,1,1,1,1,1,1],[1,1,1,1,1,1,1,1],[1,1,1,1,1,1],[1,1,1,1,1],[1,2,1,1,1,1,1],[1,1,1,1,1,1,1,1,1],[1,1,1],[1,1,1],[1,1,1,1,1,1,1,1,1],[1,1,1],[1,1,1,1,1,1,1,1,1],[1,1,1,1,1],[1,1,1,1,1,1],[1,1,1,1,1,1,1,1,1,1,1],[1,1,1,1,1,1,1,1,1],[1,1,1,1,1,1,1,1,1,1,1,1,1,1],[1,1,1,1,1,1,1],[1,1,1,1],[1,1,1,1,1,1,1,1],[1,1,1,1,1,1,1,1],[1,1,1,1,1,1,1,1,1,1],[1,1,1,1,1,1,1,1,1,1,1,1],[1,1,1,1,1,1,1,1,1,1,1],[1,1,1,1,2,1,1],[1,1,1,1,1,1,1],[1,1,1,1,1,1,1,1,1,1],[1,1,1,1,1,1,1,1],[1,1,1,1,1,1,1,1],[1,1,1,1,1,1,1],[1,1,1,1],[1,1,1,1,1],[1,1,1,1,1,1],[1,1,1,1,1,1,1],[1,1,1,1,1,1,1,1,1,1,1,1],[1,1],[1,1,1,1,1,1],[1,1,1,1,1],[1,1,1,1,1,1,1,1,1,1,1,1],[2,1,1,1,1,1,1,1,1],[1,1,1,1,1,1],[1,1,1,1,1,1],[1,1,1,1,1,1],[1,1,1,1,1,1],[1,1,1,1,1,1],[1,1,1,1,1,1,1,1,1],[1,1,1,1,1,1,1,1],[1,1,1,1,1,1],[1,1,1,1,1,1,1,1,1,1],[1,1,1,1],[1,1,1,1,1,1,1,1,1],[1,1,1,1,1,1,1],[1,1,1,1,1,1,1,1],[1,1,1,1,1,1,1],[1,1,1,1,1,1,1],[1,1,1,1,1,1],[1,1],[1,1,1,1,1,1,1,1],[1,1,1,1],[1,1],[1,1,1,1,1,1,1,1,1,1,1,1,1,1,1],[1,1,1,1,1,1,1],[1,1,1,1,1,1,1],[1,1,1,1,1,1,1],[1,1,1,1,1,1,1,1],[1,1,1,1,1],[1,1,1,1,1,1],[1,1,1,1,1,1],[1,1,1,1,1,1,1,1,1,1,1],[1,1,1,1,1,1,1,1,1],[1,1,1],[1,1,1,1,1,1,2,2],[1,1,1,1,1,1,1,1],[1,1,1,1,1],[1,1,1,1,1,1,1],[1,1,1,1,1,1,1],[1,1,1,1,1,1],[1,1,1,1,1,1,1,1,1],[1,1],[1,1,1,1,1,1,1,1],[1,1,1,1,1,1,1,1,1],[1,1,1,1,1,1,1,1],[1,1,1,1,1,1,1,1,1,1,1],[1,1],[1,1,1],[1,1],[1,1,1,1,1,1,1,1,1,1,1],[1,1,1,1,1,1],[1,1,1,1,1,1,1,1],[1,1,1,1,1,1],[1,1,1,1,1],[1,1,1],[1,1,1,1,1,1],[1,1,1,1,1,1],[1,1,1,1,1,1,1,1],[1,1,1,1,1,1,1,1,1,1,1,1,1],[1,1,1,1,1,1],[1,1,1,1],[1,1,1,1,1],[1,1,1,1,1,1,1,1,1],[1,1,1,1,1,1,1],[1,1,1,1,1,1,1,1,1,1,1,1],[1,1,1,1,1,1,1,1,1,1],[1,1,1,1,1,1],[1,1,1,1,1,1],[1,1,1,1,1,1,1],[1,1,1,1,1,1,1,1,1],[1,1,1,1,1,1,1,1],[1,1,1,1,2],[1,1,1,1,1],[1,1,1,1,1,1],[1,1,1,1,1,1,1],[1,1,1],[1,1,1,1,1,1,1],[1,1,1,1,1],[1,1,1,1,1,1,1],[1,1],[1,1,1,1,1,1],[1,1,1,1,1,1,1,1,1,1],[1,1,1,1,1,1,1],[1,1,1,1,1,1],[1,1,1,1],[1,1,1,1,1,1,1,1],[1,1,1,1,1,1],[1,1,1,1,1,1],[1,1,1,1,1],[1,1,1,1,1,1,1],[1,1,1,1,1,1],[1,1,1,1,1,1],[1,1,1,1],[1,1,1,1,1],[1,1,1,1,1,1,1],[1,1,1,1,1],[1,1,1,1],[1,1,1,1,1,1,2,1,1,1,1,1],[1,1,1,1,1,1,1,1,1,1,1,1],[1,1,1,1,1,1,1,1,1,1,1],[1,1,1,1],[1,1,1,1,1,1,1,1],[1,1,1,1,1,1,1,1,1],[1,1,1,1,1],[1],[1,1,1,1,1,1,2],[1,1,1,1,1,1],[1,1,1,1],[1,1,1,1,1,1],[1,1,1,1,1,1,1,1,1],[1,1,1,1,1,1,1,1],[1,1,1,1,1,1,1,1],[1,1,1,1,1],[1,1,1,1,1,1],[1,1,1,1,1,1,1,1,1,1,1,1,1],[1,1,1,1],[1,1,1,1,1,1,1,1,1,1,1],[1,1,1,1,1,1],[1,1,1,1,1],[1,1,1,1],[1,1,1,1],[1,1,1,1,1,1,1,1,1,1,1,1],[1,1,1,1,1,1,1,1,1,1],[1,1,1,1],[1,1,1,1,1,1,1,1,1],[1,1,1,1,1,1,1,1,1],[1,1,1,1,1,1,1,1],[1,1,1,1,1,1,1,1],[1,1,1,1,1,1,1],[1,1,1,1,1,1,1],[1,1,1],[1,1,1,1,1],[1,1,1,1,1,1,1,1,1],[1,1,1,1,1,1,1,1],[1,1,1,1,1],[1,1,1,1,1],[1,1,1,1,1,1,2,2],[1,1,1,1],[1,1,1],[1,1,1],[1,1,1,1,1,1,1],[1],[1,1,1,1,1,1,1],[1,1,1],[1,1,1,1,1,1,1,1],[1,1,1,1,1],[1,1,1,1,1,1,1,1],[1,1,1,1,1],[1,1,1,1,1,1],[1,1,1,1,1,1,1,1,1,1],[1,1,1,1,1,1,1,1],[1,1,1,1,1,1],[1,1,1,1,1],[1,1,1,1,1],[1,1],[1,1,1,1,1],[1,1,1,1,1,1,1,1,1,1],[1,1,1,1,1],[1,1],[1,1,1,1,1,1],[1,1,1,1,1,1],[1,1,1,1,1,1,1,1,1],[1,1,1,1,1],[1,1,1,1,1],[1,1,1],[1,1,1,1,1,1,1,1,1,1,1],[1,1,1],[1,1,1,1,1],[1,1,1,1,1],[1,1],[1,1,1,1,1,1,1,1],[1,1,1,1,1,1,1],[1,1,1,1],[1,1,1,1,1],[1,1,1,1,1,1],[1,1,1,1,1,1],[1,1,1],[1],[1,1,1,1,1,1,1],[1,1,1],[1,1,1],[1,1,1],[1,1],[1,1,1,1],[1,1,1,1,1,1,1],[1,1,1,1,1,1,1,1],[1,1,1,1,1],[1,1,1],[1,1,1,1,1],[1,1,1,1,1],[1,1,1,1,1,1,1,1,1],[1,1],[1,1,1,1,1],[1,1,1,1,1,1,1],[1,1,1,1,1,1],[1,1,1,1,1,1,1],[1,1,1,1,1,1,1,1],[1,1,1,1,1,1,1],[1,1,1,1,1],[1,1,1,1,1],[1,1,1,1,1,1,1,1,1],[1,1],[1,1,1],[1,1],[1,1],[1,1,1,1,1],[1,1,1,1,1,1,1],[1,1,1,1],[1,1,1],[1,1,1,1,1,1,1,1],[1,1,1,1,1,1,1],[1,1],[1,1,1,1],[1,1,1,1,1,1,1,1,1,1],[1,1,1,1,1,1,1],[1,1,1,1,1,1],[1,1,1,1,1,1,1],[1,1,1,1,1,1,1,1,1,1],[1,1,1,1],[1,1,1,1,1,1],[1,1,1],[1,1],[1,1,1,1,1],[1,1,1,1,1,1,1,1],[1],[1,1,1,1,1,1,1,1,1],[1,1,1,1],[1],[1,1,1,1,1,1,1],[1,1,1,1,1,1],[1,1,1,1,1,1],[1,1,1,1],[1,1,1],[1,1,1,1],[1,1,1,1,1,1,1,1,1,1,1],[1,1,1],[1,1,1,1,1,1],[1,1,1,1,1],[1,1,1,1,1],[1,1,1,1,1,1],[1,1,1,1,1,1,1,1,1,1],[1,1],[1,1,1,1,1,1],[1,1,1,1,1,1],[1,1,1,1],[1],[1,1,1],[1,1,1],[1,1,1],[1,1,1,1],[1,1,1],[1,1,1,1,1,1,1],[1,1,1,1,1],[1,1,1,1,1,1,1],[1,1,1],[1,1,1,1,1,1,1,1],[1,1],[1,1,1,1,1,1,1,1,1,1,1,1],[1,1],[1,1,1,1,1,1,1],[1,1,1,1],[1],[1,1,1,1],[1,1,1,1],[1,1,1],[1,1,1,1,1,1],[1],[1,1,1,1],[1,1],[1,1],[1,1,1,1,1,1],[1,1,1,1],[1,1,1],[1,1,1,1,1,1],[1,1],[1,1,1,1,1],[1,1,1,1],[1,1,1,1,1],[1],[1,1,1,1,1,1,1],[],[1,1,1,1,1,1,1],[],[1,1,1,1,1,1,1,1,1],[1,1,1,2],[1,1,1],[1,1,1],[1,1,1,1,1,1],[1,1,1],[1],[],[1,1,1],[1,1,1,1,1],[1,1,1,1],[1,1,1,1,1,1],[1],[1,1,1,1,1,1,1,1],[1,1,1,1,1,1,1,1],[1],[1,1,1,1,1,1],[1,1,1,1,1,1],[1,1,1,1,1,1,1],[1,1,1,1],[1,1,1,1,1,1,1,1],[1,1,1],[1,1],[1,1],[1,1,1],[1,1,1,1,1,1],[1,1,1,1,1,1],[1],[1,1,1,1,1,1,1,1],[],[1,1,1,1,1,1,1,1],[1,1,1,1,1,1],[1,1,1,1,1],[1,1,1,1,1],[1,1,1,1],[1,1],[1,1,1,1,1,1,1],[1,1],[1,1,1,1,1],[1,1],[1,1,1,1,1,1,1,1],[1,1,1,1,1,1],[1,1,1,1,1,1,1,1,1],[1],[1,1,1,1,1],[1,1,1,1],[1,1,1,1,1,1],[1,1],[1,1,1,1,1,1],[1,1,1],[1,1],[1,2,1],[1,1],[1,1,1,1,1,1,1],[1,1,1],[1,1],[1,1,1,1,1],[1,1,1],[1,1,1,1,1],[1,1,1],[1,1],[1,1,1,1],[],[1,1,1,1,1,1,1],[1,1],[1,1,1],[1,1,1,1,1,1,1],[1],[1,1,1,1],[1,1,1,1,1,1],[1,1,1,1,1],[],[1,1,1,1],[],[1],[1],[],[1,1,1,1,1,1,1,1],[1,1,1,1,1,1,1,1],[1,1,1,1,1],[1,1],[],[1],[1,1,1,1,1,1],[1],[1,1],[1,1,1,1,1],[1,1],[1,1],[1,1,1,1,1,1],[1,1,1],[1],[1,1,1,1,1],[1,1,1,1,1,1,1],[1,1],[1,1,1],[1,1,1,1],[1,1,1,1,1,1,1,1],[1,1,1,1,1,1],[],[1],[1,1,1]];

processingTimesRunnables = [12,13,13,8,12,9,10,13,13,11,11,14,11,11,11,8,10,6,6,10,16,5,12,16,8,5,8,10,4,9,7,11,12,12,13,5,12,9,13,12,10,13,6,13,8,12,11,6,8,12,10,15,9,13,13,8,12,5,6,9,13,11,11,14,15,10,16,8,11,13,7,7,13,14,16,10,10,13,16,12,13,10,13,13,13,11,6,5,8,12,12,11,10,15,15,16,12,14,10,13,14,13,7,11,13,6,7,7,14,13,10,11,13,9,16,11,9,10,13,11,11,9,14,11,6,11,11,7,6,12,10,13,13,13,16,10,7,13,6,4,13,12,14,13,13,11,12,15,17,15,8,11,13,8,10,12,17,8,13,12,8,6,5,15,15,15,9,15,12,4,7,13,15,12,7,12,7,11,5,11,12,7,12,8,6,16,7,8,13,10,13,12,6,10,13,12,7,11,13,11,4,13,16,7,13,12,10,16,10,10,8,12,11,13,10,16,9,15,15,5,16,16,12,9,16,10,10,9,7,15,13,8,13,13,15,5,8,6,11,6,11,13,12,8,10,7,14,6,9,13,13,11,5,13,12,11,15,9,15,11,10,13,12,12,13,8,13,5,16,13,13,5,10,11,6,13,12,11,11,16,7,12,15,13,12,15,12,7,10,12,15,7,13,12,11,11,12,5,4,7,15,13,10,7,11,5,13,11,10,12,12,10,7,15,6,10,13,16,15,11,13,12,4,13,10,10,14,12,13,7,10,7,12,10,12,9,16,14,12,11,12,7,12,14,10,12,14,11,12,12,14,14,4,14,15,9,12,8,15,10,7,10,7,13,12,11,10,10,11,5,13,10,10,9,16,11,11,12,4,11,13,6,6,14,17,13,11,8,13,15,7,8,11,14,16,14,9,10,12,9,15,7,12,6,5,13,8,13,14,6,16,5,12,13,9,7,14,12,15,8,6,13,13,15,12,7,11,12,8,17,12,9,6,14,12,10,11,5,13,11,5,11,5,11,12,11,13,13,5,11,13,11,5,14,6,13,13,4,13,12,9,13,12,13,15,10,11,8,8,6,16,11,12,13,14,10,15,5,12,13,13,12,5,11,6,12,12,11,10,7,13,11,11,15,12,6,12,10,7,5];

periods = [20000,20000,2000,20000,20000,10000,10000,100000,10000,100000,20000,100000,100000,10000,2000,20000,50000,100000,20000,10000,10000,20000,10000,100000,5000,10000,20000,100000,100000,10000,100000,20000,2000,100000,20000,10000,100000,10000,100000,20000,10000,10000,20000,20000,100000,20000,10000,100000,100000,20000,20000,20000,100000,20000,10000,20000,10000,10000,20000,20000,10000,50000,100000,10000,100000,100000,1000,10000,20000,20000,20000,20000,1000,5000,10000,10000,20000,10000,50000,10000,20000,10000,10000,20000,10000,20000,50000,10000,10000,10000,10000,100000,20000,20000,100000,10000,20000,100000,10000,10000,10000,10000,20000,10000,10000,20000,20000,20000,10000,100000,1000,10000,20000,20000,50000,10000,20000,20000,1000,10000,50000,1000,20000,100000,10000,10000,10000,100000,20000,5000,100000,50000,10000,10000,10000,20000,2000,100000,20000,20000,100000,20000,20000,10000,20000,20000,10000,100000,100000,10000,20000,10000,20000,10000,10000,20000,2000,10000,10000,10000,100000,100000,10000,100000,20000,10000,5000,20000,20000,10000,100000,2000,100000,5000,10000,10000,10000,100000,20000,10000,20000,20000,20000,10000,20000,20000,10000,10000,10000,100000,10000,100000,20000,1000,100000,100000,10000,50000,10000,20000,10000,2000,5000,20000,100000,10000,100000,20000,10000,1000,10000,5000,20000,100000,100000,20000,100000,10000,20000,20000,100000,100000,2000,10000,100000,10000,10000,20000,20000,20000,10000,10000,20000,10000,10000,100000,10000,50000,1000,10000,20000,10000,10000,5000,20000,5000,10000,20000,20000,100000,20000,20000,1000,20000,100000,10000,20000,100000,2000,10000,10000,20000,10000,100000,100000,50000,10000,20000,100000,20000,10000,10000,10000,10000,20000,100000,100000,10000,10000,100000,20000,10000,20000,100000,100000,10000,20000,10000,50000,100000,50000,100000,20000,10000,10000,20000,10000,20000,100000,10000,20000,10000,5000,20000,10000,100000,10000,10000,10000,20000,20000,20000,10000,20000,20000,100000,20000,20000,20000,20000,20000,10000,100000,20000,100000,20000,100000,10000,20000,20000,100000,100000,100000,20000,10000,20000,10000,100000,20000,50000,20000,10000,20000,10000,10000,10000,10000,10000,10000,1000,10000,10000,20000,20000,2000,1000,10000,1000,20000,10000,10000,20000,50000,100000,10000,10000,20000,100000,20000,10000,100000,100000,1000,100000,100000,10000,20000,50000,100000,100000,10000,10000,5000,20000,10000,100000,10000,10000,100000,10000,20000,10000,10000,10000,10000,20000,10000,100000,10000,20000,10000,10000,20000,20000,20000,10000,20000,100000,20000,10000,10000,100000,20000,20000,100000,50000,10000,1000,10000,100000,20000,100000,10000,10000,20000,1000,100000,50000,10000,50000,1000,10000,100000,20000,10000,100000,20000,20000,10000,100000,20000,20000,50000,20000,100000,10000,2000,50000,20000,10000,100000,10000,100000,20000,10000,20000,20000,10000,10000,50000,10000,20000,100000,10000,100000,100000,20000,1000,20000,50000,20000,10000,20000,20000,10000,10000,100000,10000,5000,100000,10000,5000,10000,10000,20000,20000,10000,5000,10000,100000,50000,10000,100000,20000,100000,20000,20000,20000,20000,100000];

communicationTimeForOrderCriticalMessages = [1,1,1,1,1,1,1,1,1,1,1,1,1,1,1,1,1,1,1,1,1,1,1,1,1,1,1,1,1,1,1,1,1,1,1,1,1,1,1,1,1,1,1,1,1,1,1,1,1,1,1,1,1,1,1,1,1,1,1,1,1,1,1,1,1,1,1,1,1,1,1,1,1,1,1,1,1,1,1,1,1,1,1,1,1,1,1,1,1,1,1,1,1,1,1,1,1,1,1,1,1,1,1,1,1,1,1,1,1,1,1,1,1,1,1,1,1,1,1,1,1,1,1,1,1,1,1,1,1,1,1,1,1,1,1,1,1,1,1,1,1,1,1,1,1,1,1,1,1,1,1,1,1,1,1,1,1,1,1,1,1,1,1,1,1,1,1,1,1,1,1,1,1,1,1,1,1,1,1,1,1,1,1,1,1,1,1,1,1,1,1,1,1,1,1,1,1,1,1,1,1,1,1,1,1,1,1,1,1,1,1,1,1,1,1,1,1,1,1,1,1,1,1];

sizeOfRunnables = [1173,1215,1253,718,1125,848,925,1260,1203,1065,1083,1335,1013,1035,1030,708,928,538,518,948,1600,488,1125,1588,745,475,730,910,398,853,690,1058,1128,1158,1270,473,1105,835,1270,1200,910,1278,518,1225,705,1165,1073,600,723,1148,978,1443,803,1290,1225,715,1170,428,540,843,1290,1038,1053,1308,1420,908,1503,760,1045,1208,630,638,1300,1368,1595,978,990,1248,1560,1185,1238,945,1238,1238,1225,1013,525,488,775,1178,1105,1030,960,1495,1415,1508,1120,1308,998,1253,1383,1223,608,1063,1238,573,683,603,1355,1268,950,1025,1233,810,1600,1040,818,993,1233,1005,1043,895,1345,1073,588,1080,1045,695,535,1145,948,1215,1233,1275,1563,968,653,1210,558,375,1223,1120,1333,1220,1245,1030,1128,1498,1610,1425,705,1075,1208,720,955,1118,1610,705,1285,1113,745,555,423,1420,1448,1430,835,1495,1110,390,690,1203,1420,1133,655,1185,698,1065,488,1015,1120,645,1193,795,543,1593,678,720,1283,930,1253,1188,588,945,1275,1133,608,1090,1215,1090,400,1233,1523,690,1225,1143,978,1568,985,960,708,1110,1060,1283,985,1560,885,1453,1420,415,1573,1588,1185,835,1518,993,985,850,603,1410,1218,765,1243,1210,1430,415,728,550,1095,563,1075,1215,1163,760,910,625,1313,588,848,1243,1225,1058,430,1238,1185,1060,1405,878,1498,1028,1000,1293,1118,1105,1268,708,1290,415,1535,1260,1283,488,915,1038,600,1205,1193,1053,1015,1560,640,1188,1438,1210,1180,1453,1170,670,985,1158,1495,630,1270,1178,1068,1030,1138,483,375,668,1448,1208,975,618,1023,438,1240,1065,923,1125,1145,960,660,1495,575,905,1300,1600,1480,1015,1218,1110,398,1290,968,983,1303,1165,1278,630,990,623,1165,945,1165,878,1540,1340,1125,1068,1148,638,1110,1313,983,1143,1335,1090,1173,1118,1303,1340,375,1318,1495,858,1113,775,1495,908,698,963,645,1255,1170,1098,968,963,1068,405,1255,988,940,873,1528,1030,1020,1113,383,1083,1255,580,548,1373,1605,1248,1050,788,1240,1410,653,713,1058,1373,1528,1340,803,918,1135,813,1453,630,1198,588,488,1218,790,1253,1355,565,1540,465,1140,1275,803,638,1400,1170,1443,723,518,1218,1203,1405,1185,675,1098,1185,730,1610,1155,818,555,1303,1165,975,1005,465,1225,1045,460,1080,420,1053,1113,1090,1255,1208,480,1073,1225,1043,468,1308,585,1255,1210,378,1223,1195,813,1243,1193,1220,1448,938,1088,708,755,513,1528,1050,1193,1233,1308,953,1470,453,1178,1215,1258,1183,468,1058,535,1170,1193,1053,985,655,1225,1020,1090,1430,1143,598,1120,993,608,458];

SenderLabelReceiverOrderCriticalChains = [[207,3669,0,0,92],[92,672,0,0,276],[276,1291,0,0,415],[415,3632,0,0,65],[65,258,0,0,453],[453,3336,0,0,255],[424,1163,0,0,278],[278,3946,0,0,125],[125,3775,0,0,36],[36,3035,0,0,279],[279,3953,0,0,365],[365,2528,0,0,116],[306,313,0,0,12],[12,861,0,0,250],[250,462,0,0,37],[469,2517,0,0,151],[151,99,0,0,312],[312,2593,0,0,434],[434,2073,0,0,179],[179,1594,0,0,359],[200,3336,0,0,354],[354,2538,0,0,473],[473,1844,0,0,208],[161,1133,0,0,207],[207,3465,0,0,495],[495,710,0,0,205],[205,821,0,0,422],[422,218,0,0,265],[385,3426,0,0,104],[104,154,0,0,58],[58,3330,0,0,351],[351,649,0,0,247],[247,2189,0,0,102],[102,711,0,0,191],[476,1499,0,0,120],[120,3842,0,0,57],[57,700,0,0,345],[345,3090,0,0,382],[382,1143,0,0,279],[68,162,0,0,83],[83,2653,0,0,61],[61,3161,0,0,458],[458,3063,0,0,417],[417,2325,0,0,305],[305,3103,0,0,419],[195,1934,0,0,285],[285,1806,0,0,131],[131,1679,0,0,372],[372,1994,0,0,466],[466,359,0,0,29],[29,2691,0,0,162],[33,1268,0,0,137],[137,2059,0,0,447],[447,1599,0,0,172],[172,3960,0,0,15],[442,1054,0,0,257],[257,1045,0,0,467],[467,1359,0,0,220],[220,1638,3121,0,50],[321,1218,0,0,142],[142,1986,0,0,97],[97,2612,0,0,169],[169,1074,0,0,72],[72,1909,0,0,298],[420,649,0,0,375],[375,639,0,0,255],[255,418,0,0,8],[8,3202,0,0,331],[331,1755,0,0,265],[265,587,0,0,292],[446,3651,0,0,226],[226,3813,0,0,170],[170,916,0,0,365],[365,952,0,0,360],[360,3302,0,0,464],[464,1596,0,0,461],[1,744,0,0,97],[97,3497,0,0,140],[140,3544,0,0,182],[94,917,0,0,409],[409,3781,0,0,497],[497,1975,0,0,496],[409,1041,0,0,179],[179,2728,0,0,40],[40,597,0,0,50],[50,3173,0,0,81],[81,3410,0,0,314],[314,1760,0,0,444],[462,2088,0,0,353],[353,3764,0,0,496],[496,873,0,0,425],[425,3627,0,0,11],[11,2768,0,0,142],[350,1529,0,0,426],[426,919,0,0,431],[431,158,0,0,468],[333,606,0,0,338],[338,299,0,0,327],[327,3359,0,0,66],[409,2961,0,0,151],[151,977,0,0,319],[319,2662,0,0,19],[19,3991,0,0,275],[275,1681,0,0,298],[492,2818,0,0,78],[78,2863,0,0,159],[159,1851,0,0,399],[399,1877,0,0,160],[160,2610,0,0,231],[38,572,0,0,83],[83,3975,0,0,232],[232,659,0,0,231],[231,3432,0,0,154],[154,3814,0,0,133],[133,1714,3374,0,89],[427,823,0,0,110],[110,608,0,0,380],[380,2743,0,0,465],[465,3736,0,0,398],[215,3137,0,0,453],[453,1378,1608,0,149],[149,508,0,0,162],[162,1488,0,0,316],[316,3435,0,0,480],[299,348,0,0,138],[138,990,0,0,148],[148,509,0,0,28],[497,2215,0,0,407],[407,2360,0,0,245],[245,2378,0,0,496],[496,45,0,0,1],[268,880,0,0,179],[179,633,0,0,369],[369,3519,0,0,86],[86,2690,0,0,437],[320,3860,0,0,54],[54,2633,0,0,404],[404,2722,0,0,84],[84,3872,0,0,421],[421,2803,0,0,405],[102,811,0,0,75],[75,3953,0,0,278],[278,3076,0,0,176],[176,1662,0,0,344],[222,817,0,0,110],[110,1242,0,0,290],[290,232,0,0,364],[364,453,2172,0,171],[309,3926,0,0,402],[402,2267,0,0,191],[191,2767,0,0,395],[395,714,0,0,78],[78,3302,0,0,57],[224,1371,0,0,348],[348,102,0,0,218],[218,3234,0,0,376],[376,2328,0,0,261],[261,1322,0,0,209],[209,3006,0,0,78],[217,218,3735,0,422],[422,1996,0,0,98],[98,1910,0,0,316],[439,2694,0,0,446],[446,3052,0,0,478],[478,1225,2099,0,335],[335,2401,0,0,158],[158,1439,0,0,274],[310,634,0,0,108],[108,2137,0,0,405],[405,3731,0,0,326],[326,1298,0,0,324],[329,315,3236,0,113],[113,2622,0,0,43],[43,3668,0,0,129],[329,315,3236,0,113],[113,3931,0,0,208],[208,3819,0,0,254],[265,3749,0,0,306],[306,1286,0,0,477],[477,452,0,0,18],[18,3889,0,0,323],[323,2376,0,0,292],[292,3245,0,0,222],[231,1865,0,0,349],[349,2614,0,0,263],[263,3162,0,0,144],[300,3171,0,0,313],[313,2398,0,0,278],[278,796,0,0,112],[112,583,0,0,76],[76,3318,0,0,352],[28,1649,0,0,375],[375,3494,0,0,379],[379,802,0,0,445],[445,3228,0,0,408],[408,3820,0,0,325],[164,3500,0,0,389],[389,3857,0,0,306],[306,1829,0,0,128],[128,2298,0,0,463],[243,3088,0,0,419],[419,3570,0,0,180],[180,455,0,0,335],[94,604,0,0,304],[304,3285,0,0,407],[407,405,0,0,186],[186,3483,0,0,437],[90,812,0,0,155],[155,957,0,0,120],[120,489,0,0,21],[243,2771,0,0,309],[309,3080,0,0,99],[99,959,0,0,150],[150,2292,0,0,159],[294,592,0,0,357],[357,3222,0,0,187],[187,12,0,0,388],[388,1435,0,0,484],[58,977,0,0,429],[429,2422,0,0,120],[120,2460,0,0,85],[85,3834,0,0,231],[231,1702,0,0,388]];

SenderLabelReceiverNonOrderCriticalChains = [[1,35,7],[1,35,472],[1,744,469],[1,744,97],[1,744,274],[1,3117,233],[1,3425,2],[1,3463,260],[1,3580,48],[2,1309,54],[2,1797,414],[2,1797,485],[2,3016,353],[2,3134,5],[2,3724,59],[3,131,376],[3,864,147],[3,1264,15],[3,1491,157],[3,1647,196],[3,2232,172],[3,2483,157],[3,2553,202],[3,2553,440],[4,416,271],[4,1837,216],[4,2433,253],[4,2433,360],[4,2516,326],[4,3653,288],[4,3658,5],[4,3658,454],[5,57,49],[5,57,258],[5,2397,396],[5,2397,6],[5,2538,473],[5,3100,384],[5,3958,421],[5,3958,291],[5,3958,464],[6,106,83],[6,1288,206],[6,1872,7],[6,3503,465],[6,3932,12],[7,296,338],[7,860,219],[7,1475,322],[7,2280,397],[7,2596,352],[7,2596,52],[7,3280,133],[7,3280,9],[7,3280,483],[8,2196,18],[8,2196,171],[8,2196,321],[8,2354,163],[8,2586,97],[8,2882,63],[8,3202,331],[8,3506,10],[9,423,21],[9,423,440],[9,696,365],[9,1565,107],[9,1669,215],[9,1669,164],[9,1669,360],[9,2208,192],[9,2208,302],[9,2208,259],[9,2277,232],[9,2277,273],[9,2277,285],[10,642,12],[10,1454,243],[10,1454,488],[10,1454,398],[10,2973,110],[10,3365,461],[10,3365,26],[10,3365,327],[10,3365,444],[10,3621,192],[10,3621,177],[11,183,234],[11,183,135],[11,406,107],[11,1429,20],[11,1429,441],[11,1429,492],[11,1619,322],[11,2147,19],[11,2768,142],[12,831,398],[12,831,18],[12,861,250],[12,2674,462],[12,2674,92],[12,3083,264],[13,929,493],[13,3310,49],[13,3387,18],[13,3387,116],[13,3387,270],[13,3387,390],[13,3387,468],[14,2110,348],[14,2292,308],[14,2292,159],[14,2628,395],[14,3047,256],[14,3047,261],[14,3597,366],[14,3677,490],[14,3677,20],[14,3732,282],[14,3749,306],[14,3749,285],[15,1007,33],[15,1639,459],[15,1717,137],[15,2137,405],[15,2137,157],[16,83,32],[16,83,473],[16,388,115],[16,388,122],[16,388,164],[16,565,169],[16,876,257],[16,2227,162],[16,2903,185],[17,231,340],[17,808,38],[17,808,62],[17,808,327],[17,2861,340],[17,3195,224],[17,3195,189],[17,3822,132],[18,1825,495],[18,3410,164],[18,3410,314],[18,3750,31],[18,3889,294],[18,3889,323],[19,1588,131],[19,2542,22],[19,3070,385],[19,3070,309],[19,3280,133],[19,3280,9],[19,3280,483],[19,3555,377],[19,3555,230],[19,3991,275],[20,972,160],[20,1135,23],[20,1196,226],[20,1196,425],[20,2487,12],[20,3573,382],[21,1097,23],[21,1779,116],[21,2910,299],[21,3535,252],[21,3535,211],[21,3535,190],[21,3535,461],[21,3810,243],[22,378,27],[22,587,292],[22,587,383],[22,587,432],[22,2550,287],[22,2550,434],[22,2636,431],[22,3666,220],[23,158,311],[23,158,468],[23,334,382],[23,545,184],[23,760,333],[23,1373,30],[23,2035,157],[23,2035,130],[24,967,258],[24,1341,280],[24,2590,270],[24,2590,39],[24,2894,325],[24,2894,451],[24,3565,37],[25,741,167],[25,741,52],[25,741,240],[25,1937,244],[25,2228,332],[25,2228,74],[25,2254,314],[25,2254,483],[25,2651,203],[26,259,61],[26,388,115],[26,388,122],[26,388,164],[26,739,5],[26,739,126],[26,739,141],[26,739,386],[26,1459,88],[26,2747,163],[26,2983,230],[26,2983,188],[27,191,374],[27,191,400],[27,1811,320],[27,3152,394],[27,3152,268],[27,3936,46],[28,808,38],[28,808,62],[28,808,327],[28,1257,161],[28,1649,375],[28,1649,296],[28,2324,85],[29,433,255],[29,1541,39],[29,1764,438],[29,2541,9],[29,2541,471],[29,2691,411],[29,2691,162],[29,3097,150],[29,3097,371],[29,3796,131],[30,886,393],[30,1026,467],[30,1026,361],[30,1646,197],[30,1646,41],[30,2808,235],[30,2808,41],[30,3033,372],[30,3033,486],[30,3563,200],[30,3802,199],[31,2580,162],[31,2915,436],[31,3185,37],[31,3206,449],[31,3252,149],[31,3696,128],[32,322,60],[32,518,97],[32,2364,471],[32,2512,182],[32,3144,293],[32,3144,434],[32,3634,289],[33,150,202],[33,1268,137],[33,2522,421],[33,2522,223],[34,684,493],[34,1622,472],[34,1622,328],[34,1929,45],[34,2120,302],[34,2860,372],[34,3191,376],[34,3255,284],[35,602,375],[35,602,353],[35,2275,473],[35,2275,334],[35,2500,471],[35,2500,234],[35,2919,315],[35,3273,40],[35,3818,195],[36,1178,446],[36,1646,197],[36,1646,41],[36,2325,278],[36,2325,305],[36,3035,279],[36,3640,450],[36,3640,78],[37,266,217],[37,266,440],[37,266,317],[37,1111,486],[37,1111,233],[37,1111,365],[37,3982,173],[38,572,83],[38,2640,41],[38,3272,427],[38,3272,101],[38,3598,370],[38,3865,106],[38,3865,10],[39,1961,152],[39,2071,225],[39,2203,164],[39,2337,36],[39,2983,230],[39,2983,188],[39,3120,392],[40,597,170],[40,597,284],[40,597,50],[40,1911,423],[40,2015,384],[40,2127,385],[40,2539,195],[40,2539,44],[41,110,37],[41,110,346],[41,119,68],[41,1140,446],[41,2947,195],[41,3356,277],[42,1040,446],[42,1445,438],[42,1445,155],[42,1873,483],[42,3378,47],[42,3548,69],[42,3714,379],[43,17,84],[43,611,117],[43,2405,339],[43,2405,447],[43,2692,253],[43,2692,428],[43,3668,73],[43,3668,129],[43,3668,196],[44,227,233],[44,1124,50],[44,1124,312],[44,2411,239],[44,2436,216],[44,2436,173],[44,2608,497],[44,3141,498],[44,3141,96],[44,3181,319],[45,536,195],[45,536,399],[45,1128,146],[45,2245,412],[45,2245,486],[45,2540,53],[45,2816,204],[45,2816,358],[45,2921,145],[45,2921,119],[46,494,160],[46,2432,56],[46,2617,129],[46,2617,477],[46,3108,343],[46,3108,324],[46,3429,413],[47,26,58],[47,26,391],[47,1080,446],[47,2177,78],[47,2585,402],[47,2585,88],[47,2585,123],[47,2585,425],[47,3629,358],[48,193,422],[48,796,379],[48,796,112],[48,1396,273],[48,1396,326],[48,1615,216],[48,1615,366],[48,1615,53],[48,1615,155],[49,1602,364],[49,2107,447],[49,2985,63],[49,3847,387],[49,3847,239],[50,20,69],[50,323,108],[50,2714,387],[50,2714,75],[50,3121,220],[50,3121,322],[50,3173,331],[50,3173,81],[51,892,374],[51,2211,262],[51,2211,482],[51,2635,163],[51,2660,52],[51,2916,414],[51,3112,318],[52,1775,84],[52,2637,384],[52,2663,154],[52,2663,442],[52,3698,238],[53,266,217],[53,266,440],[53,266,317],[53,1464,264],[53,1923,190],[53,2032,448],[53,2032,217],[53,2931,453],[53,2931,20],[53,2931,221],[53,2931,403],[54,7,56],[54,956,220],[54,956,246],[54,2522,421],[54,2522,223],[54,2633,404],[54,2633,456],[54,3774,227],[55,175,306],[55,247,46],[55,247,291],[55,1090,292],[55,1090,361],[55,1148,221],[55,1148,376],[55,1148,283],[55,1252,173],[55,2277,232],[55,2277,273],[55,2277,285],[55,3775,36],[55,3775,241],[56,1246,347],[56,1246,129],[56,1620,81],[56,1620,491],[56,1620,282],[56,2541,9],[56,2541,471],[57,700,345],[57,2777,351],[57,2777,184],[57,3141,498],[57,3141,96],[57,3524,10],[57,3965,406],[58,708,200],[58,977,429],[58,977,319],[58,1111,486],[58,1111,233],[58,1111,365],[58,1360,200],[58,1360,487],[58,2714,387],[58,2714,75],[58,3330,351],[59,519,262],[59,1768,348],[59,1768,69],[59,2003,140],[59,2267,191],[59,2267,457],[59,2349,407],[59,2606,478],[60,698,93],[60,795,259],[60,1254,69],[60,1357,467],[60,1357,69],[60,2585,402],[60,2585,88],[60,2585,123],[60,2585,425],[61,638,231],[61,2593,270],[61,2593,283],[61,2593,434],[61,2746,263],[61,2746,476],[61,3161,458],[61,3161,74],[61,3161,349],[62,881,428],[62,881,474],[62,1470,430],[62,2316,241],[62,2316,99],[62,3247,87],[62,3247,138],[62,3939,327],[63,2094,128],[63,2094,320],[63,3170,110],[63,3288,65],[63,3718,56],[63,3718,161],[64,778,74],[64,778,342],[64,922,420],[64,1359,203],[64,1359,220],[64,1359,133],[64,1394,73],[64,1394,472],[64,1753,438],[64,2946,126],[64,2946,453],[65,258,453],[65,258,46],[65,258,344],[65,336,466],[65,1572,213],[65,3081,205],[65,3988,236],[66,423,21],[66,423,440],[66,1697,192],[66,1697,248],[66,3012,361],[66,3012,128],[66,3012,360],[66,3140,214],[67,128,373],[67,1242,253],[67,1242,290],[67,1818,73],[67,2612,426],[67,2612,169],[67,2890,146],[67,2890,192],[67,2890,73],[67,2949,431],[67,3077,111],[68,162,83],[68,704,489],[68,1274,163],[68,1783,376],[68,2486,32],[68,2788,414],[68,2971,91],[69,553,77],[69,3556,458],[70,223,361],[70,223,13],[70,1838,169],[70,2007,71],[70,2617,129],[70,2617,477],[70,3900,336],[71,635,303],[71,993,145],[71,1425,72],[71,1950,228],[71,2901,449],[71,3673,323],[72,177,36],[72,177,282],[72,1444,144],[72,1444,245],[72,1909,298],[72,3865,106],[72,3865,10],[73,3826,111],[74,1356,92],[74,1356,377],[74,1845,130],[74,2134,303],[74,3178,383],[75,274,142],[75,621,449],[75,621,300],[75,888,211],[75,1839,135],[75,3630,383],[75,3630,89],[75,3953,278],[75,3953,365],[76,1184,317],[76,3033,372],[76,3033,486],[76,3318,352],[76,3736,132],[76,3736,96],[76,3736,295],[76,3736,398],[77,601,321],[77,948,434],[77,1147,457],[77,2663,154],[77,2663,442],[77,2881,114],[77,3056,186],[77,3056,308],[78,2100,389],[78,2100,80],[78,2863,159],[78,3302,57],[78,3302,464],[79,358,121],[79,743,193],[79,743,276],[79,745,56],[79,745,417],[79,2084,115],[79,2084,471],[79,2980,378],[79,3092,208],[79,3092,416],[79,3663,289],[79,3663,472],[79,3745,448],[80,446,490],[80,446,450],[80,587,292],[80,587,383],[80,587,432],[80,1997,266],[80,1997,410],[80,2389,104],[80,3357,298],[81,1229,97],[81,1346,498],[81,2272,86],[81,2818,78],[81,2818,456],[81,2818,104],[81,3410,164],[81,3410,314],[82,800,105],[82,1869,320],[82,1957,494],[82,1957,152],[82,2765,109],[82,3327,288],[83,215,33],[83,2178,90],[83,2178,257],[83,2653,61],[83,3975,232],[84,2284,304],[84,3075,121],[84,3345,356],[84,3852,136],[84,3852,340],[84,3872,421],[84,3872,475],[85,838,147],[85,1664,484],[85,1829,481],[85,1829,51],[85,1829,128],[85,1829,257],[85,1829,13],[85,1834,206],[85,3834,231],[86,15,100],[86,2690,437],[86,3082,293],[87,615,340],[87,789,340],[87,3064,22],[88,1620,81],[88,1620,491],[88,1620,282],[88,1835,162],[88,1835,27],[88,2013,109],[88,2139,320],[88,2689,191],[88,3624,17],[89,1468,422],[89,1714,133],[89,3762,347],[90,634,218],[90,634,108],[90,741,167],[90,741,52],[90,741,240],[90,812,155],[90,812,359],[90,2014,296],[90,3553,450],[91,1064,89],[91,1064,99],[91,1467,211],[91,3544,424],[91,3544,182],[92,672,276],[92,1413,152],[92,1449,197],[92,1449,256],[92,2634,169],[92,3004,193],[93,812,155],[93,812,359],[93,986,449],[93,986,107],[93,1826,451],[93,2533,298],[93,2533,452],[93,3108,343],[93,3108,324],[93,3297,382],[93,3297,292],[94,604,304],[94,639,428],[94,639,255],[94,917,409],[94,2176,239],[94,2176,482],[94,2682,196],[94,3867,320],[94,3896,106],[95,60,164],[95,739,5],[95,739,126],[95,739,141],[95,739,386],[95,1943,35],[95,1943,80],[95,1943,21],[95,2070,493],[95,2610,195],[95,2610,352],[95,2610,231],[95,2921,145],[95,2921,119],[96,383,411],[96,1387,103],[96,1387,167],[96,2576,144],[96,2576,492],[96,2950,366],[96,2950,472],[97,2000,139],[97,2612,426],[97,2612,169],[97,3497,140],[98,1064,89],[98,1064,99],[98,1910,316],[98,2563,184],[98,3080,99],[98,3080,276],[98,3590,207],[98,3864,446],[99,959,150],[99,959,134],[99,1148,221],[99,1148,376],[99,1148,283],[99,3444,370],[99,3444,372],[99,3444,474],[100,71,140],[100,868,109],[100,961,382],[100,1338,207],[100,1338,251],[100,2109,419],[100,2691,411],[100,2691,162],[100,3121,220],[100,3121,322],[101,126,458],[101,668,135],[101,1224,347],[101,1224,219],[101,1290,439],[101,2596,352],[101,2596,52],[101,2818,78],[101,2818,456],[101,2818,104],[101,3407,63],[101,3407,302],[102,258,453],[102,258,46],[102,258,344],[102,711,191],[102,811,75],[102,2336,109],[102,3379,460],[102,3379,476],[102,3879,307],[102,3879,380],[102,3879,383],[103,352,74],[103,352,136],[103,847,369],[103,847,178],[103,1944,82],[103,2060,123],[103,3930,130],[104,154,58],[104,705,439],[104,1469,158],[104,1469,72],[104,1496,454],[104,1496,258],[104,1626,170],[105,625,328],[105,852,480],[105,852,420],[105,1144,233],[105,1296,176],[105,1817,342],[105,2178,90],[105,2178,257],[105,3618,185],[105,3618,243],[106,256,116],[106,256,371],[106,1537,156],[106,1637,465],[106,1637,422],[106,1912,454],[106,2429,212],[106,2429,332],[107,831,398],[107,831,18],[107,1319,204],[107,3663,289],[107,3663,472],[107,3687,65],[107,3687,76],[107,3687,257],[108,73,259],[108,100,169],[108,2137,405],[108,2137,157],[108,3605,252],[108,3861,475],[108,3861,118],[109,1458,237],[109,2408,302],[109,2423,429],[109,3008,119],[110,608,219],[110,608,380],[110,1242,253],[110,1242,290],[110,3164,269],[111,488,223],[111,1656,43],[111,1736,239],[111,2290,119],[111,2896,87],[111,3317,426],[112,83,32],[112,83,473],[112,583,76],[112,2470,243],[112,2862,123],[112,2862,404],[112,2862,456],[113,1047,473],[113,1893,436],[113,1893,118],[113,2094,128],[113,2094,320],[113,2622,43],[113,3931,114],[113,3931,208],[113,3931,283],[113,3958,421],[113,3958,291],[113,3958,464],[114,254,474],[114,3554,118],[115,837,323],[115,837,416],[115,982,112],[115,1645,121],[115,1645,349],[115,2929,122],[116,1284,13],[116,2693,307],[116,3717,137],[116,3717,289],[116,3969,175],[117,392,318],[117,903,341],[117,903,371],[117,2624,498],[117,2724,453],[117,2862,123],[117,2862,404],[117,2862,456],[117,3736,132],[117,3736,96],[117,3736,295],[117,3736,398],[118,523,142],[118,1377,313],[118,1377,406],[118,1632,343],[118,2397,396],[118,2397,6],[118,2953,337],[118,2953,72],[118,2953,138],[119,2199,362],[119,2627,361],[119,2895,351],[119,2895,60],[119,3661,194],[119,3661,252],[120,489,21],[120,2460,85],[120,2942,126],[120,2946,126],[120,2946,453],[120,3842,57],[121,2710,416],[121,3456,25],[121,3662,132],[121,3767,198],[121,3852,136],[121,3852,340],[122,1513,356],[122,2769,239],[122,3119,476],[122,3232,426],[122,3509,239],[122,3806,426],[123,177,36],[123,177,282],[123,1916,142],[123,2159,87],[123,3555,377],[123,3555,230],[124,375,91],[124,375,374],[124,1575,327],[124,1998,164],[124,1998,485],[124,2299,149],[124,3129,443],[124,3129,219],[124,3397,368],[125,97,307],[125,239,73],[125,239,288],[125,753,390],[125,2463,322],[125,2573,154],[125,3775,36],[125,3775,241],[126,388,115],[126,388,122],[126,388,164],[126,1016,172],[126,3097,150],[126,3097,371],[127,394,348],[127,847,369],[127,847,178],[127,1291,415],[127,1291,244],[127,1291,280],[127,1831,372],[127,3439,423],[127,3678,279],[127,3721,134],[128,677,141],[128,1380,99],[128,2298,463],[128,2451,369],[129,45,487],[129,45,1],[129,368,442],[129,621,449],[129,621,300],[129,958,355],[129,958,183],[129,2506,456],[129,2506,308],[130,36,174],[130,1103,149],[130,1103,193],[130,2208,192],[130,2208,302],[130,2208,259],[130,3830,203],[131,597,170],[131,597,284],[131,597,50],[131,1679,372],[131,2077,265],[131,2436,216],[131,2436,173],[131,2488,289],[132,893,413],[132,2250,378],[132,2762,25],[132,3161,458],[132,3161,74],[132,3161,349],[132,3956,470],[133,569,394],[133,569,300],[133,959,150],[133,959,134],[133,2144,462],[133,3374,89],[133,3374,181],[134,315,113],[134,315,410],[134,1719,231],[134,1904,273],[134,2330,362],[134,2806,177],[135,2334,162],[135,3223,337],[136,506,182],[136,2011,407],[136,2011,200],[136,2030,102],[136,2593,270],[136,2593,283],[136,2593,434],[136,3123,388],[137,679,159],[137,679,267],[137,1430,362],[137,2059,447],[138,990,148],[138,1088,306],[139,239,73],[139,239,288],[139,1158,321],[139,1338,207],[139,1338,251],[139,1930,469],[139,1930,87],[139,2585,402],[139,2585,88],[139,2585,123],[139,2585,425],[139,3494,55],[139,3494,379],[139,3618,185],[139,3618,243],[140,1124,50],[140,1124,312],[140,1771,286],[140,2539,195],[140,2539,44],[140,3544,424],[140,3544,182],[141,22,194],[141,22,337],[141,22,420],[141,1835,162],[141,1835,27],[141,2019,398],[141,2346,61],[142,1111,486],[142,1111,233],[142,1111,365],[142,1986,97],[142,1986,99],[142,2962,145],[142,2962,378],[143,484,445],[143,1004,195],[143,1972,165],[143,2416,230],[143,2424,38],[143,2603,402],[143,2603,431],[143,2869,287],[144,229,416],[144,1739,303],[144,1739,455],[144,3679,342],[144,3971,385],[145,927,408],[145,2883,396],[145,3569,163],[145,3587,186],[145,3587,266],[145,3863,403],[146,216,337],[146,1506,167],[146,2474,168],[146,3417,137],[146,3857,336],[146,3857,306],[147,12,13],[147,12,388],[147,439,293],[147,671,395],[147,746,357],[147,746,368],[147,1615,216],[147,1615,366],[147,1615,53],[147,1615,155],[147,1919,183],[148,509,28],[148,1276,276],[148,1276,398],[148,1504,181],[148,1504,489],[148,1669,215],[148,1669,164],[148,1669,360],[148,3153,269],[149,508,162],[149,1378,453],[149,3790,171],[150,1320,373],[150,2292,308],[150,2292,159],[150,2361,77],[150,2407,297],[150,2989,242],[150,3938,419],[150,3938,449],[151,99,312],[151,262,153],[151,450,96],[151,977,429],[151,977,319],[151,2009,314],[151,2712,376],[151,2712,153],[152,581,279],[152,1076,166],[152,3363,227],[152,3847,387],[152,3847,239],[153,94,263],[153,470,216],[153,470,495],[153,1397,396],[153,1774,275],[153,1774,160],[153,3346,409],[154,76,293],[154,76,479],[154,1652,470],[154,1652,308],[154,2733,189],[154,3338,350],[154,3814,133],[155,957,120],[155,2712,376],[155,2712,153],[155,2924,184],[155,3828,146],[155,3840,166],[156,589,157],[156,1745,249],[156,1810,189],[156,2196,18],[156,2196,171],[156,2196,321],[156,3174,193],[156,3174,258],[156,3693,315],[157,342,223],[157,3633,108],[158,1418,175],[158,1439,236],[158,1439,274],[158,2279,323],[158,2279,183],[158,3734,475],[158,3734,500],[158,3874,240],[159,1246,347],[159,1246,129],[159,1400,382],[159,1851,399],[159,3444,370],[159,3444,372],[159,3444,474],[159,3513,94],[159,3513,235],[160,1219,209],[160,1356,92],[160,1356,377],[160,1449,197],[160,1449,256],[160,2610,195],[160,2610,352],[160,2610,231],[161,377,402],[161,851,224],[161,851,493],[161,851,487],[161,1133,207],[161,1133,370],[161,2377,415],[161,3092,208],[161,3092,416],[161,3152,394],[161,3152,268],[162,1267,190],[162,1488,316],[163,1680,184],[163,2087,191],[163,2087,373],[164,330,51],[164,3500,389],[165,122,407],[165,242,188],[165,571,82],[165,640,297],[165,640,333],[165,1932,461],[165,1932,38],[165,1932,220],[165,2547,275],[165,2599,490],[165,2599,287],[166,464,458],[166,1951,4],[166,2265,25],[166,2265,175],[166,2590,270],[166,2590,39],[167,956,220],[167,956,246],[167,1277,212],[167,1359,203],[167,1359,220],[167,1359,133],[167,2605,76],[167,2998,318],[168,209,343],[168,750,82],[168,839,33],[168,2840,311],[168,3416,177],[168,3655,498],[169,808,38],[169,808,62],[169,808,327],[169,844,490],[169,1074,72],[170,916,365],[170,1363,464],[170,3235,268],[171,498,173],[171,498,310],[171,554,190],[171,1569,323],[171,2172,364],[171,3204,277],[172,866,223],[172,958,355],[172,958,183],[172,3499,330],[172,3942,135],[172,3960,15],[173,618,178],[173,965,140],[173,1439,236],[173,1439,274],[173,3535,252],[173,3535,211],[173,3535,190],[173,3535,461],[174,516,244],[174,883,482],[174,2215,293],[174,2215,407],[174,2215,358],[174,2321,203],[174,2321,414],[174,2429,212],[174,2429,332],[174,2680,16],[174,2680,435],[174,3247,87],[174,3247,138],[175,367,226],[175,1098,295],[175,1330,180],[175,1330,247],[175,1748,87],[175,2092,351],[176,1662,311],[176,1662,344],[176,3811,382],[176,3940,215],[177,305,464],[177,914,296],[177,1492,442],[177,2498,237],[177,2591,277],[178,191,374],[178,191,400],[178,837,323],[178,837,416],[178,1169,345],[178,2175,205],[178,2645,81],[178,3174,193],[178,3174,258],[179,326,49],[179,633,369],[179,1594,359],[179,1943,35],[179,1943,80],[179,1943,21],[179,2728,40],[180,455,335],[180,1814,307],[180,1829,481],[180,1829,51],[180,1829,128],[180,1829,257],[180,1829,13],[180,1878,229],[180,1969,463],[180,1969,303],[180,2405,339],[180,2405,447],[181,821,183],[181,821,273],[181,821,422],[181,1662,311],[181,1662,344],[181,1672,163],[181,1672,319],[181,3143,497],[181,3305,292],[181,3901,363],[182,994,431],[182,1297,66],[182,1297,324],[182,1297,48],[182,2804,251],[182,2984,440],[183,594,31],[183,1196,226],[183,1196,425],[183,3130,354],[183,3640,450],[183,3640,78],[184,21,188],[184,266,217],[184,266,440],[184,266,317],[184,3931,114],[184,3931,208],[184,3931,283],[185,1546,357],[185,1603,409],[185,3015,328],[185,3587,186],[185,3587,266],[185,3616,408],[185,3616,272],[185,3717,137],[185,3717,289],[186,451,287],[186,1630,339],[186,3047,256],[186,3047,261],[186,3063,304],[186,3063,352],[186,3063,417],[186,3483,437],[187,12,13],[187,12,388],[187,2051,483],[187,2851,447],[187,3369,199],[188,325,124],[188,1423,406],[188,2063,381],[188,2367,260],[188,3315,414],[189,2102,229],[189,2316,241],[189,2316,99],[189,2649,271],[189,2807,341],[189,2807,472],[190,275,205],[190,561,214],[190,1113,490],[190,3365,461],[190,3365,26],[190,3365,327],[190,3365,444],[191,2664,114],[191,2767,395],[191,3944,199],[192,397,33],[192,1960,193],[192,1960,450],[192,3297,382],[192,3297,292],[192,3728,381],[192,3728,395],[193,101,187],[193,2118,95],[193,2118,317],[193,3923,270],[193,3923,498],[194,547,485],[194,2304,293],[194,2555,418],[194,2857,494],[194,3706,426],[194,3706,465],[194,3858,426],[195,1934,187],[195,1934,285],[196,1148,221],[196,1148,376],[196,1148,283],[196,2026,422],[196,2104,250],[196,2685,276],[197,2046,370],[197,2746,263],[197,2746,476],[197,3129,443],[197,3129,219],[197,3736,132],[197,3736,96],[197,3736,295],[197,3736,398],[197,3921,357],[198,247,46],[198,247,291],[198,2884,195],[198,2927,340],[198,2962,145],[198,2962,378],[198,3229,170],[199,228,274],[199,569,394],[199,569,300],[199,975,483],[199,3515,366],[199,3539,411],[200,427,24],[200,770,209],[200,3336,255],[200,3336,354],[201,1228,13],[201,1590,415],[201,1946,267],[201,2118,95],[201,2118,317],[201,2368,66],[201,3283,157],[201,3711,297],[202,1472,91],[202,1801,259],[202,3020,355],[202,3020,367],[202,3251,355],[202,3361,223],[203,1443,27],[203,3196,211],[203,3196,238],[203,3879,307],[203,3879,380],[203,3879,383],[204,471,285],[204,1527,343],[204,2602,345],[204,3187,248],[204,3321,296],[205,680,480],[205,746,357],[205,746,368],[205,821,183],[205,821,273],[205,821,422],[205,3697,217],[206,662,256],[206,662,380],[206,662,432],[206,1352,67],[206,2673,56],[206,3475,293],[207,2701,114],[207,2771,309],[207,2771,387],[207,2771,467],[207,3465,495],[207,3669,92],[208,2496,319],[208,2496,436],[208,3054,466],[208,3819,254],[209,398,235],[209,1271,322],[209,1621,497],[209,3006,499],[209,3006,78],[210,1130,418],[210,1448,141],[210,1496,454],[210,1496,258],[210,2165,358],[210,2433,253],[210,2433,360],[211,1454,243],[211,1454,488],[211,1454,398],[211,3262,421],[211,3986,308],[212,141,246],[212,2078,206],[212,2605,76],[212,3469,462],[213,614,297],[213,1194,296],[213,1194,448],[213,1194,496],[213,1194,312],[213,1699,268],[213,2583,248],[213,2833,354],[213,2839,400],[213,2839,483],[213,3889,294],[213,3889,323],[214,602,375],[214,602,353],[214,663,299],[214,1669,215],[214,1669,164],[214,1669,360],[214,2277,232],[214,2277,273],[214,2277,285],[214,2657,103],[214,2657,386],[214,3424,282],[215,739,5],[215,739,126],[215,739,141],[215,739,386],[215,3137,453],[215,3152,394],[215,3152,268],[215,3687,65],[215,3687,76],[215,3687,257],[215,3878,255],[216,1670,89],[216,2969,207],[216,3589,220],[216,3672,441],[217,422,96],[217,1969,463],[217,1969,303],[217,2154,261],[217,3048,208],[217,3048,374],[217,3048,166],[217,3735,422],[218,22,194],[218,22,337],[218,22,420],[218,1716,253],[218,1756,449],[218,2677,396],[218,3234,376],[218,3728,381],[218,3728,395],[219,849,409],[219,1357,467],[219,1357,69],[219,1855,499],[219,2164,270],[220,1638,50],[221,1808,445],[221,2138,269],[221,2138,448],[221,2138,285],[221,2731,236],[221,3147,115],[221,3454,480],[222,244,76],[222,817,110],[222,1347,473],[222,1980,500],[222,2607,210],[222,3046,380],[223,104,189],[223,2890,146],[223,2890,192],[223,2890,73],[224,223,361],[224,223,13],[224,1371,348],[224,3070,385],[224,3070,309],[224,3581,411],[225,997,398],[225,1421,412],[225,1760,406],[225,1760,264],[225,1760,444],[225,2560,375],[225,2641,236],[225,2748,250],[225,3430,398],[226,744,469],[226,744,97],[226,744,274],[226,3564,27],[226,3616,408],[226,3616,272],[226,3657,499],[226,3813,170],[227,620,442],[227,620,136],[227,1133,207],[227,1133,370],[227,1307,300],[227,1331,423],[227,3755,335],[227,3859,198],[228,133,48],[228,681,400],[228,2183,254],[228,2350,48],[228,3459,251],[229,539,443],[229,1325,262],[229,2206,348],[229,3111,280],[229,3171,224],[229,3171,313],[230,566,454],[230,1194,296],[230,1194,448],[230,1194,496],[230,1194,312],[230,1785,257],[230,3145,126],[230,3145,384],[230,3387,18],[230,3387,116],[230,3387,270],[230,3387,390],[230,3387,468],[231,1702,388],[231,1865,331],[231,1865,349],[231,3432,154],[232,659,231],[232,1194,296],[232,1194,448],[232,1194,496],[232,1194,312],[232,1620,81],[232,1620,491],[232,1620,282],[232,2125,459],[232,3609,257],[232,3829,16],[233,575,324],[233,1372,409],[233,2500,471],[233,2500,234],[233,3621,192],[233,3621,177],[234,396,263],[234,487,406],[234,809,70],[234,1096,484],[234,2322,464],[235,738,318],[235,769,342],[235,3457,295],[235,3485,344],[236,27,317],[236,2289,489],[236,2289,364],[236,3209,284],[237,774,370],[237,774,191],[237,793,385],[237,793,288],[237,1152,478],[237,1829,481],[237,1829,51],[237,1829,128],[237,1829,257],[237,1829,13],[237,3105,491],[237,3771,442],[238,46,93],[238,662,256],[238,662,380],[238,662,432],[238,1092,479],[238,2692,253],[238,2692,428],[238,2894,325],[238,2894,451],[238,3254,307],[239,258,453],[239,258,46],[239,258,344],[239,374,117],[240,219,143],[240,219,388],[240,1136,247],[240,1136,487],[240,1625,351],[240,2890,146],[240,2890,192],[240,2890,73],[240,3980,385],[241,302,196],[241,986,449],[241,986,107],[241,1251,394],[241,1251,235],[241,1560,315],[241,2382,334],[241,3351,442],[241,3351,401],[242,1330,180],[242,1330,247],[242,1629,417],[242,2303,430],[242,2381,461],[242,3492,365],[242,3635,433],[242,3927,406],[243,1943,35],[243,1943,80],[243,1943,21],[243,2771,309],[243,2771,387],[243,2771,467],[243,3088,419],[243,3525,297],[244,1675,246],[244,1675,28],[244,1739,303],[244,1739,455],[244,2176,239],[244,2176,482],[244,2836,303],[245,183,234],[245,183,135],[245,498,173],[245,498,310],[245,829,210],[245,2378,496],[245,3279,354],[246,771,299],[246,3144,293],[246,3144,434],[247,429,62],[247,2036,411],[247,2189,102],[247,3166,463],[247,3486,461],[248,414,310],[248,1123,263],[248,1123,479],[248,1897,437],[248,2020,498],[248,2020,493],[248,3687,65],[248,3687,76],[248,3687,257],[249,146,497],[249,933,401],[249,933,271],[249,1011,433],[249,1011,254],[249,1190,398],[249,1571,268],[249,3588,404],[250,411,153],[250,462,37],[250,661,208],[250,776,301],[250,3099,374],[251,652,330],[251,2011,407],[251,2011,200],[251,2241,176],[251,3881,280],[252,164,298],[252,1401,85],[252,1401,215],[252,1846,315],[252,3173,331],[252,3173,81],[252,3938,419],[252,3938,449],[253,1398,418],[253,2744,176],[253,3513,94],[253,3513,235],[254,156,170],[254,252,8],[254,3894,90],[255,172,281],[255,418,8],[255,3978,35],[256,1396,273],[256,1396,326],[256,1849,325],[256,1882,2],[256,1882,17],[256,2777,351],[256,2777,184],[257,1045,467],[258,25,389],[258,851,224],[258,851,493],[258,851,487],[258,1672,163],[258,1672,319],[258,2445,377],[259,3332,339],[259,3661,194],[259,3661,252],[260,836,394],[260,2084,115],[260,2084,471],[260,2677,396],[260,2953,337],[260,2953,72],[260,2953,138],[260,3722,295],[261,1162,411],[261,1293,254],[261,1322,209],[261,1696,349],[261,3042,286],[262,781,326],[262,1390,296],[262,1649,375],[262,1649,296],[262,2585,402],[262,2585,88],[262,2585,123],[262,2585,425],[263,648,447],[263,648,149],[263,2815,309],[263,2815,500],[263,3162,144],[264,214,280],[264,328,327],[264,1388,349],[264,2348,338],[264,2348,357],[264,3683,305],[265,587,292],[265,587,383],[265,587,432],[265,1412,6],[265,3048,208],[265,3048,374],[265,3048,166],[265,3114,42],[265,3749,306],[265,3749,285],[266,22,194],[266,22,337],[266,22,420],[266,319,480],[266,775,460],[266,1634,291],[266,2485,428],[266,2725,428],[267,55,393],[267,309,124],[267,309,484],[267,1997,266],[267,1997,410],[267,2524,452],[268,297,244],[268,880,179],[268,1655,283],[268,1986,97],[268,1986,99],[269,470,216],[269,470,495],[269,574,323],[269,2332,327],[269,3423,103],[270,400,298],[270,772,319],[271,712,309],[271,1251,394],[271,1251,235],[271,1612,200],[271,2465,11],[272,120,347],[272,721,73],[272,1354,305],[272,1589,486],[272,2211,262],[272,2211,482],[272,2610,195],[272,2610,352],[272,2610,231],[272,3275,499],[273,793,385],[273,793,288],[273,2208,192],[273,2208,302],[273,2208,259],[274,843,370],[274,1778,319],[275,1031,91],[275,1031,483],[275,1681,298],[275,1772,98],[275,2042,315],[275,2479,481],[276,1291,415],[276,1291,244],[276,1291,280],[276,1747,156],[276,3145,126],[276,3145,384],[277,1930,469],[277,1930,87],[277,2279,323],[277,2279,183],[277,2412,47],[277,2412,481],[277,3257,379],[277,3272,427],[277,3272,101],[278,796,379],[278,796,112],[278,3076,176],[278,3946,470],[278,3946,125],[279,1441,148],[279,1642,285],[279,1642,476],[279,3953,278],[279,3953,365],[280,688,290],[280,1416,6],[280,3350,427],[281,264,310],[281,499,28],[281,790,474],[281,2288,324],[281,2862,123],[281,2862,404],[281,2862,456],[281,3538,324],[281,3668,73],[281,3668,129],[281,3668,196],[282,143,294],[282,300,317],[282,3453,319],[283,1079,444],[283,2469,401],[283,2469,405],[283,2469,246],[283,3158,335],[284,95,59],[284,95,454],[284,740,466],[284,844,490],[284,1384,436],[285,755,70],[285,1806,131],[286,277,300],[286,277,443],[286,1026,467],[286,1026,361],[286,1686,294],[286,2506,456],[286,2506,308],[286,2711,390],[287,824,345],[287,1236,404],[287,3387,18],[287,3387,116],[287,3387,270],[287,3387,390],[287,3387,468],[288,1066,392],[288,3718,56],[288,3718,161],[288,3970,412],[289,277,300],[289,277,443],[289,2357,428],[289,2398,278],[289,2398,428],[290,121,283],[290,232,364],[290,1965,343],[290,2269,466],[290,2800,433],[290,3433,379],[291,1479,273],[291,1642,285],[291,1642,476],[291,1774,275],[291,1774,160],[291,3368,187],[292,2752,262],[292,2893,274],[292,3245,222],[293,2900,57],[294,592,357],[294,903,341],[294,903,371],[294,3012,361],[294,3012,128],[294,3012,360],[294,3032,401],[295,2440,475],[295,2829,393],[295,3514,291],[296,1429,20],[296,1429,441],[296,1429,492],[297,2978,363],[297,2978,253],[297,3218,328],[298,1032,234],[298,2613,336],[299,348,138],[299,2936,490],[299,3800,421],[299,3800,331],[300,2321,203],[300,2321,414],[300,3161,458],[300,3161,74],[300,3161,349],[300,3171,224],[300,3171,313],[301,256,116],[301,256,371],[301,881,428],[301,881,474],[301,1874,341],[301,2098,360],[301,2687,404],[301,3761,126],[302,664,487],[302,1435,385],[302,1435,484],[302,3351,442],[302,3351,401],[303,76,293],[303,76,479],[303,2320,479],[304,502,130],[304,923,405],[304,923,330],[304,3285,407],[304,3529,462],[305,57,49],[305,57,258],[305,2801,406],[305,2897,204],[305,3103,419],[306,313,12],[306,1286,362],[306,1286,477],[306,1829,481],[306,1829,51],[306,1829,128],[306,1829,257],[306,1829,13],[306,2934,211],[307,1052,69],[307,2527,137],[308,933,401],[308,933,271],[308,1661,337],[308,3872,421],[308,3872,475],[309,424,393],[309,1755,265],[309,1755,361],[309,3080,99],[309,3080,276],[309,3926,402],[309,3926,433],[310,590,444],[310,634,218],[310,634,108],[310,1210,388],[310,1554,459],[310,3291,269],[311,1957,494],[311,1957,152],[311,2028,368],[311,3359,47],[311,3359,66],[311,3575,64],[311,3664,331],[312,846,485],[312,1108,314],[312,1108,24],[312,2593,270],[312,2593,283],[312,2593,434],[312,3658,5],[312,3658,454],[313,2083,424],[313,2130,419],[313,2348,338],[313,2348,357],[313,2398,278],[313,2398,428],[313,3450,222],[314,350,64],[314,1760,406],[314,1760,264],[314,1760,444],[314,3027,267],[315,1598,166],[315,1598,107],[315,2196,18],[315,2196,171],[315,2196,321],[316,641,114],[316,1276,276],[316,1276,398],[316,1812,423],[316,2986,350],[316,3048,208],[316,3048,374],[316,3048,166],[316,3435,480],[317,349,336],[317,557,479],[318,2674,462],[318,2674,92],[318,3773,442],[319,2662,19],[319,2662,356],[320,570,209],[320,3860,54],[321,716,387],[321,920,240],[321,1218,142],[321,2096,359],[321,3887,405],[322,1387,103],[322,1387,167],[322,2100,389],[322,2100,80],[322,3063,304],[322,3063,352],[322,3063,417],[323,2376,292],[323,2953,337],[323,2953,72],[323,2953,138],[324,1317,260],[324,2035,157],[324,2035,130],[325,679,159],[325,679,267],[325,1212,249],[325,2808,235],[325,2808,41],[325,3668,73],[325,3668,129],[325,3668,196],[326,1234,337],[326,1298,324],[326,1726,329],[326,2931,453],[326,2931,20],[326,2931,221],[326,2931,403],[327,3359,47],[327,3359,66],[328,298,390],[328,762,335],[328,1599,172],[328,1599,246],[329,315,113],[329,315,410],[329,640,297],[329,640,333],[329,1640,474],[329,2265,25],[329,2265,175],[329,3079,91],[329,3236,113],[329,3855,499],[330,2611,374],[330,3482,377],[330,3630,383],[330,3630,89],[330,3768,498],[330,3800,421],[330,3800,331],[331,1090,292],[331,1090,361],[331,1755,265],[331,1755,361],[331,3195,224],[331,3195,189],[332,662,256],[332,662,380],[332,662,432],[332,1532,433],[332,2599,490],[332,2599,287],[332,3770,459],[333,221,495],[333,606,338],[333,741,167],[333,741,52],[333,741,240],[333,1893,436],[333,1893,118],[333,2020,498],[333,2020,493],[333,3182,432],[334,1051,405],[334,1173,343],[334,1705,256],[334,1718,347],[335,1225,416],[335,1225,478],[335,2401,158],[335,3012,361],[335,3012,128],[335,3012,360],[336,1282,391],[336,2494,346],[336,3019,45],[337,2289,489],[337,2289,364],[338,299,327],[338,533,182],[338,3444,370],[338,3444,372],[338,3444,474],[339,1401,85],[339,1401,215],[339,2247,353],[339,2642,138],[339,2642,367],[339,2642,477],[339,2839,400],[339,2839,483],[340,2582,460],[341,500,391],[341,923,405],[341,923,330],[341,2642,138],[341,2642,367],[341,2642,477],[341,2850,396],[341,3923,270],[341,3923,498],[342,1136,247],[342,1136,487],[342,1353,401],[342,3472,397],[343,3812,42],[344,95,59],[344,95,454],[344,1402,464],[344,1932,461],[344,1932,38],[344,1932,220],[344,2609,394],[345,203,491],[345,1768,348],[345,1768,69],[345,2254,314],[345,2254,483],[345,3090,382],[346,610,366],[346,1366,392],[346,1645,121],[346,1645,349],[346,2229,304],[346,2761,470],[347,620,442],[347,620,136],[347,3622,86],[347,3848,481],[348,102,218],[348,2166,357],[348,2166,15],[349,1131,451],[349,1675,246],[349,1675,28],[349,2614,263],[350,1529,426],[350,1829,481],[350,1829,51],[350,1829,128],[350,1829,257],[350,1829,13],[350,2215,293],[350,2215,407],[350,2215,358],[350,2732,138],[350,2911,312],[351,649,247],[351,649,375],[351,2001,410],[352,2373,411],[352,2603,402],[352,2603,431],[352,3958,421],[352,3958,291],[352,3958,464],[353,29,396],[353,2245,412],[353,2245,486],[353,3034,176],[353,3764,496],[354,1286,362],[354,1286,477],[354,2166,357],[354,2166,15],[354,2538,473],[355,648,447],[355,648,149],[355,2297,2],[355,2807,341],[355,2807,472],[355,3069,447],[356,597,170],[356,597,284],[356,597,50],[356,778,74],[356,778,342],[356,1469,158],[356,1469,72],[356,2087,191],[356,2087,373],[356,3068,318],[357,3222,187],[357,3617,455],[358,1631,334],[358,2138,269],[358,2138,448],[358,2138,285],[358,2207,418],[358,2342,384],[359,2217,495],[359,2360,245],[359,2360,28],[359,2464,486],[359,3020,355],[359,3020,367],[360,742,363],[360,1514,228],[360,3302,57],[360,3302,464],[361,3801,402],[362,64,135],[362,1364,377],[362,2826,367],[363,63,313],[363,1524,460],[363,1880,443],[364,442,400],[364,453,171],[364,1350,440],[365,952,360],[365,1108,314],[365,1108,24],[365,2528,116],[366,1650,430],[366,3850,388],[366,3850,487],[367,352,74],[367,352,136],[367,1573,294],[367,1865,331],[367,1865,349],[367,2662,19],[367,2662,356],[368,237,420],[368,430,466],[368,2031,493],[368,2553,202],[368,2553,440],[369,62,414],[369,1934,187],[369,1934,285],[369,2549,73],[369,2770,377],[369,2770,400],[369,3519,86],[370,3280,133],[370,3280,9],[370,3280,483],[371,1244,463],[371,1451,451],[371,1637,465],[371,1637,422],[371,2642,138],[371,2642,367],[371,2642,477],[371,2810,295],[372,1994,466],[372,3759,498],[373,1615,216],[373,1615,366],[373,1615,53],[373,1615,155],[373,1882,2],[373,1882,17],[373,2493,418],[373,2898,339],[373,2931,453],[373,2931,20],[373,2931,221],[373,2931,403],[374,852,480],[374,852,420],[375,639,428],[375,639,255],[375,3494,55],[375,3494,379],[375,3734,475],[375,3734,500],[375,3841,254],[376,2328,261],[376,3931,114],[376,3931,208],[376,3931,283],[377,1217,474],[378,456,448],[378,2588,470],[378,3781,410],[378,3781,497],[379,432,201],[379,802,445],[379,2816,204],[379,2816,358],[380,2106,198],[380,2454,463],[380,2743,465],[381,870,392],[381,897,367],[381,1235,397],[381,1760,406],[381,1760,264],[381,1760,444],[382,1143,279],[383,1069,4],[383,1123,263],[383,1123,479],[383,3352,229],[384,280,259],[384,1213,391],[385,1907,110],[385,3426,104],[386,43,466],[386,510,336],[386,1596,461],[386,1596,112],[386,1991,289],[386,3360,495],[387,536,195],[387,536,399],[387,745,56],[387,745,417],[388,1055,212],[388,1435,385],[388,1435,484],[389,375,91],[389,375,374],[389,496,408],[389,1342,420],[389,3857,336],[389,3857,306],[390,2419,417],[390,3293,332],[391,1200,259],[391,1303,135],[391,1445,438],[391,1445,155],[391,2409,438],[392,1031,91],[392,1031,483],[392,1292,472],[392,2171,461],[393,2680,16],[393,2680,435],[393,3084,54],[393,3898,15],[393,3963,490],[394,1926,49],[395,714,78],[395,3365,461],[395,3365,26],[395,3365,327],[395,3365,444],[395,3374,89],[395,3374,181],[397,340,52],[397,2417,455],[397,3535,252],[397,3535,211],[397,3535,190],[397,3535,461],[397,3643,450],[399,393,439],[399,393,95],[399,1627,317],[399,1877,160],[399,2469,401],[399,2469,405],[399,2469,246],[399,3861,475],[399,3861,118],[400,1429,20],[400,1429,441],[400,1429,492],[400,1722,80],[401,608,219],[401,608,380],[401,1836,340],[402,1952,299],[402,2267,191],[402,2267,457],[403,157,414],[403,699,378],[403,1003,484],[403,1701,457],[403,2358,413],[403,2758,355],[404,91,63],[404,2209,221],[404,2722,84],[405,3731,326],[407,405,186],[407,2360,245],[407,2360,28],[408,1984,436],[408,2770,377],[408,2770,400],[408,3820,325],[408,3924,43],[409,1041,179],[409,2961,151],[409,3781,410],[409,3781,497],[410,44,468],[410,1598,166],[410,1598,107],[410,1960,193],[410,1960,450],[410,3128,461],[411,1765,245],[412,1011,433],[412,1011,254],[412,2032,448],[412,2032,217],[412,2339,440],[412,3005,427],[412,3677,490],[412,3677,20],[413,226,485],[413,744,469],[413,744,97],[413,744,274],[413,818,435],[413,2771,309],[413,2771,387],[413,2771,467],[414,1511,494],[415,717,436],[415,1394,73],[415,1394,472],[415,2353,302],[415,3632,65],[415,3676,33],[416,1297,66],[416,1297,324],[416,1297,48],[416,1377,313],[416,1377,406],[416,1871,288],[417,26,58],[417,26,391],[417,1134,500],[417,1134,210],[417,1487,71],[417,2325,278],[417,2325,305],[418,446,490],[418,446,450],[418,573,90],[418,1539,435],[419,35,7],[419,35,472],[419,3387,18],[419,3387,116],[419,3387,270],[419,3387,390],[419,3387,468],[419,3570,180],[420,649,247],[420,649,375],[420,814,123],[421,701,274],[421,2803,405],[422,218,265],[422,1996,98],[423,598,484],[423,2568,138],[423,3560,458],[424,117,236],[424,950,459],[424,1163,278],[424,2441,472],[424,3955,475],[424,3957,60],[425,854,456],[425,1840,392],[425,2138,269],[425,2138,448],[425,2138,285],[425,3627,11],[426,919,431],[427,823,110],[427,1436,127],[427,2496,319],[427,2496,436],[427,2815,309],[427,2815,500],[427,3706,426],[427,3706,465],[429,995,438],[429,1225,416],[429,1225,478],[429,2362,475],[429,2422,120],[429,2515,452],[429,2657,103],[429,2657,386],[430,2064,134],[430,3230,443],[430,3491,491],[430,3547,141],[430,3946,470],[430,3946,125],[431,158,311],[431,158,468],[431,293,86],[431,3056,186],[431,3056,308],[432,1103,149],[432,1103,193],[432,2933,439],[432,3850,388],[432,3850,487],[433,896,451],[433,1700,22],[433,1797,414],[433,1797,485],[434,1693,202],[434,2073,179],[435,1134,500],[435,1134,210],[435,1146,452],[435,2395,303],[435,2533,298],[435,2533,452],[435,3060,386],[436,2895,351],[436,2895,60],[437,1265,454],[437,3366,456],[437,3407,63],[437,3407,302],[437,3477,338],[438,2223,299],[438,3412,469],[439,1584,499],[439,2694,446],[439,2950,366],[439,2950,472],[439,3365,461],[439,3365,26],[439,3365,327],[439,3365,444],[440,739,5],[440,739,126],[440,739,141],[440,739,386],[440,1697,192],[440,1697,248],[441,821,183],[441,821,273],[441,821,422],[441,932,462],[441,1151,471],[441,2802,363],[441,3367,457],[441,3926,402],[441,3926,433],[442,1054,257],[443,1652,470],[443,1652,308],[443,2530,86],[443,3006,499],[443,3006,78],[444,564,342],[444,774,370],[444,774,191],[444,2489,467],[445,110,37],[445,110,346],[445,468,352],[445,1566,334],[445,3228,408],[445,3559,300],[446,3052,478],[446,3651,226],[447,1599,172],[447,1599,246],[447,2931,453],[447,2931,20],[447,2931,221],[447,2931,403],[448,3284,34],[448,3379,460],[448,3379,476],[449,2618,53],[449,2907,125],[450,261,492],[450,607,455],[450,942,364],[451,962,480],[451,3576,26],[452,2248,481],[452,2248,434],[452,2412,47],[452,2412,481],[452,2469,401],[452,2469,405],[452,2469,246],[453,1608,149],[453,3336,255],[453,3336,354],[454,2633,404],[454,2633,456],[455,678,315],[455,851,224],[455,851,493],[455,851,487],[455,1955,458],[456,393,439],[456,393,95],[456,438,83],[457,407,494],[457,2275,473],[457,2275,334],[457,2978,363],[457,2978,253],[458,3063,304],[458,3063,352],[458,3063,417],[459,1086,475],[459,2740,489],[460,2248,481],[460,2248,434],[460,3420,470],[460,3961,470],[462,1426,381],[462,2088,353],[462,3387,18],[462,3387,116],[462,3387,270],[462,3387,390],[462,3387,468],[463,1762,480],[463,3995,480],[464,1596,461],[464,1596,112],[464,3853,148],[465,219,143],[465,219,388],[465,1182,492],[465,3736,132],[465,3736,96],[465,3736,295],[465,3736,398],[466,359,29],[467,1313,152],[467,1359,203],[467,1359,220],[467,1359,133],[468,743,193],[468,743,276],[468,1622,472],[468,1622,328],[468,1742,405],[468,2918,61],[469,1861,144],[469,2255,332],[469,2517,151],[469,3159,17],[469,3253,158],[471,204,481],[471,1788,203],[471,1998,164],[471,1998,485],[473,1844,208],[474,220,485],[476,945,40],[476,1194,296],[476,1194,448],[476,1194,496],[476,1194,312],[476,1499,120],[476,2550,287],[476,2550,434],[477,452,18],[477,463,387],[477,966,432],[477,1444,144],[477,1444,245],[477,1932,461],[477,1932,38],[477,1932,220],[478,492,114],[478,867,119],[478,1360,200],[478,1360,487],[478,2099,335],[479,2273,89],[479,2834,286],[481,3508,489],[482,435,488],[482,1087,488],[482,1454,243],[482,1454,488],[482,1454,398],[482,1981,488],[483,955,378],[484,1504,181],[484,1504,489],[485,1615,216],[485,1615,366],[485,1615,53],[485,1615,155],[485,3739,37],[486,354,297],[486,1692,390],[487,3026,62],[487,3537,115],[488,1345,70],[488,1724,24],[488,3535,252],[488,3535,211],[488,3535,190],[488,3535,461],[489,2576,144],[489,2576,492],[489,3967,377],[490,3428,1],[491,1291,415],[491,1291,244],[491,1291,280],[491,1295,301],[491,3665,106],[492,1224,347],[492,1224,219],[492,2228,332],[492,2228,74],[492,2818,78],[492,2818,456],[492,2818,104],[493,2619,197],[493,3787,168],[494,718,282],[494,3434,66],[494,3928,363],[495,710,205],[495,3879,307],[495,3879,380],[495,3879,383],[496,45,487],[496,45,1],[496,309,124],[496,309,484],[496,873,425],[496,1297,66],[496,1297,324],[496,1297,48],[497,1975,496],[497,2215,293],[497,2215,407],[497,2215,358],[497,3196,211],[497,3196,238],[499,3899,394],[500,1018,354],[500,1595,455],[500,3966,361]];

jitters = [20000,20000,2000,20000,20000,10000,10000,100000,10000,100000,20000,100000,100000,10000,2000,20000,50000,100000,20000,10000,10000,20000,10000,100000,5000,10000,20000,100000,100000,10000,100000,20000,2000,100000,20000,10000,100000,10000,100000,20000,10000,10000,20000,20000,100000,20000,10000,100000,100000,20000,20000,20000,100000,20000,10000,20000,10000,10000,20000,20000,10000,50000,100000,10000,100000,100000,1000,10000,20000,20000,20000,20000,1000,5000,10000,10000,20000,10000,50000,10000,20000,10000,10000,20000,10000,20000,50000,10000,10000,10000,10000,100000,20000,20000,100000,10000,20000,100000,10000,10000,10000,10000,20000,10000,10000,20000,20000,20000,10000,100000,1000,10000,20000,20000,50000,10000,20000,20000,1000,10000,50000,1000,20000,100000,10000,10000,10000,100000,20000,5000,100000,50000,10000,10000,10000,20000,2000,100000,20000,20000,100000,20000,20000,10000,20000,20000,10000,100000,100000,10000,20000,10000,20000,10000,10000,20000,2000,10000,10000,10000,100000,100000,10000,100000,20000,10000,5000,20000,20000,10000,100000,2000,100000,5000,10000,10000,10000,100000,20000,10000,20000,20000,20000,10000,20000,20000,10000,10000,10000,100000,10000,100000,20000,1000,100000,100000,10000,50000,10000,20000,10000,2000,5000,20000,100000,10000,100000,20000,10000,1000,10000,5000,20000,100000,100000,20000,100000,10000,20000,20000,100000,100000,2000,10000,100000,10000,10000,20000,20000,20000,10000,10000,20000,10000,10000,100000,10000,50000,1000,10000,20000,10000,10000,5000,20000,5000,10000,20000,20000,100000,20000,20000,1000,20000,100000,10000,20000,100000,2000,10000,10000,20000,10000,100000,100000,50000,10000,20000,100000,20000,10000,10000,10000,10000,20000,100000,100000,10000,10000,100000,20000,10000,20000,100000,100000,10000,20000,10000,50000,100000,50000,100000,20000,10000,10000,20000,10000,20000,100000,10000,20000,10000,5000,20000,10000,100000,10000,10000,10000,20000,20000,20000,10000,20000,20000,100000,20000,20000,20000,20000,20000,10000,100000,20000,100000,20000,100000,10000,20000,20000,100000,100000,100000,20000,10000,20000,10000,100000,20000,50000,20000,10000,20000,10000,10000,10000,10000,10000,10000,1000,10000,10000,20000,20000,2000,1000,10000,1000,20000,10000,10000,20000,50000,100000,10000,10000,20000,100000,20000,10000,100000,100000,1000,100000,100000,10000,20000,50000,100000,100000,10000,10000,5000,20000,10000,100000,10000,10000,100000,10000,20000,10000,10000,10000,10000,20000,10000,100000,10000,20000,10000,10000,20000,20000,20000,10000,20000,100000,20000,10000,10000,100000,20000,20000,100000,50000,10000,1000,10000,100000,20000,100000,10000,10000,20000,1000,100000,50000,10000,50000,1000,10000,100000,20000,10000,100000,20000,20000,10000,100000,20000,20000,50000,20000,100000,10000,2000,50000,20000,10000,100000,10000,100000,20000,10000,20000,20000,10000,10000,50000,10000,20000,100000,10000,100000,100000,20000,1000,20000,50000,20000,10000,20000,20000,10000,10000,100000,10000,5000,100000,10000,5000,10000,10000,20000,20000,10000,5000,10000,100000,50000,10000,100000,20000,100000,20000,20000,20000,20000,100000];

