NumChains = 50;
NumResources = 3;
NumRunnablesInChains = 276;
MemoryBoundOnResource = 1048576;
UtilizationBoundOnResource = 100;

numberOfTasksinChain = [9,13,11,11,11,9,9,13,11,9,7,13,9,7,13,13,7,7,13,7,7,13,7,11,9,9,7,11,13,13,7,13,7,11,9,7,9,13,7,13,13,7,11,9,7,13,11,13,9,11];

runnablesInChains = [334,116,262,50,329,314,388,143,384,450,315,286,160,15,198,216,56,129,34,69,192,373,478,380,186,485,190,206,18,282,384,373,364,199,452,213,229,436,57,379,8,370,226,403,431,174,135,93,109,474,273,329,351,28,157,410,446,162,49,483,77,454,222,264,411,121,353,24,486,30,457,336,182,393,483,194,255,200,452,458,357,239,472,76,234,468,441,491,350,219,484,167,366,92,250,488,463,281,69,432,131,184,268,379,207,124,322,241,375,421,466,106,469,398,492,364,340,453,32,77,42,238,116,383,424,264,203,181,167,278,133,465,136,406,70,153,290,151,204,378,184,219,133,344,68,287,85,462,395,285,307,178,63,108,333,131,122,46,94,108,6,164,227,376,352,440,382,204,363,122,381,66,252,52,124,376,339,145,113,207,350,126,1,149,359,291,101,469,46,224,491,484,40,470,374,273,371,293,452,390,129,397,299,290,288,84,42,142,468,318,53,495,349,401,88,294,184,132,426,427,323,347,184,168,205,57,362,89,149,442,98,59,99,83,38,452,308,140,129,328,189,420,50,356,171,365,353,325,157,457,386,29,381,389,132,415,309,492,406,226,354,129,54,473,139,196,2,197,240,7,429,207,495,475,449,4];

ProcessingTimesOfMessages = [[1,1,1,1,1,1,1],[1,1,1,1,1,1,1,1,1,1],[2,2,1,1,1,1,1],[1,1,1,1,1,1,1,1,1,1],[1,1,1,1,1,1,1,1,1],[1,1,1,1,1],[1,1,1,1,1,1],[1,1,1,1,1,1,1,1,1,1],[1,1,1,1,1,1,1],[1,1,1,1,1,1,1,1],[1,1,1,1,1,1,1],[1,1,1,1,1,1],[1,1,1,1,1,1,1,1,1],[1,1,1,1,1,1,1,1,1,1],[1,1,1,1,1,1,1,1,1],[1,1,1,1,1],[1,1,1,1,1,1,1,1],[1,1,1,1,1,1,1,1,1,1,1],[1,1,1,1],[1,1,1,1,1,1,1,1],[1,1,1,1,1,1,1,1],[1,1,1,1,1,1,1,1,1,1],[1,1,1,1,1,1,1,1,1,1],[1,1,1,1,1,1,1,1],[1,1,1,1,1,1,1],[1,1,1,1,1,1,1,1,1,1],[1,1,1,1,1,1,1,1,1],[1,1,1,1,1,1],[1,1,1,1],[1,1,1,1,1,1,1],[1,1,1,1,1,1,1],[1,1,1,1,1,1,1,1,1],[1,1,1,1,1,1,1,1,1],[1,1,1,1,1,1,1],[1,1,1,1,1,1,1],[1,1,1,1,1,1,1,1,1,1,1],[1,1,1,1,1,1,1,1],[1,1,1,1,1],[1,1,1,1,1],[1,1,1,1,1,1,1,1,1,1],[1,1,1,1,1,1,1,1,1],[1,1,1,1,1,1,1],[1,1,1,1,1,1,1,1],[1,1,1,1,1,1,1,1],[1,1,1,1,1,1,1,1],[1,1,1,1,1,1,1,1,1,1,1,1],[1,1,1,1,1,1],[1,1,1,1,1],[1,1,1,1,1,1],[1,1,1,1,1,1,1,1],[1,1,1,1,1,1,1,1],[1,1,1,1,1,1,1],[1,1,1,1],[1,1,1,1,1,1],[1,1,1,1,1,1,1,1,1,1],[1,1,1,1,1,1,1,1,1,1,1],[1,1,1,1,1,1,1],[1,1,1,1,1,1,1,1],[1,1,1,1],[1,1,1],[1,1,1,1,1,1,1],[1,1],[1,1,1,1,1,1],[1,1,1,1,1,1],[1,1,1,1,1,1,1,1,1,1,1,1],[1,1,1,1,1,1,1,1],[1,1,1,1,1,1],[1,1,1,1,1,1,1,1,1,1,1],[1,1,1,1],[1,1,1,1,1,1,1,1],[1,1,1,1,1],[1,1,1,1,1,1,1,1,1,1,1],[1,1,1,1,1,1,1,1,1,1],[1,1,1],[1,1,1,1,1,1,1],[1,1,1,1,1,1,1,1,1],[1,1,1,1,1],[1,1,1,1,1,1],[1,1,1,1,1,1,1,1],[1,1,1,1,1,1,1,1,1,1,1],[1,1,1,1,1,1,1],[1,1,1,1,1,1,1,1,1,1],[1,1,1,1],[1,1,1,1,1,1],[1,1,1,1,1,1],[1,1,1,1,1,1,1],[1,1,1,1,1],[1,1,1,1],[1,1,1,1,1],[1,1,1,1],[1,1,1,1,1,1,1,1],[1,1,1,1,1,1],[1,1,1,1,1,1,1,1,1,1,1],[1,1,1,1,1,1,1,1,1,1],[1,1,1,1,1,1,1,1,1,1,1,1,1],[1,1,1,1,1,1,1,1],[1,1,1,1,1,1,1,1],[1,1,1,1,1,1,1,1],[1,1,1,1,1,1],[1,1,1,1,1,1,1,1,1],[1,1,1,1],[1,1,1,1],[1,1,1,1,1,1],[1,1,1,1,1,1,1,1],[1,1,1,1,1,1,1,1,1,1],[1,1,1,1,1,1,1,1,1],[1,1,1,1,1,1,1,1,1],[1,1,1,1,1,1,1],[1,1,1,1,1],[1,1,1,1],[1,1,1,1,1,1],[1,1,1,1,1,1,1],[1,1,1,1,1],[1,1,1,1,1,1,1,1],[1,1,1,1],[1,1,1,1,1,1,1,1,1,1,1,1],[1,1,1,1,1,1,1],[1,1,1,1,1,1,1,1],[1,1,1,1,1,1,1,1,1],[1,1,1,1,1,1,1,1,1,1],[1,1,1,1,1,1,1,1],[1,1],[1,1,1,1,1,1,1],[1,1,1,1,1],[1,1,1,1,1,1,1],[1,2,1,1],[1,1,1,1,1,1,1,1],[1,1,1,1,1,1],[1,1,1],[1,1,1,1,1,1,1,1],[1,1,1,1],[1,1,1,1,1,1,1],[1,1,1,1,1,1,1,1,1,1,1,1],[1,1,1,1,1,1],[1,1,1,1,1,1,1,1,1,1,1,1,1,1],[1,1,1,1],[1,1,1,1,1,1],[1,1,1,1,2,1],[1,1,1,1,1,1,1],[1,1,1,1,1],[1,1,1,1,1,1,1],[1,1,1,1,1,1],[1,1,1,1,1,1,1,1,1,1,1],[1,1,1,1,1,1],[1,1,1,1,1,1],[1,1,1,1,1,1,1],[1,1,1,1,1],[1,1,1,1,1,1,1],[1,1,1,1],[1,1,1,1,1,1,1,1],[1,1,1,1,1,1,1,1,1,1,1,1],[1,1,1,1,1,1,1,1,1,1],[1,1,1,1,1,1,1,1],[1,1,1,1,1,1,2,1,1,1,1,1],[1,1],[1,1,1,1,1],[1,1,1,1,1,1],[1,1,1,1,1,1],[1,1,1,1],[1,1,1,1,1,1],[1,1,1,1,1,1,1,1,1,1],[1,1,1,1,1,1,1,1],[1,1,1,1,1,1,1,1,1,1],[1,1,1,1,1],[1,1,1,1,1],[1,1,1,1,1,1,1],[1,1,1,1,1,1],[1,1,1,1,1,1,1,1,1],[1,1,1,1,1,1,1,1,1],[1,1,1,1],[1,1,1,1,1,1,1],[1,1,1,1,1,1,1,1,1],[1,1,1,1,1,1,1,1,1,1],[1,1,1],[1,1,1,1,1,1],[1,1,1,1,1,1,1],[1,1,1,1,1,1,1],[1,1,1,1,1,1],[1,2,2,1,1,1],[1,1,1,1,1,1],[1,1,1,1,1,1,1,1],[1,1,1,1,1,1,1],[1,1,1,1,1,1,1,1,1,1,1,1],[1,1,1,1,1,1,1,1,1],[1,1,1,1,1,1,1,1,1,1],[1,1,1,1,1,1,1,1,1],[1,1,1,1,1],[1,1,1,1,1,1,1,1],[1,1,1,1,1,1,1,1],[1,1,1,1,1],[1,1,1,1],[1,1,1],[1,1,1,1,1,1],[1,1,1,1,1,1,1],[1,1,1,1,1,1],[1,1,1,1,1,1,1],[1,1,1,1,1],[1,1,1,1,1],[1,1,1,1,1,1],[1,1,1,1,1,1,1],[1,1,1,1],[1,1,1,1,1],[1,1,1,1,1,1],[1,1,1,1],[1,1,1,1,1],[2,1,1,1,1,1,1,1],[1,1,1,1,1],[1,1,1,1,1,1,1,1,1],[2,2,1,1,1],[1,1,1,1,1],[1,1,1,1,1,1,1,1],[1,1,1,1,1,1,1,1,1,1,1],[1,1,1,1,1,1,1],[1,1,1,1,1,2,1],[1,1,1,1,1,1,1,1],[1,1,1,1,1,1],[1,1,1,1,1,1,1,1,1],[1,1,1,1,1,1,1,1],[1,1,1,1,1,1],[1,1,1,1],[1,1,1,1,1,1,1],[1,1,1,1,1,1,1,1,1,1],[1,1,1,1,1,1,2,1,1],[1,1,1,1,1,1,1,1,1,1,1],[1,1,1,1,1,1,1,1,1],[1,1,1,1],[1,1,1],[1,1,1,1,1,1],[1,1,1,1,1,1],[1,1,1],[1,1,1,1,1,1,1,1],[1,1,1,1,1,1,1,1],[1,1,1,1,1,1],[1,1,1,1,1,1,1,1],[1,1,1,1,1,1],[1,1,1,1,1,1],[1,1,1,1,1,1,1,1],[1,1,1,1,1,1],[1,1,1,1,1,1,1],[1,1,1],[1,1,1,1,1,1,1,1],[1,1,1,1,1],[1,1,1,1,1,1,1],[1,1,1,1,1,1],[1,1,1,1,1,1,1,1,1,1,1],[1,1,1,1,1,1,1],[1,1,1,1,1,1,1],[],[1,1,1,1,1,1],[1,1,1,1,1,1,1,1],[1,1,1,1,1,1,1],[1,1,1,1,1,1],[1,1,1],[1,1,1,1,1,1],[1,1,1,1,1],[1,1,1,1],[1,1,1,1],[1,1,1,1,1,1,1,1,1,1,1],[1,1,1],[1,1,1,1,1,1,1],[1,1,1,1,1,1],[1,1,1,1,1],[1,1,1,1,1],[1,1,1,1,1],[1,1,1,1],[1,1,1,1,1,1,1,1,1,1,1],[1,1,1,1,1,1],[1,1,1,1,1],[1,1,1,1,1],[1,1,1,1,1,1,1,1],[1,1,1,1,1,1,1,1,1],[1,1,1,1,1,1,1,1],[1,1,1,1,1,1,1],[1,1,1,1,1,1,1,1,1],[1,1,1,1,1,1,1,1],[1,1,1,1,1],[1,1,1,1,1],[1,1],[1,1,1,1],[1,1,1,1],[1,1,1,1],[1],[1,1,2,1,1,1,1,1],[1,1,1,1],[1,1,1,1],[1,1,1,1],[1,1,1,1,1,1],[1,1,1,1,1,1,1,1],[1,1,1,1,1,1,1,1,1],[1,1,1,1,1,1],[1,1,1,1],[1,1,1,1,1,1,1,1],[1,1,1,1,1,1],[1,1,1,1],[1,1,1,1,1,1,1,1],[1,1,1,1,1,1,1],[1,1,1,1,1],[1,1,1,1,1,1,1],[1,1,1,1,1,1,1],[1,1,1,1,1,1,1,1],[1,1,1,1,1,1,1,1,1,1],[1,1,1,1,1,1,1,1],[1,1,1,1,1,1,1],[1,1,1,1,1,1,1],[1,1,1,1,1,1],[1,1,1],[1,1,1,1,1],[1,1,1,1,1,1,1],[1,1,1,1,1,1,1,1],[1,1,1,1,1,1,1,1],[1,1,1,1,1,1,1,1,1],[1,1,1,1],[1,1,1,1,1,1,1],[1,1,1,1],[1,1,1,1],[1,1],[1,1,1,1,1,1],[1],[1],[1],[1,1,1,1],[1],[1,1,1],[1,1,1,1,1],[1,1,1,1,1,1],[1,1],[1,2,1],[1,1,1,1,1,1],[1,1],[1,1,1,1,1,1],[1,1,1],[1,1,1,1,1],[1,1,1,1],[1,1,1,1],[1,1],[1,1,1,1,1,1,1,1,1],[1,1,1],[1,1,1],[1,1,1,1],[1,1,1],[1,1,1,1,1,1,1,1],[],[1,1,1,1,1,1,1],[1,1,1],[1,1,1,1],[1,1,1],[1,1],[1,1,1,1,1],[1,1,1,1,1],[1,1,1],[1,1,1,1,1,1,1],[1,1,1,1],[1,1,1,1],[1,1,1,1,1,1,1,1],[1,1,1,1,1,1,1],[1],[1,1,1,1,1,1,1,1,1],[1],[1,1,1,1],[1,1,1,1,1,1,1,1,1,1],[1,1,1,1],[1,1,1,1,1],[1,1,1],[1,1,1],[1,1,1,1],[1,1,1,1,1,1,1,1],[1,1,1,1,1,1,1,1,1,1],[1,1,1,1,1,1],[1,1,1,1,1,1,1],[1,1,1,1,1,1,1],[1,1,1,1,1,1,1,1],[1,1,1,1,1,1,1,1],[1,1,1,1,1,1,1,1,1,1],[1,1,1],[1,1,1,1,1],[1,1,1,1,1,1,1,1],[1,1,1],[1,1,1,1],[1],[1],[1,1,1,1],[1,1,1,1,1],[1,1],[1,1,1,1],[1,1,1,1],[1,1,1,1,1,1,1,1,1,1],[1],[1,1,1,1,1,1],[1,1,1,1,1,1,1],[1,1,1,1],[1,1,1,1,1],[1,1,1,1,1,1,1],[],[1,1,1,1,1],[1],[1,1,1,1],[1],[1,1,1,1,1,1,1],[1,1,1,1,1],[1,1,1,1,1,1,1],[1,1,1],[1],[1,1,1,1,1,1],[1,1,1],[1,1,1,1,1,1,1,1],[1,1,1,1,1],[1,1,1,1],[1,1,1,1,1,1],[1,1,1,1,1,1],[1,1],[1,1,1,1],[1,1,1,1,1,1],[1,1,2,1,1],[1,1,1,1],[1,1,1,1,1],[1,1,1,1,1,1,1,1,1,1,1,1,1],[1,1,1],[1],[],[1,1,1],[1,1,1,1,1,1],[1,1,1],[1,1,1,1,1,1,1,1,1,1,1],[1,1],[1,1,1,1,1,1,1],[1,1],[1],[1,1],[1,1,1,1,1],[1,1,1,1],[1,1,1],[1,1,1],[1,1,1],[1,1,1,1,1],[1,1,1],[1,1,1,1,1,1,1,1,1],[1,1,1,1,1,1,1],[1,1],[1,1,2],[1,1],[1,1,1,1,1,1,1],[1,1,1,1,1,1,1],[],[1,1,1,1],[1,1,1],[1,1,1,1],[1,1,1,1],[],[1,1,1],[1,1,1,1],[1,1,1,1],[1,1,1,1,1,1],[1,1,1,1,1],[1,1,1,1,1],[1,1,1,1,1],[1],[1,1,1,1],[1],[1,1],[1,1,1],[1,1,1],[1,1],[1,1],[1,1],[1,1,1,1,1],[1,1,1],[1,1],[1,1,1,1,1,1],[2,2,1,1,1],[1,1,1,1],[1,1,1,1],[1,1],[1,1,1],[1,1],[1,1,1,1,1,1],[1],[1,1,1],[1,1,1],[1,1,1],[1,1],[],[1,1],[1,1,1],[1],[1,1,1,1,1,1],[1,1,1,1],[1,1,1],[1,1,1,1],[1,1,1,1,1,1],[1],[1,1,1,1],[],[1,1],[1,1],[1,1,1],[],[1,1,1,1],[1],[1,1,1],[1,1,1,1]];

processingTimesRunnables = [10,12,7,11,10,16,7,10,13,5,5,16,11,5,16,12,12,10,8,13,10,10,13,12,11,12,12,6,16,8,17,7,11,12,8,7,11,8,5,5,13,7,9,6,7,13,13,13,13,12,7,12,13,15,12,14,6,7,12,14,7,10,9,7,13,9,16,13,5,11,7,14,8,5,10,11,11,7,12,13,10,16,12,8,15,9,7,6,7,13,13,10,12,5,8,12,13,13,16,11,13,10,13,10,10,12,12,8,6,9,14,13,13,12,12,15,16,11,12,12,11,13,5,12,11,7,9,14,5,10,12,10,9,13,8,7,11,11,17,12,9,9,5,15,11,9,12,13,10,11,12,6,12,13,5,12,13,13,10,11,5,7,16,13,6,10,13,17,11,6,12,15,7,5,10,14,5,12,11,6,13,12,13,6,7,7,9,12,10,12,11,11,11,14,6,13,13,11,16,10,9,11,11,14,12,5,9,15,9,10,12,13,8,13,14,16,13,10,16,9,12,4,13,13,14,13,13,12,11,11,5,11,12,11,12,9,12,13,12,7,4,11,13,12,12,13,6,11,13,11,12,16,6,13,9,12,7,10,12,7,15,9,13,6,12,11,16,16,12,11,12,10,12,11,11,7,4,12,13,11,9,6,15,13,14,12,12,11,16,10,16,14,13,11,8,11,9,4,10,5,10,17,12,13,17,13,11,12,11,8,10,5,10,6,10,10,13,14,9,12,5,12,7,5,7,13,8,9,15,10,6,13,16,10,5,10,9,15,17,7,5,12,10,9,10,16,10,5,16,10,11,11,9,11,10,9,10,12,13,12,13,11,12,12,9,12,8,7,16,10,4,13,6,13,13,11,16,12,11,15,9,7,11,8,13,6,16,13,16,13,8,13,13,9,9,12,11,10,11,11,6,6,7,15,12,16,14,11,11,5,9,5,10,16,16,11,8,15,10,10,12,16,12,11,15,15,6,9,11,11,12,13,10,13,11,6,12,12,13,7,10,12,12,12,10,13,14,8,5,16,12,16,5,13,10,11,13,12,11,10,13,13,10,15,5,13,10,16,17,7,11,15,5,10,10,7,12,8,7,6,13,12,10,12,14,8,13,16,13,6,11,9,13,13,11,13,6,9,9,10];

periods = [1000,10000,10000,20000,2000,20000,10000,10000,50000,10000,100000,20000,10000,100000,10000,2000,20000,50000,2000,20000,1000,20000,50000,100000,20000,100000,10000,100000,100000,100000,10000,10000,10000,10000,1000,10000,100000,10000,100000,100000,10000,10000,10000,100000,100000,20000,100000,20000,10000,100000,20000,20000,20000,10000,20000,10000,20000,100000,10000,100000,20000,100000,20000,10000,10000,20000,100000,20000,10000,10000,20000,10000,10000,10000,10000,10000,10000,10000,20000,10000,10000,10000,10000,10000,100000,20000,20000,20000,1000,50000,100000,20000,100000,20000,20000,100000,50000,10000,10000,1000,1000,10000,100000,100000,5000,20000,10000,20000,100000,10000,100000,20000,20000,10000,10000,100000,10000,10000,10000,100000,100000,20000,50000,20000,20000,1000,10000,10000,10000,100000,20000,20000,20000,100000,10000,10000,10000,100000,10000,10000,20000,10000,10000,10000,20000,20000,10000,100000,1000,100000,20000,100000,10000,2000,10000,100000,100000,20000,100000,10000,100000,100000,10000,20000,100000,50000,20000,20000,100000,100000,100000,100000,100000,10000,100000,100000,2000,100000,10000,100000,20000,100000,20000,20000,2000,50000,20000,20000,10000,50000,5000,10000,10000,10000,100000,10000,10000,10000,10000,10000,2000,20000,20000,20000,20000,50000,20000,20000,100000,50000,20000,100000,20000,20000,100000,10000,100000,20000,20000,10000,20000,100000,10000,20000,20000,10000,20000,10000,20000,100000,5000,1000,10000,10000,10000,10000,10000,10000,10000,10000,1000,10000,10000,10000,10000,10000,5000,2000,10000,20000,100000,20000,100000,10000,10000,100000,10000,10000,100000,20000,20000,100000,10000,100000,20000,10000,100000,20000,5000,10000,10000,20000,100000,10000,20000,100000,10000,20000,10000,100000,10000,50000,100000,100000,100000,10000,20000,10000,100000,10000,1000,10000,10000,20000,10000,100000,1000,10000,10000,10000,100000,100000,20000,5000,20000,100000,100000,10000,20000,50000,20000,50000,20000,10000,10000,100000,50000,20000,10000,2000,100000,20000,20000,20000,100000,10000,20000,10000,100000,10000,10000,100000,20000,100000,20000,100000,10000,10000,20000,10000,100000,5000,5000,20000,100000,10000,20000,10000,20000,20000,100000,20000,100000,10000,20000,100000,10000,100000,1000,10000,100000,1000,20000,10000,100000,20000,20000,5000,100000,10000,10000,20000,10000,100000,1000,20000,100000,20000,20000,10000,20000,20000,100000,10000,10000,100000,10000,10000,20000,10000,50000,10000,100000,20000,100000,100000,10000,20000,20000,10000,20000,10000,10000,10000,20000,10000,10000,20000,10000,100000,100000,20000,100000,20000,20000,10000,20000,10000,10000,100000,1000,10000,100000,100000,100000,20000,20000,10000,20000,20000,10000,10000,10000,20000,10000,20000,10000,100000,100000,20000,20000,1000,100000,10000,50000,100000,100000,20000,20000,10000,10000,10000,10000,10000,20000,100000,100000,10000,20000,10000,10000,100000,10000,20000,20000,1000,100000,20000,20000,100000,10000,10000,10000,100000,20000,20000,10000,10000,100000,20000,20000,10000,10000,20000,50000,100000,10000,20000,100000,100000,20000,20000,10000,20000,20000,10000,20000,100000,10000,20000];

communicationTimeForOrderCriticalMessages = [1,1,1,1,1,1,1,1,1,1,1,1,1,1,1,1,1,1,1,1,1,1,1,2,1,1,1,1,1,1,1,1,1,1,1,1,1,1,1,1,1,1,1,1,1,1,1,1,1,1,1,1,1,1,1,1,1,1,1,1,1,1,1,1,1,1,1,1,1,1,1,1,1,1,1,1,1,1,1,1,1,1,1,1,1,1,1,1,1,1,1,1,2,1,1,1,1,1,1,1,1,1,1,1,1,1,1,1,1,1,1,1,1,1,1,1,1,1,1,1,1,1,1,1,1,1,1,1,1,1,1,1,1,1,1,1,1,1,1,1,1,1,1,1,1,1,1,1,1,1,1,1,1,1,1,1,1,1,1,1,1,1,1,1,1,1,1,1,1,1,1,1,1,1,1,1,1,1,1,1,1,1,1,1,1,1,1,1,1,1,1,1,1,1,1,1,1,1,1,1,1,1,1,1,1,1,1,1,1,1,1,1,1,1,1,1,1,1,1,1,1,1,1,1,1,1];

sizeOfRunnables = [970,1178,653,1080,993,1518,645,960,1290,458,483,1550,1080,443,1568,1193,1135,923,723,1230,960,990,1238,1165,1095,1118,1118,585,1513,743,1620,613,1068,1143,775,683,1075,753,468,423,1210,683,855,598,690,1253,1203,1263,1225,1160,700,1165,1283,1470,1163,1393,520,678,1178,1318,625,970,853,608,1263,825,1560,1210,468,1098,618,1308,745,483,945,1008,1020,700,1195,1238,998,1595,1128,758,1410,893,685,533,668,1253,1235,985,1195,423,753,1110,1210,1258,1595,1023,1248,955,1275,948,960,1183,1193,728,580,840,1345,1233,1218,1120,1143,1448,1600,1065,1165,1113,1013,1263,413,1198,1005,655,850,1360,460,970,1125,978,815,1278,745,645,1090,1020,1605,1113,853,828,458,1480,1030,840,1188,1218,925,1053,1133,578,1180,1230,413,1178,1270,1300,983,1058,460,700,1563,1208,553,915,1275,1605,1075,538,1113,1498,668,445,990,1323,415,1180,1073,520,1278,1155,1243,525,610,640,828,1188,945,1188,1073,1088,1075,1323,528,1285,1248,1053,1573,993,863,1068,1098,1345,1150,498,840,1415,880,930,1183,1238,745,1245,1308,1513,1263,940,1528,808,1103,378,1253,1223,1303,1203,1290,1148,1065,1045,450,1003,1148,1060,1188,850,1120,1275,1170,655,390,1088,1240,1140,1118,1238,528,1035,1285,1065,1188,1573,578,1258,863,1118,625,985,1140,653,1448,820,1235,525,1158,1095,1568,1568,1188,1038,1173,1000,1170,1058,1053,638,378,1143,1230,1020,880,550,1453,1235,1340,1140,1158,1028,1573,910,1588,1303,1243,1098,728,1015,870,393,945,413,915,1605,1193,1275,1615,1240,1065,1165,1090,715,938,450,1000,563,955,940,1210,1368,818,1200,483,1120,625,468,700,1260,775,835,1490,940,538,1268,1518,933,490,1000,900,1443,1620,668,490,1195,993,880,970,1563,993,495,1583,950,1048,1015,848,1080,998,888,998,1158,1253,1125,1208,1068,1185,1180,885,1155,733,610,1530,978,393,1253,548,1293,1278,1085,1555,1105,1080,1420,878,685,1053,788,1210,535,1555,1220,1583,1300,780,1268,1245,880,810,1140,1068,968,1005,1045,580,525,693,1425,1125,1600,1350,1005,1050,465,825,405,993,1573,1508,1038,713,1425,948,990,1105,1523,1135,1005,1480,1485,585,870,1048,1048,1165,1240,963,1268,1088,523,1170,1165,1268,683,963,1143,1138,1165,985,1263,1308,753,453,1513,1195,1530,495,1233,930,1073,1268,1150,1090,990,1210,1300,990,1453,473,1223,933,1503,1620,638,1073,1498,420,945,948,693,1155,715,683,520,1263,1178,983,1118,1340,713,1240,1568,1255,548,1035,855,1300,1203,1045,1255,593,880,878,925];

SenderLabelReceiverOrderCriticalChains = [[334,259,0,0,116],[116,3778,0,0,262],[262,661,0,0,50],[50,1177,0,0,329],[314,3443,0,0,388],[388,1463,3369,0,143],[143,2928,0,0,384],[384,3794,0,0,450],[450,2828,0,0,315],[315,1973,0,0,286],[160,1214,0,0,15],[15,1055,0,0,198],[198,404,0,0,216],[216,1321,0,0,56],[56,3580,0,0,129],[34,3125,0,0,69],[69,1131,0,0,192],[192,2922,0,0,373],[373,3008,0,0,478],[478,2074,0,0,380],[186,3918,0,0,485],[485,2758,0,0,190],[190,1710,0,0,206],[206,44,0,0,18],[18,886,0,0,282],[384,1968,0,0,373],[373,101,1715,0,364],[364,858,0,0,199],[199,2669,0,0,452],[213,1630,0,0,229],[229,2773,0,0,436],[436,1888,0,0,57],[57,316,0,0,379],[8,143,0,0,370],[370,1151,0,0,226],[226,670,0,0,403],[403,1923,0,0,431],[431,182,0,0,174],[174,2641,0,0,135],[93,2193,0,0,109],[109,1295,0,0,474],[474,3533,0,0,273],[273,1787,0,0,329],[329,600,0,0,351],[28,2312,0,0,157],[157,2955,0,0,410],[410,3660,0,0,446],[446,2385,0,0,162],[49,783,0,0,483],[483,817,0,0,77],[77,2154,0,0,454],[222,1327,0,0,264],[264,2626,0,0,411],[411,1638,0,0,121],[121,3380,0,0,353],[353,637,0,0,24],[24,3915,0,0,486],[30,3383,0,0,457],[457,1846,0,0,336],[336,2545,0,0,182],[182,342,1549,0,393],[483,3216,0,0,194],[194,3398,0,0,255],[255,1738,0,0,200],[452,1953,0,0,458],[458,986,1037,0,357],[357,2530,0,0,239],[239,3708,0,0,472],[472,499,0,0,76],[76,402,0,0,234],[468,826,0,0,441],[441,2928,0,0,491],[491,693,1571,0,350],[350,223,0,0,219],[219,1523,0,0,484],[484,3031,0,0,167],[366,418,0,0,92],[92,3016,0,0,250],[250,2057,0,0,488],[463,945,0,0,281],[281,3935,0,0,69],[69,187,0,0,432],[131,1242,0,0,184],[184,719,0,0,268],[268,1133,0,0,379],[379,304,0,0,207],[207,3377,0,0,124],[124,1960,0,0,322],[241,2153,0,0,375],[375,1110,1410,0,421],[421,455,0,0,466],[106,114,0,0,469],[469,362,0,0,398],[398,1392,0,0,492],[364,1688,0,0,340],[340,1242,0,0,453],[453,13,0,0,32],[32,2295,0,0,77],[77,905,0,0,42],[42,22,0,0,238],[116,1877,0,0,383],[383,336,0,0,424],[424,2587,0,0,264],[203,396,0,0,181],[181,510,0,0,167],[167,2830,0,0,278],[278,3360,0,0,133],[133,1784,0,0,465],[136,2868,0,0,406],[406,42,0,0,70],[70,2373,0,0,153],[153,2646,0,0,290],[151,1573,0,0,204],[204,1514,0,0,378],[378,3174,0,0,184],[184,1280,0,0,219],[133,609,0,0,344],[344,731,2470,0,68],[68,2544,0,0,287],[85,274,0,0,462],[462,613,0,0,395],[395,2300,0,0,285],[285,1798,0,0,307],[307,2044,0,0,178],[63,950,0,0,108],[108,3245,0,0,333],[333,52,0,0,131],[131,459,0,0,122],[122,748,0,0,46],[46,1365,0,0,94],[108,247,0,0,6],[6,843,0,0,164],[164,801,0,0,227],[227,3176,0,0,376],[376,1746,0,0,352],[352,919,2398,0,440],[382,3542,0,0,204],[204,2085,0,0,363],[363,1907,0,0,122],[381,1525,0,0,66],[66,2997,0,0,252],[252,2536,0,0,52],[52,1340,0,0,124],[124,2952,0,0,376],[376,681,0,0,339],[145,2590,0,0,113],[113,2623,0,0,207],[207,2162,0,0,350],[126,913,0,0,1],[1,3688,0,0,149],[149,546,3502,0,359],[359,1241,0,0,291],[291,216,2276,0,101],[469,1925,0,0,46],[46,3920,0,0,224],[224,3978,0,0,491],[491,2316,0,0,484],[40,1364,0,0,470],[470,3273,0,0,374],[374,3991,0,0,273],[371,2224,0,0,293],[293,1150,0,0,452],[452,3676,0,0,390],[390,1279,0,0,129],[397,2129,0,0,299],[299,3996,0,0,290],[290,3977,0,0,288],[288,3328,0,0,84],[84,1669,0,0,42],[42,3320,0,0,142],[468,1143,0,0,318],[318,1033,0,0,53],[53,3012,0,0,495],[349,3190,0,0,401],[401,3288,0,0,88],[88,3136,0,0,294],[294,3617,0,0,184],[184,794,0,0,132],[132,655,0,0,426],[427,2150,0,0,323],[323,3671,0,0,347],[347,426,0,0,184],[184,13,0,0,168],[168,3994,0,0,205],[205,3916,0,0,57],[362,2271,0,0,89],[89,546,0,0,149],[149,2631,0,0,442],[98,3349,0,0,59],[59,3280,0,0,99],[99,1371,0,0,83],[83,810,0,0,38],[38,1583,0,0,452],[308,2719,0,0,140],[140,1447,0,0,129],[129,2076,0,0,328],[328,3518,0,0,189],[420,3569,0,0,50],[50,1279,0,0,356],[356,2268,0,0,171],[365,1084,2557,0,353],[353,3405,0,0,325],[325,3704,0,0,157],[157,3260,0,0,457],[457,3020,0,0,386],[386,1525,0,0,29],[381,3226,0,0,389],[389,242,0,0,132],[132,2158,0,0,415],[415,2447,0,0,309],[309,1608,0,0,492],[406,1784,0,0,226],[226,1098,0,0,354],[354,3018,0,0,129],[129,3180,0,0,54],[54,2587,0,0,473],[473,1632,0,0,139],[196,1113,0,0,2],[2,547,0,0,197],[197,2145,0,0,240],[240,511,0,0,7],[429,2488,0,0,207],[207,14,0,0,495],[495,2943,0,0,475],[475,2677,0,0,449],[449,2990,0,0,4]];

SenderLabelReceiverNonOrderCriticalChains = [[1,126,68],[1,126,227],[1,126,354],[1,727,375],[1,3590,21],[1,3688,79],[1,3688,149],[2,547,197],[2,2898,122],[2,2898,495],[2,3255,262],[2,3255,321],[2,3477,3],[2,3477,202],[2,3477,208],[2,3907,108],[2,3956,397],[3,103,144],[3,103,215],[3,180,71],[3,575,7],[3,1158,131],[3,1158,460],[3,3274,114],[4,107,486],[4,478,481],[4,1009,360],[4,1488,347],[4,1488,143],[4,2089,58],[4,2089,298],[4,2089,348],[4,2505,16],[4,2505,6],[5,565,177],[5,565,480],[5,1004,128],[5,2794,8],[5,2831,248],[5,3037,19],[5,3037,492],[5,3341,16],[5,3831,248],[6,843,164],[6,1041,12],[6,1041,491],[6,1473,36],[6,2584,112],[7,275,479],[7,1223,312],[7,2067,346],[7,2166,8],[7,2700,443],[7,2700,131],[8,143,370],[8,312,456],[8,794,13],[8,794,86],[8,794,132],[8,2489,25],[8,2489,40],[8,2742,64],[8,2742,185],[8,2742,334],[9,665,210],[9,665,449],[9,1416,312],[9,2449,123],[9,2872,248],[9,3146,30],[9,3146,18],[10,590,419],[10,1522,236],[10,2406,216],[10,2406,352],[10,3224,271],[10,3306,363],[10,3466,194],[10,3768,31],[11,63,365],[11,762,180],[11,762,281],[11,1047,456],[11,1380,14],[11,1449,67],[11,3835,167],[12,421,20],[12,1758,86],[12,1908,52],[12,2840,237],[12,2986,492],[12,3461,439],[13,1441,374],[13,1441,147],[13,1492,292],[13,2201,30],[13,2201,286],[13,2486,454],[13,3413,359],[13,3413,240],[13,3947,42],[14,223,219],[14,223,393],[14,673,316],[14,762,180],[14,762,281],[14,1193,482],[14,1193,190],[14,1432,24],[14,3035,446],[14,3035,169],[15,134,468],[15,784,251],[15,1055,198],[15,2265,419],[15,2697,31],[15,3458,87],[15,3458,368],[15,3458,451],[15,3614,340],[16,1674,201],[16,1922,154],[16,2113,248],[16,2681,19],[16,2683,261],[17,191,282],[17,953,93],[17,953,278],[17,953,385],[17,1099,408],[17,2285,20],[17,2543,408],[17,3546,314],[18,886,345],[18,886,282],[18,2089,58],[18,2089,298],[18,2089,348],[18,2281,473],[18,2281,166],[18,2371,422],[18,3992,311],[18,3992,23],[18,3992,297],[19,832,248],[19,2296,201],[19,2885,422],[19,3074,53],[20,84,138],[20,84,187],[20,324,225],[20,365,426],[20,2489,25],[20,2489,40],[20,2606,350],[20,3514,87],[21,235,203],[21,235,126],[21,621,291],[21,714,89],[21,714,395],[21,1264,285],[21,1264,35],[21,2047,149],[22,18,399],[22,18,459],[22,84,138],[22,84,187],[22,1513,115],[22,1958,475],[22,1958,276],[22,2647,25],[22,2647,62],[22,3143,311],[23,594,310],[23,1335,123],[23,2303,391],[23,2303,447],[23,2506,27],[23,3141,259],[23,3141,494],[23,3141,235],[23,3505,41],[23,3903,166],[24,1845,155],[24,2736,361],[24,2736,163],[24,2736,321],[24,3100,28],[24,3915,486],[24,3922,474],[24,3974,75],[25,795,311],[25,795,288],[25,795,392],[25,3722,139],[25,3806,48],[25,3806,345],[25,3884,61],[26,813,358],[26,2742,64],[26,2742,185],[26,2742,334],[26,2807,374],[26,2904,486],[26,2935,130],[26,3158,322],[26,3158,395],[26,3820,96],[27,531,259],[27,531,107],[27,1233,417],[27,1293,100],[27,1293,413],[27,2193,31],[27,2193,109],[27,3004,32],[27,3410,244],[28,1276,30],[28,2312,157],[28,3016,230],[28,3016,250],[28,3283,259],[28,3534,500],[29,1694,490],[29,3146,30],[29,3146,18],[29,3795,37],[30,235,203],[30,235,126],[30,2105,475],[30,2105,175],[30,3278,39],[30,3383,457],[30,3442,255],[31,2693,431],[31,2768,471],[31,2890,367],[31,3060,33],[31,3141,259],[31,3141,494],[31,3141,235],[32,515,34],[32,515,467],[32,1828,448],[32,1828,89],[32,2295,77],[32,2295,35],[32,2517,407],[32,3993,26],[32,3993,340],[33,1867,17],[33,1867,36],[33,2218,165],[33,2218,160],[33,2399,125],[33,2399,147],[33,2642,372],[33,2846,72],[33,2945,212],[34,1327,59],[34,1327,264],[34,1377,5],[34,1377,482],[34,1851,224],[34,1851,432],[34,3125,69],[35,490,101],[35,490,292],[35,932,81],[35,932,171],[35,1081,89],[35,2145,232],[35,2145,240],[36,171,39],[36,171,328],[36,171,145],[36,182,17],[36,182,174],[36,182,402],[36,473,160],[36,473,39],[36,3484,493],[36,3548,396],[36,3651,41],[37,350,351],[37,1741,212],[37,1741,101],[37,2547,85],[37,2685,256],[37,2881,387],[37,2881,67],[37,3175,431],[38,1583,452],[38,2579,363],[38,2634,474],[38,2694,349],[38,2694,43],[39,1422,381],[39,1548,183],[39,2159,243],[39,3977,45],[39,3977,288],[40,246,334],[40,246,335],[40,1113,96],[40,1113,2],[40,1113,9],[40,1364,470],[40,3253,177],[40,3695,410],[40,3806,48],[40,3806,345],[41,150,74],[41,150,432],[41,497,356],[41,497,493],[41,1720,78],[41,1728,115],[41,1728,499],[41,2349,64],[41,2349,459],[42,22,238],[42,545,49],[42,2015,321],[42,2015,433],[42,2211,387],[42,2211,346],[42,3320,142],[43,64,49],[43,476,274],[43,1641,277],[43,1641,74],[43,1762,349],[43,1762,334],[43,2201,30],[43,2201,286],[44,486,215],[44,1589,130],[44,1629,60],[44,1722,211],[44,3135,243],[44,3135,456],[44,3185,383],[44,3691,326],[45,378,62],[45,1760,496],[45,1760,445],[45,2502,47],[45,2949,124],[45,2949,493],[45,3996,290],[45,3996,242],[46,1112,300],[46,1112,196],[46,1365,94],[46,1488,347],[46,1488,143],[46,2105,475],[46,2105,175],[46,3458,87],[46,3458,368],[46,3458,451],[46,3920,220],[46,3920,224],[47,176,141],[47,176,156],[47,343,316],[47,878,159],[47,878,201],[47,2100,62],[48,1676,51],[48,1893,285],[48,2111,488],[48,3193,448],[48,3545,375],[49,783,483],[49,1255,314],[49,1255,372],[49,1257,69],[49,1490,120],[49,2820,281],[50,520,158],[50,1177,428],[50,1177,329],[50,1279,356],[50,1279,129],[50,1279,439],[50,1834,62],[50,2813,474],[51,58,408],[51,1258,218],[51,1665,326],[51,1665,356],[51,1917,94],[51,1917,416],[51,2711,381],[51,3616,63],[52,808,405],[52,1340,124],[52,1441,374],[52,1441,147],[52,2783,92],[52,3476,132],[52,3476,464],[53,855,401],[53,1160,344],[53,2429,87],[53,3012,495],[54,1059,189],[54,1431,194],[54,2581,78],[54,2587,473],[54,2587,264],[54,3876,128],[55,126,68],[55,126,227],[55,126,354],[55,246,334],[55,246,335],[55,923,27],[55,1464,131],[55,2344,298],[55,2616,217],[55,3529,369],[56,249,292],[56,249,413],[56,249,74],[56,336,174],[56,336,424],[56,1281,388],[56,1281,480],[56,2862,64],[56,2894,60],[56,3580,492],[56,3580,129],[57,96,181],[57,96,461],[57,316,379],[57,2092,56],[57,3411,476],[57,3411,90],[57,3792,448],[58,1585,446],[58,2050,230],[58,2156,162],[58,2585,148],[58,2860,99],[58,2860,291],[58,2860,414],[58,3873,60],[59,1854,70],[59,2167,110],[59,3280,406],[59,3280,99],[60,1824,80],[60,3026,198],[60,3026,421],[61,502,465],[61,983,379],[61,1617,204],[61,2332,414],[61,2446,303],[61,3800,145],[61,3800,164],[62,377,383],[62,3858,109],[63,434,257],[63,950,108],[63,994,87],[63,1639,219],[63,2392,352],[63,2660,313],[64,106,193],[64,669,98],[64,1818,102],[64,2837,193],[64,3448,246],[64,3448,237],[65,861,99],[65,1136,445],[65,1136,71],[65,1136,347],[65,1275,287],[65,1275,370],[65,1275,405],[65,1899,284],[65,3416,348],[65,3416,453],[65,3478,19],[65,3602,112],[66,905,42],[66,905,62],[66,2626,411],[66,2626,213],[66,2626,422],[66,2997,252],[66,3613,492],[66,3878,344],[67,283,457],[67,886,345],[67,886,282],[67,2112,407],[67,2112,133],[67,2497,285],[68,319,273],[68,794,13],[68,794,86],[68,794,132],[68,1695,358],[68,2470,344],[68,2544,287],[68,2544,428],[68,2544,111],[68,3327,410],[68,3327,153],[69,187,432],[69,1131,192],[69,2106,76],[69,2106,102],[70,725,216],[70,725,90],[70,1152,346],[70,2336,142],[70,2373,121],[70,2373,153],[70,3243,73],[70,3347,198],[71,1158,131],[71,1158,460],[71,1891,494],[71,2007,234],[71,2408,228],[72,97,80],[72,454,385],[72,454,419],[72,795,311],[72,795,288],[72,795,392],[72,2884,249],[72,3048,361],[72,3048,460],[72,3215,78],[72,3221,371],[73,833,85],[73,1113,96],[73,1113,2],[73,1113,9],[73,1759,475],[73,3118,75],[73,3187,85],[73,3261,242],[73,3261,331],[73,3261,137],[74,707,306],[74,806,84],[74,3669,170],[75,1838,432],[75,2295,77],[75,2295,35],[75,2968,78],[75,3482,378],[75,3587,192],[75,3587,257],[76,402,490],[76,402,234],[76,532,83],[76,532,440],[76,1723,316],[76,1723,440],[76,2399,125],[76,2399,147],[76,2494,340],[77,905,42],[77,905,62],[77,2154,454],[77,3133,385],[77,3133,174],[78,2401,206],[78,2646,290],[78,2646,296],[78,2646,34],[78,3214,101],[78,3713,108],[79,473,160],[79,473,39],[79,1813,464],[79,1916,444],[79,2220,146],[79,3133,385],[79,3133,174],[79,3540,305],[80,883,129],[80,906,16],[80,1463,284],[80,1463,388],[80,1905,314],[80,1905,360],[80,1905,493],[80,3937,81],[80,3937,148],[80,3993,26],[80,3993,340],[81,1434,177],[81,2928,215],[81,2928,242],[81,2928,384],[81,2928,491],[81,3327,410],[81,3327,153],[82,430,237],[82,1249,116],[82,1249,380],[82,1249,306],[82,1249,118],[82,1471,455],[82,1471,160],[82,1643,226],[82,3299,57],[82,3299,350],[83,810,38],[83,810,469],[83,1437,220],[83,1506,51],[84,385,299],[84,1043,500],[84,1043,463],[84,1669,42],[84,1847,346],[84,3247,107],[85,274,335],[85,274,462],[85,538,128],[85,538,226],[85,1274,337],[85,2443,103],[86,259,116],[86,259,190],[86,259,286],[86,1230,146],[86,1438,168],[86,1642,291],[86,3565,136],[87,239,255],[87,239,324],[87,567,134],[87,1198,3],[87,1796,334],[88,279,389],[88,2386,252],[88,3136,294],[88,3381,179],[89,173,126],[89,546,149],[89,546,359],[89,1885,117],[89,2109,100],[90,293,97],[90,293,253],[90,792,282],[90,3050,431],[91,266,438],[91,1040,377],[91,1040,109],[91,1541,356],[91,2008,222],[91,2590,113],[91,2590,148],[91,3254,136],[92,31,319],[92,3016,230],[92,3016,250],[92,3593,391],[92,3593,103],[92,3980,362],[93,1454,474],[93,1454,490],[93,1650,83],[93,2193,31],[93,2193,109],[93,3313,96],[93,3313,335],[93,3458,87],[93,3458,368],[93,3458,451],[93,3971,103],[94,74,122],[94,74,330],[94,74,156],[94,646,473],[94,2089,58],[94,2089,298],[94,2089,348],[94,2763,106],[94,3469,284],[94,3622,355],[95,353,272],[95,407,320],[95,407,321],[95,407,476],[95,407,418],[95,1938,448],[95,2002,170],[95,2425,110],[95,2719,278],[95,2719,140],[95,2985,214],[95,3338,430],[95,3338,468],[96,1816,103],[96,1816,276],[96,1816,97],[96,2475,377],[96,2475,240],[96,3342,428],[96,3342,104],[96,3500,65],[97,11,166],[97,573,199],[97,573,496],[97,1540,445],[97,1540,52],[97,2218,165],[97,2218,160],[97,3086,123],[98,415,248],[98,879,29],[98,887,140],[98,2045,326],[98,2759,367],[98,3349,59],[98,3653,86],[98,3653,303],[99,677,247],[99,677,450],[99,1371,83],[99,1713,442],[99,2621,114],[99,2621,395],[100,598,241],[100,1511,474],[100,1996,126],[100,2860,99],[100,2860,291],[100,2860,414],[100,3992,311],[100,3992,23],[100,3992,297],[101,111,421],[101,216,291],[101,2291,492],[101,2291,232],[102,90,118],[102,233,234],[102,1494,451],[102,3757,319],[103,293,97],[103,293,253],[103,1471,455],[103,1471,160],[103,1799,256],[103,2732,180],[104,15,374],[104,494,474],[104,494,494],[104,622,125],[104,1025,331],[104,1025,101],[104,1262,307],[104,1826,264],[105,1108,81],[105,1509,304],[105,1521,440],[105,1706,471],[105,1706,269],[105,2615,343],[105,2817,191],[105,3231,109],[105,3475,343],[105,3475,355],[106,114,469],[106,617,404],[106,617,401],[106,943,420],[106,943,434],[106,1184,29],[106,2710,112],[106,3132,395],[106,3132,306],[107,333,326],[107,920,468],[107,920,90],[107,2398,440],[107,2398,128],[107,3280,406],[107,3280,99],[107,3708,254],[107,3708,472],[108,247,6],[108,1481,162],[108,2503,400],[108,2503,427],[108,3245,58],[108,3245,333],[108,3245,381],[109,585,289],[109,585,471],[109,1295,474],[109,2737,321],[109,3748,137],[110,50,257],[110,1089,277],[110,1672,452],[110,3087,194],[111,62,369],[111,709,383],[111,709,444],[111,1809,496],[111,2457,172],[111,3282,164],[112,1040,377],[112,1040,109],[112,2215,188],[112,2240,324],[112,3477,3],[112,3477,202],[112,3477,208],[113,1649,430],[113,2623,207],[113,2666,158],[113,3471,202],[113,3471,34],[114,472,436],[114,1836,115],[114,1882,453],[114,1882,35],[114,2433,354],[114,3392,186],[114,3392,236],[114,3499,66],[115,780,223],[115,1003,128],[115,3726,417],[115,3726,197],[116,904,151],[116,904,390],[116,1406,60],[116,1406,396],[116,1406,244],[116,1406,138],[116,1877,383],[116,1877,455],[116,3471,202],[116,3471,34],[116,3778,33],[116,3778,262],[117,844,200],[117,1170,91],[117,1342,402],[117,2633,122],[117,3059,422],[117,3355,136],[117,3419,363],[118,61,462],[118,490,101],[118,490,292],[118,856,352],[118,856,483],[118,2501,238],[118,2801,402],[118,3188,477],[119,542,410],[119,542,138],[119,1076,294],[119,1172,371],[119,1172,377],[119,1430,484],[119,2056,344],[119,2414,451],[119,3267,243],[120,74,122],[120,74,330],[120,74,156],[120,1550,470],[120,1550,456],[120,2338,278],[120,2836,334],[120,2898,122],[120,2898,495],[120,3105,302],[121,1867,17],[121,1867,36],[121,3165,239],[121,3165,345],[121,3165,498],[121,3380,353],[121,3571,471],[121,3888,74],[122,748,46],[122,3828,170],[123,629,102],[123,1193,482],[123,1193,190],[123,2372,402],[123,2625,427],[123,3688,79],[123,3688,149],[124,1960,322],[124,2561,37],[124,2677,214],[124,2677,449],[124,2952,376],[125,1079,235],[125,1079,265],[125,3107,316],[125,3368,468],[125,3479,168],[125,3479,418],[125,3481,268],[126,913,1],[126,3232,149],[126,3372,77],[126,3969,232],[127,585,289],[127,585,471],[127,2276,220],[127,2276,101],[127,2603,202],[127,2655,196],[127,3555,142],[127,3932,186],[128,953,93],[128,953,278],[128,953,385],[128,1072,229],[128,1151,130],[128,1151,226],[129,1179,136],[129,2076,328],[129,3180,54],[130,841,147],[130,841,144],[130,841,332],[130,1348,148],[130,2792,176],[130,3527,301],[130,3716,54],[130,3716,437],[131,459,122],[131,1242,453],[131,1242,184],[131,2082,227],[132,655,426],[132,1333,134],[132,2158,295],[132,2158,415],[132,3159,21],[132,3159,361],[132,3849,110],[133,135,67],[133,135,69],[133,609,344],[133,609,398],[133,1095,136],[133,1374,145],[133,1374,323],[133,1784,438],[133,1784,374],[133,1784,465],[133,1784,226],[133,2280,347],[134,1028,447],[134,1266,484],[134,2691,157],[134,2873,180],[134,3132,395],[134,3132,306],[135,487,407],[135,2083,205],[135,2083,342],[135,2107,126],[135,2107,356],[135,2107,210],[135,2544,287],[135,2544,428],[135,2544,111],[135,2626,411],[135,2626,213],[135,2626,422],[135,2671,197],[135,3154,209],[136,2868,406],[136,2868,291],[136,3241,139],[136,3864,280],[137,675,439],[137,1216,141],[137,1651,48],[137,1651,185],[137,1666,340],[137,2948,346],[138,391,172],[138,391,438],[138,1965,382],[138,2608,396],[138,3173,152],[138,3769,383],[139,841,147],[139,841,144],[139,841,332],[139,1281,388],[139,1281,480],[139,2887,483],[139,3397,222],[140,1355,449],[140,1447,129],[140,2065,44],[140,3308,500],[140,3308,275],[141,503,447],[141,1396,195],[141,1544,155],[141,1741,212],[141,1741,101],[141,3672,390],[141,3672,85],[142,1603,145],[142,1654,315],[142,1770,343],[142,1909,192],[142,3135,243],[142,3135,456],[143,471,113],[143,471,174],[143,892,282],[143,1171,11],[143,1463,284],[143,1463,388],[143,2496,155],[143,2928,215],[143,2928,242],[143,2928,384],[143,2928,491],[144,127,407],[144,1180,29],[144,1717,147],[144,2318,108],[144,3305,406],[144,3715,254],[145,16,90],[145,739,443],[145,739,9],[145,2286,158],[145,2590,113],[145,2590,148],[146,347,265],[146,2467,221],[146,3926,221],[146,3978,435],[146,3978,439],[146,3978,289],[146,3978,491],[147,755,266],[147,755,335],[147,1377,5],[147,1377,482],[147,1821,344],[148,1331,170],[148,1495,81],[148,1495,152],[148,1495,434],[148,2107,126],[148,2107,356],[148,2107,210],[149,1043,500],[149,1043,463],[149,2631,442],[149,3502,359],[150,25,158],[150,1166,467],[150,2242,329],[150,2721,243],[150,2721,383],[150,2721,102],[150,2756,467],[150,2786,256],[151,1573,204],[151,2373,121],[151,2373,153],[151,3001,318],[151,3297,251],[151,3978,435],[151,3978,439],[151,3978,289],[151,3978,491],[151,3992,311],[151,3992,23],[151,3992,297],[152,537,424],[152,1394,169],[152,1428,112],[152,1428,209],[152,1428,50],[152,2724,39],[152,2724,364],[152,2909,345],[152,3369,143],[152,3369,413],[153,789,357],[153,1250,28],[153,1287,257],[153,1958,475],[153,1958,276],[153,2646,290],[153,2646,296],[153,2646,34],[154,949,248],[154,1518,464],[154,1518,178],[154,1858,248],[154,2575,268],[154,2575,480],[154,2696,201],[154,2742,64],[154,2742,185],[154,2742,334],[154,3914,113],[154,3914,167],[155,2878,356],[155,3541,397],[156,466,411],[156,606,267],[156,606,318],[156,787,457],[156,1159,420],[157,915,171],[157,2106,76],[157,2106,102],[157,2955,410],[157,3260,457],[157,3837,251],[158,1792,492],[158,1792,414],[158,2299,476],[158,2438,188],[158,3475,343],[158,3475,355],[159,3048,361],[159,3048,460],[159,3317,146],[159,3975,195],[160,659,337],[160,943,420],[160,943,434],[160,1214,15],[160,1366,305],[160,3394,277],[161,168,230],[161,168,446],[161,1132,460],[161,1279,356],[161,1279,129],[161,1279,439],[161,2231,267],[161,3025,165],[161,3445,228],[161,3445,276],[162,531,259],[162,531,107],[162,1174,393],[162,1174,247],[162,1459,283],[162,1496,259],[162,3701,450],[162,3701,457],[163,124,477],[163,171,39],[163,171,328],[163,171,145],[163,709,383],[163,709,444],[163,1352,397],[163,2799,481],[163,3672,390],[163,3672,85],[164,801,227],[164,801,253],[164,1677,241],[164,2180,429],[164,2856,203],[165,671,212],[165,1021,451],[165,1021,240],[165,1345,399],[165,3009,443],[166,98,449],[166,953,93],[166,953,278],[166,953,385],[166,2177,347],[166,2841,391],[166,3988,61],[167,2078,2],[167,2546,205],[167,2592,242],[167,2830,390],[167,2830,278],[167,2830,286],[168,1425,441],[168,1425,472],[168,2206,218],[168,3261,242],[168,3261,331],[168,3261,137],[168,3638,280],[168,3638,82],[168,3994,205],[169,222,387],[169,222,480],[169,1125,456],[169,1350,324],[169,1350,229],[169,1428,112],[169,1428,209],[169,1428,50],[169,2275,329],[170,388,276],[170,1149,270],[170,1614,199],[170,2970,351],[171,998,264],[171,1041,12],[171,1041,491],[171,1286,338],[171,1286,320],[171,2251,174],[171,2717,438],[172,1275,287],[172,1275,370],[172,1275,405],[172,1616,18],[172,1616,337],[172,2172,82],[172,2722,369],[172,3521,317],[172,3890,342],[173,2107,126],[173,2107,356],[173,2107,210],[173,2598,280],[173,2739,307],[173,3008,205],[173,3008,478],[173,3313,96],[173,3313,335],[173,3684,253],[174,2641,135],[174,3901,60],[174,3901,443],[175,118,358],[175,1756,358],[175,1817,428],[175,1844,230],[175,1897,32],[175,2428,262],[176,177,254],[176,929,216],[176,1651,48],[176,1651,185],[176,1864,301],[176,3855,393],[176,3855,453],[177,332,424],[177,705,308],[177,878,159],[177,878,201],[177,1539,174],[177,2758,253],[177,2758,190],[178,1186,374],[178,1313,303],[178,1484,300],[178,1484,479],[178,1484,319],[178,3896,482],[179,257,121],[179,362,279],[179,362,398],[179,703,393],[179,1709,446],[179,2003,406],[180,1254,195],[180,2015,321],[180,2015,433],[180,3178,221],[180,3178,230],[180,3821,353],[181,150,74],[181,150,432],[181,510,167],[181,1944,252],[181,1944,261],[181,2018,124],[181,2018,330],[181,2715,187],[182,342,393],[182,342,69],[182,543,230],[182,1167,283],[182,1549,393],[182,2806,120],[182,2806,231],[183,35,372],[183,407,320],[183,407,321],[183,407,476],[183,407,418],[183,810,38],[183,810,469],[183,1723,316],[183,1723,440],[183,3344,211],[183,3420,246],[183,3420,464],[184,13,32],[184,13,168],[184,13,290],[184,13,414],[184,719,268],[184,794,13],[184,794,86],[184,794,132],[184,1280,219],[185,513,201],[185,1277,229],[185,1277,201],[185,1393,268],[185,1393,320],[185,1597,402],[185,1597,265],[185,1887,317],[185,1887,349],[185,3490,201],[186,157,317],[186,157,482],[186,981,494],[186,981,190],[186,1019,258],[186,2978,182],[186,3627,312],[186,3918,341],[186,3918,485],[187,616,323],[187,633,204],[187,1190,401],[187,1190,318],[187,1611,38],[188,156,196],[188,156,427],[188,1255,314],[188,1255,372],[188,1552,202],[188,1593,489],[188,3018,129],[188,3018,351],[189,972,210],[189,972,449],[189,1443,428],[189,1443,277],[189,3299,57],[189,3299,350],[189,3701,450],[189,3701,457],[190,754,231],[190,1141,412],[190,1141,282],[190,1710,206],[190,1850,282],[191,1435,269],[191,2272,227],[191,2877,147],[191,3662,265],[192,1116,257],[192,2013,45],[192,2922,373],[193,564,347],[193,715,486],[193,715,493],[193,1971,173],[193,2322,196],[193,3680,165],[194,1445,28],[194,1781,235],[194,1781,435],[194,2726,409],[194,2726,472],[194,2726,482],[194,3398,255],[195,234,422],[195,461,382],[195,981,494],[195,981,190],[195,2797,59],[195,3834,71],[196,700,363],[196,979,489],[196,1113,96],[196,1113,2],[196,1113,9],[196,2112,407],[196,2112,133],[197,1559,265],[197,2145,232],[197,2145,240],[197,3800,145],[197,3800,164],[198,404,216],[198,859,47],[198,2647,25],[198,2647,62],[198,3709,150],[199,519,22],[199,952,200],[199,2669,452],[199,2669,487],[199,3159,21],[199,3159,361],[200,701,433],[200,1626,203],[200,1626,209],[200,2158,295],[200,2158,415],[200,3142,393],[200,3309,385],[201,1249,116],[201,1249,380],[201,1249,306],[201,1249,118],[202,341,466],[202,341,415],[202,1882,453],[202,1882,35],[202,2255,96],[203,355,334],[203,396,113],[203,396,181],[203,3804,107],[203,3991,260],[203,3991,273],[204,419,211],[204,1514,378],[204,2085,363],[204,2910,250],[205,164,288],[205,1275,287],[205,1275,370],[205,1275,405],[205,3916,57],[206,44,18],[206,848,299],[206,1418,187],[206,2121,115],[206,2121,210],[206,2736,361],[206,2736,163],[206,2736,321],[207,14,495],[207,1299,34],[207,2162,350],[207,2629,49],[207,3377,124],[208,716,261],[208,716,227],[208,1762,349],[208,1762,334],[208,2163,335],[208,3104,408],[208,3160,349],[208,3476,132],[208,3476,464],[209,103,144],[209,103,215],[209,1153,43],[209,1919,383],[209,2157,325],[210,169,327],[210,1124,282],[210,1887,317],[210,1887,349],[210,3875,279],[211,572,59],[211,1086,287],[211,1086,233],[211,1647,275],[211,1816,103],[211,1816,276],[211,1816,97],[211,1866,426],[212,349,192],[212,2349,64],[212,2349,459],[212,2736,361],[212,2736,163],[212,2736,321],[212,2928,215],[212,2928,242],[212,2928,384],[212,2928,491],[212,3024,490],[213,435,488],[213,1436,333],[213,1630,229],[213,3114,115],[213,3178,221],[213,3178,230],[213,3578,339],[214,56,401],[214,539,225],[214,941,241],[214,1141,412],[214,1141,282],[214,3179,197],[214,3781,287],[215,196,48],[215,1743,332],[215,3716,54],[215,3716,437],[215,3726,417],[215,3726,197],[215,3742,443],[215,3742,181],[216,1321,56],[216,1715,373],[216,1715,364],[216,1954,298],[216,1954,470],[216,1954,453],[217,714,89],[217,714,395],[217,801,227],[217,801,253],[217,1068,342],[217,1068,233],[217,1349,456],[217,2320,456],[217,3065,256],[218,391,172],[218,391,438],[218,612,318],[218,1526,396],[218,1526,381],[218,3293,339],[218,3385,338],[218,3637,412],[219,465,382],[219,1277,229],[219,1277,201],[219,1523,484],[219,1667,327],[219,3497,445],[220,826,293],[220,826,441],[220,3424,310],[220,3906,278],[221,1944,252],[221,1944,261],[221,2278,278],[221,2278,149],[221,3338,430],[221,3338,468],[221,3773,345],[222,1327,59],[222,1327,264],[222,2303,391],[222,2303,447],[222,2721,243],[222,2721,383],[222,2721,102],[222,2946,423],[222,2946,141],[222,3805,316],[223,1079,235],[223,1079,265],[223,1703,331],[223,2211,387],[223,2211,346],[223,2265,419],[223,3102,472],[223,3433,402],[223,3776,451],[224,2014,192],[224,2091,476],[224,2091,84],[224,2667,468],[224,2667,263],[224,3653,86],[224,3653,303],[224,3978,435],[224,3978,439],[224,3978,289],[224,3978,491],[225,609,344],[225,609,398],[225,1792,492],[225,1792,414],[225,3245,58],[225,3245,333],[225,3245,381],[225,3918,341],[225,3918,485],[226,670,403],[226,1098,354],[226,1735,404],[226,2175,270],[227,2396,355],[227,3176,376],[227,3934,268],[228,1816,103],[228,1816,276],[228,1816,97],[228,1921,418],[228,2134,262],[228,2458,288],[229,249,292],[229,249,413],[229,249,74],[229,2654,481],[229,2735,249],[229,2773,436],[230,3096,377],[230,3638,280],[230,3638,82],[231,1174,393],[231,1174,247],[231,2031,304],[231,2574,486],[231,2574,483],[231,3296,342],[231,3593,391],[231,3593,103],[232,821,375],[232,821,245],[232,1334,208],[232,2653,297],[232,3978,435],[232,3978,439],[232,3978,289],[232,3978,491],[233,970,483],[233,1017,221],[233,1425,441],[233,1425,472],[233,2060,92],[233,2155,322],[234,561,240],[234,561,421],[234,1777,286],[234,1777,110],[234,2621,114],[234,2621,395],[234,3334,437],[234,3944,326],[235,2023,328],[235,2525,159],[235,2525,246],[235,2525,327],[235,2957,67],[235,3528,496],[236,912,88],[236,1010,441],[236,1194,315],[236,1194,380],[236,3510,197],[236,3510,314],[237,199,319],[237,544,71],[237,1406,60],[237,1406,396],[237,1406,244],[237,1406,138],[237,1997,92],[237,2938,53],[238,454,385],[238,454,419],[238,2751,298],[238,3587,192],[238,3587,257],[238,3789,338],[239,2262,496],[239,2700,443],[239,2700,131],[239,3310,477],[239,3547,299],[239,3708,254],[239,3708,472],[240,511,7],[240,682,191],[240,682,427],[241,1201,342],[241,2153,335],[241,2153,375],[241,2153,169],[241,2868,406],[241,2868,291],[241,2888,359],[241,3535,325],[242,2081,450],[242,2110,432],[242,2417,478],[242,2417,100],[242,3543,293],[243,680,326],[243,1052,443],[243,1052,455],[243,1616,18],[243,1616,337],[243,2475,377],[243,2475,240],[244,71,458],[244,1215,281],[244,1972,263],[244,3083,271],[244,3083,404],[244,3362,387],[245,716,261],[245,716,227],[245,1228,402],[245,1954,298],[245,1954,470],[245,1954,453],[245,2709,260],[245,2709,427],[245,2990,274],[245,2990,4],[245,3970,279],[246,991,453],[246,1420,309],[246,1641,277],[246,1641,74],[246,1828,448],[246,1828,89],[246,3577,406],[247,708,368],[247,954,269],[247,995,304],[247,1039,137],[247,1296,342],[247,1540,445],[247,1540,52],[249,1805,495],[249,1805,320],[249,3446,225],[249,3676,390],[249,3676,462],[249,3822,373],[250,156,196],[250,156,427],[250,1465,417],[250,2057,488],[250,2302,261],[250,3141,259],[250,3141,494],[250,3141,235],[251,310,294],[251,1929,358],[251,1957,256],[251,2811,198],[251,2830,390],[251,2830,278],[251,2830,286],[252,538,128],[252,538,226],[252,1546,255],[252,2362,313],[252,2522,339],[252,2536,52],[253,2,273],[253,2236,155],[253,2969,280],[254,2605,315],[254,2605,435],[254,2749,337],[254,3056,11],[254,3532,332],[254,3981,387],[255,255,292],[255,493,418],[255,1738,200],[255,1738,263],[255,1738,47],[256,504,425],[256,636,498],[256,739,443],[256,739,9],[257,1144,471],[257,1144,163],[257,1324,340],[257,2308,380],[258,1091,316],[258,1091,323],[258,1760,496],[258,1760,445],[258,1801,290],[258,1905,314],[258,1905,360],[258,1905,493],[258,2960,22],[258,3456,38],[258,3456,318],[259,2108,249],[259,2755,345],[259,2832,264],[260,192,322],[260,239,255],[260,239,324],[260,2790,363],[260,3760,262],[260,3760,417],[260,3892,327],[261,755,266],[261,755,335],[261,1597,402],[261,1597,265],[261,3308,500],[261,3308,275],[262,571,424],[262,661,50],[262,1954,298],[262,1954,470],[262,1954,453],[263,67,392],[263,573,199],[263,573,496],[263,1172,371],[263,1172,377],[264,606,267],[264,606,318],[264,2626,411],[264,2626,213],[264,2626,422],[265,744,462],[265,1189,328],[265,2278,278],[265,2278,149],[266,508,297],[266,1021,451],[266,1021,240],[266,2367,478],[266,2525,159],[266,2525,246],[266,2525,327],[266,2830,390],[266,2830,278],[266,2830,286],[266,3388,461],[267,1253,393],[267,1264,285],[267,1264,35],[267,1550,470],[267,1550,456],[267,1800,284],[268,1133,379],[268,2646,290],[268,2646,296],[268,2646,34],[268,3396,331],[269,317,304],[269,704,342],[269,722,343],[269,1690,342],[269,1690,236],[270,264,280],[270,396,113],[270,396,181],[270,617,404],[270,617,401],[270,1409,281],[270,1596,313],[270,2932,224],[271,331,331],[271,494,474],[271,494,494],[271,742,379],[271,1631,454],[271,1784,438],[271,1784,374],[271,1784,465],[271,1784,226],[272,36,415],[272,36,399],[272,40,491],[272,814,428],[272,814,415],[272,814,465],[272,2093,322],[272,2126,414],[273,274,335],[273,274,462],[273,1052,443],[273,1052,455],[273,1194,315],[273,1194,380],[273,1787,329],[274,126,68],[274,126,227],[274,126,354],[274,354,370],[274,2908,481],[274,2908,180],[274,2951,443],[274,2951,328],[274,3408,217],[275,1155,305],[275,1162,320],[275,2406,216],[275,2406,352],[275,2709,260],[275,2709,427],[275,2808,318],[275,3300,429],[276,338,236],[276,471,113],[276,471,174],[276,3255,262],[276,3255,321],[277,924,35],[277,924,488],[277,2906,379],[277,3927,279],[277,3927,54],[278,2388,279],[278,3360,133],[279,1209,281],[279,1764,458],[279,1781,235],[279,1781,435],[280,649,395],[280,3121,249],[280,3121,494],[280,3157,306],[281,1136,445],[281,1136,71],[281,1136,347],[281,3935,69],[282,3741,244],[283,227,294],[283,1315,336],[283,1933,319],[283,2574,486],[283,2574,483],[283,3144,238],[283,3914,113],[283,3914,167],[284,797,307],[284,1134,336],[284,3343,465],[284,3343,309],[285,45,263],[285,59,420],[285,1798,307],[285,3752,479],[286,1284,435],[286,2427,413],[286,2881,387],[286,2881,67],[287,1105,322],[287,1105,465],[287,1144,471],[287,1144,163],[287,3448,246],[287,3448,237],[288,865,378],[288,865,310],[288,1484,300],[288,1484,479],[288,1484,319],[288,3328,84],[288,3413,359],[288,3413,240],[289,2277,420],[289,2672,396],[289,3083,271],[289,3083,404],[289,3386,240],[289,3386,480],[289,3652,260],[289,3652,409],[289,3899,261],[290,1112,300],[290,1112,196],[290,2503,400],[290,2503,427],[290,3977,45],[290,3977,288],[291,2276,220],[291,2276,101],[291,3742,443],[291,3742,181],[292,599,173],[292,1249,116],[292,1249,380],[292,1249,306],[292,1249,118],[292,1706,471],[292,1706,269],[292,2099,404],[293,990,362],[293,1031,308],[293,1150,452],[293,2946,423],[293,2946,141],[293,3645,471],[294,1347,349],[294,1711,325],[294,1711,414],[294,3617,184],[295,86,319],[295,249,292],[295,249,413],[295,249,74],[295,2617,159],[295,2782,426],[295,3378,63],[295,3554,90],[296,200,74],[296,821,375],[296,821,245],[296,1454,474],[296,1454,490],[296,3080,361],[296,3244,164],[297,1164,358],[297,1353,466],[297,2624,362],[297,3026,198],[297,3026,421],[298,182,17],[298,182,174],[298,182,402],[298,1285,348],[298,2515,14],[298,3035,446],[298,3035,169],[299,221,338],[299,2146,66],[299,2146,404],[299,2605,315],[299,2605,435],[299,3996,290],[299,3996,242],[300,577,387],[300,1187,380],[300,1905,314],[300,1905,360],[300,1905,493],[300,2138,324],[300,2353,384],[300,3111,487],[301,400,411],[301,400,444],[301,841,147],[301,841,144],[301,841,332],[301,939,306],[301,1326,470],[301,2505,16],[301,2505,6],[301,3094,365],[302,389,329],[302,515,34],[302,515,467],[302,2518,424],[302,3606,45],[302,3606,411],[302,3606,445],[302,3841,307],[303,996,305],[303,996,111],[303,1104,386],[303,1104,433],[303,1104,469],[303,3237,220],[303,3581,253],[304,295,433],[304,815,189],[304,815,458],[304,1068,342],[304,1068,233],[304,2083,205],[304,2083,342],[305,1034,459],[305,1091,316],[305,1091,323],[305,2706,394],[305,2706,460],[305,2779,497],[306,1122,443],[306,1711,325],[306,1711,414],[307,2044,178],[307,2121,115],[307,2121,210],[307,3343,465],[307,3343,309],[308,752,432],[308,1397,380],[308,1528,458],[308,1569,384],[308,2500,447],[308,2719,278],[308,2719,140],[309,1608,492],[309,2385,159],[309,2385,162],[309,2816,379],[309,3223,341],[309,3245,58],[309,3245,333],[309,3245,381],[310,282,232],[310,1715,373],[310,1715,364],[310,2153,335],[310,2153,375],[310,2153,169],[310,2378,312],[310,3598,317],[311,865,378],[311,865,310],[311,1484,300],[311,1484,479],[311,1484,319],[311,2706,394],[311,2706,460],[311,3445,228],[311,3445,276],[312,99,43],[312,1045,391],[312,1219,47],[312,2456,13],[313,318,104],[313,944,478],[313,944,277],[313,3516,389],[313,3572,19],[313,3778,33],[313,3778,262],[314,214,209],[314,1309,432],[314,1976,364],[314,3443,388],[315,977,213],[315,1973,286],[315,3342,428],[315,3342,104],[316,1183,88],[316,2468,10],[317,1136,445],[317,1136,71],[317,1136,347],[317,2499,435],[317,3158,322],[317,3158,395],[318,1033,53],[319,183,406],[320,1401,161],[321,1002,140],[321,1576,477],[321,1576,88],[321,1707,6],[322,3690,430],[323,657,155],[323,2254,350],[323,3671,347],[324,47,156],[324,2356,448],[324,2802,327],[324,3794,450],[324,3794,381],[325,13,32],[325,13,168],[325,13,290],[325,13,414],[325,1557,271],[325,3704,157],[326,325,485],[326,2062,284],[327,43,333],[327,2229,497],[327,3331,366],[328,209,403],[328,795,311],[328,795,288],[328,795,392],[328,3518,189],[328,3518,484],[329,600,351],[329,3836,450],[330,1114,348],[330,1910,431],[330,2509,371],[330,2896,431],[330,3705,360],[330,3753,331],[331,464,460],[331,464,500],[331,2962,267],[332,342,393],[332,342,69],[332,681,339],[332,681,365],[332,838,379],[333,34,461],[333,52,131],[333,1823,498],[333,1837,389],[334,259,116],[334,259,190],[334,259,286],[334,2731,8],[335,1805,495],[335,1805,320],[336,497,356],[336,497,493],[336,1286,338],[336,1286,320],[336,2545,182],[336,2545,178],[336,2889,258],[336,2908,481],[336,2908,180],[337,36,415],[337,36,399],[337,1247,400],[338,2256,467],[338,2852,449],[338,3040,125],[339,639,317],[339,960,264],[339,1665,326],[339,1665,356],[340,1242,453],[340,1242,184],[340,2465,161],[341,1368,337],[341,1406,60],[341,1406,396],[341,1406,244],[341,1406,138],[341,2096,75],[341,3198,6],[341,3234,410],[343,2293,193],[343,3261,242],[343,3261,331],[343,3261,137],[343,3711,73],[343,3816,25],[343,3816,176],[344,731,68],[344,996,305],[344,996,111],[345,2132,235],[345,3477,3],[345,3477,202],[345,3477,208],[346,1599,423],[346,1599,97],[346,1789,384],[347,426,184],[347,1782,263],[348,756,387],[348,769,451],[348,856,352],[348,856,483],[348,3435,392],[349,1498,38],[349,2860,99],[349,2860,291],[349,2860,414],[349,3190,401],[350,223,219],[350,223,393],[350,1571,491],[351,1249,116],[351,1249,380],[351,1249,306],[351,1249,118],[351,1379,361],[351,1592,424],[351,3192,153],[352,919,440],[352,1395,499],[352,2398,440],[352,2398,128],[353,637,24],[353,1084,365],[353,2208,369],[353,3405,325],[354,908,466],[354,1025,331],[354,1025,101],[354,1268,306],[354,3018,129],[354,3018,351],[354,3652,260],[354,3652,409],[355,1685,426],[355,2534,405],[355,2721,243],[355,2721,383],[355,2721,102],[355,2724,39],[355,2724,364],[356,2268,171],[357,96,181],[357,96,461],[357,986,458],[357,1104,386],[357,1104,433],[357,1104,469],[357,1244,40],[357,1244,487],[357,2530,239],[358,3252,352],[359,561,240],[359,561,421],[359,1241,291],[359,3818,294],[360,400,411],[360,400,444],[360,725,216],[360,725,90],[360,2726,409],[360,2726,472],[360,2726,482],[360,3634,422],[360,3990,122],[360,3990,470],[361,665,210],[361,665,449],[361,2152,434],[361,2619,467],[362,176,141],[362,176,156],[362,442,245],[362,1517,442],[362,2271,89],[363,1907,122],[363,1907,76],[363,2049,93],[364,405,385],[364,858,199],[364,1688,340],[365,1827,423],[365,2557,353],[365,2661,377],[365,3525,338],[366,18,399],[366,18,459],[366,418,92],[366,565,177],[366,565,480],[366,2713,488],[366,3842,459],[366,3842,490],[367,13,32],[367,13,168],[367,13,290],[367,13,414],[367,924,35],[367,924,488],[367,972,210],[367,972,449],[367,2987,430],[367,3350,378],[368,263,418],[368,482,409],[368,1217,303],[368,1293,100],[368,1293,413],[368,1294,228],[369,814,428],[369,814,415],[369,814,465],[369,1105,322],[369,1105,465],[369,2422,272],[369,2656,410],[370,1151,130],[370,1151,226],[370,1530,183],[370,1849,150],[370,2827,437],[370,3816,25],[370,3816,176],[371,532,83],[371,532,440],[371,932,81],[371,932,171],[371,2224,293],[371,2481,477],[371,3121,249],[371,3121,494],[372,125,179],[372,222,387],[372,222,480],[372,1190,401],[372,1190,318],[372,1907,122],[372,1907,76],[372,3485,475],[373,101,364],[373,407,320],[373,407,321],[373,407,476],[373,407,418],[373,3008,205],[373,3008,478],[373,3606,45],[373,3606,411],[373,3606,445],[374,1959,459],[374,3991,260],[374,3991,273],[375,1110,421],[375,1410,421],[375,3561,466],[375,3937,81],[375,3937,148],[376,530,427],[376,530,499],[376,681,339],[376,681,365],[376,1746,352],[376,2151,490],[376,2842,397],[376,3923,397],[377,1083,1],[377,1894,7],[377,3879,337],[378,1504,448],[378,1504,140],[378,3174,184],[378,3851,359],[379,304,207],[380,3550,473],[381,1525,66],[381,1525,29],[381,2680,357],[381,3226,389],[382,882,441],[382,1135,156],[382,2411,429],[382,3542,204],[382,3737,267],[383,336,174],[383,336,424],[384,691,53],[384,1968,373],[384,3794,450],[384,3794,381],[385,2146,66],[385,2146,404],[385,3153,116],[385,3153,182],[386,863,490],[386,1525,66],[386,1525,29],[386,1738,200],[386,1738,263],[386,1738,47],[386,1877,383],[386,1877,455],[386,2080,425],[386,2305,225],[387,2744,25],[388,842,499],[388,1851,224],[388,1851,432],[388,3265,205],[388,3369,143],[388,3369,413],[389,242,132],[389,407,320],[389,407,321],[389,407,476],[389,407,418],[389,904,151],[389,904,390],[390,1279,356],[390,1279,129],[390,1279,439],[390,2668,202],[391,1600,445],[391,2781,385],[391,3606,45],[391,3606,411],[391,3606,445],[392,715,486],[392,715,493],[392,1584,231],[392,1599,423],[392,1599,97],[392,1903,419],[392,2374,297],[394,87,77],[394,1239,274],[394,3148,455],[394,3564,412],[394,3921,266],[395,2300,285],[396,1777,286],[396,1777,110],[396,3524,420],[396,3667,146],[397,2129,299],[398,1392,492],[398,1518,464],[398,1518,178],[398,2640,429],[398,3153,116],[398,3153,182],[398,3612,364],[399,2291,492],[399,2291,232],[399,3279,448],[399,3959,368],[399,3983,99],[400,1107,431],[400,2165,496],[400,2184,159],[400,2184,419],[400,3037,19],[400,3037,492],[400,3762,403],[401,3288,88],[401,3787,500],[401,3787,1],[402,3720,176],[403,179,458],[403,1917,94],[403,1917,416],[403,1923,431],[403,3416,348],[403,3416,453],[404,944,478],[404,944,277],[404,1533,1],[405,122,82],[405,139,83],[405,139,434],[405,814,428],[405,814,415],[405,814,465],[405,1064,41],[405,1765,139],[406,42,70],[406,1784,438],[406,1784,374],[406,1784,465],[406,1784,226],[407,530,427],[407,530,499],[407,1060,418],[407,3242,493],[408,527,498],[408,940,233],[408,2575,268],[408,2575,480],[408,3920,220],[408,3920,224],[409,95,419],[409,1979,332],[409,2119,496],[409,2544,287],[409,2544,428],[409,2544,111],[410,2549,479],[410,3660,446],[411,1638,121],[411,2667,468],[411,2667,263],[411,2771,399],[412,416,495],[412,2091,476],[412,2091,84],[412,2261,111],[412,3386,240],[412,3386,480],[413,168,230],[413,168,446],[413,746,476],[413,2951,443],[413,2951,328],[414,682,191],[414,682,427],[414,2417,478],[414,2417,100],[415,1495,81],[415,1495,152],[415,1495,434],[415,1507,296],[415,2447,309],[416,157,317],[416,157,482],[416,815,189],[416,815,458],[416,1443,428],[416,1443,277],[416,1563,461],[416,2184,159],[416,2184,419],[416,2949,124],[416,2949,493],[416,3479,168],[416,3479,418],[417,2638,407],[417,3420,246],[417,3420,464],[418,2287,4],[420,3569,50],[420,3990,122],[420,3990,470],[421,455,466],[421,1406,60],[421,1406,396],[421,1406,244],[421,1406,138],[421,2070,3],[422,1728,115],[422,1728,499],[422,1791,203],[423,1177,428],[423,1177,329],[423,1784,438],[423,1784,374],[423,1784,465],[423,1784,226],[423,3165,239],[423,3165,345],[423,3165,498],[423,3592,79],[423,3859,12],[424,2587,473],[424,2587,264],[425,4,472],[425,113,462],[425,640,199],[425,2135,438],[425,2814,295],[425,3842,459],[425,3842,490],[426,3172,191],[426,3780,148],[427,2150,323],[428,3855,393],[428,3855,453],[429,512,498],[429,2488,207],[429,3411,476],[429,3411,90],[429,3677,476],[430,920,468],[430,920,90],[430,3090,127],[430,3357,179],[431,182,17],[431,182,174],[431,182,402],[432,259,116],[432,259,190],[432,259,286],[433,667,444],[433,1697,463],[433,3563,450],[434,1104,386],[434,1104,433],[434,1104,469],[434,2279,320],[434,3507,481],[435,2170,454],[435,2694,349],[435,2694,43],[436,501,134],[436,1495,81],[436,1495,152],[436,1495,434],[436,1560,81],[436,1626,203],[436,1626,209],[436,1888,57],[436,2635,62],[437,2726,409],[437,2726,472],[437,2726,482],[437,3182,463],[437,3392,186],[437,3392,236],[437,3755,358],[438,3017,481],[438,3517,322],[439,1185,489],[439,1375,479],[439,2883,394],[440,425,332],[440,3526,469],[441,1504,448],[441,1504,140],[441,2532,165],[441,2928,215],[441,2928,242],[441,2928,384],[441,2928,491],[442,1374,145],[442,1374,323],[442,2153,335],[442,2153,375],[442,2153,169],[442,2682,296],[442,3891,188],[444,271,302],[444,1526,396],[444,1526,381],[444,3042,463],[445,1086,287],[445,1086,233],[445,1868,106],[446,1212,484],[446,2375,390],[446,2385,159],[446,2385,162],[447,1393,268],[447,1393,320],[447,2019,467],[447,2555,350],[449,2990,274],[449,2990,4],[449,3412,29],[450,2018,124],[450,2018,330],[450,2828,315],[450,2828,91],[451,2525,159],[451,2525,246],[451,2525,327],[451,2527,366],[452,1738,200],[452,1738,263],[452,1738,47],[452,1953,458],[452,3676,390],[452,3676,462],[453,13,32],[453,13,168],[453,13,290],[453,13,414],[453,1501,461],[454,645,463],[454,834,464],[454,1913,493],[454,3533,473],[454,3533,273],[455,341,466],[455,341,415],[455,3287,481],[455,3580,492],[455,3580,129],[456,3867,206],[457,1846,336],[457,3020,386],[457,3456,38],[457,3456,318],[458,1037,357],[459,3518,189],[459,3518,484],[460,1320,420],[460,2316,378],[460,2316,484],[461,2048,472],[461,2281,473],[461,2281,166],[462,613,395],[462,2588,77],[463,945,281],[463,2690,487],[464,534,320],[464,2729,497],[465,74,122],[465,74,330],[465,74,156],[465,542,410],[465,542,138],[466,1121,222],[466,2141,239],[466,2582,486],[467,3927,279],[467,3927,54],[468,826,293],[468,826,441],[468,1143,318],[468,1428,112],[468,1428,209],[468,1428,50],[469,362,279],[469,362,398],[469,1925,46],[469,2010,497],[469,3729,498],[470,1577,417],[470,3273,374],[470,3510,197],[470,3510,314],[471,171,39],[471,171,328],[471,171,145],[471,2452,55],[472,499,76],[472,666,21],[473,1576,477],[473,1576,88],[473,1632,139],[474,3533,473],[474,3533,273],[475,139,83],[475,139,434],[475,2669,452],[475,2669,487],[475,2677,214],[475,2677,449],[476,1660,59],[477,546,149],[477,546,359],[477,2607,482],[478,2074,380],[478,2384,487],[478,3472,489],[479,402,490],[479,402,234],[479,3375,389],[480,830,191],[480,1231,83],[482,135,67],[482,135,69],[483,817,77],[483,3216,194],[483,3793,187],[484,3031,167],[485,1475,175],[485,2758,253],[485,2758,190],[485,3085,411],[485,3196,413],[485,3354,478],[486,1085,339],[486,3165,239],[486,3165,345],[486,3165,498],[487,152,302],[487,203,496],[487,344,499],[488,526,9],[488,831,397],[488,2545,182],[488,2545,178],[489,677,247],[489,677,450],[489,1350,324],[489,1350,229],[489,2698,131],[489,3788,394],[490,3566,388],[491,693,350],[491,2316,378],[491,2316,484],[491,2716,127],[493,1244,40],[493,1244,487],[494,1930,238],[494,3330,497],[495,897,189],[495,2839,255],[495,2943,475],[497,464,460],[497,464,500],[497,3787,500],[497,3787,1],[498,2298,346],[499,2959,459],[499,3760,262],[499,3760,417],[500,1690,342],[500,1690,236],[500,2806,120],[500,2806,231]];

jitters = [1000,10000,10000,20000,2000,20000,10000,10000,50000,10000,100000,20000,10000,100000,10000,2000,20000,50000,2000,20000,1000,20000,50000,100000,20000,100000,10000,100000,100000,100000,10000,10000,10000,10000,1000,10000,100000,10000,100000,100000,10000,10000,10000,100000,100000,20000,100000,20000,10000,100000,20000,20000,20000,10000,20000,10000,20000,100000,10000,100000,20000,100000,20000,10000,10000,20000,100000,20000,10000,10000,20000,10000,10000,10000,10000,10000,10000,10000,20000,10000,10000,10000,10000,10000,100000,20000,20000,20000,1000,50000,100000,20000,100000,20000,20000,100000,50000,10000,10000,1000,1000,10000,100000,100000,5000,20000,10000,20000,100000,10000,100000,20000,20000,10000,10000,100000,10000,10000,10000,100000,100000,20000,50000,20000,20000,1000,10000,10000,10000,100000,20000,20000,20000,100000,10000,10000,10000,100000,10000,10000,20000,10000,10000,10000,20000,20000,10000,100000,1000,100000,20000,100000,10000,2000,10000,100000,100000,20000,100000,10000,100000,100000,10000,20000,100000,50000,20000,20000,100000,100000,100000,100000,100000,10000,100000,100000,2000,100000,10000,100000,20000,100000,20000,20000,2000,50000,20000,20000,10000,50000,5000,10000,10000,10000,100000,10000,10000,10000,10000,10000,2000,20000,20000,20000,20000,50000,20000,20000,100000,50000,20000,100000,20000,20000,100000,10000,100000,20000,20000,10000,20000,100000,10000,20000,20000,10000,20000,10000,20000,100000,5000,1000,10000,10000,10000,10000,10000,10000,10000,10000,1000,10000,10000,10000,10000,10000,5000,2000,10000,20000,100000,20000,100000,10000,10000,100000,10000,10000,100000,20000,20000,100000,10000,100000,20000,10000,100000,20000,5000,10000,10000,20000,100000,10000,20000,100000,10000,20000,10000,100000,10000,50000,100000,100000,100000,10000,20000,10000,100000,10000,1000,10000,10000,20000,10000,100000,1000,10000,10000,10000,100000,100000,20000,5000,20000,100000,100000,10000,20000,50000,20000,50000,20000,10000,10000,100000,50000,20000,10000,2000,100000,20000,20000,20000,100000,10000,20000,10000,100000,10000,10000,100000,20000,100000,20000,100000,10000,10000,20000,10000,100000,5000,5000,20000,100000,10000,20000,10000,20000,20000,100000,20000,100000,10000,20000,100000,10000,100000,1000,10000,100000,1000,20000,10000,100000,20000,20000,5000,100000,10000,10000,20000,10000,100000,1000,20000,100000,20000,20000,10000,20000,20000,100000,10000,10000,100000,10000,10000,20000,10000,50000,10000,100000,20000,100000,100000,10000,20000,20000,10000,20000,10000,10000,10000,20000,10000,10000,20000,10000,100000,100000,20000,100000,20000,20000,10000,20000,10000,10000,100000,1000,10000,100000,100000,100000,20000,20000,10000,20000,20000,10000,10000,10000,20000,10000,20000,10000,100000,100000,20000,20000,1000,100000,10000,50000,100000,100000,20000,20000,10000,10000,10000,10000,10000,20000,100000,100000,10000,20000,10000,10000,100000,10000,20000,20000,1000,100000,20000,20000,100000,10000,10000,10000,100000,20000,20000,10000,10000,100000,20000,20000,10000,10000,20000,50000,100000,10000,20000,100000,100000,20000,20000,10000,20000,20000,10000,20000,100000,10000,20000];

