NumChains = 50;
NumResources = 3;
NumRunnablesInChains = 280;
MemoryBoundOnResource = 1048576;
UtilizationBoundOnResource = 100;

numberOfTasksinChain = [9,9,7,9,7,9,9,13,9,11,11,9,7,13,9,13,13,9,11,11,13,11,9,9,7,11,9,9,11,13,11,11,13,11,11,11,13,11,13,7,7,11,11,11,7,9,11,11,11,9];

runnablesInChains = [101,124,212,56,422,58,296,327,103,195,433,86,270,285,241,473,318,15,456,398,353,330,96,358,368,23,448,439,200,128,345,313,94,184,443,446,400,499,45,174,167,24,61,460,81,2,186,362,49,445,357,211,171,247,401,322,433,343,70,309,410,75,25,4,43,307,149,488,371,280,487,475,37,11,414,233,54,486,44,29,11,207,247,408,177,488,339,424,269,399,449,105,151,461,308,128,212,386,492,290,314,461,252,281,95,437,349,496,413,110,400,266,75,337,394,147,384,106,242,373,497,477,406,459,235,183,48,110,9,276,338,266,11,118,465,417,374,121,323,165,370,132,341,48,74,317,449,111,172,334,353,218,246,13,223,285,132,396,303,84,64,57,112,426,306,127,331,166,340,280,347,105,278,59,397,25,335,181,60,454,18,174,70,365,89,437,323,177,455,486,452,428,252,184,464,143,59,280,47,325,31,257,214,407,238,131,345,318,499,288,301,330,296,165,61,200,343,489,443,253,116,333,414,211,382,171,427,327,140,158,124,326,447,69,65,185,41,216,400,244,309,432,385,405,298,139,4,234,197,348,191,500,365,52,215,333,294,447,192,70,26,337,480,133,392,62,348,328,173,386,438,164,425,468,192,19,438,35,443,410];

ProcessingTimesOfMessages = [[1,1,1,1,1,1,1,1],[1,1,1,1,1],[1,1,1,1,1],[1,1,1],[1,1,1,1,1,1,1],[1,1,1,1,1],[1,1,1],[1,1,1,1,1,1,1],[1,1,1,1,1,1],[1,1,1],[1,1,1,1,1,1,1],[1,1,1],[1,1,1],[1,1,1,1,1,1,1],[1,1,1,1],[1,1,1],[1,1,1,1,1],[1,1,1,1],[1,1,1,1,1],[1,1,1,1,1,1,1,1,1],[1,1,1,1,1],[1,1,1],[1,1,1,1],[1,1,1,1],[1,1,1,1,1],[1,1,1,1,1,1,1],[1,1,1,1,1,1,1],[1,1,1,1,1,1],[1,1,1,1,1,1,1,1,1],[1,1,1,1,1],[1,1,1,1,1,1],[1,1,1,1,1,1],[1,1,1,1,1,1,1],[1,1,1,1,1,1],[1,1,1,1,1],[1,1,1,1,1],[1,1,1,1,1],[1,1,1,1,1,1,1,1],[1,1,1,1,1],[1,1,1],[1,1,1,1,1,1],[1,1],[1,1,1,1,1],[1,1,1,1,1],[1,1,1,1,1],[1,1,1],[1,1,1,1],[1,1,1,1,1,1],[1,1,1,1,1],[1,1,1,1,1,1,1],[1,1,1,1,1,1],[1,1,1,1,1,1,1,1,1],[1,1,1,1,1],[1,1,1,1],[1,1,1],[1,1,1,1,1],[1,1,1,1,1,1],[1,1,1,1,1,1,1,1],[1,1,1,1,1,1],[1,1],[1,1,1,1],[1,1,1,1,1,1,1,1,1,1],[1,1,1,1],[1,1,1,1,1],[1,1,1,1,1,1,1],[1,1,1],[1,1,1,1],[1,1,1],[1,1,1],[1,1,1,1,1],[1,1,1,1,1,1],[1,1,1,1],[1,1,1],[1,1,1,1],[1,1,1,1],[1,1,1,1,1,1,1],[1,1,1,1],[1,1,1,1,1,1,1],[1,1,1,1,1,1,1],[1,1,1,1,1,1],[1,1,1,1,1,1],[1,1,1,1,1,1,1,1],[1,1,1,1,1],[1,1,1,1],[1,1,1,1],[1,1,1,1,1,1],[1,1],[1],[1,1,1,1,1,1],[1,1,1,1],[1,1,1,1],[1,1,1,1,1,1,1],[1,1,1,1,1],[1,1,1,1,1],[1,1,1,1,1,1,1],[1,1],[1,1,1,1,1,1,1,1],[1,1],[1,1,1,1,1,1],[1,1,1,1,1,1],[1,1,1],[1,1,1],[1,1,1,1,1,1],[1,1,1,1,1,1,1,1],[1,1,1,1],[1,1,1],[1,1,1],[1,1],[1,1,1,1,1,1,1],[1,1,1,1,1,1],[1,1,1,1,1,1,1],[1,1,1,1,1,1,1,1],[1,1,1],[1,1,1,1,1,1,1,1],[1,1,1,1,1,1,1],[1,1],[1,1,1,1,1,1],[1,1,1],[1,1],[1,1,1,1],[1,1,1],[1,1,1,1,1],[1,1],[1,1,1,1,1],[1,1,1,1],[1,1,1,1,1,1,1,1],[1,1,1],[1,1],[1,1,1],[1,1],[1,1],[1,1,1,1],[1,1,1],[1,1,1],[1,1,1,1,1],[1,1],[1,1,1,1],[1,1,1,1],[1,1,1,1],[1,1,1,1,1,1],[1,1,1],[1,1,1,1],[1,1,1,1],[1,1,1,1,1],[1,1,1,1,1,1,1],[1,1,1,1,1,1],[1,1,1],[1,1,1,1],[1,1,1,1,1],[1,1,1,1],[1,1,1],[1,1],[1,1,1,1],[],[1,1,1],[1,1],[1,1,1,1],[1,1,1,1,1,1,1],[1,1,1,1,1,1,1],[1,1,1,1],[1,1],[1],[1,1,1,1],[1,1,1,1],[1,1],[1,1,1],[1,1,1,1,1,1],[1,1,1,1],[1,1,1],[1,1,1,1],[1,1,1],[1,1,1,1],[1,1],[1,1,1,1],[1,1,1,1,1,1],[1,1,1],[1,1,1,1,1,1],[1,1,1,1,1,1,1],[1,1,1],[1,1,1,1,1,1,1,1,1],[1,1,1,1,1,1,1],[1,1,1,1,1,1,1],[1,1,1],[1,1,1,1],[1,1,1],[1,1,1],[1,1,1,1],[1,1,1,1,1,1,1],[1,1,1,1],[1,1,1,1,1],[1,1,1,1],[1,1],[1,1,1,1,1],[1,1,1,1,1,1],[1,1],[1,1,1,1,1,1],[1,1,1,1,1],[1,1,1,1,1,1],[1,1,1],[1,1,1,1,1],[1,1,1,1,1,1,1],[1,1,1,1],[1,1],[1,1,1,1,1,1,1,1],[1,1,1,1],[1,1,1],[1,1,1],[1],[1,1,1,1,1,1,1,1,1,1,1],[1],[1,1,1,1],[1,1,1],[1,1,1],[1,1,1,1],[1,1,1,1,1,1],[1,1,1,1,1],[1,1,1,1,1,1],[1,1,1,1,1,1],[1,1,1,1,1,1,1,1],[1,1,1,1,1,1],[1,1],[1,1,1,1,1],[1,1,1],[1,1,1,1,1,1],[1,1],[1,1,1],[1,1,1,1,1],[1,1,1,1,1,1,1,1,1],[1],[1,1,1,1],[1,1,1,1],[1,1,1],[1,1,1,1],[1,1,1],[1,1,1,1,1,1,1,1],[1,1,1,1,1],[1,1,1,1],[1,1,1,1,1],[1,1,1,1],[1,1,1,1,1,1],[1,1,1,1],[1,1],[1,1,1],[1,1,1,1,1],[1],[1,1,1],[1,1],[1],[1,1],[1,1,1,1,1,1],[1,1,1,1],[1,1],[1,1,1,1,1,1],[1,1,1,1,1,1,1,1],[1,1,1,1,1],[1,1,1,1],[1,1,1],[1,1,1,1,1],[1,1,1,1,1,1,1,1],[1,1,1,1,1],[1,1,1],[1,1],[1,1,1,1],[1,1,1,1,1,1,1],[1,1],[1,1,1],[1,1,1,1],[1,1,1,1,1,1],[1,1],[1,1,1,1],[1,1,1,1,1,1],[1,1,1,1],[1,1,1,1,1,1,1],[1,1,1],[1,1,1],[1,1,1,1],[1,1,1,1,1],[1,1],[1,1,1,1,1],[1,1,1,1,1,1],[1,1,1,1,1],[1],[1,1,1,1],[1,1,1,1,1],[1],[1,1,1],[1,1,1,1],[1,1,1,1],[1,1,1],[1,1,1,1,1,1],[],[1,1,1],[1,1],[1,1,1,1],[1],[1,1],[1,1,1,1],[1,1,1],[1,1],[1,1,1],[1,1,1,1,1],[1,1,1,1,1,1],[1,1,1,1],[1,1,1,1],[1,1,1],[1,1,1,1,1],[1,1,1,1,1],[1,1,1,1],[1,1],[1,1,1,1,1],[1,1,1,1,1,1,1,1],[1,1,1,1,1,1],[1],[1,1,1],[1,1],[1,1,1],[1,1,1,1],[1,1,1],[1,1,1,1],[1,1],[1,1,1,1,1],[1,1,1],[1,1,1,1],[1,1,1],[1,1,1,1],[1],[1,1,1],[1,1],[1,1,1,1,1],[1,1,1,1,1,1,1],[1,1,1],[1,1,1],[1],[1,1,1],[1,1],[1,1],[1,1,1,1],[1,1,1,1,1,1],[1],[1,1],[1,1],[1,1,1,1,1,1,1],[1,1,1],[1,1,1,1,1,1,1],[1,1,1],[1],[1],[1,1,1],[1,1,1,1,1,1],[1,1,1,1,1],[1,1,1],[1,1,1,1,1,1],[1,1,1,1,1,1],[1],[1,1],[1],[1,1,1,1],[1,1,1],[1,1,1,1,1],[1,1,1,1,1,1,1],[1,1,1,1,1,1,1,1],[1],[1,1],[1,1],[1,1],[1,1],[1,1,1,1,1,1,1],[1,1,1],[1],[1,1,1,1],[1,1,1,1,1],[],[1,1,1],[1,1,1,1],[1,1],[1,1,1],[1],[1,1,1],[1,1],[1,1,1],[1,1,1],[1,1,1,1],[1,1,1,1],[1,1],[1,1,1,1,1,1,1],[1,1,1],[1,1,1,1],[1,1],[1,1,1,1],[1,1,1],[1,1,1,1,1,1],[1,1,1],[1,1,1],[1,1],[1,1],[1,1,1,1],[1,1],[1,1,1,1],[1,1,1,1,1],[1,1,1,1,1,1],[1],[1,1,1],[1],[1,1],[1,1],[1,1,1],[1,1,1,1],[1,1,1,1],[1,1,1,1],[1],[1,1,1],[1,1,1],[1,1,1],[1,1,1,1,1,1,1],[1,1,1,1,1],[1,1,1],[1,1,1],[1,1],[1,1,1,1],[1,1,1,1,1,1,1,1],[1,1],[1,1],[1,1,1,1,1],[1,1],[1,1],[1,1,1,1],[1,1,1],[1,1],[1],[1,1,1,1,1,1,1,1,1,1],[1,1,1,1],[],[1,1],[1,1,1,1],[1],[1,1],[1,1,1],[1,1,1],[1],[1],[1,1],[1,1,1,1],[1,1,1,1,1],[1,1,1],[1],[1,1,1,1],[1,1,1],[1,1,1,1,1,1],[1],[1,1,1,1,1],[1,1,1],[1,1,1,1,1,1],[1,1,1],[1,1,1,1],[1],[1,1,1,1,1],[1,1,1,1,1,1,1,1,1],[1,1,1],[1],[1,1],[1,1,1,1],[1],[1,1,1],[1,1],[1,1,1],[1,1],[1,1,1,1,1,1],[1,1,1,1,1],[1],[1],[1,1],[1],[1,1],[1,1,1],[1,1],[1,1],[1,1],[1,1,1],[1],[],[],[1,1],[1],[1,1,1],[1,1],[],[1,1,1,1],[1,1],[1,1],[1,1,1],[1],[1,1,1],[],[1,1,1],[1],[1,1,1,1],[1],[],[1,1,1,1,1],[1]];

processingTimesRunnables = [5,5,5,3,5,4,5,3,5,6,5,4,4,5,5,2,3,3,3,5,6,5,6,6,7,6,4,3,4,5,5,5,3,4,4,3,5,6,5,5,3,3,5,5,5,2,6,3,5,7,3,5,4,5,2,5,6,6,4,5,5,6,5,3,2,4,5,5,5,6,4,3,6,5,3,5,6,3,6,5,5,3,5,6,4,3,2,3,5,5,6,3,4,5,7,5,5,4,3,4,3,6,5,2,6,5,3,6,4,2,5,5,4,4,5,3,5,5,5,5,4,5,7,6,3,6,4,4,5,4,4,4,5,5,3,6,4,4,5,7,6,5,5,4,5,3,5,5,3,3,3,4,7,3,7,2,4,5,4,5,6,6,5,6,5,2,3,5,7,6,5,6,3,5,5,4,5,3,5,3,4,5,4,6,5,4,4,5,5,5,4,3,6,5,4,7,6,5,5,6,2,4,5,4,5,2,4,3,6,4,5,2,3,4,5,5,5,4,7,4,5,3,7,7,6,5,4,3,3,5,5,6,2,6,5,3,4,4,5,5,5,3,5,6,3,6,4,4,3,5,3,5,3,5,3,4,3,6,6,3,5,3,6,3,2,6,6,6,3,5,5,6,6,7,2,3,7,5,6,5,5,3,5,7,4,4,4,7,6,5,5,6,5,4,5,4,4,4,6,5,5,5,3,5,7,5,6,5,6,4,2,3,6,5,7,3,5,5,5,4,7,7,3,5,5,5,5,5,6,5,5,5,5,3,3,2,4,6,5,5,2,3,3,2,4,7,5,4,5,2,5,5,5,7,6,4,3,6,5,3,5,6,3,3,5,4,4,5,6,5,5,4,4,3,4,6,5,4,6,5,6,4,6,4,5,5,6,5,6,6,5,2,6,5,5,3,4,5,6,4,5,7,3,4,3,5,6,5,3,3,7,6,6,5,5,5,7,2,4,6,3,5,6,4,5,5,4,6,5,6,2,7,4,5,5,6,5,5,5,4,5,6,5,6,4,4,5,4,5,2,3,6,3,5,5,4,6,3,7,4,6,5,5,5,6,3,6,5,2,4,5,6,7,3,5,6,5,6,5,6,5,5,6,6,4,5,4,5,6,3,5,3,4,4,3,3,4,6,5,5];

periods = [20000,10000,100000,20000,1000,50000,20000,100000,100000,20000,10000,10000,10000,100000,100000,10000,10000,100000,100000,50000,10000,10000,10000,10000,20000,100000,1000,20000,10000,20000,20000,10000,20000,10000,100000,10000,20000,5000,20000,100000,100000,20000,20000,10000,100000,20000,20000,20000,10000,10000,10000,100000,10000,10000,10000,100000,2000,10000,20000,100000,10000,20000,20000,2000,100000,100000,20000,20000,100000,100000,20000,100000,50000,20000,100000,5000,20000,100000,20000,20000,10000,50000,2000,2000,20000,10000,20000,10000,10000,10000,20000,50000,100000,100000,10000,10000,20000,20000,100000,10000,100000,2000,10000,100000,20000,1000,50000,20000,10000,100000,10000,2000,10000,100000,1000,100000,10000,10000,50000,50000,10000,20000,20000,100000,10000,20000,20000,100000,20000,20000,100000,10000,20000,20000,20000,50000,20000,10000,20000,10000,100000,5000,100000,10000,10000,20000,100000,1000,20000,10000,100000,50000,10000,50000,100000,2000,20000,10000,5000,10000,100000,20000,10000,100000,10000,20000,10000,10000,20000,100000,10000,10000,20000,100000,20000,10000,10000,100000,10000,20000,100000,10000,20000,100000,100000,10000,100000,10000,1000,10000,20000,100000,20000,20000,10000,10000,20000,100000,10000,100000,100000,10000,10000,100000,100000,1000,10000,20000,20000,5000,10000,100000,20000,100000,100000,100000,10000,10000,20000,20000,50000,10000,10000,100000,20000,10000,100000,10000,100000,20000,5000,50000,10000,20000,20000,20000,100000,100000,20000,50000,100000,1000,20000,100000,10000,10000,10000,100000,100000,20000,10000,100000,100000,100000,10000,50000,20000,10000,10000,20000,50000,100000,20000,50000,20000,100000,10000,10000,20000,10000,10000,10000,10000,10000,10000,100000,20000,20000,100000,20000,10000,5000,20000,10000,10000,5000,20000,10000,100000,100000,10000,100000,20000,100000,10000,10000,20000,20000,10000,2000,10000,1000,2000,100000,10000,2000,20000,100000,100000,100000,20000,20000,100000,100000,20000,100000,20000,100000,10000,50000,20000,10000,10000,10000,20000,100000,10000,20000,20000,10000,20000,20000,100000,10000,20000,10000,100000,100000,20000,20000,20000,20000,100000,20000,100000,20000,20000,20000,10000,10000,20000,50000,10000,20000,10000,50000,10000,10000,20000,10000,100000,10000,20000,20000,100000,10000,10000,10000,50000,10000,20000,20000,1000,10000,100000,100000,20000,50000,10000,10000,10000,10000,10000,1000,20000,100000,20000,10000,10000,100000,10000,20000,10000,100000,1000,10000,20000,10000,20000,100000,10000,10000,2000,20000,20000,20000,100000,10000,10000,100000,100000,10000,10000,10000,20000,50000,10000,10000,20000,100000,20000,100000,100000,20000,100000,2000,10000,100000,50000,10000,10000,100000,10000,20000,20000,20000,10000,100000,10000,10000,20000,20000,100000,20000,10000,100000,100000,10000,20000,10000,20000,100000,100000,100000,10000,100000,20000,50000,20000,10000,100000,10000,100000,100000,10000,10000,20000,100000,100000,20000,100000,100000,100000,10000,20000,10000,1000,20000,50000,100000,20000,5000,20000,10000,5000,10000,20000,20000,100000,1000,20000,100000,100000,20000,20000,10000,1000,20000,100000,20000];

communicationTimeForOrderCriticalMessages = [1,1,1,1,1,1,1,1,1,1,1,1,1,1,1,1,1,1,1,1,1,1,1,1,1,1,1,1,1,1,1,1,1,1,1,1,1,1,1,1,1,1,1,1,1,1,1,1,1,1,1,1,1,1,1,1,1,1,1,1,1,1,1,1,1,1,1,1,1,1,1,1,1,1,1,1,1,1,1,1,1,1,1,1,1,1,1,1,1,1,1,1,1,1,1,1,1,1,1,1,1,1,1,1,1,1,1,1,1,1,1,1,1,1,1,1,1,1,1,1,1,1,1,1,1,1,1,1,1,1,1,1,1,1,1,1,1,1,1,1,1,1,1,1,1,1,1,1,1,1,1,1,1,1,1,1,1,1,1,1,1,1,1,1,1,1,1,1,1,1,1,1,1,1,1,1,1,1,1,1,1,1,1,1,1,1,1,1,1,1,1,1,1,1,1,1,1,1,1,1,1,1,1,1,1,1,1,1,1,1,1,1,1,1,1,1,1,1,1,1,1,1,1,1,1,1,1,1,1,1];

sizeOfRunnables = [1,1,1,1,1,1,1,1,1,1,1,1,1,1,1,1,1,1,1,1,1,1,1,1,1,1,1,1,1,1,1,1,1,1,1,1,1,1,1,1,1,1,1,1,1,1,1,1,1,1,1,1,1,1,1,1,1,1,1,1,1,1,1,1,1,1,1,1,1,1,1,1,1,1,1,1,1,1,1,1,1,1,1,1,1,1,1,1,1,1,1,1,1,1,1,1,1,1,1,1,1,1,1,1,1,1,1,1,1,1,1,1,1,1,1,1,1,1,1,1,1,1,1,1,1,1,1,1,1,1,1,1,1,1,1,1,1,1,1,1,1,1,1,1,1,1,1,1,1,1,1,1,1,1,1,1,1,1,1,1,1,1,1,1,1,1,1,1,1,1,1,1,1,1,1,1,1,1,1,1,1,1,1,1,1,1,1,1,1,1,1,1,1,1,1,1,1,1,1,1,1,1,1,1,1,1,1,1,1,1,1,1,1,1,1,1,1,1,1,1,1,1,1,1,1,1,1,1,1,1,1,1,1,1,1,1,1,1,1,1,1,1,1,1,1,1,1,1,1,1,1,1,1,1,1,1,1,1,1,1,1,1,1,1,1,1,1,1,1,1,1,1,1,1,1,1,1,1,1,1,1,1,1,1,1,1,1,1,1,1,1,1,1,1,1,1,1,1,1,1,1,1,1,1,1,1,1,1,1,1,1,1,1,1,1,1,1,1,1,1,1,1,1,1,1,1,1,1,1,1,1,1,1,1,1,1,1,1,1,1,1,1,1,1,1,1,1,1,1,1,1,1,1,1,1,1,1,1,1,1,1,1,1,1,1,1,1,1,1,1,1,1,1,1,1,1,1,1,1,1,1,1,1,1,1,1,1,1,1,1,1,1,1,1,1,1,1,1,1,1,1,1,1,1,1,1,1,1,1,1,1,1,1,1,1,1,1,1,1,1,1,1,1,1,1,1,1,1,1,1,1,1,1,1,1,1,1,1,1,1,1,1,1,1,1,1,1,1,1,1,1,1,1,1,1,1,1,1,1,1,1,1,1,1,1,1,1,1,1,1,1,1,1,1,1,1,1,1,1,1,1,1,1,1,1,1,1,1,1,1,1,1,1,1,1,1,1,1,1,1];

SenderLabelReceiverOrderCriticalChains = [[101,320,0,0,124],[124,2223,0,0,212],[212,1766,0,0,56],[56,883,0,0,422],[58,2214,0,0,296],[296,3736,0,0,327],[327,121,0,0,103],[103,141,0,0,195],[433,1215,0,0,86],[86,1043,0,0,270],[270,3844,0,0,285],[241,2818,0,0,473],[473,488,0,0,318],[318,2264,0,0,15],[15,146,0,0,456],[398,1645,0,0,353],[353,3804,0,0,330],[330,670,0,0,96],[358,1279,0,0,368],[368,1838,0,0,23],[23,345,0,0,448],[448,3565,0,0,439],[200,2507,0,0,128],[128,3755,0,0,345],[345,2058,0,0,313],[313,137,0,0,94],[184,1836,0,0,443],[443,3088,0,0,446],[446,715,0,0,400],[400,3789,0,0,499],[499,2715,0,0,45],[45,293,0,0,174],[167,1319,0,0,24],[24,3967,0,0,61],[61,376,0,0,460],[460,674,2648,0,81],[2,3874,0,0,186],[186,2513,0,0,362],[362,1003,0,0,49],[49,1900,0,0,445],[445,3325,0,0,357],[211,357,0,0,171],[171,2690,0,0,247],[247,3127,0,0,401],[401,3212,0,0,322],[322,1613,0,0,433],[343,2494,0,0,70],[70,2072,0,0,309],[309,1516,0,0,410],[410,1704,0,0,75],[25,894,0,0,4],[4,996,0,0,43],[43,1772,0,0,307],[149,2738,0,0,488],[488,42,0,0,371],[371,1250,0,0,280],[280,2193,0,0,487],[487,594,0,0,475],[475,2258,0,0,37],[11,34,0,0,414],[414,1442,0,0,233],[233,922,0,0,54],[54,1743,0,0,486],[44,1703,0,0,29],[29,3214,0,0,11],[11,743,0,0,207],[207,2856,0,0,247],[247,2576,2814,0,408],[408,2576,0,0,177],[488,2372,0,0,339],[339,641,0,0,424],[424,1719,0,0,269],[269,2465,0,0,399],[399,725,0,0,449],[449,660,0,0,105],[151,1230,0,0,461],[461,2203,0,0,308],[308,811,0,0,128],[128,1507,0,0,212],[386,3430,0,0,492],[492,3125,0,0,290],[290,104,0,0,314],[314,331,0,0,461],[461,2350,0,0,252],[281,3370,0,0,95],[95,2447,0,0,437],[437,2580,0,0,349],[349,2975,0,0,496],[496,2042,0,0,413],[110,1301,0,0,400],[400,2980,0,0,266],[266,3190,0,0,75],[75,67,0,0,337],[337,1500,0,0,394],[394,135,0,0,147],[384,2583,0,0,106],[106,156,0,0,242],[242,844,3384,0,373],[373,1645,0,0,497],[497,2044,0,0,477],[406,239,0,0,459],[459,2709,0,0,235],[235,1260,0,0,183],[183,11,0,0,48],[110,1243,0,0,9],[9,134,0,0,276],[276,2059,0,0,338],[338,2727,0,0,266],[11,200,0,0,118],[118,372,0,0,465],[465,3391,0,0,417],[374,1336,0,0,121],[121,627,0,0,323],[323,2858,0,0,165],[165,3545,0,0,370],[370,216,0,0,132],[341,455,0,0,48],[48,865,0,0,74],[74,2450,0,0,317],[317,3975,0,0,449],[111,3700,0,0,172],[172,3344,0,0,334],[334,1286,0,0,353],[353,984,0,0,218],[246,3596,0,0,13],[13,698,0,0,223],[223,2572,0,0,285],[285,2553,0,0,132],[132,174,0,0,396],[303,1829,0,0,84],[84,2961,0,0,64],[64,2316,2790,0,57],[57,1442,0,0,112],[112,2686,0,0,426],[426,1729,0,0,306],[127,188,0,0,331],[331,1752,0,0,166],[166,1483,0,0,340],[340,3438,0,0,280],[280,216,0,0,347],[105,1655,0,0,278],[278,780,0,0,59],[59,2177,0,0,397],[397,2307,0,0,25],[25,847,0,0,335],[181,2415,0,0,60],[60,3499,0,0,454],[454,1932,0,0,18],[18,1746,0,0,174],[174,1890,0,0,70],[70,162,0,0,365],[89,59,0,0,437],[437,1606,0,0,323],[323,3932,0,0,177],[177,1011,0,0,455],[455,180,0,0,486],[452,346,0,0,428],[428,3316,0,0,252],[252,1890,0,0,184],[184,887,0,0,464],[464,1474,3840,0,143],[59,394,0,0,280],[280,1114,0,0,47],[47,2732,0,0,325],[325,3975,0,0,31],[31,3612,0,0,257],[214,1006,0,0,407],[407,3464,0,0,238],[238,1742,0,0,131],[131,3846,0,0,345],[345,2182,0,0,318],[318,357,0,0,499],[288,1331,0,0,301],[301,706,0,0,330],[330,1702,0,0,296],[296,3211,0,0,165],[165,463,2344,0,61],[200,595,0,0,343],[343,2166,0,0,489],[489,421,0,0,443],[443,2415,0,0,253],[253,921,0,0,116],[116,1095,0,0,333],[414,3840,0,0,211],[211,3664,0,0,382],[382,421,0,0,171],[427,2225,0,0,327],[327,2153,0,0,140],[140,1728,0,0,158],[124,3556,0,0,326],[326,3205,0,0,447],[447,115,0,0,69],[69,986,0,0,65],[65,455,0,0,185],[41,2996,0,0,216],[216,43,0,0,400],[400,599,0,0,244],[244,163,0,0,309],[309,2346,0,0,432],[385,3239,0,0,405],[405,1069,0,0,298],[298,2715,0,0,139],[139,3172,0,0,4],[4,3151,0,0,234],[197,1464,0,0,348],[348,3963,0,0,191],[191,1035,0,0,500],[365,2301,0,0,52],[52,2166,0,0,215],[215,3407,0,0,333],[333,3576,0,0,294],[447,1124,0,0,192],[192,3509,0,0,70],[70,3529,0,0,26],[26,3769,0,0,337],[337,3601,0,0,480],[133,1517,0,0,392],[392,2952,0,0,62],[62,3939,0,0,348],[348,1853,0,0,328],[328,1505,0,0,173],[386,2994,0,0,438],[438,1010,0,0,164],[164,1168,0,0,425],[425,1906,0,0,468],[468,719,0,0,192],[19,3381,0,0,438],[438,1173,0,0,35],[35,1332,0,0,443],[443,1141,0,0,410]];

SenderLabelReceiverNonOrderCriticalChains = [[1,9,63],[1,684,163],[1,684,7],[1,1319,24],[1,1319,488],[1,1475,347],[1,1644,152],[1,2544,86],[2,27,101],[2,27,281],[2,2716,40],[2,2993,12],[2,3874,186],[3,208,8],[3,1315,390],[3,2571,41],[3,2571,358],[3,2908,234],[4,996,43],[4,3151,234],[4,3617,214],[5,161,7],[5,161,131],[5,241,119],[5,1132,177],[5,1132,384],[5,2384,160],[5,3472,320],[6,685,73],[6,685,229],[6,866,425],[6,1864,317],[6,3281,341],[7,2375,91],[7,3626,244],[7,3892,315],[8,1164,6],[8,1218,232],[8,1218,195],[8,1391,141],[8,2925,180],[8,2925,274],[8,2925,94],[9,80,4],[9,134,276],[9,134,293],[9,2635,333],[9,3506,169],[9,3658,40],[10,678,312],[10,920,138],[10,1508,33],[11,34,414],[11,89,166],[11,200,118],[11,555,13],[11,555,143],[11,743,207],[11,743,484],[12,86,16],[12,739,171],[12,3350,21],[13,698,223],[13,1850,372],[13,2981,16],[14,534,66],[14,555,13],[14,555,143],[14,719,192],[14,719,437],[14,2037,19],[14,3695,249],[15,146,456],[15,2089,190],[15,3125,290],[15,3125,216],[16,1630,323],[16,1630,409],[16,3877,21],[17,988,91],[17,988,388],[17,1300,150],[17,1845,36],[17,2744,291],[18,1746,149],[18,1746,174],[18,3260,65],[18,3265,17],[19,685,73],[19,685,229],[19,976,151],[19,1255,35],[19,3381,438],[20,3,152],[20,3,398],[20,1344,53],[20,1344,154],[20,1344,449],[20,1364,3],[20,1364,154],[20,1658,100],[20,3341,73],[21,219,49],[21,219,360],[21,2388,454],[21,2388,275],[21,2785,90],[22,543,51],[22,684,163],[22,684,7],[23,345,448],[23,1250,128],[23,1250,280],[23,1535,24],[24,1657,192],[24,2770,251],[24,3262,58],[24,3967,61],[25,694,317],[25,847,335],[25,894,4],[25,2011,30],[25,2964,377],[26,386,185],[26,386,46],[26,3769,337],[26,3812,217],[26,3812,226],[26,3812,302],[26,3988,40],[27,213,397],[27,258,55],[27,2087,148],[27,2286,483],[27,2625,16],[27,2625,476],[27,3202,148],[28,2388,454],[28,2388,275],[28,2850,463],[28,2850,279],[28,2915,31],[28,3379,220],[29,414,19],[29,487,104],[29,487,168],[29,487,71],[29,1147,36],[29,3214,11],[29,3214,429],[29,3344,334],[29,3344,374],[30,705,15],[30,1937,96],[30,1937,490],[30,2488,108],[30,3894,37],[31,500,386],[31,790,313],[31,3612,257],[31,3720,39],[31,3720,18],[31,3720,236],[32,948,491],[32,1328,49],[32,1773,197],[32,3242,337],[32,3242,493],[32,3811,488],[33,158,449],[33,158,375],[33,1900,374],[33,1900,445],[33,2233,432],[33,3079,67],[33,3079,472],[34,691,154],[34,691,313],[34,1766,238],[34,1766,56],[34,1793,88],[34,3671,183],[35,1332,443],[35,1932,18],[35,1932,130],[35,2268,279],[35,2464,45],[36,1132,177],[36,1132,384],[36,1191,341],[36,2348,44],[36,3782,203],[37,434,67],[37,434,130],[37,1423,439],[37,1423,98],[37,2006,292],[38,1129,282],[38,1689,142],[38,1689,493],[38,2658,282],[38,2658,434],[38,2658,136],[38,2658,208],[38,3746,127],[39,324,450],[39,874,123],[39,874,249],[39,2156,488],[39,3725,74],[40,1721,337],[40,2281,135],[40,2281,183],[41,1251,66],[41,1302,304],[41,2749,402],[41,2996,216],[41,3557,134],[41,3557,343],[42,1075,394],[42,2740,50],[43,491,179],[43,558,105],[43,1772,307],[43,2439,495],[43,3634,83],[44,256,210],[44,256,332],[44,486,90],[44,486,226],[44,1703,29],[45,293,174],[45,1936,60],[45,2483,381],[45,3408,73],[45,3408,380],[46,2405,172],[46,2405,22],[46,3772,339],[47,62,77],[47,1626,277],[47,2732,325],[47,3971,117],[48,865,74],[48,1344,53],[48,1344,154],[48,1344,449],[48,1478,305],[48,3471,63],[49,1900,374],[49,1900,445],[49,3142,176],[49,3525,440],[49,3525,190],[50,376,89],[50,376,460],[50,506,401],[50,648,37],[50,648,77],[50,1401,455],[50,3018,179],[51,1166,251],[51,1166,118],[51,1166,375],[51,1206,326],[51,1579,459],[51,3748,296],[52,2166,215],[52,2166,489],[52,2576,247],[52,2576,177],[52,2576,72],[52,2925,180],[52,2925,274],[52,2925,94],[52,3850,212],[53,223,271],[53,2352,90],[53,2612,54],[53,3092,107],[53,3388,412],[54,791,111],[54,1573,132],[54,1743,340],[54,1743,486],[55,470,20],[55,470,408],[55,3290,153],[56,513,475],[56,513,152],[56,883,384],[56,883,422],[56,2017,116],[57,53,155],[57,53,316],[57,1442,112],[57,1442,233],[57,1490,257],[57,2790,64],[58,1143,102],[58,1143,118],[58,1166,251],[58,1166,118],[58,1166,375],[58,1466,318],[58,2214,296],[58,2279,183],[59,256,210],[59,256,332],[59,394,280],[59,2177,397],[59,2687,55],[59,3703,285],[60,1562,143],[60,3499,454],[61,376,89],[61,376,460],[61,463,165],[61,3465,449],[62,1030,129],[62,1465,422],[62,3588,303],[62,3588,493],[62,3720,39],[62,3720,18],[62,3720,236],[62,3939,348],[62,3939,439],[62,3939,223],[63,353,98],[63,472,328],[63,2065,318],[63,2065,191],[64,1222,138],[64,2316,57],[64,3258,83],[64,3604,237],[64,3604,300],[65,455,48],[65,455,185],[65,984,218],[65,984,66],[65,984,229],[65,984,263],[65,2306,276],[66,995,78],[66,1242,294],[66,3890,473],[67,2105,44],[67,3159,246],[67,3159,193],[67,3916,85],[68,2847,131],[68,2976,55],[68,2976,129],[69,795,130],[69,986,65],[69,2161,72],[70,162,139],[70,162,341],[70,162,365],[70,2072,309],[70,3529,26],[71,171,356],[71,171,387],[71,426,225],[71,2359,176],[71,2947,98],[71,3701,297],[72,435,146],[72,2394,438],[72,2556,102],[72,2556,215],[73,1112,261],[73,2631,82],[73,2631,498],[74,73,441],[74,1268,79],[74,1654,2],[74,2450,317],[75,67,337],[75,1202,238],[75,3604,237],[75,3604,300],[76,849,142],[76,849,249],[76,2004,313],[76,2008,282],[76,2561,157],[76,3863,231],[76,3863,237],[77,33,17],[77,749,32],[77,1788,91],[77,2061,8],[78,1369,187],[78,1943,170],[78,1943,500],[78,2700,214],[78,3135,245],[78,3135,201],[78,3684,152],[79,323,98],[79,680,105],[79,1883,136],[79,2151,93],[79,2151,354],[79,3402,305],[79,3402,421],[80,272,127],[80,2925,180],[80,2925,274],[80,2925,94],[80,3493,495],[80,3799,371],[81,674,292],[81,674,245],[81,674,460],[81,3351,368],[81,3411,448],[81,3788,411],[82,513,475],[82,513,152],[82,542,278],[82,542,46],[82,542,80],[82,542,370],[82,2669,119],[82,2854,186],[83,457,84],[83,2119,84],[83,2556,102],[83,2556,215],[83,2595,463],[84,1143,102],[84,1143,118],[84,2481,127],[84,2961,64],[85,3159,246],[85,3159,193],[85,3287,414],[85,3757,193],[86,734,88],[86,734,65],[86,1043,270],[86,1212,191],[86,3150,453],[86,3150,483],[87,1087,108],[87,3620,372],[88,1460,445],[89,59,437],[89,706,138],[89,706,395],[89,706,330],[89,2383,94],[89,3028,162],[90,81,481],[90,801,99],[90,2697,459],[90,2697,299],[91,1054,122],[91,2138,397],[91,2140,351],[91,2140,397],[92,752,145],[92,1746,149],[92,1746,174],[92,2658,282],[92,2658,434],[92,2658,136],[92,2658,208],[93,1693,155],[93,2546,309],[93,2963,116],[93,3082,186],[93,3865,44],[94,263,99],[94,263,15],[94,805,215],[94,2838,294],[94,2838,389],[95,486,90],[95,486,226],[95,827,107],[95,1974,273],[95,2447,437],[95,3431,322],[95,3431,470],[96,3140,182],[96,3707,285],[97,108,207],[97,108,325],[97,182,92],[97,2065,318],[97,2065,191],[97,2151,93],[97,2151,354],[97,3820,411],[98,48,173],[98,2327,108],[99,676,101],[99,1336,113],[99,1336,121],[99,1336,455],[99,3170,326],[99,3781,441],[100,27,101],[100,27,281],[100,1568,429],[100,1638,364],[100,2129,366],[100,3358,172],[101,320,124],[101,1785,23],[101,1991,447],[102,538,156],[102,1446,300],[102,1446,339],[103,141,195],[103,268,265],[103,268,444],[103,296,411],[103,1226,222],[103,3562,205],[104,525,490],[104,525,383],[104,525,319],[104,1880,155],[104,2351,151],[104,3327,227],[104,3686,236],[104,3686,335],[105,1655,278],[105,1728,158],[105,1728,435],[105,3733,239],[106,156,242],[106,1769,206],[106,3519,496],[107,1115,60],[107,1725,115],[107,2616,221],[108,734,88],[108,734,65],[109,583,415],[109,583,278],[109,583,97],[109,1668,370],[109,2530,10],[109,3064,245],[109,3064,403],[110,158,449],[110,158,375],[110,1243,9],[110,1301,400],[110,1921,187],[110,3270,102],[111,2688,30],[111,3460,288],[111,3700,96],[111,3700,172],[111,3939,348],[111,3939,439],[111,3939,223],[112,263,99],[112,263,15],[112,1269,403],[112,1988,440],[112,1988,156],[112,2686,426],[112,3588,303],[112,3588,493],[113,269,463],[113,3363,121],[113,3808,222],[114,880,480],[114,880,136],[114,2596,161],[114,3312,360],[114,3470,247],[114,3795,131],[114,3795,378],[114,3807,192],[115,449,56],[115,449,378],[115,2663,490],[115,2663,173],[115,3812,217],[115,3812,226],[115,3812,302],[116,1095,333],[116,2923,21],[117,1153,121],[117,2140,351],[117,2140,397],[117,2237,489],[117,3919,498],[117,3919,259],[118,372,465],[118,372,500],[118,1019,255],[119,122,369],[119,3555,232],[120,536,221],[120,2136,256],[120,2208,369],[120,2799,248],[121,627,323],[121,3275,190],[121,3462,39],[122,321,285],[122,2377,299],[122,2377,486],[122,3373,294],[122,3675,483],[123,892,406],[123,2713,225],[124,14,147],[124,1104,343],[124,1523,241],[124,2223,212],[124,3556,326],[125,2525,297],[125,3160,402],[125,3160,482],[125,3459,364],[126,453,146],[126,1752,166],[126,1752,495],[126,2049,329],[126,2655,257],[126,2796,335],[126,2838,294],[126,2838,389],[127,188,331],[127,604,23],[127,1627,175],[128,1507,212],[128,3755,345],[129,1174,162],[129,1174,267],[129,1984,137],[130,2412,320],[130,3422,166],[131,3366,223],[131,3846,345],[132,174,396],[132,2377,299],[132,2377,486],[132,3345,485],[133,1517,392],[133,2124,287],[133,3220,252],[134,1047,287],[134,1437,235],[134,3169,150],[135,373,243],[135,620,157],[135,2897,475],[135,3280,283],[135,3437,341],[136,117,320],[136,823,320],[137,1524,156],[137,2486,278],[137,3851,67],[137,3851,435],[138,3165,200],[138,3812,217],[138,3812,226],[138,3812,302],[139,1749,392],[139,2491,169],[139,2820,266],[139,3172,4],[140,973,60],[140,1728,158],[140,1728,435],[140,3066,119],[140,3066,196],[140,3843,370],[141,197,249],[141,3734,453],[141,3734,87],[142,582,210],[142,1698,482],[142,2726,140],[142,3896,159],[143,102,176],[143,1172,161],[143,1474,464],[143,1474,314],[144,587,255],[144,1767,128],[144,3322,202],[144,3322,423],[144,3540,382],[145,128,200],[145,128,305],[145,1411,295],[145,1942,239],[145,2850,463],[145,2850,279],[145,2965,429],[146,187,295],[146,984,218],[146,984,66],[146,984,229],[146,984,263],[146,3109,372],[147,626,181],[147,1350,326],[147,2159,428],[148,72,206],[148,1309,248],[148,1445,189],[148,1925,242],[149,164,404],[149,601,234],[149,1761,199],[149,2611,327],[149,2738,488],[150,2221,478],[150,3116,304],[150,3851,67],[150,3851,435],[151,1230,461],[151,1778,12],[151,3026,390],[152,2951,221],[152,3119,169],[153,74,230],[153,155,222],[153,733,87],[153,2969,163],[155,386,185],[155,386,46],[155,2741,412],[156,1297,226],[156,1600,333],[157,1254,263],[157,1569,225],[157,3969,366],[157,3969,326],[158,542,278],[158,542,46],[158,542,80],[158,542,370],[158,833,495],[158,2145,116],[158,3978,275],[159,921,116],[159,921,210],[159,1288,208],[159,2340,210],[159,3160,402],[159,3160,482],[159,3633,231],[160,26,299],[160,813,324],[160,1329,167],[160,2742,119],[161,1272,333],[161,1372,154],[162,3575,174],[163,1067,492],[163,1982,499],[163,3362,467],[163,3362,291],[164,1168,425],[164,1613,433],[164,1613,489],[164,3457,123],[165,2344,61],[165,3545,370],[166,1483,340],[166,2210,328],[166,3642,287],[167,211,229],[167,1319,24],[167,1319,488],[167,2393,440],[167,2477,480],[167,3048,401],[168,592,245],[168,1282,299],[168,1456,196],[168,2829,221],[169,106,265],[169,1563,141],[169,1954,442],[170,13,80],[170,679,289],[170,1283,184],[170,2926,471],[171,133,203],[171,2690,247],[171,3806,379],[172,862,376],[172,2831,199],[172,3344,334],[172,3344,374],[173,634,76],[173,1697,267],[174,369,187],[174,1890,70],[174,1890,184],[174,2884,309],[175,934,73],[175,934,243],[175,2333,269],[175,2907,363],[175,3033,85],[175,3033,115],[176,885,233],[176,955,336],[176,955,10],[177,487,104],[177,487,168],[177,487,71],[177,1011,455],[177,1124,275],[177,1124,192],[178,560,355],[178,560,356],[178,1955,266],[178,2024,410],[178,3496,229],[178,3962,331],[178,3962,471],[179,645,202],[179,1387,108],[179,2843,380],[180,49,260],[180,123,283],[180,123,378],[180,849,142],[180,849,249],[180,2276,398],[180,2276,255],[180,2276,272],[180,3027,342],[181,101,226],[181,1092,136],[181,1633,88],[181,2220,307],[181,2415,253],[181,2415,308],[181,2415,60],[182,1188,389],[182,1188,382],[182,1322,396],[182,2048,211],[182,2654,358],[182,3277,421],[182,3277,195],[183,11,48],[183,2710,153],[183,2710,293],[184,764,292],[184,887,464],[184,1287,361],[184,1836,443],[185,975,214],[185,1100,212],[185,1609,85],[186,2513,297],[186,2513,362],[186,3271,87],[187,239,459],[187,239,482],[187,410,422],[187,2086,254],[188,699,281],[188,850,248],[188,2196,401],[188,2534,292],[188,2945,295],[188,3431,322],[188,3431,470],[189,478,354],[189,1589,302],[189,3089,261],[189,3505,28],[190,984,218],[190,984,66],[190,984,229],[190,984,263],[190,1831,431],[191,212,46],[191,212,194],[191,1035,500],[191,1789,421],[192,3062,241],[192,3509,70],[193,268,265],[193,268,444],[193,1905,399],[193,2083,409],[193,2407,344],[194,985,298],[194,1298,270],[194,1917,328],[194,1962,413],[194,3110,22],[194,3110,232],[195,783,133],[195,3673,42],[196,704,199],[196,704,363],[196,1034,120],[196,2975,496],[196,2975,270],[196,3401,353],[197,857,61],[197,1464,348],[197,2944,296],[197,2944,357],[197,3122,260],[198,292,377],[198,325,261],[198,955,336],[198,955,10],[198,2240,237],[198,3130,469],[199,2427,374],[199,2944,296],[199,2944,357],[200,595,343],[200,1525,407],[200,2193,7],[200,2193,487],[200,2507,128],[201,341,289],[201,914,254],[201,1689,142],[201,1689,493],[201,2511,394],[201,2893,205],[201,2893,33],[202,732,217],[202,944,272],[202,1209,68],[202,1428,379],[203,1512,155],[203,2659,433],[204,403,284],[204,1218,232],[204,1218,195],[204,1396,489],[204,2275,386],[204,2443,250],[204,2443,447],[204,3145,308],[205,312,68],[205,1542,208],[205,3579,246],[205,3579,392],[206,1597,395],[206,3700,96],[206,3700,172],[207,817,301],[207,1708,344],[207,2856,247],[208,2222,404],[209,1344,53],[209,1344,154],[209,1344,449],[209,1606,323],[209,1606,354],[209,2078,415],[209,2313,307],[209,3919,498],[209,3919,259],[209,3962,331],[209,3962,471],[210,1706,282],[211,357,171],[211,357,499],[211,2274,440],[211,3664,382],[212,1766,238],[212,1766,56],[212,2516,279],[213,1257,457],[213,1452,493],[213,2722,345],[214,1006,407],[214,2028,125],[214,2976,55],[214,2976,129],[215,2042,22],[215,2042,413],[215,2042,406],[215,3033,85],[215,3033,115],[215,3407,333],[216,43,400],[216,650,248],[216,1933,491],[216,1933,208],[216,2775,277],[217,674,292],[217,674,245],[217,674,460],[217,2816,338],[217,3579,246],[217,3579,392],[218,1337,475],[218,1551,315],[218,1551,130],[218,1551,232],[218,2196,401],[218,3751,346],[219,161,7],[219,161,131],[219,651,387],[219,1616,185],[219,2360,293],[219,2666,423],[219,2666,495],[219,3564,437],[220,691,154],[220,691,313],[220,2602,363],[220,2813,283],[220,3408,73],[220,3408,380],[221,509,175],[221,509,417],[222,396,431],[222,396,486],[222,2576,247],[222,2576,177],[222,2576,72],[223,2572,285],[223,3500,106],[223,3500,276],[224,148,365],[224,1699,343],[224,2485,262],[224,2485,478],[224,2646,346],[224,2646,16],[225,753,34],[225,3058,186],[226,1174,162],[226,1174,267],[226,2977,405],[227,1380,199],[227,1914,419],[227,2642,463],[227,3214,11],[227,3214,429],[228,830,231],[228,2658,282],[228,2658,434],[228,2658,136],[228,2658,208],[228,3135,245],[228,3135,201],[228,3969,366],[228,3969,326],[229,3599,469],[230,1321,479],[230,2101,410],[230,2613,478],[230,3880,372],[231,2671,346],[231,3713,282],[231,3884,122],[231,3884,403],[232,171,356],[232,171,387],[232,1862,141],[233,922,403],[233,922,54],[233,1509,356],[233,2885,274],[234,1651,257],[234,3630,346],[234,3918,206],[235,131,364],[235,162,139],[235,162,341],[235,162,365],[235,1260,183],[235,2276,398],[235,2276,255],[235,2276,272],[236,271,222],[236,934,73],[236,934,243],[236,2443,250],[236,2443,447],[237,217,241],[237,1165,223],[237,3394,492],[237,3394,252],[238,18,332],[238,1742,131],[238,2415,253],[238,2415,308],[238,2415,60],[239,2116,470],[239,2513,297],[239,2513,362],[239,3174,341],[240,2180,316],[240,2215,390],[240,2305,317],[240,2305,416],[240,2691,256],[240,3985,265],[241,594,262],[241,594,475],[241,1189,195],[241,2818,473],[242,844,373],[242,3384,373],[243,108,207],[243,108,325],[243,738,210],[244,163,309],[244,883,384],[244,883,422],[244,2880,432],[244,3282,253],[245,1716,252],[246,359,408],[246,1046,268],[246,3596,13],[247,2814,408],[247,3127,401],[248,3198,420],[249,2312,2],[249,3251,28],[250,906,394],[250,2830,365],[250,3789,138],[250,3789,291],[250,3789,499],[250,3943,377],[251,757,393],[251,949,322],[251,1511,355],[251,3968,324],[252,1890,70],[252,1890,184],[253,921,116],[253,921,210],[253,2114,405],[253,2666,423],[253,2666,495],[253,3001,225],[254,880,480],[254,880,136],[254,1336,113],[254,1336,121],[254,1336,455],[254,3201,290],[254,3347,480],[254,3347,468],[255,1389,476],[255,1414,269],[255,3975,31],[255,3975,449],[255,3975,462],[256,242,125],[256,449,56],[256,449,378],[256,1564,496],[257,278,260],[257,3500,106],[257,3500,276],[258,560,355],[258,560,356],[258,1099,381],[258,1099,439],[258,2702,336],[259,430,418],[259,1279,409],[259,1279,368],[259,1423,439],[259,1423,98],[259,2276,398],[259,2276,255],[259,2276,272],[260,3,152],[260,3,398],[260,1495,289],[260,2305,317],[260,2305,416],[261,1829,162],[261,1829,84],[261,2822,115],[262,908,489],[262,2721,468],[263,415,277],[263,721,369],[263,997,442],[263,997,322],[264,1105,352],[264,2002,151],[264,2405,172],[264,2405,22],[264,2578,369],[264,3394,492],[264,3394,252],[265,2698,363],[265,3550,436],[266,3079,67],[266,3079,472],[266,3190,75],[267,1370,462],[267,2042,22],[267,2042,413],[267,2042,406],[268,1481,92],[268,2079,485],[268,2079,271],[268,2079,424],[268,2404,487],[268,3255,291],[269,2465,399],[269,2466,385],[270,470,20],[270,470,408],[270,1718,418],[270,3844,285],[271,1753,432],[271,1753,335],[271,1776,284],[271,1882,368],[271,3402,305],[271,3402,421],[272,669,327],[272,842,269],[272,1099,381],[272,1099,439],[273,706,138],[273,706,395],[273,706,330],[273,1201,362],[273,3110,22],[273,3110,232],[273,3425,319],[274,807,334],[274,3884,122],[274,3884,403],[275,2055,396],[275,2325,310],[275,2325,374],[276,2059,338],[276,3347,480],[276,3347,468],[276,3828,497],[277,915,258],[277,2079,485],[277,2079,271],[277,2079,424],[277,2434,315],[278,780,59],[278,2918,178],[279,674,292],[279,674,245],[279,674,460],[279,1683,471],[279,2577,321],[280,216,347],[280,216,483],[280,216,132],[280,1114,47],[280,2193,7],[280,2193,487],[281,219,49],[281,219,360],[281,957,358],[281,1757,465],[281,3370,95],[282,1137,57],[283,487,104],[283,487,168],[283,487,71],[283,1887,434],[284,177,319],[284,434,67],[284,434,130],[284,3186,334],[284,3855,379],[285,2553,132],[286,290,179],[286,1947,213],[286,1975,92],[287,283,492],[287,1446,300],[287,1446,339],[287,2455,359],[288,938,474],[288,1331,301],[288,2325,310],[288,2325,374],[289,128,200],[289,128,305],[289,1548,469],[290,104,314],[290,542,278],[290,542,46],[290,542,80],[290,542,370],[290,2853,68],[292,2623,55],[292,3628,467],[292,3628,22],[293,92,289],[293,3654,491],[294,1934,38],[294,2091,350],[294,2091,413],[294,2091,474],[295,3870,227],[296,3211,165],[296,3736,327],[297,184,494],[297,2646,346],[297,2646,16],[297,3597,347],[298,2715,139],[298,2715,45],[298,3644,340],[299,1940,408],[299,2082,404],[300,2094,303],[300,2357,306],[300,2995,403],[301,383,450],[301,706,138],[301,706,395],[301,706,330],[301,1083,329],[302,525,490],[302,525,383],[302,525,319],[302,839,373],[302,1500,373],[302,1500,394],[303,397,274],[303,1677,109],[303,1829,162],[303,1829,84],[304,212,46],[304,212,194],[304,1484,474],[304,3821,211],[305,2132,137],[305,2980,266],[305,2980,324],[306,922,403],[306,922,54],[306,1662,427],[306,3064,245],[306,3064,403],[307,575,425],[307,1419,275],[307,1551,315],[307,1551,130],[307,1551,232],[308,811,128],[308,1474,464],[308,1474,314],[308,3409,432],[309,1516,410],[309,2346,432],[310,240,428],[310,731,314],[310,2701,113],[310,2835,286],[310,3926,207],[311,2091,350],[311,2091,413],[311,2091,474],[311,2122,325],[311,2604,372],[311,3789,138],[311,3789,291],[311,3789,499],[312,501,377],[312,907,203],[312,1293,419],[312,1293,452],[312,2900,339],[312,2900,399],[313,137,94],[314,331,461],[314,2710,153],[314,2710,293],[315,1091,436],[315,3495,336],[316,1715,410],[316,2663,490],[316,2663,173],[317,1615,264],[317,3975,31],[317,3975,449],[317,3975,462],[318,357,171],[318,357,499],[318,2264,15],[319,247,154],[319,247,460],[319,2172,357],[319,2260,315],[320,123,283],[320,123,378],[321,535,384],[321,1361,498],[321,2697,459],[321,2697,299],[321,3873,385],[322,649,311],[322,1613,433],[322,1613,489],[323,2418,82],[323,2418,444],[323,2858,165],[323,3932,177],[324,1407,366],[324,1705,474],[324,2389,14],[325,3474,3],[325,3975,31],[325,3975,449],[325,3975,462],[326,3205,447],[327,121,103],[327,121,133],[327,2153,140],[328,1505,173],[328,3762,500],[329,1180,470],[329,2658,282],[329,2658,434],[329,2658,136],[329,2658,208],[330,670,96],[330,670,435],[330,1702,296],[330,1702,455],[330,3475,63],[330,3863,231],[330,3863,237],[331,1752,166],[331,1752,495],[331,3663,351],[332,1405,164],[332,1504,441],[332,1541,288],[333,3576,294],[334,1286,353],[334,2641,283],[334,3885,157],[335,28,221],[335,1234,51],[336,1190,355],[336,2772,460],[337,1500,373],[337,1500,394],[337,3601,464],[337,3601,480],[338,902,134],[338,902,446],[338,2236,160],[338,2236,476],[338,2727,266],[338,3397,5],[339,641,424],[340,2662,290],[340,3438,280],[341,455,48],[341,455,185],[342,53,155],[342,53,316],[342,346,233],[342,346,428],[342,953,376],[342,3993,13],[342,3993,242],[343,2166,215],[343,2166,489],[343,2494,70],[344,997,442],[344,997,322],[344,1551,315],[344,1551,130],[344,1551,232],[344,2737,354],[344,3248,406],[345,2058,313],[345,2182,318],[345,2308,383],[346,2249,359],[347,515,56],[348,1723,314],[348,1853,328],[348,3963,191],[349,708,286],[349,2975,496],[349,2975,270],[349,3178,362],[349,3480,402],[349,3992,298],[350,2812,427],[350,2971,298],[350,3525,440],[350,3525,190],[350,3972,242],[351,668,481],[351,1340,487],[351,3195,259],[352,99,356],[352,835,458],[352,3591,162],[352,3795,131],[352,3795,378],[352,3824,68],[353,984,218],[353,984,66],[353,984,229],[353,984,263],[353,3804,330],[353,3937,262],[354,1819,164],[355,703,129],[355,3441,106],[356,2212,416],[357,328,358],[357,509,175],[357,509,417],[357,3623,418],[358,523,243],[358,1279,409],[358,1279,368],[359,247,154],[359,247,460],[359,1498,240],[359,1797,363],[359,3463,494],[360,525,490],[360,525,383],[360,525,319],[360,988,91],[360,988,388],[360,3313,398],[360,3965,433],[361,542,278],[361,542,46],[361,542,80],[361,542,370],[361,1753,432],[361,1753,335],[361,1827,432],[361,2903,389],[362,1003,49],[363,1106,472],[363,1106,459],[364,3852,444],[364,3860,435],[365,2301,52],[365,3678,10],[366,119,387],[366,1892,462],[367,519,396],[367,1002,393],[367,2167,466],[367,2509,462],[367,2893,205],[367,2893,33],[367,3629,462],[368,568,189],[368,759,206],[368,1838,23],[369,1960,429],[370,216,347],[370,216,483],[370,216,132],[370,541,161],[371,1250,128],[371,1250,280],[371,2452,144],[371,2547,117],[371,3662,205],[373,1645,497],[373,1645,353],[373,3952,361],[374,1336,113],[374,1336,121],[374,1336,455],[374,3278,340],[375,365,6],[375,1062,386],[376,1138,342],[376,1204,452],[376,2143,416],[377,929,424],[378,1660,329],[378,2994,429],[378,2994,438],[379,1462,369],[379,2413,395],[380,2315,388],[380,2952,62],[380,2952,388],[381,199,466],[381,1629,476],[381,3871,101],[382,421,443],[382,421,171],[382,572,69],[382,987,46],[383,425,497],[383,1461,465],[383,2144,474],[383,3098,464],[384,616,477],[384,2583,106],[385,389,268],[385,389,458],[385,583,415],[385,583,278],[385,583,97],[385,1567,477],[385,3239,405],[386,2994,429],[386,2994,438],[386,3430,492],[387,1630,323],[387,1630,409],[387,3277,421],[387,3277,195],[388,1685,69],[388,3538,440],[389,2007,433],[389,2091,350],[389,2091,413],[389,2091,474],[390,121,103],[390,121,133],[390,3380,472],[391,615,427],[391,1449,466],[391,2872,436],[391,3352,286],[391,3478,129],[391,3478,486],[392,1621,481],[392,2952,62],[392,2952,388],[393,1578,263],[393,1635,431],[393,1780,417],[394,135,147],[394,556,190],[395,2824,75],[395,3589,477],[396,583,415],[396,583,278],[396,583,97],[396,3315,156],[397,1440,111],[397,2307,25],[398,1645,497],[398,1645,353],[398,3322,202],[398,3322,423],[399,725,449],[399,1943,170],[399,1943,500],[399,3628,467],[399,3628,22],[400,599,244],[400,2980,266],[400,2980,324],[400,3789,138],[400,3789,291],[400,3789,499],[401,3212,322],[402,2743,236],[402,3423,102],[402,3423,484],[403,3866,162],[404,1126,441],[404,2567,470],[405,1069,298],[405,1415,301],[406,239,459],[406,239,482],[406,612,424],[407,1368,471],[407,2157,113],[407,3464,238],[407,3883,387],[408,2576,247],[408,2576,177],[408,2576,72],[408,3301,141],[409,743,207],[409,743,484],[409,3686,236],[409,3686,335],[410,1704,75],[411,1743,340],[411,1743,486],[411,2566,88],[412,419,445],[412,3717,466],[412,3945,304],[413,1702,296],[413,1702,455],[413,3417,455],[414,1364,3],[414,1364,154],[414,1442,112],[414,1442,233],[414,2962,42],[414,3840,143],[414,3840,211],[415,670,96],[415,670,435],[415,1933,491],[415,1933,208],[415,3710,261],[416,389,268],[416,389,458],[416,923,52],[417,1896,451],[417,3066,119],[417,3066,196],[418,285,484],[418,630,316],[419,1809,478],[419,2278,436],[419,2418,82],[419,2418,444],[420,372,465],[420,372,500],[420,473,302],[420,1492,484],[420,3601,464],[420,3601,480],[420,3734,453],[420,3734,87],[421,829,258],[421,2191,451],[422,482,473],[422,3410,456],[423,1293,419],[423,1293,452],[423,1355,306],[423,2953,428],[423,3295,42],[424,1334,291],[424,1719,269],[425,1906,468],[425,2797,123],[426,1365,154],[426,1729,306],[426,2229,331],[426,2739,365],[427,2225,327],[427,3423,102],[427,3423,484],[428,3316,252],[428,3739,213],[429,2246,224],[430,87,133],[430,1988,440],[430,1988,156],[430,3537,197],[430,3720,39],[430,3720,18],[430,3720,236],[430,3939,348],[430,3939,439],[430,3939,223],[431,378,484],[431,418,445],[431,3242,337],[431,3242,493],[433,1215,86],[433,2629,18],[434,24,435],[434,1701,459],[434,2485,262],[434,2485,478],[435,3697,150],[436,1550,168],[436,2668,89],[437,1606,323],[437,1606,354],[437,2580,349],[438,1010,164],[438,1173,35],[438,1877,203],[439,316,482],[440,3527,137],[441,2440,110],[441,3942,107],[442,96,375],[442,2071,228],[442,3993,13],[442,3993,242],[443,1141,410],[443,2415,253],[443,2415,308],[443,2415,60],[443,3088,446],[444,232,470],[444,2631,82],[444,2631,498],[445,3325,357],[446,715,400],[446,1346,461],[446,1617,485],[446,3310,380],[447,115,69],[447,1124,275],[447,1124,192],[448,333,146],[448,902,134],[448,902,446],[448,1604,239],[448,3565,439],[448,3565,38],[449,660,105],[450,648,37],[450,648,77],[450,1005,47],[450,1152,347],[450,2218,108],[451,1187,147],[451,1545,228],[451,2175,291],[452,346,233],[452,346,428],[452,941,469],[452,1188,389],[452,1188,382],[452,2633,491],[453,493,473],[453,1009,274],[453,1071,208],[454,1932,18],[454,1932,130],[454,2634,472],[454,3072,134],[455,180,486],[456,244,267],[456,1103,469],[456,1106,472],[456,1106,459],[456,3498,256],[457,784,481],[457,2079,485],[457,2079,271],[457,2079,424],[457,3150,453],[457,3150,483],[457,3266,481],[457,3362,467],[457,3362,291],[458,181,479],[458,2113,479],[458,3400,479],[459,2709,235],[460,2648,81],[460,3829,224],[461,2203,308],[461,2350,252],[461,3557,134],[461,3557,343],[462,3396,316],[463,68,258],[463,3478,129],[463,3478,486],[464,3840,143],[464,3840,211],[465,396,431],[465,396,486],[465,3391,417],[466,2625,16],[466,2625,476],[467,216,347],[467,216,483],[467,216,132],[467,395,12],[467,2571,41],[467,2571,358],[468,413,87],[468,719,192],[468,719,437],[468,2281,135],[468,2281,183],[469,2540,42],[470,2216,72],[471,366,493],[471,1185,480],[472,3989,480],[473,488,318],[473,3176,380],[474,162,139],[474,162,341],[474,162,365],[475,1084,54],[475,2258,37],[476,335,243],[476,570,486],[477,1937,96],[477,1937,490],[478,1952,198],[478,3565,439],[478,3565,38],[479,1499,300],[482,808,125],[482,2949,485],[483,2757,34],[484,1166,251],[484,1166,118],[484,1166,375],[485,2236,160],[485,2236,476],[487,594,262],[487,594,475],[487,1477,362],[487,2324,295],[488,42,371],[488,2372,339],[489,421,443],[489,421,171],[490,704,199],[490,704,363],[490,3374,497],[491,2845,176],[492,336,329],[492,3125,290],[492,3125,216],[494,20,498],[494,1506,498],[494,3698,381],[495,110,26],[496,2042,22],[496,2042,413],[496,2042,406],[496,3334,405],[497,2044,477],[499,134,276],[499,134,293],[499,432,144],[499,2715,139],[499,2715,45],[500,1694,393]];

jitters = [20000,10000,100000,20000,1000,50000,20000,100000,100000,20000,10000,10000,10000,100000,100000,10000,10000,100000,100000,50000,10000,10000,10000,10000,20000,100000,1000,20000,10000,20000,20000,10000,20000,10000,100000,10000,20000,5000,20000,100000,100000,20000,20000,10000,100000,20000,20000,20000,10000,10000,10000,100000,10000,10000,10000,100000,2000,10000,20000,100000,10000,20000,20000,2000,100000,100000,20000,20000,100000,100000,20000,100000,50000,20000,100000,5000,20000,100000,20000,20000,10000,50000,2000,2000,20000,10000,20000,10000,10000,10000,20000,50000,100000,100000,10000,10000,20000,20000,100000,10000,100000,2000,10000,100000,20000,1000,50000,20000,10000,100000,10000,2000,10000,100000,1000,100000,10000,10000,50000,50000,10000,20000,20000,100000,10000,20000,20000,100000,20000,20000,100000,10000,20000,20000,20000,50000,20000,10000,20000,10000,100000,5000,100000,10000,10000,20000,100000,1000,20000,10000,100000,50000,10000,50000,100000,2000,20000,10000,5000,10000,100000,20000,10000,100000,10000,20000,10000,10000,20000,100000,10000,10000,20000,100000,20000,10000,10000,100000,10000,20000,100000,10000,20000,100000,100000,10000,100000,10000,1000,10000,20000,100000,20000,20000,10000,10000,20000,100000,10000,100000,100000,10000,10000,100000,100000,1000,10000,20000,20000,5000,10000,100000,20000,100000,100000,100000,10000,10000,20000,20000,50000,10000,10000,100000,20000,10000,100000,10000,100000,20000,5000,50000,10000,20000,20000,20000,100000,100000,20000,50000,100000,1000,20000,100000,10000,10000,10000,100000,100000,20000,10000,100000,100000,100000,10000,50000,20000,10000,10000,20000,50000,100000,20000,50000,20000,100000,10000,10000,20000,10000,10000,10000,10000,10000,10000,100000,20000,20000,100000,20000,10000,5000,20000,10000,10000,5000,20000,10000,100000,100000,10000,100000,20000,100000,10000,10000,20000,20000,10000,2000,10000,1000,2000,100000,10000,2000,20000,100000,100000,100000,20000,20000,100000,100000,20000,100000,20000,100000,10000,50000,20000,10000,10000,10000,20000,100000,10000,20000,20000,10000,20000,20000,100000,10000,20000,10000,100000,100000,20000,20000,20000,20000,100000,20000,100000,20000,20000,20000,10000,10000,20000,50000,10000,20000,10000,50000,10000,10000,20000,10000,100000,10000,20000,20000,100000,10000,10000,10000,50000,10000,20000,20000,1000,10000,100000,100000,20000,50000,10000,10000,10000,10000,10000,1000,20000,100000,20000,10000,10000,100000,10000,20000,10000,100000,1000,10000,20000,10000,20000,100000,10000,10000,2000,20000,20000,20000,100000,10000,10000,100000,100000,10000,10000,10000,20000,50000,10000,10000,20000,100000,20000,100000,100000,20000,100000,2000,10000,100000,50000,10000,10000,100000,10000,20000,20000,20000,10000,100000,10000,10000,20000,20000,100000,20000,10000,100000,100000,10000,20000,10000,20000,100000,100000,100000,10000,100000,20000,50000,20000,10000,100000,10000,100000,100000,10000,10000,20000,100000,100000,20000,100000,100000,100000,10000,20000,10000,1000,20000,50000,100000,20000,5000,20000,10000,5000,10000,20000,20000,100000,1000,20000,100000,100000,20000,20000,10000,1000,20000,100000,20000];

