NumChains = 50;
NumResources = 3;
NumRunnablesInChains = 266;
MemoryBoundOnResource = 1048576;
UtilizationBoundOnResource = 100;

numberOfTasksinChain = [11,7,9,13,13,7,11,11,11,7,9,7,7,13,11,13,9,9,7,11,7,11,9,7,9,9,11,7,9,11,11,7,7,7,9,13,9,9,7,11,13,7,11,11,13,13,11,7,13,7];

runnablesInChains = [381,184,169,333,323,405,31,225,233,417,491,265,464,365,431,272,91,425,134,375,113,439,288,254,223,89,131,137,44,405,134,482,444,150,420,62,389,81,458,312,22,481,466,357,377,376,315,120,187,113,358,8,469,59,332,314,256,310,172,166,97,75,17,436,202,91,235,439,4,214,296,5,199,316,82,337,280,179,470,353,370,476,394,479,327,68,346,80,45,47,117,457,77,144,286,239,72,30,305,339,19,72,335,195,201,416,82,135,65,257,314,450,214,427,175,429,58,325,452,339,208,321,15,184,12,113,496,405,218,264,306,494,89,127,137,297,44,188,462,493,294,281,377,52,378,105,102,481,241,258,191,408,365,179,27,303,358,321,52,116,494,19,98,273,151,48,393,359,388,363,81,198,209,357,329,488,103,293,263,231,90,105,128,452,265,375,398,418,248,169,219,115,116,484,87,382,84,356,58,313,141,135,34,167,348,199,74,21,40,178,189,487,326,71,393,151,10,428,75,203,61,11,383,224,406,237,357,2,257,374,267,269,232,221,27,98,439,292,304,340,296,151,469,487,318,284,442,332,167,189,21,429,196,359,97,25,28,55,493,206,176,166,354,195,344,403];

ProcessingTimesOfMessages = [[1,1,1,1,1],[1,1,1,1,1,1,1,1],[1,1,1],[1,1,1,1,1,1,1,1,1,1,1],[1,1,1,1,1,1,1,1],[1,1,1,1,1,1,1,1,1,1],[1,1,1,1,1,1,1,1,1],[1,1,1,1,1,1,1,1,1,1],[1,1,1,1,1],[1,1,1,1,1,1,1,1,1,1],[1,1,1,1,1,1,1],[1,1,1,1,1],[1,1,1,1,1,1,1],[1,1,1,1,1,1],[1,1,1,1,1,1,1,1,1,1],[1,1,1],[1,1,1,1],[1,1,1,1],[1,1,1,1,1,1,1],[1,1,1,1,1],[1,1,1,1,1,1,1,1],[1,1,1,1,1,1],[1,1,1,1,1],[1,1,1,1,1,1,1,1,1],[1,1,1,1,1,1,1,1,1,1],[1,1,1,1,1],[1,1,1,1,1,1],[1,1,1,1],[1,1,1,1,1,1,1,1,1],[1,1,1,1,1,1,1],[1,1,1,1,1,1,1],[1,1,1,1,1],[1,1,1,1,1],[1,1,1,1,1,1,1,1,1,1,1],[1,1,1,1,1,1,1,1],[1,1,1],[1,1,1,1,1,1,1,1],[1,1,1,1,1,1,1,1,1,1],[1,1,1,1,1,1],[1,1,1,1,1],[1,1,1,1,1,1,1],[1,1,1,1,1],[1,1,1,1,1],[1,1,1,1,1,1],[1,1,1,1,1,1,1,1],[1,1],[1,1,1,1,1],[1,1,1,1,1,1,1],[1,1,1,1,1,1,1,1,1],[1,1,1,1],[1,1,1,1,1,1,1,1],[1,1,1,1,1,1,1,1],[1,1,1,1,1],[1,1,1,1,1,1,1,1],[1,1,1,1,1,1,1],[1,1,1,1,1,1,1],[1,1,1,1],[1,1,1,1,1,1,1,1],[1,1,1,1,1,1],[1,1,1,1,1,1,1,1,1],[1,1,1,1,1,1,1],[1,1,1,1],[1,1,1,1,1,1],[1,1,1],[1,1,1,1,1,1,1,1,1,1],[1,1,1,1,1],[1,1,1,1,1,1,1,1],[1,1,1,1,1,1],[1,1,1,1],[1,1,1,1,1],[1,1,1,1,1,1],[1,1,1,1,1],[1,1,1,1],[1,1,1,1,1,1,1],[1,1,1,1],[1,1,1,1],[1,1,1],[1,1,1],[1,1,1,1,1,1,1],[1,1,1,1,1,1,1],[1,1,1,1,1],[1,1,1,1],[1,1,1,1],[1,1,1,1,1,1,1,1,1,1],[1,1,1,1],[1,1,1,1,1,1,1,1],[1,1,1,1,1,1,1,1],[1,1,1,1],[1,1,1,1,1,1,1,1,1],[1,1,1,1,1,1],[1,1,1,1,1,1,1],[1,1],[1,1,1,1,1,1,1],[1,1,1,1,1,1,1,1],[1,1,1,1,1,1,1,1,1],[1,1,1,1,1,1,1],[1,1,1,1,1],[1,1,1,1,1,1],[1,1,1,1,1,1,1,1],[1,1,1,1,1],[1,1,1,1,1,1,1,1],[1,1,1,1,1,1],[1,1,1],[1,1,1,1,1,1],[1,1,1,1,1],[1,1,1,1,1,1,1],[1,1,1,1,1,1,1],[1,1,1,1,1,1],[1,1,1,1,1,1,1,1,1],[1,1,1,1,1,1],[1,1,1,1],[1,1,1,1,1,1,1,1],[1,1,1,1,1],[1,1,1,1,1],[1,1,1,1],[1,1,1],[1,1,1,1,1],[1,1,1,1,1,1],[1,1,1],[1,1,1,1,1,1],[1,1,1,1,1,1,1],[1,1,1,1,1,1],[1,1,1,1,1,1,1,1,1,1,1,1,1,1,1],[1,1,1,1,1,1,1],[1,1,1,1],[1,1,1,1,1,1,1],[1,1,1,1,1,1,1,1],[1,1,1,1,1],[1,1,1,1,1,1,1,1],[1,1,1,1,1,1,1,1,1],[1,1,1,1,1,1],[1,1,1,1,1,1,1,1,1],[1,1,1,1,1,1,1,1,1,1,1,1,1],[1,1,1,1,1,1,1,1,1,1],[1,1],[1,1,1,1],[1,1,1,1,1,1],[1,1,1,1,1],[1,1],[1,1,1,1,1,1,1,1],[1,1,1,1,1,1,1,1,1,1,1],[1,1,1,1,1,1,1],[1,1,1,1,1,1],[1,1,1,1],[1,1,1,1],[1,1,1,1,1],[1,1,1,1,1,1],[1,1,1,1,1,1,1],[1,1,1,1,1],[1,1,1,1,1,1,1,1,1,1,1],[1,1,1,1,1,1,1,1,1],[1,1,1,1,1,1],[1,1,1,1,1,1],[1,1,1,1,1,1,1],[1,1,1,1,1,1,1],[1,1,1,1,1,1],[1,1,1,1,1,1,1,1,1],[1,1,1,1,1,1,1,1,1],[1,1,1,1],[1,1,1],[1,1,1,1,1,1,1,1],[1,1,1,1,1,1,1],[1,1,1,1],[1,1,1,1,1,1],[1,1,1,1,1],[1,1,1],[1,1,1,1,1,1,1,1,1,1],[1,1,1,1,1,1,1],[1,1,1,1],[1,1,1,1,1,1,1],[1,1,1],[1,1,1],[1,1,1,1,1,1,1,1],[1,1,1,1,1,1],[1,1,1,1,1,1],[1,1,1,1],[1,1,1,1,1,1],[1,1,1,1,1,1],[1,1,1,1,1],[1,1,1,1,1,1,1],[1,1,1,1],[1,1,1,1,1],[1,1,1],[1,1,1,1],[1,1,1,1,1],[1,1,1,1],[1,1,1,1,1,1,1],[1,1,1,1,1,1,1,1],[1,1,1,1,1,1],[1,1,1,1,1,1,1],[1,1,1,1,1,1],[1,1,1,1],[1,1,1],[1,1],[1,1,1,1,1,1],[1,1,1],[],[1,1,1,1],[1,1,1,1,1,1,1],[1,1,1,1,1,1,1],[1,1,1,1,1,1,1,1],[1,1,1,1,1,1,1,1],[1,1,1],[1,1,1,1,1,1],[1,1,1,1,1,1,1,1],[1,1,1,1],[1,1,1,1,1],[1,1,1,1,1,1],[1,1,1,1,1],[1,1],[1,1,1],[1,1,1,1,1,1,1,1,1,1],[1,1,1,1],[1,1,1,1,1,1,1,1],[1,1,1,1,1],[1,1,1,1,1,1],[1,1,1,1,1],[1,1,1,1,1],[1,1,1,1],[1,1,1,1,1],[1,1,1,1,1],[1,1,1,1,1,1,1,1],[1,1,1,1,1,1],[1,1,1,1,1],[1,1,1,1,1],[1,1,1,1,1,1,1,1,1,1],[1,1],[1],[1,1,1,1,1],[1,1,1,1,1,1],[1,1,1,1,1],[1,1,1,1],[1,1],[1,1,1],[1,1,1,1,1,1],[1,1,1,1],[1,1,1,1],[1,1,1],[1,1,1,1,1],[1,1,1,1,1],[1,1,1],[1,1,1,1],[1,1,1,1,1,1,1,1,1,1],[1,1,1],[1,1,1,1],[],[1,1,1,1,1,1,1,1,1,1],[1,1,1,1],[1,1,1,1,1,1,1,1,1,1,1],[1,1,1,1,1],[1,1],[1,1,1,1,1],[1,1,1],[1,1,1,1,1,1,1],[1,1,1,1,1,1],[1,1,1,1,1,1],[1,1,1,1,1,1],[1,1,1,1,1,1,1,1],[1,1,1],[1,1,1,1,1,1,1,1],[1,1,1,1],[1,1,1,1,1,1,1,1,1,1],[1,1,1],[1,1],[1,1,1],[1,1,1,1,1,1,1,1],[1],[1,1,1],[1,1,1,1,1,1,1,1,1,1,1],[1,1],[1,1,1],[1,1,1],[1],[1,1,1],[1,1,1],[1,1,1,1],[1,1,1,1,1],[1,1,1,1,1,1],[1,1,1,1,1,1,1,1,1,1,1,1],[1,1,1,1,1],[1,1,1],[1,1,1],[1,1],[1,1],[1,1,1,1],[1,1,1],[1,1,1,1,1,1,1],[1,1,1,1],[1,1,1,1,1],[1,1,1,1,1,1],[1,1,1,1],[1,1,1,1,1,1,1],[1,1,1,1,1],[1,1,1,1,1,1],[1,1,1,1],[1,1,1,1],[1],[1,1,1,1,1],[1,1,1],[1,1,1,1,1,1],[],[1,1,1,1,1,1],[1,1],[1,1,1,1,1,1,1],[1,1,1],[1,1,1,1,1,1,1],[1,1,1],[1],[1,1,1],[1,1],[1,1,1],[1,1,1,1],[1,1,1,1,1],[1,1,1,1,1],[1,1],[1,1,1,1,1,1],[1,1,1],[],[1,1,1,1,1,1],[1,1,1,1,1,1,1,1],[1,1,1],[1,1,1,1,1],[1,1,1,1,1],[1,1,1,1,1,1],[1,1,1,1,1],[1,1,1,1,1,1],[1,1,1,1,1],[1,1,1,1,1],[1,1,1,1],[1,1,1,1,1,1],[1,1,1,1,1],[1,1],[1,1,1,1,1],[1,1,1,1,1],[1,1,1,1,1,1],[1],[1,1,1,1,1],[1,1,1,1,1,1],[1,1],[1,1,1],[1,1],[1,1,1,1,1,1],[1,1,1,1,1],[1,1,1,1,1,1],[1,1,1,1,1],[1,1,1,1],[1,1,1],[1,1],[1,1,1,1],[1,1,1],[1,1,1,1,1,1],[1,1,1,1],[1,1,1],[1,1,1,1,1],[1,1,1,1,1,1,1,1],[1],[1,1,1,1,1],[1,1,1],[1,1,1,1,1,1],[],[1,1,1,1,1,1,1],[1,1,1],[1,1,1],[1,1,1,1],[1,1,1,1,1,1],[1,1,1,1,1],[1,1,1],[1,1,1,1],[1,1,1],[1,1,1,1,1],[1,1],[1,1],[1,1,1,1,1,1,1],[1,1],[1,1,1],[1,1,1,1,1,1,1,1],[],[1,1,1],[1,1,1,1,1],[1],[1,1,1],[1,1],[1,1],[1,1,1],[1,1,1,1,1,1,1,1,1],[1,1,1,1],[1,1,1,1,1,1,1],[1,1,1,1,1],[1,1,1],[1,1,1],[1,1,1,1],[1,1,1,1,1,1,1],[1,1,1,1,1],[1,1,1,1],[1],[1,1,1,1],[1,1,1,1,1,1],[1,1,1],[1],[1,1,1,1,1,1],[1,1,1,1],[1,1],[1,1],[1,1,1,1],[1,1,1,1],[1,1,1,1],[1],[],[1,1,1,1],[1,1,1,1,1],[1,1,1,1,1,1],[1,1],[1,1],[1,1,1,1,1,1,1],[],[1,1],[1,1],[1,1,1,1,1],[1,1],[1,1,1,1],[1,1,1,1],[1,1,1,1,1,1,1],[1],[1,1,1,1],[1,1,1],[1,1,1,1,1,1,1],[1,1,1],[1,1,1,1,1,1,1],[1,1,1,1,1,1],[1],[1,1,1],[1],[1,1,1,1,1],[],[1,1,1,1],[1,1],[1,1,1],[],[1],[1,1,1,1,1],[1,1,1,1],[1],[1,1],[1],[],[1],[1,1,1,1,1,1],[1,1],[1,1,1,1,1,1],[1,1],[1],[1,1,1],[1,1,1,1],[1,1],[1],[1,1],[1,1,1],[1,1,1],[],[1,1,1],[1,1,1,1,1,1,1],[1,1,1,1,1,1],[1,1,1,1],[1,1,1,1],[1,1,1,1,1,1,1,1],[1,1],[1,1],[1,1,1,1,1],[1,1,1,1,1,1],[1,1,1],[1,1,1,1,1,1],[1,1,1,1],[1,1,1],[1,1,1,1,1,1],[1],[1,1],[1,1,1,1,1,1,1],[1,1],[1,1,1,1,1],[1,1,1],[1,1,1],[1,1],[1,1,1,1],[1,1,1],[1,1,1],[1,1,1,1],[1,1,1,1,1,1],[],[1,1,1,1,1],[],[1,1,1,1,1,1],[],[1,1,1],[1,1,1],[1,1,1,1],[1,1],[1,1,1,1,1],[1,1,1,1],[1,1,1,1],[1]];

processingTimesRunnables = [5,4,5,3,4,5,6,3,5,4,6,6,5,6,7,4,2,7,5,3,4,3,5,2,3,2,5,6,3,5,5,6,6,4,3,4,6,5,4,4,3,3,6,4,6,4,5,3,3,4,4,5,4,3,4,4,7,3,4,4,4,5,4,3,5,5,4,5,6,5,4,4,5,4,4,4,3,5,3,5,3,5,2,3,3,3,5,3,3,4,3,7,6,3,2,5,5,6,6,2,6,3,4,6,3,6,3,5,4,6,3,4,5,5,3,4,3,2,5,5,6,5,6,6,5,6,6,6,4,2,5,6,6,5,6,7,5,6,4,5,5,6,6,4,5,2,4,4,4,6,5,7,6,4,5,5,6,5,5,7,6,5,6,4,5,3,5,5,5,6,6,7,5,3,4,3,5,4,4,5,2,5,5,3,4,3,5,3,6,5,3,4,3,2,6,3,5,6,4,3,3,6,6,6,5,6,4,5,5,7,5,5,5,3,7,5,3,2,5,5,3,5,5,6,6,4,6,2,5,3,5,6,5,5,2,4,5,5,2,5,5,4,5,5,6,2,6,5,4,6,6,6,4,3,5,7,3,5,5,5,5,4,4,4,3,2,7,3,5,2,3,5,6,3,4,3,3,6,3,7,4,2,3,5,4,3,7,6,5,5,5,5,4,7,5,3,6,7,5,7,7,6,6,4,4,3,4,6,7,5,3,4,2,5,6,4,4,6,7,2,5,2,4,5,5,5,6,6,6,5,5,3,2,4,5,4,4,3,4,5,6,7,6,2,5,5,6,3,5,6,6,4,5,4,6,5,6,6,4,5,4,4,6,3,5,5,3,7,4,7,3,6,6,4,5,4,5,3,5,2,5,3,2,4,4,4,3,5,5,6,5,6,4,6,2,7,4,3,4,5,3,7,3,2,5,5,5,5,5,2,3,6,5,4,5,5,6,5,5,3,4,6,7,6,5,5,4,5,5,4,6,7,6,6,6,6,4,4,3,7,3,6,5,6,5,6,5,6,5,5,6,6,4,4,6,5,3,5,6,4,6,5,5,6,5,5,5,3,2,5,6,6,5,5,6,4,5,4,3,6,5,4,6,4,4,4,6,5,3,5,3,5,4,3,5,5,4,5,4,5];

periods = [10000,10000,10000,100000,100000,100000,100000,100000,20000,100000,100000,20000,10000,50000,20000,100000,100000,10000,20000,20000,100000,10000,10000,10000,10000,50000,20000,10000,50000,20000,100000,100000,10000,100000,10000,20000,10000,10000,100000,100000,2000,2000,10000,5000,10000,10000,10000,100000,20000,2000,10000,20000,20000,50000,10000,20000,100000,100000,100000,20000,100000,10000,10000,20000,10000,50000,50000,1000,20000,20000,100000,20000,10000,100000,100000,2000,10000,100000,10000,1000,10000,100000,2000,50000,20000,20000,50000,10000,5000,50000,20000,10000,100000,1000,10000,20000,100000,20000,100000,100000,10000,20000,50000,10000,20000,1000,10000,100000,2000,20000,20000,100000,20000,20000,20000,20000,10000,10000,20000,20000,100000,10000,100000,1000,100000,10000,5000,20000,10000,20000,5000,100000,20000,20000,100000,10000,5000,100000,100000,1000,100000,100000,10000,20000,20000,1000,20000,10000,20000,10000,100000,10000,100000,20000,100000,100000,10000,20000,100000,20000,2000,100000,20000,10000,10000,10000,100000,100000,20000,20000,10000,10000,20000,10000,100000,10000,2000,100000,20000,10000,20000,10000,10000,20000,100000,1000,20000,10000,100000,20000,10000,20000,100000,10000,100000,100000,50000,10000,100000,20000,100000,20000,100000,10000,100000,10000,2000,20000,10000,10000,100000,10000,10000,100000,100000,10000,10000,20000,20000,10000,20000,10000,5000,100000,100000,2000,100000,20000,10000,100000,50000,20000,100000,10000,20000,2000,10000,20000,20000,20000,10000,10000,10000,10000,20000,10000,1000,20000,10000,20000,10000,10000,100000,5000,10000,10000,10000,10000,10000,1000,10000,100000,50000,20000,20000,20000,10000,100000,20000,20000,10000,20000,20000,20000,10000,10000,10000,10000,100000,20000,10000,10000,10000,100000,10000,20000,2000,5000,1000,100000,100000,20000,50000,10000,10000,100000,5000,20000,10000,10000,10000,20000,20000,100000,20000,20000,20000,10000,10000,10000,10000,10000,100000,10000,20000,100000,20000,100000,20000,10000,20000,100000,20000,20000,100000,100000,1000,10000,10000,20000,100000,100000,20000,10000,100000,10000,20000,20000,20000,100000,20000,20000,50000,100000,10000,1000,100000,100000,2000,10000,10000,20000,20000,100000,10000,50000,10000,20000,100000,10000,100000,20000,10000,10000,20000,100000,10000,10000,100000,20000,20000,10000,1000,10000,20000,20000,10000,20000,10000,2000,20000,50000,100000,20000,10000,20000,100000,10000,10000,20000,100000,10000,100000,1000,10000,1000,10000,20000,20000,10000,20000,10000,100000,20000,20000,100000,10000,10000,20000,100000,100000,20000,100000,10000,20000,100000,100000,20000,100000,10000,100000,10000,20000,2000,20000,20000,100000,100000,100000,2000,20000,10000,100000,100000,100000,100000,10000,10000,20000,10000,20000,100000,100000,20000,20000,100000,2000,10000,20000,10000,2000,20000,20000,20000,10000,10000,10000,10000,10000,100000,100000,10000,100000,20000,100000,10000,20000,100000,100000,20000,100000,10000,100000,10000,2000,1000,10000,10000,1000,20000,10000,20000,2000,50000,20000,10000,100000,10000,1000,20000,20000,100000,10000,20000,10000,20000,100000,10000,20000,10000];

communicationTimeForOrderCriticalMessages = [1,1,1,1,1,1,1,1,1,1,1,1,1,1,1,1,1,1,1,1,1,1,1,1,1,1,1,1,1,1,1,1,1,1,1,1,1,1,1,1,1,1,1,1,1,1,1,1,1,1,1,1,1,1,1,1,1,1,1,1,1,1,1,1,1,1,1,1,1,1,1,1,1,1,1,1,1,1,1,1,1,1,1,1,1,1,1,1,1,1,1,1,1,1,1,1,1,1,1,1,1,1,1,1,1,1,1,1,1,1,1,1,1,1,1,1,1,1,1,1,1,1,1,1,1,1,1,1,1,1,1,1,1,1,1,1,1,1,1,1,1,1,1,1,1,1,1,1,1,1,1,1,1,1,1,1,1,1,1,1,1,1,1,1,1,1,1,1,1,1,1,1,1,1,1,1,1,1,1,1,1,1,1,1,1,1,1,1,1,1,1,1,1,1,1,1,1,1,1,1,1,1,1,1,1,1,1,1,1,1,1,1,1,1,1,1];

sizeOfRunnables = [1,1,1,1,1,1,1,1,1,1,1,1,1,1,1,1,1,1,1,1,1,1,1,1,1,1,1,1,1,1,1,1,1,1,1,1,1,1,1,1,1,1,1,1,1,1,1,1,1,1,1,1,1,1,1,1,1,1,1,1,1,1,1,1,1,1,1,1,1,1,1,1,1,1,1,1,1,1,1,1,1,1,1,1,1,1,1,1,1,1,1,1,1,1,1,1,1,1,1,1,1,1,1,1,1,1,1,1,1,1,1,1,1,1,1,1,1,1,1,1,1,1,1,1,1,1,1,1,1,1,1,1,1,1,1,1,1,1,1,1,1,1,1,1,1,1,1,1,1,1,1,1,1,1,1,1,1,1,1,1,1,1,1,1,1,1,1,1,1,1,1,1,1,1,1,1,1,1,1,1,1,1,1,1,1,1,1,1,1,1,1,1,1,1,1,1,1,1,1,1,1,1,1,1,1,1,1,1,1,1,1,1,1,1,1,1,1,1,1,1,1,1,1,1,1,1,1,1,1,1,1,1,1,1,1,1,1,1,1,1,1,1,1,1,1,1,1,1,1,1,1,1,1,1,1,1,1,1,1,1,1,1,1,1,1,1,1,1,1,1,1,1,1,1,1,1,1,1,1,1,1,1,1,1,1,1,1,1,1,1,1,1,1,1,1,1,1,1,1,1,1,1,1,1,1,1,1,1,1,1,1,1,1,1,1,1,1,1,1,1,1,1,1,1,1,1,1,1,1,1,1,1,1,1,1,1,1,1,1,1,1,1,1,1,1,1,1,1,1,1,1,1,1,1,1,1,1,1,1,1,1,1,1,1,1,1,1,1,1,1,1,1,1,1,1,1,1,1,1,1,1,1,1,1,1,1,1,1,1,1,1,1,1,1,1,1,1,1,1,1,1,1,1,1,1,1,1,1,1,1,1,1,1,1,1,1,1,1,1,1,1,1,1,1,1,1,1,1,1,1,1,1,1,1,1,1,1,1,1,1,1,1,1,1,1,1,1,1,1,1,1,1,1,1,1,1,1,1,1,1,1,1,1,1,1,1,1,1,1,1,1,1,1,1,1,1,1,1,1,1,1,1,1,1,1,1,1,1,1,1,1,1,1,1,1,1,1,1,1,1];

SenderLabelReceiverOrderCriticalChains = [[381,1915,0,0,184],[184,3781,0,0,169],[169,1531,0,0,333],[333,2837,0,0,323],[323,450,0,0,405],[31,316,0,0,225],[225,316,1354,0,233],[233,354,0,0,417],[491,2484,0,0,265],[265,3217,0,0,464],[464,2919,0,0,365],[365,209,0,0,431],[272,1455,0,0,91],[91,530,0,0,425],[425,402,0,0,134],[134,2415,0,0,375],[375,1145,0,0,113],[113,2959,0,0,439],[288,1226,2026,0,254],[254,3316,0,0,223],[223,1977,0,0,89],[89,774,0,0,131],[131,2991,0,0,137],[137,112,0,0,44],[405,2481,0,0,134],[134,774,0,0,482],[482,3970,0,0,444],[150,2441,0,0,420],[420,3018,0,0,62],[62,2096,0,0,389],[389,2446,0,0,81],[81,2835,0,0,458],[312,394,0,0,22],[22,3393,0,0,481],[481,787,0,0,466],[466,1292,0,0,357],[357,3072,0,0,377],[376,870,0,0,315],[315,978,0,0,120],[120,2905,0,0,187],[187,3732,0,0,113],[113,3893,0,0,358],[8,3145,0,0,469],[469,3484,0,0,59],[59,2664,0,0,332],[314,12,0,0,256],[256,945,0,0,310],[310,846,0,0,172],[172,3031,0,0,166],[97,3198,3239,0,75],[75,220,0,0,17],[17,650,2312,0,436],[202,1970,0,0,91],[91,1378,0,0,235],[235,2079,0,0,439],[4,3313,0,0,214],[214,580,0,0,296],[296,3674,0,0,5],[5,2226,0,0,199],[199,3249,0,0,316],[316,891,0,0,82],[337,2690,0,0,280],[280,2275,0,0,179],[179,1748,0,0,470],[470,3072,0,0,353],[353,1253,0,0,370],[476,1445,0,0,394],[394,118,0,0,479],[479,3499,0,0,327],[327,3346,0,0,68],[68,2203,0,0,346],[346,1487,0,0,80],[45,2935,0,0,47],[47,359,0,0,117],[117,787,0,0,457],[457,2570,0,0,77],[144,2122,0,0,286],[286,2736,0,0,239],[239,850,0,0,72],[72,1009,0,0,30],[305,1167,0,0,339],[339,1752,0,0,19],[19,1436,0,0,72],[335,2722,0,0,195],[195,918,0,0,201],[201,1714,0,0,416],[416,2513,0,0,82],[82,3761,0,0,135],[65,1870,0,0,257],[257,2288,0,0,314],[314,728,0,0,450],[214,3994,0,0,427],[427,188,0,0,175],[175,3745,0,0,429],[429,203,0,0,58],[58,2857,0,0,325],[452,2621,0,0,339],[339,2938,0,0,208],[208,3057,0,0,321],[321,1604,0,0,15],[184,90,0,0,12],[12,1519,0,0,113],[113,3598,0,0,496],[405,2303,0,0,218],[218,388,0,0,264],[264,856,0,0,306],[306,2646,0,0,494],[89,2430,0,0,127],[127,664,1886,1904,137],[137,923,1124,0,297],[297,346,0,0,44],[188,2955,0,0,462],[462,762,0,0,493],[493,33,0,0,294],[294,3887,0,0,281],[281,512,0,0,377],[52,2955,0,0,378],[378,694,0,0,105],[105,989,1624,0,102],[481,1509,0,0,241],[241,961,0,0,258],[258,3052,0,0,191],[191,672,0,0,408],[365,1143,0,0,179],[179,1433,0,0,27],[27,2711,0,0,303],[303,3591,0,0,358],[358,3044,0,0,321],[52,2244,0,0,116],[116,3395,0,0,494],[494,2217,0,0,19],[19,707,0,0,98],[98,3350,0,0,273],[151,1262,0,0,48],[48,3198,0,0,393],[393,811,0,0,359],[388,3978,0,0,363],[363,3227,0,0,81],[81,1756,0,0,198],[209,885,0,0,357],[357,3318,0,0,329],[329,2505,0,0,488],[103,2691,0,0,293],[293,2465,0,0,263],[263,2918,0,0,231],[231,3265,0,0,90],[105,2148,0,0,128],[128,3117,0,0,452],[452,2362,0,0,265],[265,542,0,0,375],[375,2787,0,0,398],[398,3870,0,0,418],[248,2570,0,0,169],[169,963,0,0,219],[219,921,0,0,115],[115,3262,0,0,116],[484,1723,0,0,87],[87,552,1460,0,382],[382,1564,0,0,84],[84,1109,0,0,356],[58,1985,0,0,313],[313,3822,0,0,141],[141,1880,0,0,135],[34,3442,0,0,167],[167,2446,0,0,348],[348,3288,0,0,199],[199,136,0,0,74],[74,3738,0,0,21],[40,2962,0,0,178],[178,3638,0,0,189],[189,1624,0,0,487],[487,1343,0,0,326],[326,943,0,0,71],[71,1321,0,0,393],[151,3432,0,0,10],[10,2961,0,0,428],[428,2839,0,0,75],[203,1411,0,0,61],[61,2976,0,0,11],[11,483,0,0,383],[383,3302,0,0,224],[224,2956,0,0,406],[237,2200,0,0,357],[357,1225,0,0,2],[2,1109,3677,0,257],[257,627,0,0,374],[374,262,0,0,267],[269,486,0,0,232],[232,2543,0,0,221],[221,1210,0,0,27],[27,1916,0,0,98],[98,3972,0,0,439],[439,3163,0,0,292],[304,3907,0,0,340],[340,3196,0,0,296],[296,311,0,0,151],[151,1162,0,0,469],[469,2933,0,0,487],[487,714,0,0,318],[284,1241,0,0,442],[442,2516,0,0,332],[332,325,0,0,167],[167,1768,0,0,189],[189,782,0,0,21],[429,3689,0,0,196],[196,1562,0,0,359],[359,643,0,0,97],[25,1986,2737,0,28],[28,1221,0,0,55],[55,3726,0,0,493],[493,1651,0,0,206],[206,3315,0,0,176],[176,2871,3873,0,166],[354,3658,0,0,195],[195,2088,0,0,344],[344,839,0,0,403]];

SenderLabelReceiverNonOrderCriticalChains = [[1,391,332],[1,717,119],[1,1289,247],[1,3694,2],[1,3694,383],[2,979,241],[2,979,317],[2,1109,257],[2,1109,356],[2,3547,314],[2,3677,23],[2,3677,282],[2,3791,395],[3,2103,13],[3,2103,383],[3,2129,209],[4,753,497],[4,753,349],[4,1108,5],[4,1118,233],[4,1576,488],[4,1713,368],[4,1713,108],[4,1713,401],[4,3313,453],[4,3313,214],[4,3656,294],[5,83,108],[5,83,273],[5,1899,284],[5,1899,97],[5,2226,199],[5,2892,229],[5,2892,284],[5,3808,7],[6,1324,348],[6,1713,368],[6,1713,108],[6,1713,401],[6,2068,427],[6,2068,343],[6,2176,403],[6,2387,17],[6,3458,147],[6,3707,268],[7,408,48],[7,408,52],[7,408,152],[7,1102,175],[7,1102,239],[7,1102,217],[7,1344,133],[7,1461,311],[7,1502,223],[8,1489,296],[8,2891,58],[8,2891,380],[8,3145,469],[8,3694,2],[8,3694,383],[8,3766,32],[8,3766,352],[8,3825,267],[8,3912,417],[9,2296,12],[9,2946,195],[9,2956,177],[9,2956,406],[9,3531,272],[10,39,17],[10,2016,185],[10,2955,462],[10,2955,264],[10,2955,417],[10,2955,378],[10,2961,428],[10,3917,42],[10,3917,33],[10,3917,170],[11,483,383],[11,1356,273],[11,1987,227],[11,2158,154],[11,2158,290],[11,2541,16],[11,2996,139],[12,1120,239],[12,1120,131],[12,1519,113],[12,1543,120],[12,2998,20],[13,682,359],[13,682,374],[13,890,495],[13,3642,18],[13,3917,42],[13,3917,33],[13,3917,170],[14,996,26],[14,1148,432],[14,2142,353],[14,2685,299],[14,2685,382],[14,3139,67],[15,192,148],[15,192,358],[15,192,360],[15,408,48],[15,408,52],[15,408,152],[15,1832,111],[15,1832,393],[15,1832,390],[15,2187,139],[16,124,39],[16,798,253],[16,3609,484],[17,509,314],[17,650,436],[17,2312,436],[17,3069,21],[18,287,122],[18,2108,22],[18,3438,498],[18,3967,479],[19,380,36],[19,380,469],[19,380,194],[19,707,98],[19,1274,292],[19,1436,72],[19,2939,274],[20,64,354],[20,83,108],[20,83,273],[20,1217,248],[20,1943,30],[21,347,401],[21,347,47],[21,569,26],[21,569,169],[21,569,446],[21,3057,447],[21,3057,31],[21,3057,321],[22,969,174],[22,2906,23],[22,2906,329],[22,3393,220],[22,3393,481],[22,3959,363],[23,327,161],[23,1341,24],[23,2606,243],[23,2679,330],[23,3682,9],[24,259,62],[24,1434,126],[24,1460,35],[24,1460,382],[24,1460,260],[24,3169,350],[24,3266,197],[24,3701,77],[24,3701,125],[25,476,110],[25,476,206],[25,1550,302],[25,1986,28],[25,2737,111],[25,2737,28],[25,3108,217],[25,3772,64],[25,3772,253],[25,3820,77],[26,3626,422],[26,3626,54],[26,3732,113],[26,3732,29],[26,3922,67],[27,270,50],[27,1067,49],[27,1916,98],[27,1916,493],[27,2711,303],[27,2711,96],[28,1221,55],[28,1230,300],[28,3582,143],[28,3671,172],[29,175,66],[29,175,100],[29,175,434],[29,684,263],[29,684,372],[29,1767,44],[29,2952,458],[29,3301,293],[29,3301,407],[30,615,3],[30,615,204],[30,856,306],[30,856,399],[30,1349,70],[30,3572,445],[30,3774,335],[31,316,233],[31,316,225],[31,1970,32],[31,1970,91],[31,2198,170],[31,2915,121],[31,3615,340],[32,123,104],[32,2238,443],[32,2238,246],[32,3688,78],[32,3794,199],[33,395,46],[33,1982,213],[33,2012,46],[33,2981,388],[33,3891,301],[34,413,48],[34,569,26],[34,569,169],[34,569,446],[34,666,326],[34,1212,313],[34,2316,442],[34,2316,162],[34,2316,248],[34,3442,395],[34,3442,167],[35,359,117],[35,359,38],[35,2674,43],[35,2674,242],[35,2819,373],[35,2819,226],[35,3043,62],[35,3679,143],[36,564,490],[36,1295,53],[36,3166,59],[37,349,132],[37,349,328],[37,1872,39],[37,2091,282],[37,2091,46],[37,2324,437],[37,2675,118],[37,3034,301],[38,347,401],[38,347,47],[38,1195,389],[38,1513,228],[38,1513,87],[38,1513,472],[38,2255,221],[38,2255,229],[38,3484,43],[38,3484,59],[39,771,68],[39,1740,211],[39,2532,99],[39,3563,367],[39,3766,32],[39,3766,352],[40,829,193],[40,1643,162],[40,1716,147],[40,2962,178],[40,3238,78],[41,1432,380],[41,1897,207],[41,2452,287],[41,3143,83],[41,3603,74],[41,3969,278],[41,3969,42],[42,762,83],[42,762,493],[42,1779,161],[42,1779,289],[42,3130,50],[43,988,490],[43,1781,88],[43,1836,180],[43,3942,197],[43,3942,280],[44,12,223],[44,12,256],[44,12,419],[44,2571,51],[44,2674,43],[44,2674,242],[45,994,206],[45,1102,175],[45,1102,239],[45,1102,217],[45,1927,301],[45,2935,434],[45,2935,47],[45,3998,143],[46,330,202],[46,1260,143],[47,359,117],[47,359,38],[47,1656,443],[47,1656,79],[47,2247,377],[48,826,370],[48,826,398],[48,826,88],[48,1105,100],[48,1398,477],[48,3198,393],[48,3198,75],[49,1889,224],[49,1889,208],[49,1889,103],[49,2576,140],[49,2747,440],[49,2747,375],[49,3399,342],[49,3772,64],[49,3772,253],[50,1580,76],[50,2653,144],[50,3813,83],[50,3813,105],[51,100,323],[51,100,434],[51,1409,268],[51,1409,213],[51,2128,143],[51,2128,112],[51,3417,107],[51,3627,62],[52,615,3],[52,615,204],[52,1884,63],[52,2244,116],[52,2955,462],[52,2955,264],[52,2955,417],[52,2955,378],[53,250,173],[53,1433,60],[53,1433,27],[53,2357,52],[53,2357,481],[54,640,282],[54,1065,356],[54,1065,499],[54,2130,450],[54,2388,103],[54,2898,347],[54,2898,192],[54,3439,90],[55,699,465],[55,699,314],[55,1423,246],[55,3019,336],[55,3019,165],[55,3704,92],[55,3726,493],[56,242,96],[56,1417,307],[56,1997,187],[56,1997,365],[56,1997,404],[56,2526,160],[56,2688,228],[57,623,93],[57,864,469],[57,1256,61],[57,3702,69],[58,468,289],[58,468,492],[58,1899,284],[58,1899,97],[58,1985,313],[58,2857,325],[58,2857,75],[58,2869,446],[59,2086,438],[59,2086,108],[59,2664,332],[59,2845,392],[59,3193,268],[59,3193,354],[60,1422,69],[60,1422,350],[60,1513,228],[60,1513,87],[60,1513,472],[60,2813,120],[60,3167,248],[60,3167,291],[60,3207,462],[61,644,75],[61,2193,263],[61,2193,211],[61,2193,288],[61,2645,386],[61,2645,470],[61,2976,11],[62,2096,389],[62,2357,52],[62,2357,481],[62,3172,209],[63,129,97],[63,668,295],[63,3201,64],[63,3431,444],[63,3431,281],[63,3431,225],[64,145,234],[64,378,200],[64,1302,408],[65,439,155],[65,439,160],[65,619,246],[65,870,315],[65,870,403],[65,1870,257],[65,1870,270],[65,2645,386],[65,2645,470],[65,2746,493],[66,1323,231],[66,2160,299],[66,2160,293],[66,2353,70],[66,3440,90],[67,308,87],[67,476,110],[67,476,206],[67,682,359],[67,682,374],[67,2068,427],[67,2068,343],[67,2977,64],[68,2203,452],[68,2203,346],[68,2238,443],[68,2238,246],[68,3832,117],[68,3832,164],[69,1355,412],[69,1826,475],[69,1826,191],[69,2101,340],[70,57,480],[70,148,286],[70,1399,102],[70,1546,149],[70,2134,396],[71,1321,393],[71,2857,325],[71,2857,75],[71,3543,370],[71,3919,365],[71,3934,369],[72,1009,30],[72,1159,398],[72,1952,50],[72,1952,411],[72,2221,208],[73,266,294],[73,1530,389],[73,2726,136],[73,3928,153],[74,1672,327],[74,2103,13],[74,2103,383],[74,2222,82],[74,2261,78],[74,2261,424],[74,3738,21],[75,220,17],[75,2125,155],[75,3239,162],[75,3239,182],[76,355,272],[76,2326,83],[76,3663,57],[76,3663,313],[77,746,198],[77,2670,18],[77,2670,222],[78,630,93],[78,2627,215],[78,3015,203],[79,186,118],[79,1006,267],[79,1443,213],[79,2030,280],[79,2030,366],[79,2337,271],[79,2337,337],[80,172,217],[80,172,319],[80,272,94],[80,468,289],[80,468,492],[80,2629,41],[80,3428,396],[81,765,88],[81,1214,285],[81,1756,198],[81,2835,458],[81,2835,230],[82,628,307],[82,1312,283],[82,3708,121],[82,3761,135],[83,477,119],[83,477,281],[83,1039,128],[83,2734,475],[84,1109,257],[84,1109,356],[84,1374,103],[84,1513,228],[84,1513,87],[84,1513,472],[84,2758,343],[84,3556,149],[84,3907,197],[84,3907,340],[85,2060,144],[85,2092,249],[85,2375,169],[85,2429,417],[86,8,219],[86,1567,261],[86,1710,274],[86,2185,409],[86,2185,310],[86,2737,111],[86,2737,28],[86,3566,179],[87,552,382],[87,552,471],[87,1460,35],[87,1460,382],[87,1460,260],[87,1587,103],[87,1587,203],[87,2104,231],[88,218,481],[88,370,402],[88,2589,219],[88,2589,251],[89,774,482],[89,774,131],[89,1457,288],[89,1457,430],[89,2175,229],[89,2175,108],[89,2430,352],[89,2430,127],[89,3096,104],[90,801,345],[90,3830,76],[90,3942,197],[90,3942,280],[90,3981,197],[90,3981,298],[91,530,425],[91,1089,114],[91,1089,276],[91,1378,235],[91,1378,490],[91,3567,217],[91,3567,185],[92,2520,380],[92,2520,309],[93,610,315],[93,1444,433],[93,3432,196],[93,3432,496],[93,3432,10],[93,3432,487],[93,3787,225],[94,138,216],[94,545,289],[94,2273,160],[94,3032,253],[94,3032,454],[94,3032,270],[94,3032,291],[94,3561,140],[95,408,48],[95,408,52],[95,408,152],[95,1424,333],[95,1613,53],[95,1750,181],[95,2069,214],[95,2069,203],[95,3084,32],[96,1014,312],[96,1411,61],[96,1411,160],[96,1491,444],[96,1562,46],[96,1562,359],[96,2940,119],[97,901,234],[97,3198,393],[97,3198,75],[97,3239,162],[97,3239,182],[98,1378,235],[98,1378,490],[98,2590,115],[98,3350,273],[98,3357,324],[98,3972,439],[99,944,227],[99,1055,496],[99,1055,354],[99,2617,114],[99,3276,466],[99,3276,190],[99,3316,223],[99,3316,334],[100,192,148],[100,192,358],[100,192,360],[100,1914,108],[100,1951,353],[101,402,134],[101,402,20],[101,867,107],[101,1863,267],[101,1863,360],[101,2251,444],[101,3890,138],[101,3890,395],[102,821,145],[102,821,244],[102,989,105],[102,1209,57],[102,3423,410],[102,3423,439],[103,880,238],[103,2338,291],[103,2691,293],[104,807,472],[104,1561,165],[104,2194,80],[104,2194,148],[104,2747,440],[104,2747,375],[105,1624,487],[105,1624,102],[105,2148,128],[105,2910,81],[105,3526,114],[106,260,124],[106,260,429],[106,281,271],[106,3191,186],[106,3573,444],[106,3573,324],[106,3573,478],[107,1040,157],[107,1219,473],[107,1219,285],[107,2391,363],[107,2619,166],[107,2619,326],[107,3111,102],[108,1382,176],[108,1382,37],[108,1382,159],[108,1691,416],[108,1691,138],[108,1691,306],[109,371,122],[109,1177,174],[109,1177,177],[109,1338,451],[109,1338,491],[109,1950,424],[109,2445,432],[109,2780,15],[109,3224,475],[110,1110,345],[110,1237,415],[110,1512,415],[110,2858,301],[110,3549,410],[110,3549,111],[111,2030,280],[111,2030,366],[111,3249,316],[111,3249,264],[112,307,304],[112,307,436],[112,1587,103],[112,1587,203],[112,1649,135],[112,1649,92],[112,2075,425],[112,3899,20],[113,406,76],[113,2959,439],[113,2959,52],[113,3598,496],[113,3893,358],[114,1121,301],[114,1738,119],[114,2203,452],[114,2203,346],[114,2994,215],[115,1616,144],[115,1822,265],[115,2107,404],[115,3262,116],[116,1403,381],[116,1891,63],[116,3395,494],[117,787,457],[117,787,466],[117,1414,171],[117,1618,328],[117,3087,242],[118,203,58],[118,203,171],[118,1091,237],[118,1273,152],[118,1960,456],[118,2405,374],[119,1873,245],[119,3442,395],[119,3442,167],[120,1638,390],[120,1638,236],[120,2579,389],[120,2579,145],[120,2905,339],[120,2905,187],[121,1382,176],[121,1382,37],[121,1382,159],[121,1890,442],[121,3669,444],[121,3804,281],[121,3804,175],[122,943,71],[122,943,232],[122,1501,172],[122,2232,241],[122,2527,227],[122,2527,34],[123,306,334],[123,306,380],[123,1642,322],[123,1642,53],[123,1691,416],[123,1691,138],[123,1691,306],[123,2318,135],[123,2318,460],[123,3431,444],[123,3431,281],[123,3431,225],[123,3633,120],[123,3957,316],[123,3957,387],[124,1477,415],[124,2070,186],[124,2245,140],[124,2245,482],[124,2830,476],[124,2830,356],[124,3371,146],[125,726,65],[125,1479,273],[125,1875,132],[125,3025,104],[126,126,285],[126,903,311],[126,1133,490],[126,1133,259],[126,2697,129],[126,2802,351],[126,3841,377],[127,664,305],[127,664,137],[127,1886,137],[127,1904,138],[127,1904,137],[127,2216,412],[127,2216,223],[127,3613,13],[128,1622,366],[128,2158,154],[128,2158,290],[128,3117,452],[128,3681,134],[129,1318,149],[129,1318,360],[129,1481,308],[129,1657,470],[129,1657,362],[129,1733,136],[129,2925,245],[129,3119,85],[130,583,337],[130,1023,179],[130,2553,117],[130,3432,196],[130,3432,496],[130,3432,10],[130,3432,487],[130,3499,121],[130,3499,327],[131,487,56],[131,892,73],[131,2991,137],[131,3244,92],[131,3244,265],[131,3479,254],[132,2098,296],[132,3373,135],[132,3376,139],[132,3432,196],[132,3432,496],[132,3432,10],[132,3432,487],[132,3962,256],[132,3962,193],[133,172,217],[133,172,319],[133,582,145],[133,582,394],[133,1199,163],[133,1199,185],[133,1638,390],[133,1638,236],[133,1997,187],[133,1997,365],[133,1997,404],[133,2830,476],[133,2830,356],[134,774,482],[134,774,131],[134,1588,261],[134,1588,407],[134,1588,219],[134,2415,328],[134,2415,375],[134,2415,432],[134,2415,384],[134,3022,312],[135,2188,176],[135,3386,227],[136,352,210],[136,700,255],[136,3283,399],[136,3521,210],[137,112,473],[137,112,44],[137,923,297],[137,923,350],[137,1124,394],[137,1124,297],[138,367,287],[138,624,233],[138,1447,188],[138,1447,159],[138,2285,159],[139,167,366],[139,1614,178],[140,59,238],[140,2406,291],[140,2406,341],[140,2406,488],[140,2406,251],[140,2625,146],[140,2766,344],[140,2766,157],[141,1520,417],[141,1714,211],[141,1714,416],[141,1714,479],[141,1714,91],[141,1880,135],[141,1880,356],[141,3250,325],[141,3397,467],[141,3397,142],[141,3892,64],[142,319,212],[142,923,297],[142,923,350],[142,1296,268],[142,2748,400],[142,3082,421],[142,3099,468],[143,3431,444],[143,3431,281],[143,3431,225],[143,3924,165],[143,3924,360],[143,3924,449],[144,18,301],[144,968,259],[144,1187,139],[144,2122,286],[145,394,22],[145,394,185],[145,2540,55],[145,2540,305],[146,510,394],[146,1133,490],[146,1133,259],[146,3256,327],[146,3952,186],[147,604,97],[147,1283,247],[147,1283,490],[147,1754,228],[147,3658,195],[147,3658,270],[148,448,197],[148,684,263],[148,684,372],[148,1070,413],[148,1422,69],[148,1422,350],[148,3966,295],[149,202,445],[149,742,274],[149,742,284],[149,882,160],[149,3078,1],[150,1102,175],[150,1102,239],[150,1102,217],[150,1570,448],[150,1980,283],[150,2441,420],[150,3019,336],[150,3019,165],[150,3616,255],[150,3870,418],[150,3870,466],[151,554,43],[151,1162,469],[151,1262,48],[151,1679,378],[151,2693,340],[151,3432,196],[151,3432,496],[151,3432,10],[151,3432,487],[152,255,221],[152,872,106],[152,3058,89],[152,3456,205],[152,3456,349],[152,3758,128],[153,249,436],[153,1227,241],[153,2185,409],[153,2185,310],[153,2537,452],[153,2537,155],[154,223,92],[154,2175,229],[154,2175,108],[154,2329,192],[154,2988,112],[154,3182,298],[154,3182,184],[155,742,274],[155,742,284],[155,987,201],[155,2026,254],[155,2026,348],[155,2373,452],[155,2373,33],[156,1889,224],[156,1889,208],[156,1889,103],[156,3860,290],[156,3887,284],[156,3887,281],[157,2191,331],[157,2289,78],[157,2289,302],[157,2289,433],[157,2415,328],[157,2415,375],[157,2415,432],[157,2415,384],[157,2695,389],[158,826,370],[158,826,398],[158,826,88],[158,2898,347],[158,2898,192],[158,2903,156],[158,2903,250],[158,3321,298],[158,3797,66],[159,407,172],[159,598,304],[159,1061,280],[159,2266,12],[160,54,173],[160,229,303],[160,229,470],[161,1515,236],[161,2819,373],[161,2819,226],[161,2959,439],[161,2959,52],[161,3057,447],[161,3057,31],[161,3057,321],[162,90,12],[162,90,101],[162,1863,267],[162,1863,360],[162,2073,383],[162,3663,57],[162,3663,313],[163,934,342],[163,952,181],[163,952,297],[163,3485,197],[164,30,372],[164,738,275],[164,2911,395],[164,3287,283],[164,3643,237],[164,3770,312],[165,307,304],[165,307,436],[165,2543,221],[165,2543,477],[165,3011,211],[166,78,27],[166,2871,176],[166,3323,450],[167,33,294],[167,33,310],[167,1768,450],[167,1768,189],[167,2446,81],[167,2446,348],[167,2446,492],[167,2484,265],[167,2484,473],[167,3372,193],[168,193,196],[168,1421,130],[168,1912,196],[168,2662,449],[168,2662,379],[168,2930,460],[168,3536,207],[169,963,219],[169,1531,333],[169,1531,484],[169,3359,272],[170,369,22],[170,1730,270],[170,2337,271],[170,2337,337],[170,2672,307],[170,2672,408],[170,3695,235],[171,511,325],[171,814,191],[171,1202,360],[172,2069,214],[172,2069,203],[172,3031,166],[173,664,305],[173,664,137],[173,1832,111],[173,1832,393],[173,1832,390],[173,2305,356],[173,2305,407],[173,3731,200],[174,1261,251],[174,2255,221],[174,2255,229],[174,2840,435],[174,2926,432],[174,3300,481],[175,1409,268],[175,1409,213],[175,2174,382],[175,2352,215],[175,2352,3],[175,3745,429],[176,2538,202],[176,2892,229],[176,2892,284],[176,3873,166],[177,1627,267],[177,2207,391],[177,2207,360],[177,2891,58],[177,2891,380],[177,3279,236],[178,2540,55],[178,2540,305],[178,3490,318],[178,3545,277],[178,3545,205],[178,3638,189],[179,1433,60],[179,1433,27],[179,1748,470],[179,3517,317],[179,3517,79],[180,546,310],[180,1204,216],[180,1607,198],[180,3124,443],[180,3276,466],[180,3276,190],[180,3546,325],[181,961,258],[181,961,378],[181,2267,7],[181,3960,286],[182,9,194],[182,424,220],[182,861,348],[182,1396,466],[182,2773,440],[183,843,357],[183,1232,308],[183,3680,271],[184,90,12],[184,90,101],[184,441,487],[184,3781,169],[185,175,66],[185,175,100],[185,175,434],[185,919,193],[185,3457,468],[186,1124,394],[186,1124,297],[186,1218,200],[186,3159,389],[187,558,210],[187,2572,232],[187,2572,437],[187,2588,384],[187,2799,405],[187,3732,113],[187,3732,29],[188,1049,300],[188,2934,274],[188,2955,462],[188,2955,264],[188,2955,417],[188,2955,378],[188,3309,275],[188,3309,430],[189,782,21],[189,821,145],[189,821,244],[189,1624,487],[189,1624,102],[189,2378,403],[190,523,398],[190,833,246],[190,833,399],[190,2258,371],[190,2281,321],[190,2281,477],[190,2660,315],[191,427,336],[191,672,408],[191,2403,451],[191,2403,483],[191,3545,277],[191,3545,205],[192,992,358],[192,2039,264],[192,2862,298],[192,3347,18],[193,80,403],[193,918,201],[193,918,220],[194,1967,395],[194,3559,40],[195,918,201],[195,918,220],[195,2088,344],[195,2093,283],[195,2093,378],[195,3267,318],[196,1562,46],[196,1562,359],[196,3355,260],[198,157,276],[198,1936,402],[198,3567,217],[198,3567,185],[199,136,74],[199,1511,409],[199,1511,13],[199,1952,50],[199,1952,411],[199,3249,316],[199,3249,264],[200,1521,270],[200,2099,315],[200,2349,219],[200,2415,328],[200,2415,375],[200,2415,432],[200,2415,384],[201,226,225],[201,226,455],[201,936,36],[201,1714,211],[201,1714,416],[201,1714,479],[201,1714,91],[201,3451,163],[202,1970,32],[202,1970,91],[202,2589,219],[202,2589,251],[202,3573,444],[202,3573,324],[202,3573,478],[202,3740,234],[203,190,426],[203,1411,61],[203,1411,160],[204,264,251],[204,293,388],[204,2299,308],[204,2835,458],[204,2835,230],[204,3853,440],[205,139,290],[205,139,3],[205,786,230],[205,990,66],[205,2214,127],[205,3924,165],[205,3924,360],[205,3924,449],[206,41,271],[206,1473,320],[206,3315,176],[206,3831,161],[207,194,424],[207,900,59],[207,2120,349],[207,3456,205],[207,3456,349],[208,166,364],[208,1751,182],[208,2638,165],[208,3057,447],[208,3057,31],[208,3057,321],[209,885,357],[209,1046,9],[209,1046,277],[209,1470,301],[209,3449,312],[210,3612,367],[210,3908,368],[211,1278,331],[211,2935,434],[211,2935,47],[212,477,119],[212,477,281],[212,1603,350],[212,1691,416],[212,1691,138],[212,1691,306],[212,2759,476],[212,2759,345],[212,2759,409],[212,2872,234],[213,1134,85],[213,1564,267],[213,1564,84],[213,3697,254],[214,580,296],[214,1656,443],[214,1656,79],[214,2055,183],[214,3360,442],[214,3994,427],[214,3994,228],[214,3994,374],[215,86,210],[215,1322,197],[215,1527,224],[215,2816,163],[215,2816,77],[216,175,66],[216,175,100],[216,175,434],[216,1250,228],[216,2372,181],[216,3560,457],[217,217,111],[217,3804,281],[217,3804,175],[217,3969,278],[217,3969,42],[218,63,238],[218,388,264],[218,970,171],[218,2340,398],[218,2340,346],[219,921,115],[219,921,88],[219,3167,248],[219,3167,291],[220,316,233],[220,316,225],[220,1393,445],[220,2722,195],[220,2722,277],[221,1210,27],[221,3551,26],[221,3628,47],[221,3689,196],[221,3689,264],[222,192,148],[222,192,358],[222,192,360],[222,708,320],[222,1397,295],[222,1397,346],[222,2488,237],[222,3953,363],[223,1977,89],[223,1977,188],[223,2193,263],[223,2193,211],[223,2193,288],[223,3557,26],[224,2473,246],[224,2619,166],[224,2619,326],[224,2956,177],[224,2956,406],[225,380,36],[225,380,469],[225,380,194],[225,531,484],[225,1354,233],[226,100,323],[226,100,434],[226,209,194],[226,209,431],[226,1998,424],[226,2406,291],[226,2406,341],[226,2406,488],[226,2406,251],[226,3851,307],[227,2665,332],[227,3270,172],[228,3225,240],[229,1852,237],[229,2354,251],[229,2354,355],[229,3525,257],[229,3796,318],[230,1466,383],[230,1713,368],[230,1713,108],[230,1713,401],[230,2040,106],[230,3190,443],[231,110,382],[231,2373,452],[231,2373,33],[231,3265,90],[231,3265,370],[232,1779,161],[232,1779,289],[232,2543,221],[232,2543,477],[233,354,417],[233,817,1],[234,2681,16],[234,3696,147],[234,3696,492],[235,480,425],[235,656,381],[235,916,362],[235,2079,439],[235,3466,245],[235,3466,36],[236,1065,356],[236,1065,499],[236,1429,490],[236,1895,332],[237,2200,357],[237,2396,499],[237,2770,459],[237,2770,252],[238,1971,406],[238,2153,240],[238,2957,439],[239,850,72],[239,1774,431],[239,1870,257],[239,1870,270],[239,1954,203],[240,590,386],[240,998,423],[240,998,463],[240,1706,446],[240,3608,333],[241,961,258],[241,961,378],[241,3070,416],[242,446,494],[242,828,408],[242,1534,277],[242,1747,57],[243,434,252],[243,1046,9],[243,1046,277],[243,1588,261],[243,1588,407],[243,1588,219],[243,2136,407],[243,2160,299],[243,2160,293],[243,3286,110],[244,2019,486],[244,2192,261],[244,3644,224],[245,303,423],[245,303,352],[245,2109,434],[245,2109,101],[247,180,352],[247,180,400],[247,1397,295],[247,1397,346],[247,1714,211],[247,1714,416],[247,1714,479],[247,1714,91],[247,3352,373],[247,3519,373],[248,692,244],[248,1724,470],[248,2570,77],[248,2570,169],[249,1867,391],[249,1867,259],[249,2406,291],[249,2406,341],[249,2406,488],[249,2406,251],[249,2439,125],[249,2579,389],[249,2579,145],[249,2658,310],[249,3189,276],[250,6,439],[250,342,146],[250,2550,331],[250,2686,286],[250,3592,371],[251,1916,98],[251,1916,493],[252,1292,116],[252,1292,357],[252,1965,309],[252,2126,309],[252,3251,250],[253,11,44],[253,2997,335],[253,3636,245],[254,139,290],[254,139,3],[254,1226,288],[254,3316,223],[254,3316,334],[254,3466,245],[254,3466,36],[255,827,259],[255,1568,384],[255,2362,265],[255,2362,330],[255,3717,476],[255,3951,493],[256,945,310],[256,3763,240],[256,3963,420],[256,3994,427],[256,3994,228],[256,3994,374],[257,627,374],[257,1318,149],[257,1318,360],[257,2288,314],[257,3677,23],[257,3677,282],[258,13,308],[258,1011,438],[258,3052,191],[258,3052,348],[258,3156,298],[258,3156,211],[258,3701,77],[258,3701,125],[259,1115,413],[259,1590,236],[259,3648,275],[260,365,244],[260,368,347],[260,449,71],[260,449,396],[260,565,355],[260,565,479],[260,3962,256],[260,3962,193],[261,1798,271],[261,2298,457],[261,2595,10],[261,3944,423],[262,12,223],[262,12,256],[262,12,419],[262,345,396],[262,1889,224],[262,1889,208],[262,1889,103],[262,2034,238],[262,2382,340],[262,2980,318],[263,2426,356],[263,2918,231],[263,3090,163],[264,856,306],[264,856,399],[265,542,375],[265,3217,464],[265,3425,307],[266,15,299],[266,62,399],[266,150,404],[266,3001,273],[266,3032,253],[266,3032,454],[266,3032,270],[266,3032,291],[267,2084,309],[268,2548,318],[268,3588,311],[268,3588,251],[269,229,303],[269,229,470],[269,486,232],[269,1313,303],[269,1516,371],[269,1516,346],[269,2886,244],[269,3156,298],[269,3156,211],[269,3265,90],[269,3265,370],[270,2785,173],[270,2785,241],[271,1089,114],[271,1089,276],[271,3345,336],[272,1455,91],[272,1467,399],[272,3304,467],[273,1400,178],[274,1977,89],[274,1977,188],[274,3329,303],[275,721,207],[275,2929,276],[275,3834,486],[276,633,336],[276,2048,443],[276,2048,419],[276,2506,328],[277,2572,232],[277,2572,437],[277,3924,165],[277,3924,360],[277,3924,449],[278,439,155],[278,439,160],[278,772,488],[278,1196,270],[278,1541,262],[278,2491,372],[279,260,124],[279,260,429],[279,552,382],[279,552,471],[279,1677,406],[279,1677,445],[279,2433,288],[279,3193,268],[279,3193,354],[279,3549,410],[279,3549,111],[279,3833,322],[280,826,370],[280,826,398],[280,826,88],[280,2275,179],[280,2416,381],[281,35,300],[281,512,377],[281,2168,367],[282,1188,248],[282,3523,465],[282,3523,341],[283,429,399],[283,2171,364],[284,1051,411],[284,1241,442],[285,947,156],[285,1383,351],[285,2119,438],[285,2325,390],[286,2736,239],[286,2914,246],[286,3823,305],[287,198,347],[287,198,380],[287,198,421],[287,252,430],[287,401,430],[287,964,392],[287,3009,183],[288,957,297],[288,2026,254],[288,2026,348],[288,2592,297],[289,303,423],[289,303,352],[289,1591,31],[289,2201,327],[289,3263,100],[290,275,264],[290,275,388],[290,285,47],[290,3052,191],[290,3052,348],[290,3305,218],[291,699,465],[291,699,314],[291,2146,413],[291,2890,184],[292,338,438],[292,1657,470],[292,1657,362],[292,2071,50],[292,2071,386],[292,3625,321],[292,3930,295],[293,1880,135],[293,1880,356],[293,1953,3],[293,1953,218],[293,2465,263],[294,481,495],[294,2086,438],[294,2086,108],[294,2671,319],[294,3887,284],[294,3887,281],[295,1823,308],[295,3588,311],[295,3588,251],[295,3599,395],[296,311,151],[296,946,95],[296,3674,5],[296,3674,433],[297,346,44],[298,2430,352],[298,2430,127],[298,2759,476],[298,2759,345],[298,2759,409],[299,2181,337],[299,2870,85],[299,3260,345],[300,939,363],[300,2415,328],[300,2415,375],[300,2415,432],[300,2415,384],[300,3278,370],[302,1677,406],[302,1677,445],[302,1867,391],[302,1867,259],[302,2279,341],[302,3879,323],[303,2269,42],[303,3591,358],[304,1471,335],[304,2112,435],[304,3182,298],[304,3182,184],[304,3654,413],[304,3907,197],[304,3907,340],[305,1167,339],[305,1815,171],[305,1913,445],[306,232,354],[306,399,245],[306,399,194],[306,2289,78],[306,2289,302],[306,2289,433],[306,2646,494],[307,1559,317],[307,2905,339],[307,2905,187],[308,2310,455],[309,979,241],[309,979,317],[309,2501,93],[310,846,172],[310,1236,201],[311,91,481],[311,592,407],[311,929,385],[312,394,22],[312,394,185],[312,2562,145],[312,3065,125],[313,1526,60],[313,1919,73],[313,2739,282],[313,2739,46],[313,3822,141],[314,12,223],[314,12,256],[314,12,419],[314,728,450],[314,1597,76],[315,978,120],[315,3784,297],[316,891,82],[316,2393,130],[316,2711,303],[316,2711,96],[316,3651,228],[316,3651,56],[317,750,426],[317,1016,441],[317,3719,415],[319,502,390],[319,1571,156],[319,1571,415],[319,2044,441],[319,2261,78],[319,2261,424],[320,1029,336],[320,1981,494],[320,2354,251],[320,2354,355],[320,2906,23],[320,2906,329],[320,3244,92],[320,3244,265],[321,927,386],[321,1604,15],[321,2549,405],[322,952,181],[322,952,297],[322,1503,372],[322,3059,344],[322,3876,92],[323,450,405],[323,2447,309],[323,2933,210],[323,2933,487],[323,3968,423],[324,816,362],[324,1761,491],[324,2742,358],[324,2742,463],[324,3243,490],[324,3581,329],[325,2498,351],[325,2520,380],[325,2520,309],[325,3495,145],[325,3495,462],[326,943,71],[326,943,232],[326,1427,69],[326,2091,282],[326,2091,46],[326,3422,192],[327,2340,398],[327,2340,346],[327,2685,299],[327,2685,382],[327,3346,68],[328,2903,156],[328,2903,250],[328,3539,402],[328,3978,363],[328,3978,379],[329,748,362],[329,920,360],[329,2020,438],[329,2505,488],[330,127,431],[330,258,478],[330,1511,409],[330,1511,13],[330,2594,341],[330,3807,482],[331,2028,28],[331,2289,78],[331,2289,302],[331,2289,433],[331,2539,361],[332,325,167],[332,1974,94],[333,1249,353],[333,2419,338],[333,2670,18],[333,2670,222],[333,2837,323],[334,573,100],[334,838,378],[334,2209,431],[334,2763,384],[334,3180,482],[335,972,460],[335,1832,111],[335,1832,393],[335,1832,390],[335,2722,195],[335,2722,277],[336,3035,466],[337,1901,423],[337,2245,140],[337,2245,482],[337,2690,280],[337,3184,418],[338,1484,339],[338,1701,168],[338,2316,442],[338,2316,162],[338,2316,248],[338,2610,14],[339,1752,19],[339,2938,208],[340,1953,3],[340,1953,218],[340,3196,296],[341,1199,163],[341,1199,185],[342,1077,415],[342,1139,480],[342,2058,445],[342,2305,356],[342,2305,407],[342,2826,467],[343,928,497],[343,1284,382],[343,2766,344],[343,2766,157],[343,2815,282],[344,198,347],[344,198,380],[344,198,421],[344,809,92],[344,839,403],[344,3505,158],[345,1031,402],[345,2406,291],[345,2406,341],[345,2406,488],[345,2406,251],[346,582,145],[346,582,394],[346,1487,80],[346,1850,198],[347,3343,369],[347,3674,5],[347,3674,433],[348,1094,38],[348,3288,199],[349,749,380],[349,1949,475],[349,3309,275],[349,3309,430],[350,704,16],[350,712,177],[350,1680,40],[351,404,448],[351,1839,99],[351,1839,478],[351,1839,396],[351,3639,457],[351,3817,338],[352,825,371],[352,825,122],[352,2640,412],[352,2921,464],[353,1253,370],[353,3393,220],[353,3393,481],[354,572,186],[354,2352,215],[354,2352,3],[354,3658,195],[354,3658,270],[355,1645,408],[355,1768,450],[355,1768,189],[355,2193,263],[355,2193,211],[355,2193,288],[355,2770,459],[355,2770,252],[356,2253,68],[357,1225,2],[357,3072,377],[357,3072,353],[357,3318,1],[357,3318,329],[358,2662,449],[358,2662,379],[358,3044,321],[359,565,355],[359,565,479],[359,643,97],[359,1246,212],[359,3517,317],[359,3517,79],[361,99,458],[361,322,492],[361,655,252],[361,902,410],[361,2316,442],[361,2316,162],[361,2316,248],[362,705,364],[362,1483,445],[362,2286,464],[363,3227,68],[363,3227,81],[363,3534,16],[364,1154,408],[364,2318,135],[364,2318,460],[364,3199,374],[365,209,194],[365,209,431],[365,1143,179],[365,3790,42],[365,3890,138],[365,3890,395],[366,350,345],[366,537,369],[366,537,220],[366,2847,416],[366,3392,421],[367,405,181],[367,521,438],[367,3351,477],[368,20,420],[368,1786,497],[368,3617,446],[368,3993,448],[369,2411,427],[369,3423,410],[369,3423,439],[370,349,132],[370,349,328],[370,1588,261],[370,1588,407],[370,1588,219],[371,1692,401],[371,2379,381],[372,1095,377],[372,3710,377],[373,27,489],[373,275,264],[373,275,388],[373,1156,476],[373,1839,99],[373,1839,478],[373,1839,396],[374,262,267],[374,2639,36],[375,1145,113],[375,2787,398],[375,2794,379],[376,870,315],[376,870,403],[376,2536,401],[376,2920,449],[376,3110,412],[376,3227,68],[376,3227,81],[376,3429,233],[378,694,105],[378,2128,143],[378,2128,112],[379,22,489],[379,490,472],[379,1531,333],[379,1531,484],[379,2376,438],[380,1941,430],[381,1125,485],[381,1915,184],[381,2881,256],[382,1564,267],[382,1564,84],[383,248,45],[383,3302,224],[384,755,216],[384,1055,496],[384,1055,354],[385,44,459],[385,1516,371],[385,1516,346],[385,1904,138],[385,1904,137],[385,2292,448],[385,2672,307],[385,2672,408],[385,3036,498],[386,432,483],[386,785,464],[386,3313,453],[386,3313,214],[387,412,410],[387,713,492],[387,1243,419],[387,1978,455],[387,1997,187],[387,1997,365],[387,1997,404],[388,1665,440],[388,3600,456],[388,3974,435],[388,3978,363],[388,3978,379],[389,2446,81],[389,2446,348],[389,2446,492],[390,163,397],[390,1075,404],[390,2558,454],[391,337,492],[391,600,368],[391,763,72],[391,2623,413],[392,1839,99],[392,1839,478],[392,1839,396],[392,2216,412],[392,2216,223],[392,3492,478],[392,3926,53],[393,588,158],[393,811,359],[393,3318,1],[393,3318,329],[393,3716,463],[394,118,479],[394,2739,282],[394,2739,46],[394,3597,116],[395,2587,253],[396,399,245],[396,399,194],[396,1642,322],[396,1642,53],[397,489,420],[397,1038,500],[397,2503,488],[397,2527,227],[397,2527,34],[397,2591,227],[398,601,500],[398,3870,418],[398,3870,466],[399,3272,166],[400,4,456],[400,1120,239],[400,1120,131],[400,1760,432],[400,3281,408],[400,3992,483],[401,537,369],[401,537,220],[401,3832,117],[401,3832,164],[402,3301,293],[402,3301,407],[403,1026,463],[403,3640,416],[404,2065,35],[404,3573,444],[404,3573,324],[404,3573,478],[405,344,454],[405,2303,218],[405,2481,134],[405,2733,415],[406,835,446],[406,1457,288],[406,1457,430],[406,1996,428],[407,1684,462],[409,2468,61],[409,2713,397],[409,3280,283],[409,3280,489],[410,3813,83],[410,3813,105],[410,3917,42],[410,3917,33],[410,3917,170],[411,198,347],[411,198,380],[411,198,421],[411,1644,402],[411,1961,86],[411,2327,29],[412,833,246],[412,833,399],[413,3495,145],[413,3495,462],[414,154,459],[414,329,459],[414,339,317],[414,339,231],[414,806,478],[414,3771,448],[414,3910,474],[416,819,202],[416,2513,82],[417,1995,136],[417,1999,119],[418,137,3],[418,353,453],[418,2537,452],[418,2537,155],[418,3933,183],[419,1553,154],[419,2085,434],[420,226,225],[420,226,455],[420,2385,456],[420,3018,62],[421,42,500],[421,1581,69],[421,2358,222],[421,2358,15],[422,1480,461],[422,1670,437],[422,2147,488],[422,2281,321],[422,2281,477],[422,2801,455],[422,3941,467],[423,3730,496],[424,794,451],[424,2138,450],[424,2403,451],[424,2403,483],[425,402,134],[425,402,20],[425,2390,496],[426,101,361],[426,1782,454],[426,2207,391],[426,2207,360],[426,3397,467],[426,3397,142],[426,3955,480],[427,188,175],[427,3462,434],[427,3742,436],[428,1669,473],[428,2109,434],[428,2109,101],[428,2839,75],[428,3994,427],[428,3994,228],[428,3994,374],[429,203,58],[429,203,171],[429,2407,409],[429,2768,460],[429,3689,196],[429,3689,264],[430,1532,184],[431,2507,21],[431,3828,106],[431,3979,153],[432,1758,472],[433,67,460],[433,584,407],[433,706,442],[433,2093,283],[433,2093,378],[435,447,468],[435,998,423],[435,998,463],[435,3502,500],[436,277,213],[436,1098,499],[437,245,153],[437,280,455],[437,2635,468],[439,3163,292],[440,180,352],[440,180,400],[440,3981,197],[440,3981,298],[440,3988,412],[441,152,364],[441,2342,491],[441,2460,51],[441,3691,482],[442,2516,332],[443,3626,422],[443,3626,54],[444,2215,77],[446,3336,392],[447,800,451],[447,2081,451],[447,2157,384],[447,2157,475],[447,3055,475],[447,3550,73],[448,2816,163],[448,2816,77],[449,2149,467],[449,2759,476],[449,2759,345],[449,2759,409],[449,3046,299],[449,3843,485],[450,410,412],[450,2555,458],[451,3411,443],[452,2362,265],[452,2362,330],[452,2621,339],[453,3769,491],[453,3902,454],[453,3970,369],[453,3970,444],[454,2071,50],[454,2071,386],[455,1703,498],[456,1152,486],[456,3123,49],[457,2570,77],[457,2570,169],[457,3562,459],[458,1876,459],[458,3957,316],[458,3957,387],[460,753,497],[460,753,349],[460,1297,263],[461,1926,471],[461,2742,358],[461,2742,463],[461,3066,473],[461,3651,228],[461,3651,56],[461,3814,308],[462,762,83],[462,762,493],[462,1460,35],[462,1460,382],[462,1460,260],[462,3348,266],[463,112,473],[463,112,44],[463,1447,188],[463,1447,159],[464,703,183],[464,2666,275],[464,2919,365],[464,2919,343],[465,2919,365],[465,2919,343],[465,3032,253],[465,3032,454],[465,3032,270],[465,3032,291],[465,3696,147],[465,3696,492],[466,1292,116],[466,1292,357],[467,449,71],[467,449,396],[468,1219,473],[468,1219,285],[468,2446,81],[468,2446,348],[468,2446,492],[469,1649,135],[469,1649,92],[469,2933,210],[469,2933,487],[469,3484,43],[469,3484,59],[470,1575,347],[470,3072,377],[470,3072,353],[471,417,492],[471,1177,174],[471,1177,177],[471,2050,425],[471,3523,465],[471,3523,341],[472,306,334],[472,306,380],[472,1281,156],[472,2717,421],[473,1382,176],[473,1382,37],[473,1382,159],[474,237,453],[474,1024,189],[474,2785,173],[474,2785,241],[474,3443,293],[474,3542,498],[475,1404,331],[476,1445,394],[476,2574,14],[477,569,26],[477,569,169],[477,569,446],[477,1714,211],[477,1714,416],[477,1714,479],[477,1714,91],[478,1332,498],[478,2912,500],[479,752,204],[479,1826,475],[479,1826,191],[479,3499,121],[479,3499,327],[480,1678,482],[480,2831,457],[480,3039,139],[481,787,457],[481,787,466],[481,1509,241],[482,3970,369],[482,3970,444],[483,1037,485],[483,1418,341],[483,1868,318],[483,3863,465],[484,71,226],[484,1205,485],[484,1723,87],[485,55,456],[485,1338,451],[485,1338,491],[486,518,435],[486,2194,80],[486,2194,148],[486,2410,488],[487,714,318],[487,1343,326],[487,2955,462],[487,2955,264],[487,2955,417],[487,2955,378],[489,339,317],[489,339,231],[489,825,371],[489,825,122],[489,2178,414],[491,380,36],[491,380,469],[491,380,194],[491,1054,63],[491,2484,265],[491,2484,473],[493,33,294],[493,33,310],[493,1651,206],[494,2217,19],[494,3280,283],[494,3280,489],[495,2985,498],[495,2993,232],[495,3390,338],[495,3416,9],[496,465,124],[496,2284,45],[497,2157,384],[497,2157,475],[497,2358,222],[497,2358,15],[497,2895,302],[498,3032,253],[498,3032,454],[498,3032,270],[498,3032,291],[499,438,246],[499,1283,247],[499,1283,490],[499,2971,489],[500,2208,467]];

jitters = [10000,10000,10000,100000,100000,100000,100000,100000,20000,100000,100000,20000,10000,50000,20000,100000,100000,10000,20000,20000,100000,10000,10000,10000,10000,50000,20000,10000,50000,20000,100000,100000,10000,100000,10000,20000,10000,10000,100000,100000,2000,2000,10000,5000,10000,10000,10000,100000,20000,2000,10000,20000,20000,50000,10000,20000,100000,100000,100000,20000,100000,10000,10000,20000,10000,50000,50000,1000,20000,20000,100000,20000,10000,100000,100000,2000,10000,100000,10000,1000,10000,100000,2000,50000,20000,20000,50000,10000,5000,50000,20000,10000,100000,1000,10000,20000,100000,20000,100000,100000,10000,20000,50000,10000,20000,1000,10000,100000,2000,20000,20000,100000,20000,20000,20000,20000,10000,10000,20000,20000,100000,10000,100000,1000,100000,10000,5000,20000,10000,20000,5000,100000,20000,20000,100000,10000,5000,100000,100000,1000,100000,100000,10000,20000,20000,1000,20000,10000,20000,10000,100000,10000,100000,20000,100000,100000,10000,20000,100000,20000,2000,100000,20000,10000,10000,10000,100000,100000,20000,20000,10000,10000,20000,10000,100000,10000,2000,100000,20000,10000,20000,10000,10000,20000,100000,1000,20000,10000,100000,20000,10000,20000,100000,10000,100000,100000,50000,10000,100000,20000,100000,20000,100000,10000,100000,10000,2000,20000,10000,10000,100000,10000,10000,100000,100000,10000,10000,20000,20000,10000,20000,10000,5000,100000,100000,2000,100000,20000,10000,100000,50000,20000,100000,10000,20000,2000,10000,20000,20000,20000,10000,10000,10000,10000,20000,10000,1000,20000,10000,20000,10000,10000,100000,5000,10000,10000,10000,10000,10000,1000,10000,100000,50000,20000,20000,20000,10000,100000,20000,20000,10000,20000,20000,20000,10000,10000,10000,10000,100000,20000,10000,10000,10000,100000,10000,20000,2000,5000,1000,100000,100000,20000,50000,10000,10000,100000,5000,20000,10000,10000,10000,20000,20000,100000,20000,20000,20000,10000,10000,10000,10000,10000,100000,10000,20000,100000,20000,100000,20000,10000,20000,100000,20000,20000,100000,100000,1000,10000,10000,20000,100000,100000,20000,10000,100000,10000,20000,20000,20000,100000,20000,20000,50000,100000,10000,1000,100000,100000,2000,10000,10000,20000,20000,100000,10000,50000,10000,20000,100000,10000,100000,20000,10000,10000,20000,100000,10000,10000,100000,20000,20000,10000,1000,10000,20000,20000,10000,20000,10000,2000,20000,50000,100000,20000,10000,20000,100000,10000,10000,20000,100000,10000,100000,1000,10000,1000,10000,20000,20000,10000,20000,10000,100000,20000,20000,100000,10000,10000,20000,100000,100000,20000,100000,10000,20000,100000,100000,20000,100000,10000,100000,10000,20000,2000,20000,20000,100000,100000,100000,2000,20000,10000,100000,100000,100000,100000,10000,10000,20000,10000,20000,100000,100000,20000,20000,100000,2000,10000,20000,10000,2000,20000,20000,20000,10000,10000,10000,10000,10000,100000,100000,10000,100000,20000,100000,10000,20000,100000,100000,20000,100000,10000,100000,10000,2000,1000,10000,10000,1000,20000,10000,20000,2000,50000,20000,10000,100000,10000,1000,20000,20000,100000,10000,20000,10000,20000,100000,10000,20000,10000];

