NumChains = 50;
NumResources = 3;
NumRunnablesInChains = 243;
MemoryBoundOnResource = 1048576;
UtilizationBoundOnResource = 100;

numberOfTasksinChain = [7,11,11,11,11,9,9,9,11,7,9,9,7,7,7,11,9,9,9,9,7,11,7,11,9,9,11,7,7,9,7,9,9,11,7,11,11,7,9,9,7,7,7,7,9,9,7,7,9,7];

runnablesInChains = [482,59,41,82,345,32,90,448,295,150,28,470,177,352,35,398,439,103,20,176,353,208,410,371,397,490,499,205,83,99,312,310,137,269,157,465,454,37,405,41,33,404,428,67,381,55,111,44,212,341,14,371,320,193,124,444,394,66,118,299,293,217,341,51,370,191,490,47,393,384,176,291,481,71,40,52,394,488,398,486,264,128,307,47,452,69,3,488,366,458,83,449,347,222,170,235,473,29,178,166,31,10,99,133,449,54,156,354,144,350,412,480,173,128,23,438,366,401,234,133,7,495,290,468,143,32,447,227,359,397,292,197,392,414,358,122,331,389,275,484,160,437,342,230,137,201,353,260,225,80,327,429,49,249,349,50,476,473,228,175,184,62,83,142,97,350,139,379,326,445,154,306,484,363,108,78,500,181,273,42,102,317,282,148,452,258,58,240,85,341,494,197,456,392,135,112,67,417,351,388,202,299,194,188,407,212,98,388,284,63,49,195,423,487,457,413,302,96,478,8,234,155,481,16,380,159,117,423,213,398,101,380,4,159,136,78,149,42,362,259,414,215,358];

ProcessingTimesOfMessages = [[1,1,1,1,1,1,1],[1,1,1,1,1,1,1,1,1,1,1],[1,1,1,1,1,1],[1,1,1,1,1,1,1],[1,1,1,1,1,1,1,1],[1,1,1,1,1,1,1],[1,1,1,1,1,1,1,1,1,1,1,1],[1,1,1,1,1,1,1],[1,1,1,1,1,1,1],[1,1,1,1,1,1,1,1],[1,1,1,1,1,1,1],[1,1,1,1,1,1,1,1,1,1,1,1,1,1],[1,1,1,1,1,1,1],[1,1,1,1,1],[1,1,1,1,1,1],[1,1,1,1,1,1,1,1],[1,1,1,1,1,1,1,1],[1,1,1,1,1,1,1],[1,1,1,1,1,1,1,1],[1,1,1,1,1,1,1],[1,1,1,1,1,1],[1,1,1,1,1,1,1,1,1,1,1,1],[1,1,1,1,1,1],[1,1,1,1,1,1,1,1,1,1,1,1],[1,1,1,1,1,1],[1,1,1,1,1,1,1,1],[1,1,1,1,1,1,1,1,1,1,1,1,1],[1,1,1,1,1,1,1,1,1,1],[2,1,1,1,1,1,1,1,1,1,1],[1,1,1,1,1,1,1],[1,1,1,1,1],[1,1,1,1,1,1],[1,1,1,1,1,1],[1,1,1,1,1,1,1,1],[1,1,1,1,1,1,1,1],[1,1,1,1,1,1,1],[1,1,1,1],[1,1,1,1,1,1,1,1,1],[1,1],[1,1,1],[1,1,1,1,1,1],[1,1,1,1,1,1,1,1,1],[1,1,1,1,1,1,1,1],[1,1],[1,1,1,1,1,1,1,1,1,1,1],[1,1,1,1],[1,1,1,1,1,1,1,1,1,1,1,1],[1,1,1,1,1,1,1,1],[1,1,1,1,1,1,1,1,1],[1,1,1,1,1,1,1,1],[1,1,1,1,1],[1,1,1,1,1,1,1,1,1],[1,1,1,1,1,1,1,1,1,1,1,1],[1,1,1],[1,1,1,1,1,1],[1,1,1,1,1,1,1],[1,1,1,1,1,1],[1,1,1,1,1,1],[1,1,1,1,1,1,1,1],[1,1,1,1,1,1,1,1],[1,1,1,1,1,1,1,1,1,1],[1,1,1,1,1,1,1,1,1,1],[1,1,1,1,1,1,1],[1,2,2,1,1,1,1],[1,1,1,1,1,1,1],[1,1,1,1,1],[1,1,1,1,1,1,1,1,1,1,1,1,1,1],[1,1,1,1,1,1,1,1],[1,1,1,1],[1,1,1,1,1,1,1,1,1,1,1,1,1],[1,1,1,1,1,1,1],[1,1,1,1,1,1],[1,1,1,1,1,1,1,1,1,1],[1,1,1,1,1],[1,1,1,1,1,1,1,1],[1,1,1,1,1,1,1],[1,1,1,1,1,1,1],[1,1,1,1,1,1,1,1,1],[1,1,1,1,1,1,1,1,1],[1,1,1,1],[1,1,1,1,1,1,1],[1,1],[1,1,1,1],[1,1,1],[1,1,1,1,1,1,1],[1,1,1,1,1,1,1,1,1],[1,1,2,2,1,1,1,1,1,1,1],[1,1,1,1,1,1,1,1,1,1,1,1,1],[1,1,1,1],[1,1,1,1,1],[1,1,1,1,1,1,1,1],[1,1,1,1,1,1,1],[1,1,1,1,1,1,1],[1,1,1,1,1,1],[1,1,1,1,1,1],[1,1,1,1,1,1,1],[1,1,1,1,1,1,1,1,1,1,1,1],[1,1,1,1,1],[1,1,1,1,1,1,1,1,1],[1,1,1,1,1,1,1,1],[1,1,1,1,1,1,1],[1,1,1,1,1,1,1,1,1,1,1],[1,1,1,1,1,1],[1,1,1,1],[1,1,1,1,1,1,1],[1,1,1,1,1,1,1,1],[1,1,1,1],[1,1,1,1,1,1,1],[1,1,1,1,1],[1,1,1,1,1,1],[1,2,1,1,1],[1,1,1,1,1],[1,1,1],[1,1,1,1,1,1,1],[1,1,1,1],[1,1,1,1,1,1,1,1],[1,1,1,1,1,1,1,1,1,1],[1,1,1,1,1,1,1,1,1,1,1,1,1],[1,1,1,1,1,1,1,1],[1,1,1,1,1,1,1,1,1,1],[1,1,1,1,1,1,1,1],[1,1,1,1,1,1,1,1,1],[1,1,1,1,1,1,1,1,1,1],[1,1,1,1,1,1,1,1],[1,1,1,1,1,1,1],[1,1,1,2,1,1],[1,1,1,1,1,1,1,1,1],[1,1,1,1,1],[1,1,1,1,1,1],[1,1,1,1,1,1,1],[1,1,1,1,1,1,1],[1,1,1,1,1,1,1,1,1,1],[1,1,1,1,1,1,1],[1,1,1,1],[1,1,1],[1,1,1,1,1,1,1,1,1,1,1],[1,1,1],[1,1,1,1],[1,1,1,1,1,1,1],[1,1,1,1,1,1,1],[1,1,1,1],[1,1,1,1,1],[1,1,1,1,1,1],[1,1,1,1,1,1,1,1],[1,1,1,1,1,1],[1,1,1,1,1,1,1],[1,1,1,1,1,2,1,1],[1,1,1,1,1,1,1,1,1,1,1],[1,1,1,1,1],[1,1,1],[1,1,1,1,1,1,1,1],[1,1,1,1,1,1,1],[1,1,1,1,1,1],[1,1,1,1,1,1,1,1,1,1,1,1],[1,1,1,1,1,1,1,1],[1,1,1,1,1,1,1,1,1],[1,1,1,1,1,1,1,1,1,1],[1,1,1],[1,1,1,1,1,1],[1,1,1,1,1,1,1,1,1],[1,1,1,1,1,1,1,1,1,1],[1,1,1,1,1,1,1,1,1,1],[1,1,1,1],[1,1,1,1,1,1,1,1,1],[1,1,1,1,1,1],[1,1,1,1],[1,1,1,1,1],[1,1,1,1],[1,1],[1,1,1,1,1,1,1],[1,1,1,1,1,1,1,1,1,1,1],[1,1,1,1,1,1,1,1],[1,1,1,1],[1,1,1,1,1,1],[1,1,1,1,1,1],[1,1,1,1],[1,1,1,1],[1,1,1,1,1,1,1,1,1],[1,1,1,1,1,1,1],[1,1,1,1,1],[1,1,1,1,1],[1,1,1,1,1,1,1,1,1,1,1,1,1],[1,1,1,1,1,1,1,1],[1,1,1,1,1,1,1],[1,1],[1,1,1,1,1,1,1,1],[1,1,1,1,1,1],[1,1,1,1,1],[1,1,1,1,1,1,1],[1,1,1],[1,1,1,1],[2,2,1,1,1,1,1,1,1],[2,1,1,1,1,1],[1,1,1,1,1],[1,1,1,1,1,1,1],[1,1,1,1,1,1,1,1,1],[1,1,1,1,1],[1,1,1,1,1],[1,1,1,1,1,1],[1,1,1,1,1,1,1],[1,1,1,1,1,1,1,1],[1,1,1,1,1,1,1,1],[1,1,1,1,1,1,1,1,1,1],[1,1,1,1,1,1,1],[1,1,1,1,1,1],[1,1,1,1,1],[1,1,1,1,1],[1],[1,1,1,1,1,1],[1,1,1,1,1,1],[1,1,1,1,1,1,1,1,1,1,1,1,1,1],[1,1,1,1,1,1],[1,1,1,1,1,1,1,1],[1,1,1,1,1,1,1,1,1],[1,1,1,1,1,1,1,1],[1,1,1,1,1,1,1,1],[1,1,1,1,1,1],[1,1,1],[1,1,1,1,1,1,1,1,1,1,1,1,1,1,1],[1,1,1,1,1,1,1,1,1,1],[1,1,1,1,1,1],[1,1,1,1,1,1,1,1,1],[1,1,1,1,1,1,1,1,1,1,1,1,1],[1,1,1,1,1,1,1,1],[1,1,1],[1,1],[1,1,1],[1,1,1,1,1,1,1],[1,1,1,1],[1,1,1,1,1,1,1,1,1,1,1],[1,1,1],[1,1,1,1,1,1,1,1,1,1],[1,1,1,1,1,1,1,1],[1,1,1,1],[1,1,1,2],[1,1,1,1,1,1,1,1,1],[1,1,1,1,1,1,1,1,1,1],[1,1,1,1,1],[1,1,1,1,1,1,1,1,1,1,1],[1,1,1,1,1,1,1,1,1,1,1,1],[1,1,1,1],[1,1,1,1,1,1],[1,1,1,1,1,1],[1,1,1,1,1,1],[1,1,1,1,1,1,1],[1,1,1,1,1,1,1,1,1,1,1],[1,1,1],[1,1,1,1,1,1,1,1,1],[1,1],[1,1,1,1,1,1],[1,1,1,1,1,1,1],[1,1,1,1,1,1,1],[1,1,1,1,1],[1],[1,1,1,1],[1,1,1,1],[1,1,1,1,1,1],[1,1,1,1,1,1,2],[2,2,1,1,1,1,1,1,1,1],[1,1,1,1,1,1,1],[1,1],[1,1,1,1,1,1,1,1],[1,1,1],[1,1,1,1,1,1,1,1,1,1],[1,1,1,1,1],[1,1,1],[1,1],[1,1,1,1,1,1,1,1,1],[1,1,1,1,1,1,1,1],[1,1,1,1,1],[1,1,1,1,1,1,1],[1,1,1,1,1,1,1],[1,1,1,1],[1,1,1,1,1],[1,1,1,1,1,1,1],[1,1,1,1,1,1],[1,1,1,1,1,1],[1,1,1,1,1,1,1,1,1,1,1,1],[1,1,1,1,1,1,1],[1,1,1,1,1,1,1,1],[1],[1,1,1],[1,1,1,1,1,1,1,1,1],[1,1,1,1,1],[1,1,1,1,1,1,1,1],[1,1,1,1],[1,1,1,1,1,1,1],[1,1,1,1,1,1,1,1,1,1,1,1,1],[1,1,1,1,1,1,1],[1,1,1,1,1],[1,1,1,1,1,1,1,1],[1,1,1,1,1,1,1,1],[1,1,1,1,1,1,1,1],[1,1,1,1],[1,1,1,1],[1,1,1,1],[1,1,1,1,1,1,1,2],[1,1,1,1,1],[1,1,1,1,1],[1,1,1,1],[1,1,1,1,1],[1,1,1,1,1,1,1,1],[1,1,1,1,1,1,1,1,1,1],[1,1,1,1,1],[1,1,1,1,1,1,1],[1,1,1,1,1],[1,1,1,1,1,1,1],[1,1,1,1,1],[1,1,1],[1,2,2,1,1,1],[1,1,1,1,1,1,1],[1,1,1],[1,1],[1,1,1,1,1,1,1,1,1],[1,1,1,1,1,1],[1],[1,1,1,1,1,1,1],[1,1,1,1,1,1,1],[1,1,1,1,1,1,1],[1,1,1,1,1,1,1],[1,1,1,1,1,1,1,1],[1,1,1],[1,1,1,1,1,1,1],[1,1,1],[1,1,1,1,1,1],[1,1,1,1,1],[1,1,1],[1,1,1,1,1],[1,1,1],[1,1,1,1,1],[1,1,1],[1,1,1,1,1,1,1,1,1],[1,1,1,1],[1,1,1,1,1],[1,1,1,1,1,1,1],[1,1,1,1,1],[1,1,1,1,1,1,1],[1,1],[1,1,1],[1,1,1],[1,1,1,1,1,1,1,1],[1,1,1,1,1,1,1,1,1],[1,1,1,1],[1,1,1,1,1,1,1,1,1],[1,1,1,1,1,1,1,1,1],[1,1,1,1,1],[1,1,1,1],[1,1,1,1,1,1],[1,1,1,1,1,1],[1,1,1,1,1],[1,1,1,1,1,1,1,1,1],[1,1,1,1],[1,1,1,1],[1,1],[1],[1,1,1,1,1,1,1],[1,1,1,1],[1,1],[1,1,1,1],[1,1,1,1,1,1],[1],[1,1,1,1,1,1,1,1],[1],[1,1],[1,1,1],[1,1,1,1,1,1],[1,1,1,1,1,1,1],[1,1,1,1,1],[1,1,1,1],[1,1,1,1,1],[1,1,1],[1,1,1,1,1],[1,1,1,1,1],[1,1,1,1,1,1],[1,1,1,1,1,1,1],[],[1,1,1,1,1],[1,1],[1,1,1,1],[1,1,1,1,1],[2,1],[1,1,1,1,1,1],[1,1,1,1,1,1,1,1],[1,1],[1,1,1,1],[1,1,1,1,1],[1,1,1,1,1,1],[1,1,1],[1],[1,1,1,1,1,1],[1,1,1],[1,1,1,1,1,1],[1,1,1,1,1,1,1,1,1,1,1],[1,1,1,1,1],[1,1,1,1,1],[1,1,1],[1,1,1],[1,1,1],[1,1,1,1],[1],[1,1,1,1],[1,1],[1,1,1,1,1],[1,1,1],[1,1,1,1,1,1,1,1,1],[1,1,1,1,1],[1,1],[1,1,1,1],[1,1,1],[1,1,1,1,1],[1,1,1,1],[1],[2,2,1],[1,1,1],[1,1,1,1,1],[1,1,1,1,1,1,1],[1,1,1,1,1,1,1],[1,1,1,1,1,1],[1,1,1,1,1,1,1,1,1],[1],[1,1],[1,1,1,1],[1,1,1,1],[1,1,1],[1,1,1],[1,1,1,1,1],[1,1,1,1,1],[1,1,1,1,1,1,1],[1,1,1,1,1,1],[1,1,1],[1,1,1],[1,1,1],[1],[1],[1,1,1],[1,1,1,1],[1,1,1,1,1,1],[1],[1,1,1],[1,1,1],[1,1,1,1],[],[],[1,1],[1,1,1,1,1],[1,1,1,1,1],[1,1,1],[1,1],[1,1,1],[],[1,1,1,1,1,1],[1,1,1,1,1,1],[1,1,1,1],[1,1,1,1],[1,1],[1,1,1],[1],[1,1,1],[1],[1,1,1,1,1,1],[1],[1,1,1,1],[1,1],[1,1,1,1],[1],[2],[1,1],[1,1],[1,1,1],[1],[],[],[1,1,1,1,1,1,1,1,1],[1,1,1,1,1,1,1],[1,1],[1,1,1,1],[1,1,1],[1,1],[1,1,1,1,1,1],[1,1,1],[1,1,1,1,1,1,1,1,1],[1,1],[1,1],[1,1,1],[],[1,1,1],[1,1,1],[1,1,1,1,1,1,1,1,1],[],[1,1,1],[1],[1],[1,1],[1,1,1,1,1,1,1,1,1],[1,1,1,1,1],[1,1,1,1],[1,1,1,1],[1,1,1,1,1],[1,1,1,1],[1,1,1,1]];

processingTimesRunnables = [8,12,11,15,8,11,10,13,14,12,13,14,12,7,16,13,13,8,7,7,10,11,13,11,12,12,7,10,8,9,13,10,13,10,11,14,13,8,12,8,13,9,9,13,9,15,11,8,6,14,5,9,12,13,11,13,15,8,11,13,6,10,10,12,13,6,12,9,7,13,6,12,16,11,16,6,10,8,9,12,13,12,13,11,14,12,13,10,5,16,8,7,6,5,5,9,15,16,12,17,11,12,4,13,5,17,10,5,14,11,11,14,13,11,12,13,11,13,11,7,15,11,10,13,10,13,15,14,12,14,11,11,13,13,11,17,4,14,11,12,14,12,12,5,12,14,13,10,14,10,12,11,14,6,7,13,12,12,13,9,11,11,13,7,13,11,7,11,14,5,9,12,8,9,13,9,14,16,10,7,12,13,13,7,12,4,13,11,13,9,14,8,5,15,12,10,5,15,10,13,12,13,5,11,11,10,13,8,11,15,12,10,12,14,16,7,15,6,6,12,7,13,12,13,8,5,7,4,14,13,9,13,12,12,10,10,12,10,13,14,9,14,14,12,8,11,4,12,14,9,10,12,12,14,5,16,11,11,12,14,6,15,7,13,11,10,5,11,8,12,10,5,11,11,16,13,13,16,11,13,10,16,14,8,12,11,9,13,14,15,15,13,13,11,13,13,13,12,11,13,11,5,8,7,8,13,11,10,11,13,16,12,12,5,15,11,7,12,12,9,12,13,13,16,13,12,13,5,13,14,11,14,9,15,15,10,16,9,13,6,12,11,15,5,12,11,5,15,12,13,15,13,14,12,10,14,4,13,8,11,8,12,8,12,11,14,13,13,11,13,7,4,12,12,16,5,10,10,10,6,13,8,13,9,7,15,9,10,12,8,13,12,12,12,5,11,10,15,11,12,15,8,6,15,9,16,14,16,12,5,10,13,8,8,7,7,16,8,13,11,5,6,12,10,12,12,10,12,8,12,12,14,17,6,8,11,13,13,13,7,16,15,14,11,13,5,12,15,15,12,15,10,12,4,13,11,15,9,12,6,12,13,15,7,14,12,12,7,10,11,10,9,8,16,16,11,5,11,12,12,9,8,12,13,6,5,6,10,5,13,13,13,10,9,12,6,16,11,11,8];

periods = [10000,20000,10000,50000,20000,20000,10000,10000,50000,10000,10000,100000,100000,100000,10000,50000,1000,20000,20000,100000,100000,10000,100000,10000,20000,100000,20000,10000,2000,20000,2000,20000,20000,10000,10000,100000,10000,10000,10000,50000,20000,1000,20000,10000,100000,20000,100000,10000,20000,2000,100000,10000,20000,20000,10000,100000,20000,100000,20000,10000,100000,10000,20000,10000,100000,10000,10000,50000,100000,20000,50000,100000,20000,100000,10000,100000,10000,1000,100000,100000,20000,20000,10000,100000,100000,20000,100000,10000,10000,20000,10000,10000,20000,20000,10000,10000,20000,10000,10000,100000,50000,100000,100000,20000,1000,20000,10000,1000,20000,20000,10000,10000,10000,10000,10000,20000,10000,100000,1000,10000,100000,5000,100000,10000,100000,50000,20000,100000,20000,20000,100000,10000,10000,10000,5000,1000,10000,10000,20000,20000,100000,10000,20000,20000,10000,100000,10000,100000,1000,20000,10000,10000,20000,20000,50000,20000,10000,100000,50000,20000,20000,100000,20000,100000,1000,2000,1000,1000,20000,10000,20000,100000,100000,100000,10000,100000,10000,2000,100000,10000,1000,5000,20000,10000,10000,1000,20000,100000,20000,10000,100000,10000,10000,100000,20000,100000,5000,10000,10000,100000,100000,100000,100000,100000,100000,20000,100000,100000,20000,10000,20000,10000,10000,100000,5000,10000,100000,10000,20000,20000,100000,10000,20000,10000,100000,2000,100000,2000,100000,10000,20000,10000,20000,10000,10000,10000,10000,100000,10000,100000,10000,10000,20000,20000,10000,1000,10000,20000,20000,20000,10000,100000,1000,10000,10000,50000,10000,100000,5000,100000,100000,100000,10000,10000,50000,100000,50000,100000,10000,20000,20000,100000,1000,100000,20000,100000,20000,100000,20000,100000,1000,100000,20000,20000,100000,10000,10000,100000,100000,20000,50000,100000,100000,100000,20000,20000,100000,100000,100000,100000,20000,10000,100000,100000,100000,20000,100000,100000,100000,10000,50000,10000,100000,20000,10000,20000,100000,10000,20000,100000,10000,10000,10000,100000,10000,20000,20000,20000,20000,20000,5000,1000,100000,10000,10000,10000,20000,100000,100000,100000,100000,10000,20000,20000,20000,20000,10000,100000,2000,20000,10000,10000,100000,20000,10000,10000,10000,5000,100000,20000,10000,1000,20000,10000,100000,10000,20000,20000,100000,100000,100000,50000,10000,20000,20000,1000,100000,100000,20000,50000,10000,20000,20000,100000,20000,20000,20000,10000,20000,10000,10000,5000,100000,10000,100000,20000,100000,10000,100000,20000,10000,20000,20000,20000,20000,100000,10000,20000,20000,100000,10000,20000,10000,5000,10000,100000,10000,100000,10000,100000,50000,10000,10000,20000,10000,20000,10000,20000,20000,20000,20000,10000,10000,10000,20000,100000,10000,10000,100000,2000,10000,100000,20000,10000,20000,10000,100000,20000,10000,100000,100000,100000,10000,10000,20000,5000,10000,10000,1000,100000,100000,10000,10000,20000,10000,10000,100000,20000,100000,10000,20000,100000,2000,10000,100000,2000,100000,10000,100000,100000,50000,20000,100000,20000,10000,10000,10000,10000,100000,100000,20000,20000,10000,5000,20000,10000,10000,10000,100000,1000];

communicationTimeForOrderCriticalMessages = [1,1,1,1,1,1,1,1,1,1,1,1,1,1,1,1,1,1,1,1,1,1,1,1,1,1,1,1,1,1,1,1,1,1,1,1,1,1,1,1,1,1,1,2,1,1,1,1,1,1,1,1,1,1,1,1,1,1,1,1,1,1,1,1,1,1,1,1,1,1,1,1,1,1,1,1,1,1,2,1,1,1,1,1,1,1,1,1,1,1,1,1,1,1,1,1,1,1,1,1,1,1,1,1,1,1,1,1,1,1,1,1,1,1,1,1,1,1,1,1,1,1,1,1,1,1,1,1,1,1,1,1,1,1,1,1,1,1,1,1,1,1,1,1,1,1,1,1,1,1,1,1,1,1,1,1,1,1,1,1,1,1,1,1,1,1,1,1,1,1,1,1,1,1,1,1,1,1,1,1,1,1,1,1,1,1,1,1,1,1,1,1,1];

sizeOfRunnables = [733,1178,1088,1485,738,1053,1000,1245,1345,1118,1233,1400,1105,603,1540,1225,1290,775,678,633,985,1015,1245,1035,1133,1133,625,975,723,828,1253,903,1225,990,1005,1360,1270,773,1173,775,1245,830,853,1210,895,1465,1010,788,505,1335,465,870,1198,1268,1068,1235,1498,723,1095,1290,510,945,938,1135,1225,533,1178,825,660,1233,543,1200,1555,1050,1573,533,938,748,895,1195,1300,1188,1253,1053,1308,1110,1218,953,473,1513,705,615,563,498,500,863,1465,1593,1118,1615,1040,1143,375,1240,443,1620,925,430,1378,1023,1068,1398,1210,1023,1140,1248,1090,1238,1073,640,1433,1020,950,1270,960,1275,1495,1365,1155,1318,1060,1043,1253,1253,1075,1610,378,1393,1035,1118,1303,1118,1140,428,1155,1318,1220,938,1378,955,1170,1060,1345,510,608,1258,1170,1113,1218,848,1030,1060,1203,700,1298,1075,658,1008,1333,468,805,1133,745,855,1290,895,1388,1583,955,638,1128,1223,1218,608,1173,385,1270,1008,1290,803,1373,773,453,1405,1173,948,435,1415,998,1223,1140,1215,435,1098,1083,983,1230,758,1048,1443,1178,990,1180,1355,1530,668,1448,595,563,1105,633,1248,1143,1270,793,453,610,378,1355,1290,833,1263,1103,1125,903,1000,1170,955,1300,1303,835,1388,1365,1188,715,1020,378,1178,1308,848,960,1125,1158,1313,468,1588,1005,1068,1180,1383,553,1458,635,1258,1080,910,495,1053,753,1200,998,468,1015,1068,1530,1220,1278,1578,1080,1208,985,1560,1360,753,1118,1065,863,1253,1328,1480,1433,1290,1220,1030,1240,1240,1248,1105,1088,1263,1083,460,793,650,723,1210,1088,968,1050,1280,1513,1170,1188,460,1485,1048,655,1135,1148,818,1113,1230,1225,1523,1233,1125,1225,488,1210,1355,1060,1393,810,1453,1410,975,1503,900,1208,518,1148,1013,1405,453,1170,1023,490,1420,1110,1245,1485,1275,1308,1150,1000,1365,378,1215,708,1005,775,1143,720,1118,1023,1398,1233,1203,1098,1293,633,398,1165,1143,1563,413,970,905,923,555,1210,773,1260,830,690,1415,888,975,1140,758,1203,1198,1180,1160,490,1020,945,1475,1050,1173,1498,798,593,1498,850,1530,1308,1550,1188,498,923,1238,760,708,690,675,1503,728,1230,1008,483,588,1128,923,1165,1188,975,1125,773,1103,1148,1368,1620,550,718,1058,1248,1218,1263,613,1523,1458,1383,1043,1218,450,1200,1410,1498,1165,1430,955,1133,393,1203,1003,1470,858,1193,588,1135,1253,1498,633,1345,1113,1113,618,975,1095,953,873,753,1593,1528,1068,405,1088,1188,1193,900,755,1198,1253,573,408,558,963,490,1245,1248,1230,998,840,1160,528,1513,1060,1058,775];

SenderLabelReceiverOrderCriticalChains = [[482,3625,0,0,59],[59,446,0,0,41],[41,1271,0,0,82],[345,3707,0,0,32],[32,3411,0,0,90],[90,1790,0,0,448],[448,3177,0,0,295],[295,1490,0,0,150],[28,3451,0,0,470],[470,2563,0,0,177],[177,1195,0,0,352],[352,3534,0,0,35],[35,27,2843,0,398],[439,875,0,0,103],[103,2141,0,0,20],[20,1057,0,0,176],[176,3970,0,0,353],[353,2038,0,0,208],[410,594,0,0,371],[371,2359,0,0,397],[397,3288,0,0,490],[490,1901,0,0,499],[499,3331,0,0,205],[83,3463,0,0,99],[99,3483,0,0,312],[312,1806,0,0,310],[310,792,0,0,137],[269,493,2764,0,157],[157,2382,0,0,465],[465,3128,0,0,454],[454,796,0,0,37],[405,3589,0,0,41],[41,183,0,0,33],[33,3650,0,0,404],[404,3496,0,0,428],[67,3211,0,0,381],[381,3027,0,0,55],[55,2624,0,0,111],[111,205,0,0,44],[44,2907,0,0,212],[341,1852,0,0,14],[14,1917,0,0,371],[371,1917,2632,3070,320],[193,102,0,0,124],[124,2986,0,0,444],[444,863,0,0,394],[394,3068,0,0,66],[118,1288,0,0,299],[299,1357,0,0,293],[293,3893,0,0,217],[217,1094,0,0,341],[51,2883,0,0,370],[370,2074,0,0,191],[191,1961,0,0,490],[47,3785,0,0,393],[393,2861,0,0,384],[384,3062,0,0,176],[291,3610,0,0,481],[481,1400,0,0,71],[71,3594,0,0,40],[52,2572,0,0,394],[394,357,0,0,488],[488,2843,0,0,398],[398,226,0,0,486],[486,1455,0,0,264],[128,3010,0,0,307],[307,2225,0,0,47],[47,2885,0,0,452],[452,2354,0,0,69],[3,2299,0,0,488],[488,2009,0,0,366],[366,3263,0,0,458],[458,2805,0,0,83],[449,2741,0,0,347],[347,3207,0,0,222],[222,2382,0,0,170],[170,1803,0,0,235],[473,1328,3702,0,29],[29,126,0,0,178],[178,3341,0,0,166],[166,1187,1989,0,31],[10,168,0,0,99],[99,3671,0,0,133],[133,42,0,0,449],[54,466,0,0,156],[156,1591,0,0,354],[354,833,0,0,144],[144,2742,0,0,350],[350,1862,0,0,412],[480,3773,0,0,173],[173,1611,0,0,128],[128,1785,0,0,23],[438,3767,0,0,366],[366,2242,0,0,401],[401,2053,0,0,234],[234,1227,0,0,133],[133,453,0,0,7],[495,3295,0,0,290],[290,3247,0,0,468],[468,2689,0,0,143],[143,698,0,0,32],[447,2644,0,0,227],[227,1814,0,0,359],[359,1764,0,0,397],[397,3705,0,0,292],[197,2304,0,0,392],[392,538,0,0,414],[414,1800,0,0,358],[358,541,1084,2587,122],[122,2017,2587,0,331],[389,937,0,0,275],[275,714,0,0,484],[484,2426,0,0,160],[437,3615,0,0,342],[342,3667,0,0,230],[230,720,0,0,137],[201,574,0,0,353],[353,2355,0,0,260],[260,1418,0,0,225],[225,14,3215,0,80],[327,1506,0,0,429],[429,1602,0,0,49],[49,2462,0,0,249],[349,783,2221,0,50],[50,1105,0,0,476],[476,3042,0,0,473],[473,1932,0,0,228],[175,2709,0,0,184],[184,3509,0,0,62],[62,1852,0,0,83],[83,944,0,0,142],[97,1480,0,0,350],[350,1298,0,0,139],[139,713,0,0,379],[379,2890,0,0,326],[326,119,0,0,445],[154,3162,0,0,306],[306,3602,0,0,484],[484,2794,0,0,363],[108,3359,0,0,78],[78,3672,0,0,500],[500,456,0,0,181],[181,2753,0,0,273],[273,2097,0,0,42],[102,3140,0,0,317],[317,2977,0,0,282],[282,3658,0,0,148],[148,3959,0,0,452],[452,1932,0,0,258],[58,2445,0,0,240],[240,1098,0,0,85],[85,245,0,0,341],[494,2075,0,0,197],[197,2920,0,0,456],[456,3558,0,0,392],[392,1317,0,0,135],[112,644,0,0,67],[67,251,2191,0,417],[417,810,0,0,351],[351,2697,0,0,388],[202,2223,0,0,299],[299,3741,0,0,194],[194,1999,0,0,188],[407,2861,0,0,212],[212,3269,0,0,98],[98,3918,0,0,388],[284,3371,0,0,63],[63,1335,2943,0,49],[49,758,0,0,195],[423,2180,0,0,487],[487,2659,0,0,457],[457,820,0,0,413],[302,1073,0,0,96],[96,1529,0,0,478],[478,479,1703,0,8],[8,19,0,0,234],[155,615,0,0,481],[481,3903,0,0,16],[16,1011,0,0,380],[380,2009,0,0,159],[117,413,0,0,423],[423,974,0,0,213],[213,3752,0,0,398],[101,204,0,0,380],[380,1197,0,0,4],[4,2488,0,0,159],[136,2574,0,0,78],[78,1310,0,0,149],[149,1817,0,0,42],[42,782,0,0,362],[259,3096,3819,0,414],[414,1739,3849,0,215],[215,458,2345,0,358]];

SenderLabelReceiverNonOrderCriticalChains = [[1,1630,26],[1,1630,140],[1,2423,35],[1,2424,214],[1,2424,3],[1,2698,129],[1,3179,484],[2,186,309],[2,319,157],[2,484,5],[2,484,268],[2,521,383],[2,1829,244],[2,2111,95],[2,2111,163],[2,2111,473],[2,2203,95],[2,2203,434],[3,288,83],[3,637,10],[3,1203,7],[3,1930,367],[3,2299,488],[3,3372,43],[4,30,170],[4,30,208],[4,76,206],[4,2488,370],[4,2488,159],[4,2886,267],[4,3552,9],[5,1488,15],[5,1653,144],[5,1981,203],[5,1981,168],[5,3236,25],[5,3547,335],[5,3840,281],[5,3840,459],[6,383,110],[6,1860,18],[6,1939,364],[6,2319,39],[6,2754,70],[6,3149,355],[6,3170,87],[7,281,207],[7,281,450],[7,281,20],[7,801,19],[7,801,8],[7,801,311],[7,1301,282],[7,2195,171],[7,2195,338],[7,2195,302],[7,2569,470],[7,3666,350],[8,19,234],[8,190,251],[8,479,437],[8,479,235],[8,2119,11],[8,2119,141],[8,3287,108],[9,198,257],[9,1579,445],[9,1579,421],[9,1979,57],[9,2364,16],[9,2836,71],[9,3804,380],[10,168,99],[10,168,360],[10,168,362],[10,2852,400],[10,2852,144],[10,2852,193],[10,3369,34],[10,3936,309],[11,1012,269],[11,1983,355],[11,2241,28],[11,3283,137],[11,3283,176],[11,3283,412],[11,3654,44],[12,581,99],[12,1311,329],[12,1311,464],[12,1311,158],[12,1353,204],[12,1353,329],[12,1353,442],[12,1353,333],[12,1900,314],[12,1900,131],[12,2574,78],[12,2574,106],[12,2574,13],[12,3026,180],[13,460,368],[13,460,85],[13,964,420],[13,2402,447],[13,2434,194],[13,2527,280],[13,3824,14],[14,530,141],[14,1369,303],[14,1917,35],[14,1917,371],[14,1917,408],[15,151,168],[15,676,286],[15,1172,455],[15,1172,193],[15,2954,153],[15,3577,227],[16,1011,380],[16,1226,199],[16,2409,262],[16,2409,157],[16,2869,128],[16,2869,31],[16,2874,40],[16,3065,336],[17,1109,93],[17,1109,277],[17,1757,376],[17,2032,42],[17,2348,396],[17,2348,132],[17,3447,119],[17,3914,15],[18,260,413],[18,2151,41],[18,2350,117],[18,2350,340],[18,3951,186],[18,3951,296],[18,3957,178],[19,796,462],[19,796,37],[19,1925,40],[19,2016,53],[19,2346,169],[19,3031,231],[19,3881,305],[19,3881,316],[20,1057,176],[20,1480,345],[20,1480,350],[20,1630,26],[20,1630,140],[20,3349,191],[20,3349,112],[21,2140,420],[21,2747,450],[21,3248,23],[21,3248,410],[21,3731,15],[21,3964,381],[22,236,75],[22,377,38],[22,1354,14],[22,1729,466],[22,2518,180],[22,3114,386],[22,3114,246],[22,3114,44],[22,3437,197],[22,3437,39],[22,3602,286],[22,3602,484],[23,208,37],[23,328,441],[23,1990,108],[23,3835,272],[23,3844,380],[23,3971,51],[24,32,39],[24,32,364],[24,32,484],[24,636,67],[24,1023,205],[24,1023,148],[24,1115,112],[24,1592,361],[24,1650,167],[24,2269,398],[24,3923,34],[24,3923,365],[25,31,30],[25,299,181],[25,468,11],[25,802,356],[25,802,57],[25,1828,399],[26,668,424],[26,668,48],[26,1261,313],[26,2545,426],[26,2545,221],[26,2545,266],[26,2728,36],[26,3105,348],[27,341,389],[27,341,191],[27,341,46],[27,515,49],[27,515,444],[27,625,90],[27,3201,382],[27,3454,482],[27,3454,327],[27,3848,162],[27,3848,389],[27,3903,468],[27,3903,16],[28,415,483],[28,415,170],[28,415,444],[28,553,271],[28,1484,39],[28,1848,254],[28,3025,386],[28,3025,113],[28,3261,438],[28,3451,470],[29,126,178],[29,1328,473],[29,1328,406],[29,1370,227],[29,2271,489],[29,2271,226],[29,2421,31],[29,2869,128],[29,2869,31],[29,3863,272],[29,3863,332],[30,838,404],[30,838,179],[30,1470,343],[30,1563,347],[30,1865,32],[30,2517,381],[30,3960,108],[31,1989,153],[31,1989,166],[31,2921,50],[31,3886,349],[31,3886,466],[32,478,31],[32,478,86],[32,955,385],[32,2243,33],[32,3411,90],[32,3783,432],[33,345,295],[33,345,352],[33,426,54],[33,1831,325],[33,3650,404],[33,3650,471],[34,227,107],[34,658,84],[34,2191,93],[34,2191,417],[34,2191,37],[34,3423,136],[34,3979,275],[34,3979,315],[35,27,398],[35,2843,218],[35,2843,192],[35,2843,226],[35,2843,115],[35,2843,398],[35,3349,191],[35,3349,112],[36,433,352],[36,493,84],[36,493,157],[36,648,226],[36,3012,414],[36,3012,45],[36,3196,402],[37,1762,216],[37,1830,470],[37,3611,52],[37,3611,389],[38,226,451],[38,226,486],[38,499,425],[38,1152,356],[38,2057,290],[38,3545,186],[38,3545,143],[38,3612,104],[38,3941,44],[39,2435,185],[39,3725,500],[40,3162,306],[40,3162,5],[40,3162,68],[41,183,33],[41,1271,82],[41,1271,283],[41,1271,400],[41,1476,443],[41,3582,43],[42,782,362],[42,782,390],[42,801,19],[42,801,8],[42,801,311],[42,2348,396],[42,2348,132],[42,2358,78],[42,2613,98],[43,2377,384],[43,2377,171],[43,2575,62],[43,2575,169],[43,2575,482],[43,3690,266],[43,3690,490],[43,3770,46],[44,1315,92],[44,2907,212],[45,166,225],[45,1852,40],[45,1852,381],[45,1852,83],[45,1852,14],[45,1852,333],[45,2407,251],[45,2448,256],[45,2448,33],[45,2543,221],[45,2566,121],[46,122,400],[46,122,433],[46,1348,73],[46,1867,346],[47,932,51],[47,932,150],[47,944,384],[47,944,142],[47,2885,207],[47,2885,418],[47,2885,452],[47,2885,263],[47,3375,225],[47,3394,58],[47,3785,393],[47,3785,253],[48,123,110],[48,415,483],[48,415,170],[48,415,444],[48,1137,55],[48,2775,185],[48,3955,485],[48,3955,164],[49,758,195],[49,2444,243],[49,2444,341],[49,2462,316],[49,2462,334],[49,2462,389],[49,2462,249],[49,2724,26],[49,2943,63],[50,117,178],[50,564,149],[50,564,381],[50,1105,476],[50,1824,228],[50,2221,470],[50,2221,349],[50,3289,228],[51,634,284],[51,1515,58],[51,2106,472],[51,2883,370],[51,3774,339],[52,1457,215],[52,1457,113],[52,1893,198],[52,2261,91],[52,2572,394],[52,2678,398],[52,3876,220],[52,3876,64],[52,3876,145],[53,75,106],[53,1761,440],[53,1761,181],[53,1761,206],[53,2354,69],[53,2354,295],[53,2354,255],[53,2459,190],[53,2459,59],[53,3010,307],[53,3010,82],[53,3537,346],[54,306,429],[54,466,156],[54,3523,63],[55,71,46],[55,1177,91],[55,2203,95],[55,2203,434],[55,2380,212],[55,2624,111],[56,708,139],[56,812,58],[56,1265,300],[56,2400,472],[56,3474,275],[56,3474,385],[56,3808,455],[57,162,492],[57,2007,405],[57,2574,78],[57,2574,106],[57,2574,13],[57,2734,81],[58,2263,48],[58,2445,240],[58,2471,275],[58,2471,69],[58,3063,75],[58,3063,165],[59,446,41],[59,497,231],[59,1029,159],[59,1029,256],[59,2191,93],[59,2191,417],[59,2191,37],[59,3254,417],[60,1562,263],[60,1620,75],[60,2081,66],[60,2446,468],[60,2446,470],[60,2818,391],[60,3155,217],[60,3155,363],[61,903,158],[61,1065,462],[61,1401,409],[61,1745,196],[61,1855,344],[61,2220,240],[61,2220,361],[61,2220,129],[61,3867,210],[61,3867,1],[62,2,493],[62,1852,40],[62,1852,381],[62,1852,83],[62,1852,14],[62,1852,333],[62,1920,409],[62,1920,87],[62,2196,66],[62,3159,172],[63,298,81],[63,355,487],[63,355,39],[63,986,204],[63,986,94],[63,1335,49],[63,1377,61],[64,651,213],[64,929,396],[64,929,285],[64,979,190],[64,2839,76],[64,2839,77],[64,3593,191],[65,1341,194],[65,1963,141],[65,2176,263],[65,2609,491],[65,2609,69],[65,3155,217],[65,3155,363],[66,697,235],[66,888,83],[66,1881,450],[66,2075,197],[66,2075,485],[67,251,412],[67,251,417],[67,378,165],[67,2191,93],[67,2191,417],[67,2191,37],[67,2843,218],[67,2843,192],[67,2843,226],[67,2843,115],[67,2843,398],[67,3211,381],[67,3614,77],[67,3614,486],[68,571,126],[68,571,234],[68,990,291],[68,990,351],[68,1383,101],[68,1874,59],[68,3003,312],[68,3003,70],[69,264,235],[69,836,179],[69,1376,74],[69,3458,307],[70,1016,236],[70,1106,330],[70,1106,46],[70,1435,211],[70,1435,238],[70,1852,40],[70,1852,381],[70,1852,83],[70,1852,14],[70,1852,333],[70,1975,368],[70,2496,294],[70,2496,478],[71,1311,329],[71,1311,464],[71,1311,158],[71,2492,291],[71,3311,73],[71,3521,189],[71,3594,40],[72,509,60],[72,950,477],[72,1050,352],[72,1530,125],[72,1732,217],[72,3048,490],[73,150,90],[73,150,327],[73,3079,98],[73,3079,100],[73,3080,491],[73,3667,126],[73,3667,230],[73,3667,458],[73,3901,343],[73,3901,456],[74,28,137],[74,387,442],[74,2033,76],[74,3190,213],[74,3891,40],[75,989,31],[75,989,377],[75,1134,84],[75,1227,115],[75,1227,133],[75,3266,385],[75,3266,241],[75,3776,57],[76,458,358],[76,458,179],[76,815,333],[76,815,304],[76,815,362],[76,3338,174],[76,3992,100],[77,193,426],[77,802,356],[77,802,57],[77,935,190],[77,935,413],[77,2357,88],[77,2357,19],[78,168,99],[78,168,360],[78,168,362],[78,1310,149],[78,1997,481],[78,1997,319],[78,2689,105],[78,2689,143],[78,3672,500],[79,269,376],[79,1197,4],[79,1437,112],[79,2545,426],[79,2545,221],[79,2545,266],[79,3094,317],[79,3094,406],[79,3396,227],[80,2040,305],[80,2979,116],[80,3195,115],[80,3215,225],[81,315,329],[81,1307,82],[81,2111,95],[81,2111,163],[81,2111,473],[81,3568,438],[81,3996,92],[82,711,110],[82,1459,343],[83,944,384],[83,944,142],[83,3005,474],[83,3463,99],[84,2466,301],[84,2765,247],[84,3230,289],[85,63,475],[85,245,341],[85,1920,409],[85,1920,87],[85,3647,227],[85,3647,423],[85,3812,121],[86,1810,125],[86,1889,167],[86,1889,116],[86,2374,151],[86,2888,161],[86,2986,443],[86,2986,444],[86,3266,385],[86,3266,241],[87,77,483],[87,77,183],[87,638,369],[87,638,153],[87,899,208],[87,899,340],[87,3283,137],[87,3283,176],[87,3283,412],[87,3718,225],[87,3718,89],[88,239,54],[88,1220,315],[88,2852,400],[88,2852,144],[88,2852,193],[88,2885,207],[88,2885,418],[88,2885,452],[88,2885,263],[88,3022,373],[88,3282,494],[88,3282,457],[88,3967,96],[89,353,185],[89,353,413],[89,3077,111],[89,3171,194],[90,1790,448],[90,2575,62],[90,2575,169],[90,2575,482],[90,3470,154],[91,1131,138],[91,1224,45],[91,1224,378],[91,1569,475],[91,1569,403],[91,1820,357],[91,2189,391],[91,2556,466],[92,988,269],[92,1605,177],[92,2170,198],[92,2170,253],[92,3935,107],[92,3935,458],[92,3935,464],[93,135,338],[93,2758,130],[93,3335,169],[93,3335,378],[93,3740,132],[93,3740,233],[93,3740,304],[94,896,140],[94,2409,262],[94,2409,157],[94,2411,350],[94,3345,405],[94,3922,112],[95,579,254],[95,790,173],[95,1275,241],[95,2933,74],[95,3122,114],[95,3151,134],[96,7,487],[96,1529,478],[96,1529,459],[96,1542,213],[96,2828,111],[96,3298,132],[96,3298,442],[97,1066,109],[97,1066,464],[97,1480,345],[97,1480,350],[97,1769,26],[97,1769,64],[97,1769,257],[97,1944,124],[97,1944,113],[97,2259,143],[97,3353,161],[97,3557,163],[98,1593,165],[98,2420,107],[98,2472,224],[98,2714,106],[98,3918,388],[99,174,103],[99,174,191],[99,1944,124],[99,1944,113],[99,2587,358],[99,2587,331],[99,3483,312],[99,3671,133],[99,3671,433],[100,429,252],[100,1391,384],[100,1391,162],[100,2121,121],[100,2121,312],[100,2891,450],[100,3187,154],[100,3187,346],[101,204,380],[101,2448,256],[101,2448,33],[101,3756,126],[101,3832,3],[101,3845,97],[101,3884,225],[102,2906,471],[102,3036,138],[102,3140,105],[102,3140,226],[102,3140,317],[102,3352,107],[102,3352,205],[102,3453,250],[102,3453,467],[102,3915,138],[102,3915,337],[103,1705,131],[103,2130,490],[103,2133,90],[103,2141,436],[103,2141,20],[103,3368,450],[104,1101,127],[104,2390,116],[104,2468,465],[104,2654,195],[105,677,10],[105,677,236],[105,971,448],[105,971,65],[105,1529,478],[105,1529,459],[105,3627,136],[106,62,423],[106,1919,327],[106,1919,248],[106,1919,430],[106,2049,306],[106,2049,492],[106,2307,400],[106,3088,89],[107,770,438],[107,1901,135],[107,1901,499],[107,3734,142],[108,1326,459],[108,1889,167],[108,1889,116],[108,3359,107],[108,3359,78],[108,3589,41],[108,3589,12],[109,329,424],[109,2471,275],[109,2471,69],[109,2699,128],[109,2699,183],[110,178,127],[110,280,173],[110,1883,326],[110,1883,399],[110,1974,326],[110,1982,223],[111,205,44],[111,2618,391],[111,3293,352],[111,3585,237],[111,3585,463],[112,470,113],[112,644,423],[112,644,67],[112,3029,373],[112,3333,334],[113,138,466],[113,223,133],[113,883,147],[114,2044,254],[114,2389,198],[114,3063,75],[114,3063,165],[114,3268,60],[114,3268,190],[114,3712,188],[115,505,218],[115,1186,12],[115,1186,471],[115,2808,117],[116,95,220],[116,95,497],[116,217,284],[116,1274,333],[116,1274,464],[116,1765,209],[116,2744,457],[116,2744,396],[117,174,103],[117,174,191],[117,222,36],[117,222,495],[117,413,423],[117,840,190],[117,840,459],[117,2800,375],[117,3071,40],[117,3071,325],[118,1288,299],[118,1288,302],[118,1815,274],[118,1981,203],[118,1981,168],[118,2650,104],[118,3112,348],[118,3501,196],[118,3501,72],[118,3959,452],[118,3959,102],[118,3959,314],[118,3959,379],[119,321,376],[119,476,11],[119,1533,149],[119,1632,455],[119,1632,149],[119,2687,165],[119,3098,157],[119,3098,384],[120,182,388],[120,182,478],[120,268,366],[120,2195,171],[120,2195,338],[120,2195,302],[120,2349,361],[120,2801,158],[120,3141,124],[120,3769,82],[121,887,206],[121,2699,128],[121,2699,183],[121,2885,207],[121,2885,418],[121,2885,452],[121,2885,263],[121,3117,288],[122,309,135],[122,541,470],[122,541,358],[122,2017,331],[122,2587,358],[122,2587,331],[122,2622,273],[122,2983,54],[122,2983,300],[123,428,377],[123,428,313],[123,672,369],[123,860,158],[123,1547,412],[123,2410,450],[123,3176,227],[123,3263,447],[123,3263,458],[123,3413,272],[124,101,122],[124,101,313],[124,101,336],[124,2159,239],[124,2821,364],[124,2986,443],[124,2986,444],[124,3223,487],[125,1900,314],[125,1900,131],[125,1926,431],[125,2584,460],[125,2584,232],[125,2848,452],[125,2903,390],[126,134,155],[126,1029,159],[126,1029,256],[126,2691,380],[126,3322,6],[126,3322,130],[127,440,208],[127,2216,144],[127,2470,479],[127,2470,150],[127,3276,108],[127,3276,243],[127,3489,330],[127,3489,277],[127,3679,301],[128,1785,23],[128,2894,498],[128,3010,307],[128,3010,82],[128,3924,229],[129,1068,326],[129,1814,359],[129,1814,456],[129,2142,460],[129,3187,154],[129,3187,346],[130,311,77],[130,311,443],[130,404,150],[130,404,499],[130,409,281],[130,1596,404],[130,2717,326],[131,894,231],[131,894,439],[131,983,198],[131,1035,274],[131,1724,461],[131,2578,202],[131,3246,196],[132,222,36],[132,222,495],[132,366,130],[132,366,199],[132,423,373],[132,423,433],[132,1743,249],[132,3876,220],[132,3876,64],[132,3876,145],[133,30,170],[133,30,208],[133,42,449],[133,42,474],[133,453,7],[133,453,44],[133,2826,486],[134,494,405],[134,1412,328],[134,2503,147],[134,3525,374],[135,724,182],[135,3460,358],[135,3771,197],[136,801,19],[136,801,8],[136,801,311],[136,1240,166],[136,2574,78],[136,2574,106],[136,2574,13],[136,2595,82],[136,3267,483],[136,3785,393],[136,3785,253],[137,1880,468],[137,3677,218],[137,3802,297],[138,1036,313],[138,3072,486],[138,3402,9],[138,3535,431],[139,713,379],[139,713,402],[139,1761,440],[139,1761,181],[139,1761,206],[139,3819,414],[139,3819,328],[140,137,245],[140,137,308],[140,680,382],[140,680,56],[140,680,412],[140,1555,192],[140,2641,72],[141,262,355],[141,1069,214],[141,1402,299],[141,2460,238],[142,148,422],[142,195,265],[142,434,432],[142,1518,417],[142,3978,245],[143,323,4],[143,480,169],[143,698,32],[143,2575,62],[143,2575,169],[143,2575,482],[144,932,51],[144,932,150],[144,1505,229],[144,1505,160],[144,2742,350],[144,3456,200],[144,3456,168],[144,3456,296],[145,488,373],[145,1654,398],[145,2286,328],[145,2383,222],[145,3721,212],[145,3721,386],[146,163,160],[146,163,459],[146,686,371],[146,2264,324],[146,2427,436],[146,2427,437],[146,3384,109],[147,1403,218],[147,2035,143],[147,2035,493],[147,2035,271],[147,2323,442],[147,3556,294],[147,3886,349],[147,3886,466],[148,14,80],[148,14,479],[148,137,245],[148,137,308],[148,699,158],[148,1450,94],[148,3689,202],[148,3959,452],[148,3959,102],[148,3959,314],[148,3959,379],[149,292,35],[149,573,115],[149,573,46],[149,1817,42],[149,3717,181],[150,405,354],[150,912,431],[150,2197,466],[151,483,458],[151,1138,347],[151,1138,419],[151,1138,415],[151,1262,175],[151,2357,88],[151,2357,19],[151,2651,437],[152,184,466],[152,2274,427],[152,2561,180],[152,2652,336],[152,2652,257],[152,3173,360],[152,3895,397],[153,427,48],[153,1967,64],[153,2273,89],[153,2273,235],[153,3566,51],[153,3566,260],[154,743,176],[154,743,233],[154,2599,197],[154,2599,359],[154,2599,215],[154,3162,306],[154,3162,5],[154,3162,68],[154,3198,347],[154,3667,126],[154,3667,230],[154,3667,458],[155,119,445],[155,119,357],[155,615,481],[155,1248,372],[155,1948,370],[155,1948,265],[155,1948,440],[155,2638,265],[156,725,266],[156,965,378],[156,965,275],[156,1288,299],[156,1288,302],[156,1591,354],[156,1909,271],[156,2050,329],[156,2366,141],[157,1949,185],[157,2335,453],[157,2335,223],[157,2382,465],[157,2382,170],[157,2382,360],[157,2382,366],[157,2764,212],[157,2764,422],[157,2764,489],[158,58,175],[158,920,288],[158,3330,177],[159,2584,460],[159,2584,232],[159,3724,363],[159,3724,471],[159,3901,343],[159,3901,456],[160,1180,445],[160,1180,492],[160,3876,220],[160,3876,64],[160,3876,145],[160,3920,47],[160,3920,250],[160,3979,275],[160,3979,315],[161,1556,374],[161,1919,327],[161,1919,248],[161,1919,430],[161,2119,11],[161,2119,141],[161,3474,275],[161,3474,385],[161,3496,279],[161,3496,428],[162,150,90],[162,150,327],[162,1916,337],[162,1916,399],[162,2233,309],[162,2233,372],[162,2233,430],[162,2544,192],[162,2544,492],[162,3697,448],[163,1965,442],[163,2852,400],[163,2852,144],[163,2852,193],[164,9,229],[164,478,31],[164,478,86],[164,516,238],[164,516,259],[164,966,276],[164,1157,174],[164,3339,151],[164,3798,173],[165,626,71],[165,855,167],[165,855,33],[165,1875,52],[165,1875,389],[165,3208,205],[166,1187,31],[166,1421,263],[166,2310,281],[166,2708,155],[167,3062,176],[167,3062,332],[167,3545,186],[167,3545,143],[167,3859,330],[168,731,253],[168,1935,273],[168,3951,186],[168,3951,296],[169,1758,424],[169,2047,354],[170,1803,185],[170,1803,337],[170,1803,235],[170,2335,453],[170,2335,223],[170,2924,242],[170,2924,185],[171,873,366],[171,981,409],[171,981,187],[171,1353,204],[171,1353,329],[171,1353,442],[171,1353,333],[171,2233,309],[171,2233,372],[171,2233,430],[171,2600,277],[172,47,282],[172,172,314],[172,172,267],[172,844,241],[172,844,395],[172,2670,483],[172,3305,476],[172,3305,238],[173,242,170],[173,1611,128],[173,3660,53],[173,3829,204],[174,1737,62],[174,1737,274],[174,2156,313],[174,2634,145],[174,3203,447],[174,3539,208],[175,1532,125],[175,1532,242],[175,1853,434],[175,2257,318],[175,2257,208],[175,2709,184],[176,1892,247],[176,1964,480],[176,1964,105],[176,3970,353],[177,152,162],[177,1195,352],[177,1957,185],[177,1957,298],[178,1198,349],[178,2195,171],[178,2195,338],[178,2195,302],[178,3140,105],[178,3140,226],[178,3140,317],[178,3341,133],[178,3341,166],[179,2890,104],[179,2890,326],[179,3456,200],[179,3456,168],[179,3456,296],[179,3613,230],[179,3613,311],[180,1066,109],[180,1066,464],[180,1931,478],[180,3045,444],[180,3989,476],[181,1723,253],[181,2611,186],[181,2753,356],[181,2753,273],[181,2753,329],[182,45,392],[182,45,300],[182,153,414],[182,1457,215],[182,1457,113],[182,1784,456],[182,2599,197],[182,2599,359],[182,2599,215],[182,2864,21],[182,2864,291],[182,3437,197],[182,3437,39],[183,66,199],[183,573,115],[183,573,46],[183,2273,89],[183,2273,235],[183,3621,295],[183,3752,398],[183,3752,404],[184,609,254],[184,744,245],[184,3509,455],[184,3509,62],[184,3613,230],[184,3613,311],[184,3925,442],[185,2284,222],[185,2284,277],[186,624,261],[186,2090,207],[186,2090,273],[186,2090,404],[186,2417,184],[186,3591,102],[186,3867,210],[186,3867,1],[187,105,316],[187,122,400],[187,122,433],[187,545,193],[187,948,354],[187,1623,429],[188,68,163],[188,617,201],[188,2042,418],[188,2042,10],[188,3329,35],[189,356,400],[189,715,408],[189,1455,264],[189,1455,299],[189,1763,209],[189,3361,309],[189,3465,354],[190,2091,471],[190,2627,455],[190,2797,465],[191,1961,490],[191,3530,207],[191,3530,217],[191,3579,294],[192,638,369],[192,638,153],[192,1994,195],[192,1994,118],[192,3307,443],[192,3307,457],[192,3719,1],[192,3719,453],[192,3719,193],[193,102,124],[193,1565,229],[193,1569,475],[193,1569,403],[193,2208,379],[193,2208,425],[194,1286,258],[194,1999,188],[194,3433,401],[194,3773,173],[194,3773,313],[195,1172,455],[195,1172,193],[195,2030,234],[195,2257,318],[195,2257,208],[195,2536,435],[195,2536,206],[196,1189,252],[196,1353,204],[196,1353,329],[196,1353,442],[196,1353,333],[196,1373,34],[196,1424,43],[196,3690,266],[196,3690,490],[197,1472,249],[197,2304,392],[197,2920,456],[197,3610,481],[197,3610,331],[198,1167,438],[198,3382,17],[198,3382,355],[198,3445,247],[198,3445,140],[199,64,168],[199,64,372],[199,642,237],[199,2327,497],[199,3041,438],[199,3994,258],[200,1343,397],[200,1505,229],[200,1505,160],[200,2373,262],[200,2776,92],[200,3530,207],[200,3530,217],[201,516,238],[201,516,259],[201,574,353],[201,1003,180],[201,1755,304],[201,2068,282],[201,3297,480],[201,3600,155],[202,36,198],[202,118,385],[202,118,261],[202,2223,299],[202,2498,308],[202,3197,378],[202,3626,338],[202,3626,195],[203,671,363],[203,671,490],[203,1626,411],[203,1626,208],[203,1737,62],[203,1737,274],[203,2536,435],[203,2536,206],[203,3504,439],[203,3799,276],[204,523,296],[204,2185,262],[204,2185,403],[204,2454,291],[204,3719,1],[204,3719,453],[204,3719,193],[205,445,408],[205,445,450],[205,971,448],[205,971,65],[205,3305,476],[205,3305,238],[206,652,471],[206,778,363],[206,778,243],[206,3341,133],[206,3341,166],[207,2408,447],[207,3440,74],[207,3440,169],[207,3762,244],[207,3762,377],[208,2904,229],[209,129,346],[209,835,426],[209,976,236],[209,2121,121],[209,2121,312],[209,3220,476],[210,682,121],[210,918,433],[210,2521,493],[210,3100,163],[210,3595,402],[210,3910,257],[211,1271,82],[211,1271,283],[211,1271,400],[211,2208,379],[211,2208,425],[211,2473,396],[211,2473,176],[211,2648,298],[211,2648,324],[211,3120,270],[211,3454,482],[211,3454,327],[211,3724,363],[211,3724,471],[212,1319,254],[212,1353,204],[212,1353,329],[212,1353,442],[212,1353,333],[212,3269,98],[213,32,39],[213,32,364],[213,32,484],[213,1231,249],[213,1231,322],[213,1938,325],[213,3752,398],[213,3752,404],[214,1150,274],[214,1231,249],[214,1231,322],[214,2866,361],[214,2866,406],[214,3335,169],[214,3335,378],[214,3787,283],[214,3810,295],[215,458,358],[215,458,179],[215,1038,288],[215,1739,414],[215,1739,251],[215,1742,84],[215,2345,90],[215,2345,358],[216,291,254],[216,385,413],[216,1014,241],[216,1293,394],[216,1585,465],[216,2355,260],[216,2355,433],[216,2919,365],[217,1094,341],[217,1714,109],[217,2545,426],[217,2545,221],[217,2545,266],[217,3354,276],[218,1903,438],[218,2583,422],[218,3499,179],[219,118,385],[219,118,261],[219,629,172],[219,629,383],[219,1271,82],[219,1271,283],[219,1271,400],[219,1976,372],[219,2150,280],[219,2150,458],[219,2368,383],[219,2368,489],[219,2368,271],[219,3130,386],[219,3130,469],[220,111,429],[220,1355,448],[220,1355,489],[220,2659,457],[220,2659,396],[220,3276,108],[220,3276,243],[220,3935,107],[220,3935,458],[220,3935,464],[221,455,365],[221,455,341],[221,455,439],[221,3283,137],[221,3283,176],[221,3283,412],[222,972,249],[222,972,261],[222,2382,465],[222,2382,170],[222,2382,360],[222,2382,366],[222,2384,359],[222,3012,414],[222,3012,45],[223,86,376],[223,86,407],[223,281,207],[223,281,450],[223,281,20],[223,341,389],[223,341,191],[223,341,46],[223,1096,142],[223,2753,356],[223,2753,273],[223,2753,329],[223,3643,243],[224,428,377],[224,428,313],[224,663,367],[224,680,382],[224,680,56],[224,680,412],[224,876,493],[224,2419,327],[225,14,80],[225,14,479],[225,1549,129],[226,1608,283],[226,1861,440],[227,1558,252],[227,1814,359],[227,1814,456],[228,331,402],[228,331,439],[228,1164,231],[228,1921,349],[228,3640,469],[228,3718,225],[228,3718,89],[229,1435,211],[229,1435,238],[229,1957,185],[229,1957,298],[230,680,382],[230,680,56],[230,680,412],[230,720,137],[230,1680,152],[230,1680,411],[230,1936,234],[230,2462,316],[230,2462,334],[230,2462,389],[230,2462,249],[231,305,249],[231,2567,309],[231,3656,289],[232,855,167],[232,855,33],[232,1615,87],[232,2185,262],[232,2185,403],[232,2446,468],[232,2446,470],[232,2873,183],[232,3111,255],[232,3264,315],[233,1213,290],[233,2173,263],[233,2368,383],[233,2368,489],[233,2368,271],[233,3414,316],[233,3414,320],[233,3961,437],[234,767,296],[234,1227,115],[234,1227,133],[234,3833,40],[235,281,207],[235,281,450],[235,281,20],[235,1406,425],[236,101,122],[236,101,313],[236,101,336],[236,275,321],[236,1883,326],[236,1883,399],[236,2744,457],[236,2744,396],[236,3270,254],[237,18,485],[237,1032,457],[237,1887,331],[237,2885,207],[237,2885,418],[237,2885,452],[237,2885,263],[237,3614,77],[237,3614,486],[237,3811,69],[238,605,375],[238,605,340],[238,1728,89],[238,3850,2],[238,3850,355],[239,181,310],[239,337,221],[239,1739,414],[239,1739,251],[239,1769,26],[239,1769,64],[239,1769,257],[239,2221,470],[239,2221,349],[239,3762,244],[239,3762,377],[240,844,241],[240,844,395],[240,1098,453],[240,1098,85],[240,1645,479],[240,2749,320],[240,3162,306],[240,3162,5],[240,3162,68],[240,3740,132],[240,3740,233],[240,3740,304],[241,243,391],[241,2220,240],[241,2220,361],[241,2220,129],[242,564,149],[242,564,381],[242,1093,382],[242,1662,486],[242,2127,446],[242,3675,397],[243,311,77],[243,311,443],[243,401,14],[243,1632,455],[243,1632,149],[243,2317,314],[244,1170,80],[244,1317,478],[244,1317,135],[244,1947,306],[244,3092,424],[244,3659,363],[245,295,264],[245,632,446],[245,1677,140],[245,2090,207],[245,2090,273],[245,2090,404],[245,2944,80],[246,696,294],[246,696,388],[246,2382,465],[246,2382,170],[246,2382,360],[246,2382,366],[246,2956,376],[246,3424,376],[246,3863,272],[246,3863,332],[246,3889,281],[247,1162,279],[247,2872,256],[247,3696,334],[248,1479,96],[248,1633,255],[248,1916,337],[248,1916,399],[248,2480,188],[248,2998,458],[248,2998,316],[248,3186,354],[248,3490,400],[249,1492,276],[249,2095,327],[250,1109,93],[250,1109,277],[250,1719,412],[250,1917,35],[250,1917,371],[250,1917,408],[251,460,368],[251,460,85],[251,635,427],[251,2132,357],[251,2838,310],[251,3132,25],[251,3132,321],[252,441,456],[252,515,49],[252,515,444],[252,935,190],[252,935,413],[252,1217,317],[252,3234,333],[253,1647,84],[253,1647,420],[253,1787,128],[253,2922,500],[253,3457,210],[254,1175,361],[255,644,423],[255,644,67],[255,3132,25],[255,3132,321],[256,21,145],[256,388,267],[256,3445,247],[256,3445,140],[257,1138,347],[257,1138,419],[257,1138,415],[257,1663,312],[257,2013,374],[257,2013,466],[258,331,402],[258,331,439],[258,1464,412],[258,1464,459],[258,1532,125],[258,1532,242],[258,3869,371],[259,929,396],[259,929,285],[259,1005,492],[259,2171,331],[259,3052,109],[259,3052,129],[259,3052,415],[259,3096,414],[259,3819,414],[259,3819,328],[260,541,470],[260,541,358],[260,1418,225],[260,1843,261],[260,2599,197],[260,2599,359],[260,2599,215],[261,35,420],[261,1609,469],[262,696,294],[262,696,388],[262,2597,287],[262,2701,304],[262,2924,242],[262,2924,185],[262,3295,290],[262,3295,447],[263,599,286],[263,3415,391],[263,3508,416],[264,2462,316],[264,2462,334],[264,2462,389],[264,2462,249],[264,2507,169],[264,2608,18],[264,3218,411],[264,3850,2],[264,3850,355],[264,3977,356],[265,342,267],[265,556,311],[265,2864,21],[265,2864,291],[265,3816,172],[266,1017,491],[266,1805,303],[266,1858,399],[267,100,111],[267,1423,146],[268,455,365],[268,455,341],[268,455,439],[268,845,483],[268,1636,378],[268,1913,324],[268,1940,282],[268,2122,442],[268,2485,434],[269,493,84],[269,493,157],[269,1391,384],[269,1391,162],[269,2302,287],[269,2764,212],[269,2764,422],[269,2764,489],[270,40,316],[270,146,360],[270,2722,279],[270,2819,426],[270,3360,274],[271,714,318],[271,714,484],[271,1051,322],[271,1803,185],[271,1803,337],[271,1803,235],[271,2164,319],[272,899,208],[272,899,340],[272,2094,147],[272,2137,339],[272,2555,384],[272,2555,369],[272,3165,420],[273,2097,42],[273,2663,410],[273,3840,281],[273,3840,459],[274,925,27],[274,2042,418],[274,2042,10],[274,2452,259],[274,2452,337],[275,714,318],[275,714,484],[275,2844,146],[275,3959,452],[275,3959,102],[275,3959,314],[275,3959,379],[276,45,392],[276,45,300],[276,1138,347],[276,1138,419],[276,1138,415],[276,1922,461],[277,172,314],[277,172,267],[277,639,355],[277,1504,376],[277,2049,306],[277,2049,492],[278,267,37],[278,326,439],[278,608,338],[278,815,333],[278,815,304],[278,815,362],[278,1655,482],[278,1655,298],[278,2649,294],[278,3414,316],[278,3414,320],[278,3633,270],[279,237,456],[279,1695,308],[279,1803,185],[279,1803,337],[279,1803,235],[279,1987,375],[279,2931,316],[280,293,89],[280,2555,384],[280,2555,369],[280,2594,269],[280,2658,402],[280,2681,472],[280,3881,305],[280,3881,316],[281,580,332],[282,472,489],[282,853,298],[282,3658,148],[283,73,400],[283,271,56],[283,271,281],[283,838,404],[283,838,179],[283,1477,329],[283,1477,429],[283,3915,138],[283,3915,337],[284,103,421],[284,2731,385],[284,3371,63],[284,3371,153],[284,3744,306],[285,895,166],[285,957,477],[285,2147,93],[285,3636,355],[285,3729,224],[285,3740,132],[285,3740,233],[285,3740,304],[286,1023,205],[286,1023,148],[286,1426,434],[286,3304,352],[287,363,485],[287,423,373],[287,423,433],[287,1561,250],[287,3098,157],[287,3098,384],[287,3836,478],[288,101,122],[288,101,313],[288,101,336],[288,1852,40],[288,1852,381],[288,1852,83],[288,1852,14],[288,1852,333],[288,2013,374],[288,2013,466],[288,2489,292],[288,3371,63],[288,3371,153],[289,659,256],[289,668,424],[289,668,48],[289,1436,338],[289,2271,489],[289,2271,226],[289,2440,469],[290,2369,374],[290,3247,468],[290,3299,348],[290,3837,390],[290,3968,305],[291,1298,495],[291,1298,139],[291,3003,312],[291,3003,70],[291,3610,481],[291,3610,331],[291,3920,47],[291,3920,250],[292,894,231],[292,894,439],[292,1443,364],[292,2154,467],[292,2721,451],[292,3298,132],[292,3298,442],[292,3493,416],[293,244,348],[293,1297,442],[293,1948,370],[293,1948,265],[293,1948,440],[293,3118,376],[293,3893,217],[293,3993,393],[294,2444,243],[294,2444,341],[294,3204,468],[294,3204,187],[295,1228,339],[295,1490,150],[295,3193,25],[295,3193,428],[296,251,412],[296,251,417],[296,862,328],[296,2768,301],[297,17,343],[297,185,443],[297,185,484],[297,1338,461],[297,2240,340],[297,2377,384],[297,2377,171],[297,2928,421],[298,673,450],[298,989,31],[298,989,377],[298,3152,371],[298,3645,441],[299,765,233],[299,765,8],[299,1357,293],[299,3444,151],[299,3741,194],[300,22,467],[300,681,54],[300,1043,496],[300,1173,443],[301,1186,12],[301,1186,471],[301,1955,273],[301,2978,389],[301,3754,436],[302,95,220],[302,95,497],[302,355,487],[302,355,39],[302,1073,96],[302,1600,407],[302,1991,351],[302,2128,487],[303,233,340],[303,849,324],[303,965,378],[303,965,275],[303,2345,90],[303,2345,358],[303,3134,58],[303,3134,407],[303,3572,353],[303,3572,362],[304,77,483],[304,77,183],[304,1155,377],[304,1321,472],[304,3714,309],[305,640,438],[305,2648,298],[305,2648,324],[305,2902,498],[305,3453,250],[305,3453,467],[305,3531,472],[306,1568,76],[306,3566,51],[306,3566,260],[306,3602,286],[306,3602,484],[307,2225,47],[307,2668,416],[307,2697,388],[307,2697,467],[307,3094,317],[307,3094,406],[307,3274,420],[308,432,469],[308,531,461],[308,956,395],[308,1872,246],[308,3008,369],[309,3079,98],[309,3079,100],[309,3755,170],[310,792,137],[310,1268,454],[310,1268,260],[310,2109,407],[310,2866,361],[310,2866,406],[311,64,168],[311,64,372],[311,669,324],[311,1181,421],[311,2233,309],[311,2233,372],[311,2233,430],[312,1806,310],[312,1912,221],[312,3076,204],[313,70,39],[313,2841,73],[314,445,408],[314,445,450],[314,872,68],[314,2382,465],[314,2382,170],[314,2382,360],[314,2382,366],[314,2452,259],[314,2452,337],[315,550,413],[315,2436,488],[315,2496,294],[315,2496,478],[315,3450,347],[315,3540,43],[316,507,178],[317,1007,480],[317,1106,330],[317,1106,46],[317,1454,483],[317,2977,282],[317,3611,52],[317,3611,389],[318,1062,100],[318,1140,469],[318,1572,418],[318,2451,394],[318,3071,40],[318,3071,325],[318,3310,432],[319,453,7],[319,453,44],[319,623,322],[319,981,409],[319,981,187],[319,1199,17],[319,3452,462],[320,1717,284],[320,1917,35],[320,1917,371],[320,1917,408],[320,2055,410],[320,2938,126],[320,3070,371],[321,278,449],[321,827,346],[321,1888,221],[321,2284,222],[321,2284,277],[321,3069,433],[321,3322,6],[321,3322,130],[322,772,250],[322,972,249],[322,972,261],[323,318,488],[323,487,464],[323,1840,261],[323,2846,401],[323,3382,17],[323,3382,355],[323,3826,356],[324,1221,427],[324,2741,347],[324,2741,152],[325,1734,410],[325,2099,85],[325,3501,196],[325,3501,72],[325,3562,361],[325,3772,181],[326,119,445],[326,119,357],[326,2090,207],[326,2090,273],[326,2090,404],[327,1506,429],[327,2072,455],[327,3032,379],[328,369,368],[328,1303,330],[328,2822,177],[328,3134,58],[328,3134,407],[329,2347,402],[329,2988,491],[329,2988,344],[330,2544,192],[330,2544,492],[330,2665,76],[330,3359,107],[330,3359,78],[331,1869,81],[331,1952,284],[331,2248,104],[332,503,241],[332,503,319],[332,815,333],[332,815,304],[332,815,362],[332,2926,359],[332,2950,256],[332,3572,353],[332,3572,362],[333,1232,365],[333,1232,261],[333,1334,120],[333,3880,230],[334,180,496],[334,736,463],[334,1080,390],[334,1465,407],[334,2972,457],[335,312,381],[335,438,411],[335,629,172],[335,629,383],[335,747,13],[335,1202,491],[335,2483,364],[336,67,441],[336,182,388],[336,182,478],[336,1244,266],[336,3708,301],[337,149,379],[337,1467,462],[337,2354,69],[337,2354,295],[337,2354,255],[337,3025,386],[337,3025,113],[338,3923,34],[338,3923,365],[339,1283,485],[339,2403,406],[339,3683,368],[340,219,472],[340,2470,479],[340,2470,150],[341,108,393],[341,601,353],[341,1852,40],[341,1852,381],[341,1852,83],[341,1852,14],[341,1852,333],[341,2715,477],[342,90,433],[342,569,449],[342,2182,364],[342,3148,54],[342,3440,74],[342,3440,169],[342,3667,126],[342,3667,230],[342,3667,458],[343,214,383],[343,1680,152],[343,1680,411],[343,1821,346],[344,74,421],[344,484,5],[344,484,268],[344,996,322],[344,2293,21],[344,2462,316],[344,2462,334],[344,2462,389],[344,2462,249],[345,713,379],[345,713,402],[345,1875,52],[345,1875,389],[345,2313,425],[345,2661,36],[345,3352,107],[345,3352,205],[345,3707,32],[346,990,291],[346,990,351],[346,2111,95],[346,2111,163],[346,2111,473],[347,1224,45],[347,1224,378],[347,3207,222],[347,3661,388],[348,277,472],[348,1328,473],[348,1328,406],[348,3935,107],[348,3935,458],[348,3935,464],[349,783,50],[349,1948,370],[349,1948,265],[349,1948,440],[349,1960,188],[349,2300,440],[350,1298,495],[350,1298,139],[350,1862,412],[350,2167,134],[350,2431,80],[351,168,99],[351,168,360],[351,168,362],[351,456,139],[351,456,181],[351,2365,281],[351,2684,449],[351,2697,388],[351,2697,467],[352,3534,35],[352,3534,491],[352,3671,133],[352,3671,433],[353,2038,208],[353,2355,260],[353,2355,433],[353,2849,467],[354,662,300],[354,833,144],[355,695,109],[356,1919,327],[356,1919,248],[356,1919,430],[356,2220,240],[356,2220,361],[356,2220,129],[356,3761,205],[357,94,394],[357,567,163],[357,1393,419],[357,3390,250],[358,1084,122],[358,3574,494],[359,1764,397],[359,1809,378],[359,2488,370],[359,2488,159],[360,828,382],[360,1464,412],[360,1464,459],[360,1655,482],[360,1655,298],[360,3691,430],[361,1123,260],[362,163,160],[362,163,459],[362,840,190],[362,840,459],[362,2652,336],[362,2652,257],[362,3268,60],[362,3268,190],[363,2056,435],[364,273,444],[364,960,428],[365,795,241],[365,874,420],[365,2500,384],[366,1769,26],[366,1769,64],[366,1769,257],[366,2242,401],[366,3263,447],[366,3263,458],[367,341,389],[367,341,191],[367,341,46],[367,1446,435],[367,2459,190],[367,2459,59],[367,2871,258],[368,570,159],[368,3721,212],[368,3721,386],[368,3953,184],[368,3953,285],[369,1410,427],[369,1415,209],[369,1796,461],[369,2940,461],[370,2074,191],[370,3524,55],[370,3647,227],[370,3647,423],[370,3897,41],[371,2359,397],[371,2359,422],[371,2632,320],[372,1989,153],[372,1989,166],[372,2180,79],[372,2180,487],[372,2752,297],[373,3273,425],[373,3401,163],[373,3456,200],[373,3456,168],[373,3456,296],[374,271,56],[374,271,281],[374,576,311],[374,3114,386],[374,3114,246],[374,3114,44],[375,1098,453],[375,1098,85],[375,2350,117],[375,2350,340],[375,2609,491],[375,2609,69],[375,3399,379],[377,571,126],[377,571,234],[377,1942,472],[377,2359,397],[377,2359,422],[378,821,410],[378,2579,406],[379,2890,104],[379,2890,326],[379,3307,443],[379,3307,457],[380,1197,4],[380,2009,159],[380,2009,366],[380,3953,184],[380,3953,285],[381,2964,289],[381,3027,55],[382,1232,365],[382,1232,261],[382,2082,448],[382,2473,396],[382,2473,176],[382,3635,401],[383,258,179],[383,2843,218],[383,2843,192],[383,2843,226],[383,2843,115],[383,2843,398],[383,2969,175],[383,3055,435],[384,3062,176],[384,3062,332],[385,185,443],[385,185,484],[385,2146,424],[385,3318,387],[386,839,408],[386,2777,323],[386,3140,105],[386,3140,226],[386,3140,317],[387,200,377],[387,398,44],[387,2769,455],[387,3243,434],[387,3534,35],[387,3534,491],[388,1626,411],[388,1626,208],[388,2889,139],[389,937,275],[390,353,185],[390,353,413],[390,503,241],[390,503,319],[390,2115,423],[390,3110,463],[391,1160,403],[391,1237,407],[391,1958,135],[392,538,414],[392,1317,478],[392,1317,135],[392,1496,77],[392,2322,167],[392,3605,154],[393,1027,134],[393,2035,143],[393,2035,493],[393,2035,271],[393,2843,218],[393,2843,192],[393,2843,226],[393,2843,115],[393,2843,398],[393,2861,212],[393,2861,384],[394,357,488],[394,3068,66],[394,3114,386],[394,3114,246],[394,3114,44],[395,366,130],[395,366,199],[395,463,457],[395,628,161],[395,3567,387],[396,1024,404],[396,2839,76],[396,2839,77],[397,1420,114],[397,3288,490],[397,3705,292],[398,226,451],[398,226,486],[398,1499,139],[399,349,57],[399,671,363],[399,671,490],[399,2270,168],[400,3739,119],[401,572,486],[401,2053,234],[401,2424,214],[401,2424,3],[402,491,403],[402,2381,10],[403,402,492],[403,1274,333],[403,1274,464],[403,1473,443],[403,2598,426],[404,1834,68],[404,3496,279],[404,3496,428],[405,2427,436],[405,2427,437],[405,2430,409],[405,2988,491],[405,2988,344],[405,3204,468],[405,3204,187],[405,3589,41],[405,3589,12],[406,455,365],[406,455,341],[406,455,439],[406,694,430],[406,891,226],[407,2861,212],[407,2861,384],[408,794,431],[408,1180,445],[408,1180,492],[408,1510,448],[409,2669,435],[409,3481,65],[409,3931,138],[410,594,371],[410,1330,449],[410,3719,1],[410,3719,453],[410,3719,193],[411,1897,103],[411,3650,404],[411,3650,471],[411,3980,370],[412,3515,294],[413,1268,454],[413,1268,260],[413,2143,415],[414,1800,358],[414,3849,475],[414,3849,215],[415,220,65],[415,510,425],[415,605,375],[415,605,340],[415,1493,14],[416,1183,467],[416,2562,479],[416,2585,396],[416,2764,212],[416,2764,422],[416,2764,489],[416,3175,480],[417,753,167],[417,810,351],[417,3723,20],[417,3959,452],[417,3959,102],[417,3959,314],[417,3959,379],[418,782,362],[418,782,390],[418,2809,219],[418,3702,436],[418,3702,29],[418,3946,226],[419,1601,454],[419,3144,21],[419,3144,221],[419,3323,454],[419,3585,237],[419,3585,463],[419,3748,432],[419,3748,171],[419,3998,422],[420,602,224],[421,716,449],[421,2762,18],[422,42,449],[422,42,474],[422,2141,436],[422,2141,20],[423,974,213],[423,2180,79],[423,2180,487],[423,3527,93],[424,1483,1],[424,1579,445],[424,1579,421],[425,778,363],[425,778,243],[425,2155,79],[426,2753,356],[426,2753,273],[426,2753,329],[426,3248,23],[426,3248,410],[427,687,434],[427,2252,498],[427,3479,281],[427,3955,485],[427,3955,164],[428,1477,329],[428,1477,429],[428,1552,399],[428,1725,495],[428,2150,280],[428,2150,458],[428,2639,339],[429,1311,329],[429,1311,464],[429,1311,158],[429,1602,49],[429,1994,195],[429,1994,118],[430,56,491],[430,558,492],[430,1634,431],[431,296,83],[431,677,10],[431,677,236],[432,765,233],[432,765,8],[432,3632,453],[433,1438,160],[434,798,446],[435,946,286],[435,1526,229],[435,3599,203],[436,741,475],[436,2667,477],[436,3849,475],[436,3849,215],[437,1055,296],[437,1761,440],[437,1761,181],[437,1761,206],[437,2718,463],[437,3615,342],[438,3767,366],[439,875,103],[439,2201,367],[439,3695,344],[440,666,137],[440,1458,342],[440,2043,238],[441,2695,465],[441,2782,451],[441,2858,135],[441,3678,463],[444,43,20],[444,863,394],[445,1037,482],[445,1647,84],[445,1647,420],[445,2469,482],[445,3054,242],[446,1107,470],[446,1783,487],[446,2076,454],[446,2998,458],[446,2998,316],[447,1614,192],[447,2644,227],[447,3999,177],[448,1407,339],[448,3177,295],[449,2532,105],[449,2741,347],[449,2741,152],[451,987,255],[451,1266,452],[451,1964,480],[451,1964,105],[451,3130,386],[451,3130,469],[452,1932,228],[452,1932,258],[452,2354,69],[452,2354,295],[452,2354,255],[452,3511,82],[453,727,389],[453,2183,374],[453,3193,25],[453,3193,428],[454,796,462],[454,796,37],[454,3020,471],[454,3418,270],[455,986,204],[455,986,94],[456,3558,392],[456,3848,162],[456,3848,389],[457,820,413],[458,2170,198],[458,2170,253],[458,2805,83],[459,2085,255],[460,1322,475],[460,1355,448],[460,1355,489],[460,2816,480],[460,3306,386],[460,3743,477],[461,3709,134],[462,902,497],[462,3364,485],[462,3509,455],[462,3509,62],[463,3115,220],[463,3538,465],[464,404,150],[464,404,499],[464,1780,499],[464,2281,482],[465,3128,454],[466,2501,267],[467,131,432],[467,2788,322],[468,2689,105],[468,2689,143],[469,2550,66],[469,2983,54],[469,2983,300],[470,2563,177],[473,1932,228],[473,1932,258],[473,2108,255],[473,3489,330],[473,3489,277],[473,3702,436],[473,3702,29],[473,3748,432],[473,3748,171],[474,1076,468],[474,1182,497],[474,1666,493],[474,2035,143],[474,2035,493],[474,2035,271],[474,2311,485],[475,1871,500],[475,3340,480],[476,86,376],[476,86,407],[476,1846,37],[476,3042,473],[477,1430,489],[477,1997,481],[477,1997,319],[478,1703,8],[478,2022,189],[479,345,295],[479,345,352],[479,415,483],[479,415,170],[479,415,444],[479,2399,92],[480,2015,113],[480,3773,173],[480,3773,313],[481,32,39],[481,32,364],[481,32,484],[481,1400,71],[481,2601,115],[481,3144,21],[481,3144,221],[481,3903,468],[481,3903,16],[482,1039,159],[482,3625,59],[483,1826,495],[483,3358,489],[484,2426,160],[484,2794,363],[484,3271,266],[486,336,94],[486,1455,264],[486,1455,299],[487,2659,457],[487,2659,396],[487,3425,86],[488,12,231],[488,1720,265],[488,2009,159],[488,2009,366],[488,2843,218],[488,2843,192],[488,2843,226],[488,2843,115],[488,2843,398],[490,1550,247],[490,1901,135],[490,1901,499],[491,2202,395],[492,259,338],[493,514,496],[493,3597,387],[494,743,176],[494,743,233],[494,2075,197],[494,2075,485],[494,2362,307],[494,3052,109],[494,3052,129],[494,3052,415],[494,3476,375],[495,3282,494],[495,3282,457],[495,3295,290],[495,3295,447],[495,3735,361],[496,459,340],[496,520,497],[496,3334,497],[496,3571,471],[497,3030,345],[497,3052,109],[497,3052,129],[497,3052,415],[498,2368,383],[498,2368,489],[498,2368,271],[498,3517,101],[498,3522,200],[499,947,244],[499,1890,498],[499,3331,205],[499,3987,30],[500,456,139],[500,456,181],[500,1239,146],[500,1332,247]];

jitters = [10000,20000,10000,50000,20000,20000,10000,10000,50000,10000,10000,100000,100000,100000,10000,50000,1000,20000,20000,100000,100000,10000,100000,10000,20000,100000,20000,10000,2000,20000,2000,20000,20000,10000,10000,100000,10000,10000,10000,50000,20000,1000,20000,10000,100000,20000,100000,10000,20000,2000,100000,10000,20000,20000,10000,100000,20000,100000,20000,10000,100000,10000,20000,10000,100000,10000,10000,50000,100000,20000,50000,100000,20000,100000,10000,100000,10000,1000,100000,100000,20000,20000,10000,100000,100000,20000,100000,10000,10000,20000,10000,10000,20000,20000,10000,10000,20000,10000,10000,100000,50000,100000,100000,20000,1000,20000,10000,1000,20000,20000,10000,10000,10000,10000,10000,20000,10000,100000,1000,10000,100000,5000,100000,10000,100000,50000,20000,100000,20000,20000,100000,10000,10000,10000,5000,1000,10000,10000,20000,20000,100000,10000,20000,20000,10000,100000,10000,100000,1000,20000,10000,10000,20000,20000,50000,20000,10000,100000,50000,20000,20000,100000,20000,100000,1000,2000,1000,1000,20000,10000,20000,100000,100000,100000,10000,100000,10000,2000,100000,10000,1000,5000,20000,10000,10000,1000,20000,100000,20000,10000,100000,10000,10000,100000,20000,100000,5000,10000,10000,100000,100000,100000,100000,100000,100000,20000,100000,100000,20000,10000,20000,10000,10000,100000,5000,10000,100000,10000,20000,20000,100000,10000,20000,10000,100000,2000,100000,2000,100000,10000,20000,10000,20000,10000,10000,10000,10000,100000,10000,100000,10000,10000,20000,20000,10000,1000,10000,20000,20000,20000,10000,100000,1000,10000,10000,50000,10000,100000,5000,100000,100000,100000,10000,10000,50000,100000,50000,100000,10000,20000,20000,100000,1000,100000,20000,100000,20000,100000,20000,100000,1000,100000,20000,20000,100000,10000,10000,100000,100000,20000,50000,100000,100000,100000,20000,20000,100000,100000,100000,100000,20000,10000,100000,100000,100000,20000,100000,100000,100000,10000,50000,10000,100000,20000,10000,20000,100000,10000,20000,100000,10000,10000,10000,100000,10000,20000,20000,20000,20000,20000,5000,1000,100000,10000,10000,10000,20000,100000,100000,100000,100000,10000,20000,20000,20000,20000,10000,100000,2000,20000,10000,10000,100000,20000,10000,10000,10000,5000,100000,20000,10000,1000,20000,10000,100000,10000,20000,20000,100000,100000,100000,50000,10000,20000,20000,1000,100000,100000,20000,50000,10000,20000,20000,100000,20000,20000,20000,10000,20000,10000,10000,5000,100000,10000,100000,20000,100000,10000,100000,20000,10000,20000,20000,20000,20000,100000,10000,20000,20000,100000,10000,20000,10000,5000,10000,100000,10000,100000,10000,100000,50000,10000,10000,20000,10000,20000,10000,20000,20000,20000,20000,10000,10000,10000,20000,100000,10000,10000,100000,2000,10000,100000,20000,10000,20000,10000,100000,20000,10000,100000,100000,100000,10000,10000,20000,5000,10000,10000,1000,100000,100000,10000,10000,20000,10000,10000,100000,20000,100000,10000,20000,100000,2000,10000,100000,2000,100000,10000,100000,100000,50000,20000,100000,20000,10000,10000,10000,10000,100000,100000,20000,20000,10000,5000,20000,10000,10000,10000,100000,1000];

