NumChains = 50;
NumResources = 3;
NumRunnablesInChains = 242;
MemoryBoundOnResource = 1048576;
UtilizationBoundOnResource = 100;

numberOfTasksinChain = [7,7,7,11,7,11,11,7,11,11,11,9,11,11,7,7,9,9,9,11,11,7,7,7,9,7,9,7,11,9,5,9,7,7,7,9,9,9,9,9,7,9,7,11,7,7,11,7,9,11];

runnablesInChains = [161,490,179,273,479,413,40,204,112,190,25,280,445,116,214,81,487,370,386,178,209,88,49,139,464,246,402,235,317,180,272,31,296,396,10,432,211,207,39,142,425,278,1,371,130,38,162,49,416,133,239,95,90,83,413,332,283,193,88,250,202,410,146,112,315,51,414,260,369,7,64,115,84,373,193,61,386,453,364,136,348,321,290,467,468,153,119,1,399,340,192,255,394,289,180,234,302,488,483,424,280,57,262,354,424,17,280,206,419,96,428,286,471,272,388,420,58,448,131,110,436,32,164,167,362,163,40,185,339,287,142,46,294,448,72,314,74,325,304,299,21,496,36,480,16,402,47,87,91,128,499,349,225,125,409,342,128,360,288,406,53,166,280,15,160,295,399,269,106,151,226,412,236,18,333,310,141,180,323,183,496,378,333,19,140,196,232,448,458,284,275,379,232,102,79,203,169,55,427,9,248,140,456,86,450,217,242,343,182,435,349,462,249,382,62,442,323,65,253,378,353,473,431,74,221,469,300,24,446,125,257,397,122,35,83,22,334,135,161,171,1,444];

ProcessingTimesOfMessages = [[1,1,1,1,1,1],[1,1,1,1,1,1,1,1,1,1,1,1],[1,1,1,1,1,1,1,1,1,1,1,1],[1,1,1,1,1],[2,2,1,1,1,1],[1,1,1,1,1,1,1,1,1,1,1],[1,1,1],[1,1,1,1,1,1,1,1],[1,1,1,1,1,1,1,1,1],[1,1,1,1,1,1,1],[1,1,1,1,1,1,1,1],[1,1,1,1,1,1,1,1,1],[1,1,1,1,1,1,1],[1,1,1,1,1,1,1,1,1],[1,1,1,1,1,1,1,1],[1,1,1,1,1],[1,1,1,1,1,1,1,1],[1,1,1,1,1,1,1,1,1,1,1,1],[1,1,1,1,1,1,1],[1,1,1,1,1,1,1,1,1],[1,1,1,1,1,1,1,1,1,1],[1,1,1,1,1,1,1],[1,1,1,1,1,1,1,1,1],[1,1,1,1,1],[1,1,1,1,1,1,1,1],[1,1,1,1,1,1,1,2,1,1,1],[1,2,1,1,1,1,1,1,1],[1,1,1,1,1,1,1,1,1,1],[1,1,1,1,1,1,1,1,1,1,1,1,1],[1,1,1,1,1,1,1,1,1,1,1,1],[1,1,1,1,1,1,1,1],[1,1,1,1,1,1,1,1,1],[1,1,1,1,1,1,1,1,1,1,1,1],[1,1,1,1,1,1,1,1],[1,1,1,1,1],[1,1,1,1,1,1,1],[1,1,1,1,1],[1,1,1,1,1,1,1,1],[1,1,1,1,1,1],[1,1,1,1,1,1,1,1,1],[1,1,1,1,1,1,1,1,1],[1,1,1,1,1,1,1],[1,1,1,1,1,1,1,1,1,1,1,1,1],[1,1,1,1,1,1,1,1,1],[1,1,1,1],[1,1,1,1,1,1,1,1,1],[1,1,1,1,1,1],[1,1,1,1,1,1,1,1],[1,1,1,1,1,1,1,1],[1,1,1,1,1,1,1,1,1,1,1,1,1,1],[1,1,1,1,1,1],[1,1,1,1,1,1,1,1],[1,1,1,1,1,1],[1,1,1,1,1,1],[1,1,1,1,1,1,1,1],[1,1,1,1,1,1,1,1,1,1],[1,1,1,1,1],[1,1,1,1,1,1,1,1,1,1,1,1,1,1],[1,1,1,1,1,1,1,1,1],[1,1,1,1,1,1,1],[1,1,1,1,1,1,1],[1,1,1,1,1,1,1,1],[1,1,1,1,1,1,1,1],[1,1,1],[1,1,1,1,1,1,1,1],[1,1,1,1,1,1,1],[1,1,1,1,1,1,1],[1,1,1,1],[1,1,1,1,1,1,1,1,1,1,1],[1,1,1,1,2],[1,1,1,1,1,1,1],[1,1,1,1,1,1,1,1,1,1],[1,1,1,1,1],[1,1,1,1,1,1,1],[1,1,1,1],[1,1,1,1,1,1,1,1,1,1,1,1],[1,1,1,1,1,1,1,1,1],[1,1,1,1,1,1,1,1,1,1],[1,1,1,1,1,1,1,1,1],[1,1,1,1,2,1,1,1],[1,1,1,1,1,1,1,1],[1,1,1,1,1,1,1,1,1],[1,1,1,1,1,1,1,1],[1,1,1,1,1],[1,1,1,1,1,1,1,1],[1,1,1,1,1,1,1,1],[1,1,1,1,1,1],[1,1,1],[1,1,1,1,1,1,1,1],[1,1,1,1,1,1],[1,1,1,1,1,1,1,1,1,1,1],[1,1,1,1,1,1,1,1,1,1],[1,1,1,1],[1,1,1,1,1,1,1,1,1],[1,1,1,1,1,1],[1,1,1,1,1],[1,1,1,1,1,1,1,1,1,1],[1,1,1],[1,1,1,1,1,1,1],[1,1,1,1,1,1,1],[1,1,1,1,1,1,1,1,1],[1,1,1,1,1,1,1,1,1,1,1],[1,1,1,1,1,1,1,1],[1,1,1,1,1,1],[1,1,1,1,1,1,1,1,1,1,1,1],[1,1,1,1,1],[1,1,1,1,1,1,1,1,1],[1,1,1,1,1,1],[1,1,1,1,1,1,1],[1,1],[1,1,1,1,1,1,1,1,1,1,1,1,1,1,1],[1,1,1,1,1,1,1,1],[1,1,1,1,1,1],[1,1,1,1,1,1],[1,1,1,1,1,1],[1,1,1,1,1,1,1],[1,1,1,1],[1,1,1,1,1],[1,1,1,1,1,1],[1,1,1,1,1,1,1,1,1,1],[1,1,1,1,1,1],[1,1,1,1,1,1],[1,1,1,1,1,1,1,1,1,1,1,1],[1,1,1,1,1,1,1,1,1,1,1],[1,1,1,1,1,1,1],[1,1,1,1,1,1,1,1],[1,1,1,1,1,1],[1,1,1],[1,1],[1,1,1,1,1,1,1,1],[1,1,1,1,1],[1,1,1,1,1,1,1],[1,1,1,1],[1,1,1,1,1,1],[1,1,1,1,1,1],[1,1,2,1,1],[1,1,1,1,1,1],[1,1,1,1,1],[1,1,1,1,1,1],[1,1,1,1,1],[1,1,1,1,1],[1,1,1,1,1,1,1],[1,1,1,1,1],[1,1,1,1,1,1],[1,1,1,1,1,1,1,1,1,1,1],[1,1,1,1,1,1,1,1,1,1,1],[1,1,1,1],[1,1,1,1],[1,1,1,1,1],[1,1,1,1],[1,1,1,1,1,1,1,1,1],[1,1,1,1,1,1,1,1,1,1],[1,1,1,1,1,1,1],[1,1,1,1,1,1],[1,1,1,1,1],[1,1,1,1,1,1,1,1,1,1],[1,1,1,1,1],[1,1,1,1,1,1],[1,1,1,1],[1,1,1,1,1,1,1,1],[1,1,1,1,1,1,1,1],[1,1,1,1,1,1,1,1],[1,1,1,1,1,1,1,1,1,1],[1,1,1,1,1],[1,1,1,1,1,1],[1,1,1],[1,1,1,1,1,1],[1,1,1,1,1,1,1,1,1,1],[1,1,1],[1,1,1,1,1,1,1,1,1,1],[1,1,1,1,1,1,1,1],[1,1,1,1,1,1,1,1],[1,1,1,1,1,1],[1,1,1,1,1,1,1],[1,1,1,1,1],[1,1,1,1,1,1,1,1],[1,1,1,1,1,1,1,1,1,1,1],[1,1,1,1,1,1,1,1],[1,1,1,1,1,1,1,1,1],[1,1,1,1],[1,1,1,1,1,1],[1,1,1,1,1,1,1,1],[1,1,1,1,1,1,1,1,1,1],[1,1,1,1,1],[1,1,1,1,1,1,1,1,1,1],[1,1,1,1,1,1,1,1],[1,1,1,1,1,1],[1,1,1,1,1,1,1,1,1,1,1,1],[1,1,1,1,1,1],[1,1,1,1,1,1,1,1,1,1],[1,1,1,1,1,1,1,1,1,1,1],[1,1,1,1,1],[1,1,1,1,1,1,1,1,1],[1,1,1,1,1,1,1,1,1,1,1,1,1,1],[1,1,1,1,1,1,1,1,1],[1,1,1,1,1],[1,1,1,1,1,1,1,1,1,1],[1,1,1,1,1,1,1,1,1,1,1,1],[1,1,1,1,1],[1,1,1,1,1,1,1,1],[1,2,2,1,1,1,1,1,1],[1,1,1],[1,1],[1,1,1,1,1,1,1,1],[1,1,1,1],[1,1,1,1],[1,1,1,1,1],[1,1,1,1,1,1,1,1],[1,1,1,1,1,1,1],[1,1,1],[1,1,1,1,1,1],[1,1,1,1],[1,1,1,1,1],[1,1,1,1,1,1,1,1],[1,1,1,1,1,1,1],[1,1,1,1,1,1,1],[1,1,1,1,1],[1,1,1,1,1],[1,1,1,1,1],[1,1,1,1,1,1,1,1],[1,1,1,1,1,1,1,1,1],[1,1,1,1,1,1,1,1,1,1,1],[1,1,1,1,1,1],[1,1,1,1,1,1,1],[1,1,1,1],[1,1,1,1,1,1,1,1,1,1,1],[1,1,1,1,1,1,1,1],[1,1,1,1,1],[1,1,1,1,1,1],[1,1,1,1,1,1,1],[1,1,1,1,1,1,1,1],[1,1,1,1,1,1,1],[1,1,1,1,1,1,1,1],[1,1,1,1,1,1,1,1],[1,1,1,1,1,1,1,1],[1,1,1,1,1,1,1],[1,1,1,1,1],[1,1,1,1,1,1],[1,1,1,1,1,1,1,1,1,1,1,1,1],[1,1,1,1,1],[1,1,1,1,1,1],[1,1,1,1],[1,1,1,1,1,1],[1,1,1,1,1,1,1,1,1],[1,1,1,1,1,1,1],[1,1,1,1],[1,1,1,2],[1,1],[1,1,1,1,1],[1,1,1,1,1,1,1,1,1,1,1],[1,1],[1,1],[1,1,1],[1,1,1,1,1,1,1,1,1,1,1,1,1],[1,1,1,1,1],[1,1,1,1,1,1,1],[1,1],[1,1,1,1,1,1,1,1,1],[1,1,1,1],[1,1,1,1,1,1,1],[1],[1,1,1,1,1,1,1,1,1],[1,1,1,1,1],[1,1,1,1,1],[1,1,1],[1,1,1,1,1,1,1],[1,1,1,1,1,1,1,1,1],[1,1,1,1,1],[1,1,1,1,1],[1,1,1,1,1,1,1],[1,1,1,1,1,1,1],[2,1,1,1,1],[1,1,1,1,1,1,1],[1,1,1],[1,1,1,1,1],[1,1,1,1,1,1,1,1,1],[1,1,1,1,1,1,1],[1,1,1,1,1,1],[1,1,1,1],[1,1,1,1,1,1,1],[1,1,1,1,1,1,1,1,1],[1,1,1,1,1],[1,1,1,1,1],[1,1,1,1,1,1,1,1,1,1],[1,1,1,1,1,1],[1],[1,1,1,1,1],[1,1,1,1],[1,1,1,1,1,1,1],[1,1,1,1,1,1,1],[1,1,1,1,1,1,1,1],[1,1,1,1],[1,1,1,1],[1,1,1,1],[1,1,1,1,1,1,1],[1,1,1,1,1,1,1],[1,1,1,1],[1,1,1],[1,1,1,1,1],[1],[1,1,1,1,1,1,1],[1,1,1,1,1,1,1],[1,1,1,1,1,1,1],[1,1,1,1,1],[1,1,1],[1,1,1,1,1,1,1],[2,2,1,1,1,1,1,1,1,1,1,1,1,1],[1,1,1,1,1,1],[1],[1,1,1,1,1,1,1,1,1],[1,1,1,1],[1,1,1,1,1,1,1,1],[1,1,1,1,1,1,1,1,1,1,1,1],[1,1],[1,1,1,1,1,1,1],[1,1,1,1,1,1,1,1],[1,1,1],[1,1,1,1,1,1],[1,1,1],[1,1,1,1,1,1,1],[1,1,1,1,1],[1,1],[1],[1,1,2,1],[1,1,1],[1,1,1,1],[1,1,1,1,1,1,1,1,1],[1,1,1,1,1,1,1,1,1,1],[1,1,1,1],[1,1,1,1,1],[1,1,1,1,1,1,1],[1],[1,1,1,1,1,1,1,1],[1,1,1,1,1,1],[1,1,1,1],[1,1,1,1,1],[1,1,1,1],[1,1,1,1,1,1],[1,1,1,1,1,1,1],[1,1,1,1],[1],[1,1,1,1,1,1,1,1],[1,1,1,1],[1,1,1,1],[1,1,1,1,1,1,1,1],[1,1,1,1,1,1],[1,1,1,1,1,1],[1,1],[1,1],[1,1,1,1,1,1],[1,1,1,1,1,1],[1],[1,1,1,1,1],[1,1,1],[1,1,1,1],[1,1,1],[1,1,1,1,1],[1,1,1,1,1],[1,1,1,1,1,1,1,1,1,1,1,1,1],[1,1,1,1,1,1,1],[1,1,1,1,1],[1,1],[1,1,1,1,1,1,1,1,1],[2,1],[1,1,1,1,1,1],[1],[],[1,1,1,1],[1,1,1,1,1,1],[1,1],[1,1,1],[1,1,1,1,1,1],[1,1,1,1,1,1,1],[1,1,1,1,1,1,1,1,1,1,1,1],[1,1,1,1,1,1,1],[1,1,1],[1,1,1,1,1],[1,1,1,1,1,1,1],[1,1,1,1,1,1],[],[1],[1,1],[1,1,1,1],[1],[1,1,1,1,1,1,1],[1,1,1,1,1],[1,1,1,1],[2,2,1,1,1],[1,1,1],[1,1,1,1,1,1,1,1,1,1,1,1,1,1],[1,1,1],[1,1,1,1,1,1,1],[1,1,1,1],[1,1,1],[1,1,1],[1,1,1,1,1,1,1,1,1],[1,1,1,1],[],[1,1],[1,1],[1,1,1],[1,1],[1,1,1,1],[],[1],[1,1,1,1],[1,1,1],[1,1,1],[1,1,1,1,1],[1,1,1,1,1],[],[1,1,1,1,1],[1,1,1,1,1],[1],[1,1,1,1],[1,1,1,1,1],[1,1,1,1,1],[1],[1,1,1,1],[1,1,1,1,1],[1,1,1,1,1,1,1],[1,1,1,1,1],[1,1],[1,1,1],[1,1,1,1,1],[1,1,1,1],[1,1,1,1,1,1,1],[1,1,1,1,1],[1,1,1,1,1],[],[1,1,1],[1,1,1],[1,1,1,1,1,1],[1,1,1,1,1,1,1],[1,1,1,1,1,1,1],[1,1,1],[1],[1],[1,1,1,1],[1,1,1,1],[1,1,1],[1,1],[1,1,1],[1,1,1],[1,1,1,1],[1,1,1,1,1],[1,1],[1,1,1],[1,1,1,1,1],[1,1,1,1],[1,1,1,1,1,1],[1],[1,1],[1,1],[1,1,1],[1],[1,1,1],[1,1,1,1,1,1,1,1,1,1],[1,1,1,1,1],[1],[1,1],[1,1,1,1],[1,1,1,1],[1,1,1,1,1,1],[1,1,1,1,1,1,1,1],[1,1,1,1],[1],[1,1,1,1,1,1,1,1],[1,1,1,1,1,1],[1,1,1,1],[1,1,1,1],[1],[1,1,1,1,1,1,1],[1,1,1],[1,1,1,1],[1,1,1],[1,1,1],[1],[1,1,1],[],[1],[1,1,1,1,1],[1,1],[1,1,2,1],[1,1],[1,1,1],[1],[1,1,1,1,1,1],[1,1,1,1,1],[1],[1,1,1,1],[1,1,1,1,1],[],[1,1,1,1,1],[1],[1,1,1,1],[1,1,1,1],[1],[1,1,1,1,1,1,1],[1,1,1,1,1,1]];

processingTimesRunnables = [13,6,12,12,7,11,8,15,7,11,13,10,12,10,6,13,6,9,8,11,12,11,10,10,6,12,15,9,7,13,13,12,12,11,8,10,10,13,11,14,9,13,10,13,14,7,15,12,11,8,11,5,9,14,9,15,13,16,15,9,10,12,11,13,13,12,11,12,8,14,13,10,13,14,6,14,13,14,14,9,10,13,13,11,14,14,14,8,6,9,15,11,16,13,11,6,7,16,11,11,15,11,16,12,12,6,13,12,11,6,7,15,14,6,12,16,12,9,11,8,8,11,11,12,9,12,12,6,7,11,11,12,10,11,11,6,7,6,11,12,5,11,9,6,12,12,8,8,12,10,6,12,8,11,15,12,13,9,9,15,10,12,10,8,13,11,12,13,13,12,11,10,11,6,14,10,13,9,15,12,6,8,13,12,11,13,13,12,10,13,13,10,6,13,9,11,8,7,12,13,7,12,15,9,5,13,14,13,11,14,6,13,14,8,11,13,12,13,11,10,10,8,14,6,11,12,8,16,16,14,11,16,12,8,16,14,12,11,10,15,10,8,12,5,13,10,11,13,5,10,12,11,13,12,8,11,8,7,10,11,12,12,12,11,15,8,8,16,7,12,5,13,11,14,11,13,13,11,14,11,11,12,10,13,15,8,16,13,5,14,10,12,6,8,6,12,5,9,15,16,6,11,14,15,13,12,9,15,12,17,13,10,17,6,8,12,12,13,15,16,16,13,11,16,13,10,11,10,15,13,4,10,12,10,10,12,14,11,10,8,9,10,12,10,5,12,13,10,12,13,13,9,14,13,11,10,6,10,10,7,13,12,8,13,11,13,10,14,10,14,13,13,10,6,9,13,7,13,13,9,13,11,8,9,13,10,9,6,14,11,11,10,12,10,15,12,15,12,13,12,13,12,12,8,12,10,14,7,7,11,13,6,11,5,12,13,14,10,10,13,8,6,17,13,13,16,7,16,9,5,5,13,14,9,12,8,15,17,12,10,6,14,13,12,11,10,13,11,12,12,13,13,11,8,7,11,13,13,13,13,12,9,13,14,13,10,5,11,11,9,10,12,16,16,15,13,14,12,10,5,7,12,6,14,14,13,7,12,5,11,8,10,8,8,13,5,10,9,11,7];

periods = [100000,10000,20000,20000,20000,100000,20000,5000,100000,1000,10000,10000,100000,20000,20000,100000,20000,10000,10000,20000,10000,10000,20000,20000,20000,1000,100000,20000,20000,10000,10000,100000,2000,10000,10000,10000,20000,100000,100000,10000,10000,20000,20000,20000,20000,100000,100000,10000,100000,10000,20000,100000,10000,10000,2000,20000,20000,100000,10000,100000,50000,10000,20000,20000,10000,10000,100000,20000,10000,10000,10000,20000,20000,20000,1000,100000,100000,1000,2000,100000,2000,20000,10000,20000,100000,10000,100000,50000,10000,10000,100000,100000,20000,5000,10000,20000,10000,10000,20000,20000,100000,100000,1000,20000,100000,100000,100000,20000,20000,100000,10000,20000,20000,10000,20000,2000,2000,10000,100000,10000,100000,10000,10000,100000,20000,1000,10000,20000,1000,100000,100000,10000,100000,100000,100000,10000,10000,100000,100000,100000,10000,100000,100000,20000,20000,20000,1000,50000,20000,100000,10000,20000,5000,100000,1000,20000,1000,10000,20000,20000,100000,100000,10000,100000,20000,20000,100000,20000,2000,100000,100000,10000,20000,20000,100000,100000,10000,50000,100000,10000,10000,20000,10000,20000,10000,1000,10000,50000,10000,20000,100000,100000,50000,20000,10000,100000,10000,10000,100000,20000,10000,50000,2000,10000,10000,20000,1000,10000,50000,20000,1000,20000,10000,2000,20000,100000,10000,10000,20000,20000,20000,100000,20000,2000,20000,10000,20000,20000,20000,20000,20000,100000,100000,10000,100000,10000,100000,1000,10000,100000,10000,10000,1000,100000,1000,100000,20000,100000,20000,50000,10000,10000,10000,10000,10000,5000,20000,20000,100000,20000,50000,20000,10000,10000,20000,5000,10000,20000,100000,20000,20000,10000,100000,20000,100000,50000,100000,100000,10000,20000,10000,10000,50000,100000,10000,20000,100000,10000,10000,5000,100000,10000,20000,100000,100000,10000,20000,10000,10000,20000,20000,20000,20000,10000,20000,10000,10000,10000,20000,10000,10000,100000,10000,20000,20000,20000,10000,10000,100000,100000,5000,100000,10000,10000,20000,100000,100000,10000,10000,100000,20000,10000,10000,100000,20000,1000,10000,20000,10000,100000,50000,20000,20000,1000,10000,20000,10000,10000,20000,20000,100000,10000,10000,20000,10000,10000,20000,10000,10000,10000,100000,100000,20000,10000,20000,100000,10000,100000,20000,2000,100000,10000,50000,100000,5000,10000,10000,10000,100000,1000,20000,10000,100000,10000,10000,50000,100000,10000,20000,20000,20000,10000,100000,10000,100000,10000,10000,100000,100000,10000,20000,100000,20000,10000,10000,10000,100000,20000,20000,20000,20000,10000,10000,20000,100000,100000,10000,20000,20000,10000,10000,20000,20000,20000,100000,1000,100000,20000,100000,20000,20000,1000,10000,10000,20000,100000,20000,10000,10000,10000,20000,10000,1000,100000,2000,20000,10000,100000,100000,10000,50000,10000,10000,10000,10000,100000,50000,100000,20000,20000,10000,20000,10000,100000,10000,20000,5000,5000,20000,10000,10000,1000,20000,20000,10000,100000,100000,10000,10000,10000,20000,20000,20000,10000,10000,100000,2000,20000,2000,100000,100000,100000,10000,100000,10000,10000,10000,10000,20000,1000];

communicationTimeForOrderCriticalMessages = [1,1,1,1,1,1,1,1,1,1,1,1,1,1,1,1,1,1,1,1,1,1,1,1,1,1,1,1,1,1,1,1,1,1,1,1,1,1,1,1,1,1,1,1,1,1,1,1,1,1,1,1,1,1,1,1,1,1,1,1,1,1,1,1,1,1,1,1,1,1,1,1,1,1,1,1,1,1,1,1,1,1,1,1,1,1,1,1,1,1,1,1,2,1,1,1,1,1,1,1,1,1,1,1,1,1,1,1,1,1,1,1,1,1,1,1,1,1,1,1,1,1,1,1,1,1,1,1,1,1,1,1,1,1,1,1,1,1,1,1,1,1,1,1,1,1,1,1,1,1,1,1,1,1,1,1,1,1,1,1,1,1,1,1,1,1,1,1,1,1,1,1,1,1,1,1,1,1,1,1,1,1,1,1,1,1,1,1,1,1,1,1];

sizeOfRunnables = [1260,540,1140,1165,670,1028,780,1485,608,1028,1218,968,1120,963,573,1225,510,810,723,1060,1200,1090,983,985,548,1118,1495,858,685,1245,1240,1103,1110,1048,798,998,998,1208,1050,1323,835,1243,948,1210,1340,685,1498,1128,1053,768,1058,495,848,1345,810,1410,1253,1508,1495,880,985,1185,1053,1300,1208,1178,1030,1120,788,1328,1210,990,1205,1305,588,1388,1263,1313,1368,893,918,1275,1230,1090,1313,1333,1355,790,505,820,1465,1060,1530,1245,1043,520,663,1588,1098,1035,1430,1030,1560,1183,1165,595,1300,1188,1068,555,658,1415,1303,528,1143,1550,1185,803,1028,780,750,1060,1030,1183,893,1113,1193,588,678,1075,1053,1118,955,1020,1035,593,673,563,1098,1103,483,1023,835,578,1165,1143,798,795,1143,993,528,1198,760,1053,1480,1173,1235,880,848,1438,910,1155,975,790,1248,1058,1138,1210,1230,1170,1005,960,1060,515,1305,978,1295,803,1425,1200,593,715,1283,1135,1068,1270,1248,1105,960,1293,1298,1000,548,1255,835,1030,768,633,1188,1215,618,1165,1438,900,430,1210,1373,1270,1028,1303,528,1278,1308,750,1008,1225,1170,1293,1050,953,960,788,1373,565,1038,1105,765,1530,1573,1340,1083,1555,1103,788,1560,1303,1118,1058,968,1425,963,708,1178,490,1210,955,1065,1220,445,940,1188,1023,1238,1193,750,1050,730,620,968,1068,1120,1188,1120,1058,1465,738,783,1508,608,1105,475,1298,1028,1333,1100,1285,1205,1080,1400,1043,1008,1158,998,1208,1430,710,1560,1290,460,1308,918,1188,503,735,503,1118,430,885,1410,1513,565,1053,1393,1425,1283,1160,893,1495,1173,1620,1300,953,1610,528,730,1118,1163,1275,1463,1560,1550,1298,1095,1573,1230,913,1030,945,1465,1208,393,990,1163,985,918,1148,1350,1075,945,723,888,965,1188,955,423,1118,1268,960,1198,1290,1263,873,1378,1230,1073,940,548,983,945,638,1253,1143,710,1203,1068,1270,968,1388,960,1313,1233,1293,945,558,863,1300,685,1290,1233,835,1233,1038,745,865,1300,993,835,565,1340,1015,1098,925,1125,918,1420,1170,1433,1140,1240,1135,1255,1193,1150,735,1163,970,1313,685,678,1083,1238,558,1090,460,1163,1225,1368,1000,940,1248,768,533,1605,1275,1223,1568,618,1528,803,460,488,1278,1388,840,1135,795,1485,1620,1140,950,563,1400,1285,1183,1080,915,1258,1045,1140,1163,1243,1230,1015,728,618,1060,1298,1293,1295,1248,1163,848,1238,1350,1230,960,435,1030,1075,828,923,1120,1568,1555,1443,1210,1388,1193,985,490,610,1148,548,1365,1305,1280,668,1165,498,1095,715,975,738,713,1223,438,945,878,1043,700];

SenderLabelReceiverOrderCriticalChains = [[161,324,0,0,490],[490,2004,0,0,179],[179,1087,0,0,273],[479,2256,0,0,413],[413,565,0,0,40],[40,2590,0,0,204],[112,2639,0,0,190],[190,320,0,0,25],[25,2973,0,0,280],[445,3561,0,0,116],[116,3334,3996,0,214],[214,2408,0,0,81],[81,1835,0,0,487],[487,2081,0,0,370],[386,2325,0,0,178],[178,3914,0,0,209],[209,1493,0,0,88],[49,230,0,0,139],[139,3664,0,0,464],[464,3721,0,0,246],[246,2204,0,0,402],[402,1445,0,0,235],[317,3474,0,0,180],[180,1416,0,0,272],[272,82,0,0,31],[31,1563,0,0,296],[296,591,0,0,396],[10,1091,1129,0,432],[432,3069,0,0,211],[211,1352,0,0,207],[39,1718,0,0,142],[142,709,0,0,425],[425,2729,0,0,278],[278,2099,0,0,1],[1,2542,0,0,371],[130,620,0,0,38],[38,3520,0,0,162],[162,579,0,0,49],[49,3249,0,0,416],[416,3016,0,0,133],[239,3058,0,0,95],[95,1625,0,0,90],[90,3234,3596,0,83],[83,1589,0,0,413],[413,1638,0,0,332],[283,680,3822,0,193],[193,605,0,0,88],[88,1637,0,0,250],[250,3714,0,0,202],[410,1678,0,0,146],[146,291,0,0,112],[112,2483,0,0,315],[315,1096,0,0,51],[51,2026,0,0,414],[260,113,0,0,369],[369,1565,0,0,7],[7,3193,0,0,64],[64,2419,0,0,115],[115,3107,0,0,84],[373,307,0,0,193],[193,1658,0,0,61],[61,3243,0,0,386],[453,1317,0,0,364],[364,3330,0,0,136],[136,1394,0,0,348],[321,2658,0,0,290],[290,800,3224,0,467],[467,946,0,0,468],[468,3027,0,0,153],[119,3128,0,0,1],[1,822,0,0,399],[399,2853,0,0,340],[340,2820,0,0,192],[255,2234,0,0,394],[394,2910,0,0,289],[289,3224,0,0,180],[180,3582,0,0,234],[302,11,0,0,488],[488,3896,0,0,483],[483,1870,0,0,424],[424,1614,0,0,280],[280,1255,0,0,57],[262,1691,0,0,354],[354,1237,3982,0,424],[424,505,0,0,17],[17,3039,0,0,280],[280,2266,0,0,206],[419,1266,0,0,96],[96,1413,0,0,428],[428,3897,0,0,286],[471,1000,0,0,272],[272,2029,0,0,388],[388,473,0,0,420],[58,924,3917,0,448],[448,2231,0,0,131],[131,695,0,0,110],[436,1957,0,0,32],[32,2316,0,0,164],[164,1276,0,0,167],[167,601,0,0,362],[163,3105,0,0,40],[40,3530,0,0,185],[185,1582,0,0,339],[287,2845,0,0,142],[142,1616,0,0,46],[46,1389,0,0,294],[294,872,0,0,448],[72,3554,0,0,314],[314,1703,0,0,74],[74,2267,0,0,325],[304,3845,0,0,299],[299,1878,0,0,21],[21,3067,0,0,496],[496,2762,0,0,36],[36,291,0,0,480],[16,966,0,0,402],[402,3471,0,0,47],[47,1486,0,0,87],[87,3414,0,0,91],[128,1838,0,0,499],[499,536,0,0,349],[225,2935,0,0,125],[125,1315,0,0,409],[409,1310,0,0,342],[342,3812,0,0,128],[360,3098,0,0,288],[288,1447,0,0,406],[406,1198,0,0,53],[166,2207,0,0,280],[280,1171,0,0,15],[15,2518,0,0,160],[295,390,0,0,399],[399,3089,0,0,269],[269,1541,0,0,106],[151,2993,0,0,226],[226,1796,0,0,412],[412,516,0,0,236],[236,2262,0,0,18],[333,10,0,0,310],[310,3328,0,0,141],[141,2629,0,0,180],[180,3650,0,0,323],[183,202,0,0,496],[496,2736,0,0,378],[378,3566,0,0,333],[333,1294,0,0,19],[140,3342,3571,0,196],[196,2267,3198,0,232],[232,389,0,0,448],[448,3917,0,0,458],[284,2530,0,0,275],[275,2936,0,0,379],[379,3835,0,0,232],[232,3167,0,0,102],[79,942,1742,0,203],[203,1405,3347,0,169],[169,2844,0,0,55],[427,555,0,0,9],[9,1037,0,0,248],[248,1540,0,0,140],[140,667,3342,0,456],[86,3173,0,0,450],[450,1089,0,0,217],[217,1,0,0,242],[343,2310,0,0,182],[182,2087,3553,0,435],[435,2441,0,0,349],[349,2411,0,0,462],[462,2104,0,0,249],[382,3741,0,0,62],[62,3666,0,0,442],[442,114,0,0,323],[65,526,0,0,253],[253,41,0,0,378],[378,2139,0,0,353],[473,3038,0,0,431],[431,1183,0,0,74],[74,2050,0,0,221],[221,2823,0,0,469],[469,1628,0,0,300],[24,3532,0,0,446],[446,2615,0,0,125],[125,250,0,0,257],[397,3220,0,0,122],[122,2586,0,0,35],[35,1247,0,0,83],[83,1596,0,0,22],[334,3288,0,0,135],[135,1184,0,0,161],[161,1512,0,0,171],[171,780,0,0,1],[1,3764,0,0,444]];

SenderLabelReceiverNonOrderCriticalChains = [[1,660,105],[1,660,6],[1,822,399],[1,2542,371],[1,3764,329],[1,3764,444],[2,76,324],[2,253,11],[2,530,270],[2,530,33],[2,1145,378],[2,1690,218],[2,2545,24],[2,3301,442],[2,3301,169],[2,3828,347],[2,3828,65],[2,3828,409],[3,993,173],[3,993,159],[3,2298,323],[3,2298,211],[3,2461,122],[3,2461,229],[3,2461,349],[3,2461,19],[3,2461,279],[3,2734,219],[3,3463,4],[3,3463,373],[4,466,286],[4,2434,5],[4,2890,391],[4,2890,270],[4,3115,286],[5,186,437],[5,186,461],[5,1449,14],[5,1670,80],[5,2210,474],[5,2388,127],[6,250,425],[6,250,257],[6,250,372],[6,321,496],[6,980,155],[6,1314,27],[6,2808,495],[6,2808,480],[6,2808,186],[6,3933,376],[6,3933,121],[7,414,174],[7,414,153],[7,3193,64],[8,684,7],[8,1076,154],[8,1076,274],[8,2116,256],[8,3248,94],[8,3248,498],[8,3673,256],[8,3876,266],[9,1037,248],[9,1537,309],[9,1537,106],[9,1537,129],[9,2722,13],[9,3387,335],[9,3387,500],[9,3387,157],[9,3707,493],[10,461,26],[10,845,380],[10,1091,432],[10,1129,432],[10,3016,133],[10,3016,245],[10,3695,207],[11,645,66],[11,1455,382],[11,1455,12],[11,2683,357],[11,2683,150],[11,3094,241],[11,3094,81],[11,3094,300],[12,183,165],[12,183,483],[12,205,193],[12,205,388],[12,1139,360],[12,1966,440],[12,2460,438],[12,2603,18],[12,2603,23],[13,190,276],[13,190,326],[13,306,107],[13,306,352],[13,1185,16],[13,3821,60],[13,3821,487],[14,110,404],[14,1217,391],[14,1731,15],[14,1731,319],[14,3114,366],[14,3603,96],[14,3809,304],[14,3809,100],[14,3809,451],[15,970,20],[15,2378,349],[15,2378,140],[15,2518,160],[15,3155,199],[15,3155,482],[15,3954,122],[15,3954,274],[16,95,32],[16,966,402],[16,1375,134],[16,1375,471],[16,1375,498],[17,234,418],[17,1689,25],[17,3039,479],[17,3039,254],[17,3039,280],[17,3084,260],[17,3084,20],[17,3569,452],[18,193,7],[18,193,478],[18,1245,495],[18,1245,253],[18,2461,122],[18,2461,229],[18,2461,349],[18,2461,19],[18,2461,279],[18,3577,343],[18,3908,304],[18,3908,361],[19,887,313],[19,1201,210],[19,1201,271],[19,1201,171],[19,1471,30],[19,3958,215],[19,3958,480],[20,505,27],[20,505,17],[20,1751,449],[20,1751,481],[20,1751,463],[20,2312,206],[20,2312,288],[20,2344,28],[20,3073,64],[21,718,210],[21,718,22],[21,718,246],[21,1444,484],[21,2586,453],[21,2586,35],[21,2586,206],[21,2813,383],[21,3067,496],[21,3683,462],[22,177,46],[22,177,465],[22,824,315],[22,824,7],[22,1558,183],[22,1558,101],[22,2257,31],[23,592,237],[23,592,431],[23,592,110],[23,592,257],[23,1013,250],[23,1013,99],[23,2686,455],[23,3962,63],[23,3962,392],[24,430,25],[24,1398,41],[24,3532,446],[24,3779,51],[24,3784,438],[25,275,422],[25,1784,366],[25,1784,316],[25,2973,131],[25,2973,289],[25,2973,280],[25,3055,291],[25,3618,414],[26,334,55],[26,334,157],[26,689,377],[26,689,202],[26,998,117],[26,998,245],[26,1178,140],[26,2044,144],[26,2628,75],[26,3186,426],[26,3186,336],[27,1373,284],[27,1395,295],[27,1411,436],[27,1411,477],[27,1485,371],[27,2185,38],[27,2956,200],[27,2956,227],[27,2956,263],[28,453,184],[28,1142,329],[28,1142,437],[28,2461,122],[28,2461,229],[28,2461,349],[28,2461,19],[28,2461,279],[28,3744,29],[28,3898,437],[29,801,331],[29,801,365],[29,801,222],[29,1345,56],[29,1345,225],[29,2789,231],[29,2789,477],[29,2900,146],[29,3805,96],[29,3805,493],[29,3809,304],[29,3809,100],[29,3809,451],[30,287,450],[30,287,317],[30,1204,252],[30,1204,455],[30,1204,431],[30,1370,108],[30,1370,493],[30,1646,182],[30,1646,13],[30,2233,35],[30,2841,41],[30,2841,455],[31,828,34],[31,1204,252],[31,1204,455],[31,1204,431],[31,1563,296],[31,2399,251],[31,2399,372],[31,3587,489],[32,237,39],[32,1484,73],[32,1484,470],[32,1484,330],[32,1484,105],[32,1528,66],[32,2270,334],[32,2316,399],[32,2316,164],[33,334,55],[33,334,157],[33,1028,318],[33,1028,416],[33,1459,186],[33,1703,259],[33,1703,74],[33,2033,261],[33,2033,436],[33,2543,308],[33,2543,224],[33,2543,119],[34,1285,225],[34,2167,185],[34,2167,383],[34,2167,411],[34,2300,265],[34,2300,448],[34,2982,108],[34,2982,35],[35,137,85],[35,137,89],[35,1247,83],[35,2014,487],[35,2805,242],[36,291,480],[36,291,112],[36,815,429],[36,815,65],[36,1519,440],[36,2108,376],[36,3637,40],[37,62,82],[37,841,187],[37,1346,57],[37,2301,184],[37,3398,320],[38,1460,493],[38,1460,351],[38,1879,169],[38,1879,67],[38,1879,468],[38,3334,214],[38,3334,118],[38,3520,162],[39,854,110],[39,1718,481],[39,1718,142],[39,2608,133],[39,3801,181],[39,3801,242],[40,1230,379],[40,1939,180],[40,1939,228],[40,2590,389],[40,2590,466],[40,2590,204],[40,2590,228],[40,3530,185],[40,3668,48],[41,546,77],[41,1439,44],[41,1439,492],[41,2312,206],[41,2312,288],[41,3094,241],[41,3094,81],[41,3094,300],[41,3550,399],[42,243,487],[42,649,45],[42,1073,190],[42,1472,391],[42,1609,223],[42,3617,51],[42,3868,469],[43,37,84],[43,521,293],[43,521,447],[43,521,319],[43,646,39],[43,646,219],[43,1263,482],[43,1708,366],[43,1708,300],[43,3053,381],[43,3098,349],[43,3098,288],[43,3653,64],[44,638,233],[44,638,149],[44,1293,432],[44,1593,68],[44,1720,266],[44,1720,115],[44,1970,467],[44,2774,314],[44,2774,86],[45,100,483],[45,820,51],[45,2452,88],[45,3516,192],[46,195,98],[46,516,236],[46,516,263],[46,516,67],[46,744,164],[46,1389,92],[46,1389,294],[46,3497,148],[46,3497,145],[47,212,110],[47,1172,49],[47,1486,87],[47,2482,416],[47,2750,484],[47,3081,121],[48,583,166],[48,2399,251],[48,2399,372],[48,2729,473],[48,2729,480],[48,2729,278],[48,3264,54],[48,3293,348],[49,230,139],[49,443,143],[49,1801,317],[49,1801,369],[49,1801,71],[49,3142,134],[49,3142,157],[49,3249,416],[50,255,361],[50,255,443],[50,696,353],[50,1691,74],[50,1691,354],[50,1860,213],[50,2580,438],[50,2580,53],[50,3225,167],[50,3225,251],[50,3742,132],[50,3835,145],[50,3835,189],[50,3835,232],[51,2026,414],[51,2026,457],[51,2026,288],[51,2971,486],[51,2971,115],[51,3719,72],[52,8,36],[52,50,191],[52,50,374],[52,779,101],[52,2378,349],[52,2378,140],[52,2881,128],[52,3687,498],[53,654,54],[53,975,242],[53,1227,471],[53,2403,4],[53,3558,139],[53,3558,123],[54,815,429],[54,815,65],[54,1386,252],[54,1441,343],[54,1441,351],[54,1981,418],[55,679,148],[55,1375,134],[55,1375,471],[55,1375,498],[55,2092,423],[55,2092,79],[55,2768,81],[55,2768,369],[56,639,128],[56,1370,108],[56,1370,493],[56,1758,64],[56,1758,433],[56,3554,314],[56,3554,352],[56,3583,68],[56,3583,314],[56,3924,108],[57,1658,159],[57,1658,61],[57,3268,230],[57,3268,413],[57,3478,179],[58,419,345],[58,924,448],[58,1220,195],[58,1220,278],[58,1220,450],[58,1419,67],[58,2880,436],[58,3173,216],[58,3173,450],[58,3173,54],[58,3173,427],[58,3173,194],[58,3917,319],[58,3917,458],[59,287,450],[59,287,317],[59,780,1],[59,780,58],[59,780,394],[59,2255,318],[59,2685,364],[59,2692,180],[59,3942,77],[60,1214,464],[60,1389,92],[60,1389,294],[60,1550,219],[60,1769,113],[60,1769,286],[60,2632,150],[61,715,188],[61,1069,283],[61,1220,195],[61,1220,278],[61,1220,450],[61,3243,386],[61,3634,88],[62,1558,183],[62,1558,101],[62,1583,400],[62,1937,45],[62,2077,318],[62,3409,464],[62,3576,65],[62,3666,442],[63,49,495],[63,867,116],[63,1790,298],[63,1899,271],[63,2284,302],[63,3436,286],[63,3856,68],[63,3856,398],[64,2419,115],[64,3700,162],[64,3772,349],[65,526,253],[65,526,278],[65,2815,445],[65,2820,192],[65,2820,447],[65,2820,348],[65,3167,102],[65,3167,69],[66,1872,70],[66,1968,118],[66,2580,438],[66,2580,53],[66,2727,202],[66,2761,243],[66,3096,203],[67,395,140],[67,1878,21],[67,1878,91],[67,1979,59],[67,3558,139],[67,3558,123],[67,3879,113],[68,420,314],[68,809,84],[68,1039,426],[68,1520,175],[69,188,434],[69,848,75],[69,848,71],[69,2770,229],[69,3056,163],[69,3056,298],[69,3056,308],[69,3056,362],[69,3094,241],[69,3094,81],[69,3094,300],[70,392,23],[70,531,71],[70,1999,230],[70,1999,334],[70,3411,64],[71,348,475],[71,390,286],[71,390,399],[71,390,84],[71,1598,90],[71,2535,125],[71,2535,244],[72,863,215],[72,1400,328],[72,1400,115],[72,1672,271],[72,2890,391],[72,2890,270],[72,3058,95],[72,3058,200],[72,3554,314],[72,3554,352],[73,632,289],[73,1628,467],[73,1628,300],[73,3684,321],[73,3684,424],[74,2040,259],[74,2050,221],[74,2267,232],[74,2267,325],[74,2509,496],[74,3128,1],[74,3128,82],[75,293,13],[75,293,380],[75,2082,129],[75,2758,367],[76,913,92],[76,1610,491],[76,2025,11],[76,2153,268],[76,2153,383],[76,2771,17],[76,2771,448],[76,3224,180],[76,3224,489],[76,3224,467],[76,3788,476],[76,3859,244],[77,290,403],[77,290,456],[77,545,277],[77,1038,196],[77,1397,246],[77,1397,114],[77,3281,449],[77,3281,399],[77,3405,85],[78,344,245],[78,1111,330],[78,1111,281],[78,1111,459],[78,1489,137],[78,2090,126],[78,2502,113],[78,2747,332],[78,3491,380],[78,3501,4],[79,222,445],[79,222,96],[79,222,412],[79,942,203],[79,942,375],[79,1742,163],[79,1742,203],[79,3343,117],[79,3655,129],[80,316,199],[80,1392,274],[80,1423,119],[80,1423,217],[80,2152,164],[80,2543,308],[80,2543,224],[80,2543,119],[81,177,46],[81,177,465],[81,1822,116],[81,1822,330],[81,1835,487],[81,2496,169],[81,3301,442],[81,3301,169],[82,194,362],[82,194,460],[82,293,13],[82,293,380],[82,1515,112],[82,1863,29],[82,1863,384],[82,2181,256],[82,2181,437],[83,1589,413],[83,1596,22],[83,3412,80],[83,3596,90],[83,3596,377],[83,3896,438],[83,3896,454],[83,3896,483],[84,1268,355],[84,2574,442],[84,2767,93],[84,3583,68],[84,3583,314],[85,1001,492],[85,1001,37],[85,1384,161],[85,1484,73],[85,1484,470],[85,1484,330],[85,1484,105],[85,2088,22],[86,517,219],[86,1328,298],[86,1511,98],[86,3173,216],[86,3173,450],[86,3173,54],[86,3173,427],[86,3173,194],[87,117,37],[87,1508,124],[87,1508,97],[87,3139,167],[87,3414,91],[87,3524,407],[88,613,341],[88,901,191],[88,1637,250],[89,1406,437],[89,2902,352],[89,3026,97],[89,3100,218],[89,3397,255],[89,3397,470],[89,3397,34],[89,3797,132],[90,2348,419],[90,3234,83],[90,3763,129],[90,3835,145],[90,3835,189],[90,3835,232],[91,66,262],[91,66,265],[91,592,237],[91,592,431],[91,592,110],[91,592,257],[91,830,3],[91,830,213],[91,2670,192],[91,2932,322],[91,3365,121],[92,6,130],[92,14,322],[92,1096,34],[92,1096,51],[92,1901,473],[92,1901,110],[92,2026,414],[92,2026,457],[92,2026,288],[92,3976,130],[93,201,103],[93,201,288],[93,1984,260],[93,2597,117],[94,401,86],[94,414,174],[94,414,153],[94,525,405],[94,2307,384],[94,3282,68],[94,3282,351],[94,3684,321],[94,3684,424],[95,623,122],[95,1371,245],[95,1625,90],[95,2165,98],[95,3279,97],[95,3995,289],[96,183,165],[96,183,483],[96,871,262],[96,1413,428],[96,3432,260],[97,1190,187],[97,1251,482],[97,1251,497],[97,1251,127],[97,1272,286],[97,2762,73],[97,2762,36],[97,2762,204],[97,3571,196],[97,3571,396],[98,306,107],[98,306,352],[98,3043,132],[99,586,238],[99,890,52],[99,893,315],[99,1492,121],[99,1492,247],[99,1492,100],[99,3978,113],[100,535,106],[100,670,109],[100,746,177],[100,2092,423],[100,2092,79],[100,2145,460],[100,2925,357],[101,333,106],[101,896,412],[101,1255,57],[101,1255,192],[101,1255,380],[101,2885,90],[101,3017,135],[101,3017,269],[101,3017,75],[102,328,28],[102,328,191],[102,380,119],[102,1437,312],[102,2571,362],[102,3269,248],[102,3269,448],[102,3397,255],[102,3397,470],[102,3397,34],[102,3927,326],[103,351,186],[103,1417,155],[103,1417,398],[103,2286,380],[103,3140,126],[103,3186,426],[103,3186,336],[103,3759,147],[104,19,108],[104,3379,408],[104,3379,475],[104,3408,348],[104,3459,482],[104,3926,474],[105,718,210],[105,718,22],[105,718,246],[105,1411,436],[105,1411,477],[105,2893,287],[105,3173,216],[105,3173,450],[105,3173,54],[105,3173,427],[105,3173,194],[105,3701,322],[106,2056,273],[106,2056,364],[106,2366,292],[106,3152,232],[106,3152,238],[107,2161,362],[107,2161,295],[107,2811,246],[107,3155,199],[107,3155,482],[107,3342,456],[107,3342,196],[107,3393,130],[107,3836,86],[108,1498,441],[108,1498,206],[108,3402,268],[108,3564,298],[108,4000,49],[108,4000,265],[109,294,386],[109,666,227],[109,1083,173],[109,1586,138],[109,1908,408],[109,1908,159],[109,3251,211],[110,2104,205],[110,2104,249],[111,682,154],[111,789,335],[111,801,331],[111,801,365],[111,801,222],[111,1397,246],[111,1397,114],[111,1701,407],[111,3056,163],[111,3056,298],[111,3056,308],[111,3056,362],[111,3601,443],[111,3601,234],[111,3841,496],[112,914,168],[112,1318,290],[112,1318,156],[112,2391,395],[112,2391,329],[112,2391,497],[112,2483,315],[112,2639,190],[113,504,156],[113,504,357],[113,1719,69],[113,1719,421],[113,1719,443],[113,3022,141],[114,133,182],[114,435,202],[114,435,288],[114,1663,382],[114,3225,167],[114,3225,251],[115,813,226],[115,813,1],[115,1280,160],[115,1280,381],[115,1335,306],[115,3107,84],[116,998,117],[116,998,245],[116,2292,300],[116,3334,214],[116,3334,118],[116,3430,203],[116,3996,214],[117,2193,265],[117,2193,370],[117,2557,370],[117,2960,169],[118,363,279],[118,637,137],[118,637,312],[118,1430,340],[118,1587,499],[119,860,330],[119,1997,138],[119,2161,362],[119,2161,295],[119,3128,1],[119,3128,82],[120,409,203],[120,1001,492],[120,1001,37],[120,1607,405],[120,1700,151],[120,1871,212],[120,2002,197],[120,2959,131],[120,2959,79],[120,3548,235],[121,698,194],[121,698,228],[121,775,3],[121,775,402],[121,2192,154],[121,3033,22],[122,688,252],[122,1298,136],[122,1642,264],[122,2586,453],[122,2586,35],[122,2586,206],[123,116,397],[123,677,171],[123,1633,367],[123,1633,212],[123,1633,432],[123,1784,366],[123,1784,316],[123,3056,163],[123,3056,298],[123,3056,308],[123,3056,362],[123,3327,293],[124,602,415],[124,832,395],[124,2251,287],[124,2251,253],[124,3119,133],[124,3328,133],[124,3328,478],[124,3328,141],[124,3740,175],[124,3967,471],[124,3967,195],[125,80,223],[125,250,425],[125,250,257],[125,250,372],[125,1315,409],[125,3922,241],[125,3922,300],[126,757,129],[126,1537,309],[126,1537,106],[126,1537,129],[126,2562,147],[126,3152,232],[126,3152,238],[126,3679,147],[127,735,104],[127,1029,332],[127,1561,104],[127,1668,394],[127,3157,275],[127,3157,138],[128,1838,499],[128,2601,168],[128,2728,165],[129,1072,238],[129,1179,147],[130,620,38],[130,620,211],[130,620,425],[130,962,340],[130,1204,252],[130,1204,455],[130,1204,431],[130,1224,28],[131,695,110],[131,3523,215],[131,3523,368],[131,3572,135],[131,3755,340],[132,2026,414],[132,2026,457],[132,2026,288],[132,3213,425],[132,3302,151],[132,3370,401],[132,3649,166],[133,803,255],[133,3157,275],[133,3157,138],[133,3777,164],[134,2240,157],[134,3169,414],[134,3267,322],[134,3267,441],[134,3644,444],[134,3872,334],[135,28,175],[135,279,142],[135,818,240],[135,1184,161],[135,1463,444],[135,1463,248],[136,447,172],[136,566,251],[136,1288,184],[136,1394,348],[136,3369,324],[137,692,105],[137,849,56],[137,1781,392],[137,2775,87],[137,2968,226],[137,3910,367],[138,772,240],[138,1177,370],[138,1817,24],[138,1846,327],[138,1846,150],[139,3163,354],[139,3163,210],[139,3195,398],[139,3585,143],[139,3664,464],[139,3839,192],[140,667,456],[140,3342,456],[140,3342,196],[140,3571,196],[140,3571,396],[141,52,189],[141,2345,496],[141,2629,180],[141,3137,197],[141,3316,317],[142,709,425],[142,1123,325],[142,1123,136],[142,1616,46],[142,3269,248],[142,3269,448],[142,3465,155],[143,1143,181],[143,1362,150],[143,1529,397],[143,1650,70],[143,1905,220],[144,208,166],[144,2181,256],[144,2181,437],[144,2244,335],[144,2244,481],[144,3273,419],[145,242,172],[145,636,462],[145,698,194],[145,698,228],[145,801,331],[145,801,365],[145,801,222],[145,3248,94],[145,3248,498],[145,3445,23],[145,3445,220],[146,15,159],[146,291,480],[146,291,112],[146,637,137],[146,637,312],[146,1239,441],[146,1239,492],[146,1239,191],[146,2836,314],[146,2836,320],[146,3015,305],[147,1882,173],[147,1882,16],[147,3142,134],[147,3142,157],[148,585,158],[148,1639,209],[148,2064,154],[148,3743,373],[149,360,302],[149,400,419],[149,2526,228],[149,2526,335],[149,3325,244],[150,1309,340],[150,2120,426],[150,2120,280],[150,2723,277],[151,85,463],[151,317,313],[151,317,364],[151,1377,93],[151,1423,119],[151,1423,217],[151,2993,226],[151,3748,271],[151,3748,457],[152,325,381],[152,776,312],[152,972,474],[152,1955,379],[152,2298,323],[152,2298,211],[152,2530,275],[152,2530,176],[152,2530,371],[152,3217,389],[153,1949,60],[153,1949,172],[153,2719,290],[153,2719,315],[153,2922,467],[153,2922,487],[153,3488,158],[154,1111,330],[154,1111,281],[154,1111,459],[154,1866,417],[154,1994,388],[154,1994,225],[155,193,7],[155,193,478],[155,2507,34],[155,2619,11],[155,3410,238],[156,885,446],[156,993,173],[156,993,159],[156,1548,414],[156,2887,274],[156,2887,314],[156,2887,236],[156,3387,335],[156,3387,500],[156,3387,157],[157,108,130],[157,805,329],[157,805,455],[157,1048,443],[157,2368,139],[158,421,255],[158,543,223],[158,1742,163],[158,1742,203],[158,2652,481],[158,3990,356],[159,2158,341],[159,2387,440],[159,2387,265],[159,2769,388],[160,66,262],[160,66,265],[160,2251,287],[160,2251,253],[160,2560,482],[160,2732,88],[160,3066,229],[160,3826,165],[161,324,490],[161,840,170],[161,1512,171],[161,1822,116],[161,1822,330],[161,1894,331],[161,3143,48],[161,3143,222],[162,347,8],[162,579,49],[162,1197,387],[162,1463,444],[162,1463,248],[162,2897,170],[162,2897,98],[162,3376,65],[163,232,454],[163,2318,299],[163,2922,467],[163,2922,487],[163,3105,40],[163,3611,389],[163,3611,409],[163,3611,187],[163,3764,329],[163,3764,444],[164,1081,400],[164,1081,114],[164,1276,167],[164,2193,265],[164,2193,370],[165,1102,431],[165,1102,375],[165,2719,290],[165,2719,315],[165,3356,166],[165,3941,355],[166,81,372],[166,499,258],[166,2207,280],[167,601,362],[167,2674,368],[167,3246,199],[167,3246,394],[167,3357,51],[167,3357,173],[168,886,174],[168,1801,317],[168,1801,369],[168,1801,71],[168,2238,319],[168,2352,423],[168,2947,336],[168,2947,223],[168,3281,449],[168,3281,399],[169,341,159],[169,2844,55],[169,3347,203],[170,67,53],[170,557,334],[170,720,463],[170,792,270],[170,792,362],[170,3288,86],[170,3288,135],[170,3288,311],[170,3288,110],[170,3460,33],[171,202,484],[171,202,496],[171,780,1],[171,780,58],[171,780,394],[171,880,216],[171,3975,380],[171,3975,393],[172,59,140],[172,1527,205],[172,1575,461],[172,2590,389],[172,2590,466],[172,2590,204],[172,2590,228],[172,3737,241],[173,1126,257],[173,1400,328],[173,1400,115],[173,1492,121],[173,1492,247],[173,1492,100],[174,1757,325],[174,2024,227],[174,2153,268],[174,2153,383],[174,2329,47],[174,2329,208],[174,2329,423],[175,410,476],[175,641,383],[175,2121,216],[175,2121,312],[175,3746,148],[176,168,472],[176,1213,295],[176,1978,327],[176,1978,430],[176,3463,4],[176,3463,373],[176,3846,275],[176,3846,277],[177,65,181],[177,733,404],[177,850,346],[177,850,418],[177,1201,210],[177,1201,271],[177,1201,171],[177,1723,128],[177,2329,47],[177,2329,208],[177,2329,423],[178,598,175],[178,1431,415],[178,1431,188],[178,3222,261],[178,3519,261],[178,3812,128],[178,3812,341],[178,3914,209],[179,1087,273],[179,1846,327],[179,1846,150],[179,2488,449],[179,2573,309],[179,3553,424],[179,3553,435],[179,3553,45],[179,3606,18],[180,1416,272],[180,3582,234],[180,3650,323],[180,3650,481],[181,1301,352],[181,2120,426],[181,2120,280],[181,2269,356],[181,2269,486],[181,3903,257],[182,156,274],[182,933,225],[182,2087,435],[182,3262,248],[182,3262,480],[182,3553,424],[182,3553,435],[182,3553,45],[183,202,484],[183,202,496],[183,734,251],[183,734,326],[183,734,371],[183,1514,394],[183,2188,198],[183,2188,217],[183,2390,486],[183,3936,298],[184,170,10],[184,170,478],[184,463,46],[184,1767,291],[184,2128,274],[185,889,478],[185,1582,339],[185,2168,200],[185,2741,469],[185,2741,391],[185,3220,122],[185,3220,201],[185,3828,347],[185,3828,65],[185,3828,409],[186,114,323],[186,114,380],[186,620,38],[186,620,211],[186,620,425],[186,964,106],[186,2603,18],[186,2603,23],[187,465,399],[187,2835,251],[187,3268,230],[187,3268,413],[187,3515,366],[187,3515,310],[188,205,193],[188,205,388],[188,435,202],[188,435,288],[188,1220,195],[188,1220,278],[188,1220,450],[188,1994,388],[188,1994,225],[188,1998,202],[188,2491,454],[188,2491,341],[189,2613,236],[189,2860,266],[189,2978,119],[189,3257,52],[189,3489,242],[189,3489,386],[190,320,25],[190,605,88],[190,605,384],[190,1477,300],[190,1646,182],[190,1646,13],[190,1718,481],[190,1718,142],[190,3958,215],[190,3958,480],[191,526,253],[191,526,278],[191,3039,479],[191,3039,254],[191,3039,280],[191,3173,216],[191,3173,450],[191,3173,54],[191,3173,427],[191,3173,194],[191,3444,330],[192,2171,291],[192,2171,371],[192,3475,222],[192,3515,366],[192,3515,310],[193,605,88],[193,605,384],[193,1658,159],[193,1658,61],[193,1939,180],[193,1939,228],[193,3822,283],[193,3822,272],[193,3883,158],[194,1735,346],[194,1735,338],[194,1735,248],[194,2167,185],[194,2167,383],[194,2167,411],[194,2569,308],[194,2586,453],[194,2586,35],[194,2586,206],[194,2677,408],[194,2677,212],[194,2868,98],[194,2868,301],[195,1502,345],[195,1502,498],[195,2611,239],[195,2746,231],[195,3046,420],[195,3328,133],[195,3328,478],[195,3328,141],[195,3726,311],[196,48,491],[196,2267,232],[196,2267,325],[196,3042,476],[196,3198,232],[197,638,233],[197,638,149],[197,1161,264],[197,1161,165],[197,1271,99],[197,1879,169],[197,1879,67],[197,1879,468],[197,2737,337],[197,3103,367],[198,2416,412],[198,2491,454],[198,2491,341],[198,2790,491],[198,2841,41],[198,2841,455],[198,3247,310],[198,3288,86],[198,3288,135],[198,3288,311],[198,3288,110],[198,3467,94],[199,159,347],[199,159,417],[199,2003,208],[199,3523,215],[199,3523,368],[200,555,9],[200,555,485],[200,555,397],[200,1345,56],[200,1345,225],[200,1927,418],[200,3171,446],[200,3171,397],[201,39,186],[201,473,231],[201,473,420],[201,2341,397],[201,2341,101],[201,2367,440],[201,3038,60],[201,3038,431],[201,3535,113],[202,1510,184],[202,2121,216],[202,2121,312],[203,1405,169],[203,3054,489],[204,61,73],[204,1475,463],[204,1484,73],[204,1484,470],[204,1484,330],[204,1484,105],[204,1821,225],[204,3961,73],[205,284,239],[205,1387,42],[205,2650,400],[205,3472,236],[206,492,366],[206,492,439],[206,3317,205],[206,3997,39],[207,1211,403],[207,1211,490],[207,1913,443],[207,2371,472],[207,3255,426],[208,567,337],[208,567,404],[208,3512,156],[208,3659,255],[208,3659,378],[208,3892,282],[208,3892,318],[208,3892,481],[209,1004,451],[209,1396,57],[209,1493,88],[209,1736,247],[209,3289,261],[209,3489,242],[209,3489,386],[210,2711,414],[210,2772,231],[210,3363,31],[211,190,276],[211,190,326],[211,1076,154],[211,1076,274],[211,1352,207],[211,3450,187],[212,844,454],[212,1888,439],[212,2272,257],[212,2336,357],[213,961,332],[213,1341,300],[213,2551,447],[213,3171,446],[213,3171,397],[214,251,224],[214,328,28],[214,328,191],[214,1526,80],[214,1526,316],[214,2070,224],[214,2408,81],[214,2785,32],[215,708,488],[215,2590,389],[215,2590,466],[215,2590,204],[215,2590,228],[215,3490,441],[215,3559,256],[216,554,222],[216,2300,265],[216,2300,448],[216,3324,248],[216,3908,304],[216,3908,361],[216,3911,73],[217,1,242],[217,1597,348],[217,1812,93],[217,2570,282],[217,2617,384],[218,317,313],[218,317,364],[218,1316,57],[218,1316,82],[218,2834,447],[219,1777,261],[219,1799,123],[219,1799,401],[219,2945,55],[219,3286,11],[220,1313,414],[220,1313,485],[220,2259,309],[220,2989,229],[220,3351,492],[220,3892,282],[220,3892,318],[220,3892,481],[221,626,355],[221,626,293],[221,1447,442],[221,1447,406],[221,1752,241],[221,2823,469],[221,3271,19],[221,3271,199],[221,3271,237],[222,592,237],[222,592,431],[222,592,110],[222,592,257],[222,718,210],[222,718,22],[222,718,246],[222,3824,284],[222,3892,282],[222,3892,318],[222,3892,481],[223,30,147],[223,2329,47],[223,2329,208],[223,2329,423],[223,3337,403],[223,3752,227],[224,872,448],[224,872,487],[224,1033,487],[224,3821,60],[224,3821,487],[224,3912,490],[224,3912,370],[225,2187,12],[225,2914,258],[225,2914,405],[225,2935,125],[226,1735,346],[226,1735,338],[226,1735,248],[226,1796,412],[226,2198,305],[226,2287,176],[226,2461,122],[226,2461,229],[226,2461,349],[226,2461,19],[226,2461,279],[227,834,325],[227,1751,449],[227,1751,481],[227,1751,463],[227,2526,228],[227,2526,335],[227,3262,248],[227,3262,480],[228,1117,235],[228,1537,309],[228,1537,106],[228,1537,129],[228,3312,305],[229,331,70],[229,673,75],[229,780,1],[229,780,58],[229,780,394],[229,1291,247],[230,1403,218],[230,1719,69],[230,1719,421],[230,1719,443],[230,3190,386],[230,3277,422],[230,3965,331],[231,1739,458],[231,3134,249],[231,3173,216],[231,3173,450],[231,3173,54],[231,3173,427],[231,3173,194],[231,3891,6],[232,389,167],[232,389,448],[232,1502,345],[232,1502,498],[232,3167,102],[232,3167,69],[232,3507,368],[233,686,48],[233,734,251],[233,734,326],[233,734,371],[233,1356,374],[233,1581,284],[233,2561,237],[233,2964,368],[234,92,364],[234,777,307],[234,1409,494],[234,1594,356],[234,2762,73],[234,2762,36],[234,2762,204],[234,3164,463],[235,865,485],[235,865,240],[235,1182,210],[235,2056,273],[235,2056,364],[235,2156,155],[235,2310,387],[235,2310,182],[236,1013,250],[236,1013,99],[236,2262,18],[236,2262,54],[236,2262,306],[236,2349,500],[236,3029,264],[237,1792,402],[237,2423,338],[237,2423,402],[237,2783,461],[237,3482,477],[238,1031,61],[238,1031,472],[238,1255,57],[238,1255,192],[238,1255,380],[238,2285,243],[239,357,243],[239,357,352],[239,848,75],[239,848,71],[239,2504,493],[239,2504,352],[239,3058,95],[239,3058,200],[239,3397,255],[239,3397,470],[239,3397,34],[239,3822,283],[239,3822,272],[240,1303,490],[240,1412,303],[240,1517,21],[240,3544,327],[240,3686,425],[241,721,354],[241,1407,341],[241,1971,438],[241,3039,479],[241,3039,254],[241,3039,280],[242,1726,199],[242,1902,148],[242,3108,207],[242,3108,465],[243,1896,344],[243,2839,432],[243,2947,336],[243,2947,223],[243,3913,472],[243,3955,306],[244,620,38],[244,620,211],[244,620,425],[244,676,206],[244,676,420],[244,1082,402],[244,2316,399],[244,2316,164],[244,2468,330],[245,795,99],[245,2382,143],[245,2868,98],[245,2868,301],[245,2973,131],[245,2973,289],[245,2973,280],[246,152,319],[246,2204,402],[246,2269,356],[246,2269,486],[247,1498,441],[247,1498,206],[247,3792,59],[247,3915,268],[248,1462,14],[248,1540,140],[249,130,469],[249,411,477],[249,411,107],[249,625,309],[249,3794,379],[250,829,451],[250,1060,373],[250,1111,330],[250,1111,281],[250,1111,459],[250,2033,261],[250,2033,436],[250,2262,18],[250,2262,54],[250,2262,306],[250,3714,202],[251,1804,173],[251,3253,337],[252,2380,367],[252,2855,404],[253,41,378],[253,1241,263],[253,1649,427],[254,516,236],[254,516,263],[254,516,67],[254,624,117],[254,624,494],[254,1404,392],[254,1538,433],[254,1538,404],[254,1719,69],[254,1719,421],[254,1719,443],[254,1936,285],[254,2864,311],[255,1738,303],[255,2234,394],[255,2982,108],[255,2982,35],[255,3751,495],[256,537,321],[256,942,203],[256,942,375],[256,1720,266],[256,1720,115],[256,3357,51],[256,3357,173],[257,79,488],[257,622,297],[258,646,39],[258,646,219],[258,792,270],[258,792,362],[258,1545,423],[258,1801,317],[258,1801,369],[258,1801,71],[258,3133,262],[259,313,371],[259,1826,293],[259,2000,444],[259,2260,340],[260,113,369],[260,113,473],[260,1034,418],[260,2816,253],[260,3962,63],[260,3962,392],[260,3964,325],[261,2651,457],[262,1508,124],[262,1508,97],[262,1691,74],[262,1691,354],[262,2543,308],[262,2543,224],[262,2543,119],[262,2567,390],[262,3699,293],[263,974,428],[263,1662,267],[263,2086,292],[263,2854,495],[263,3002,421],[264,1992,279],[264,2063,287],[264,2063,447],[264,2330,455],[264,2867,376],[265,984,303],[265,2490,456],[265,2681,268],[266,1016,301],[266,1016,16],[266,1318,290],[266,1318,156],[266,1756,321],[266,2232,467],[266,2660,321],[267,163,317],[267,514,478],[267,567,337],[267,567,404],[267,619,387],[267,1565,279],[267,1565,7],[267,3147,356],[267,3147,430],[268,768,498],[268,1870,424],[268,1870,411],[268,2907,343],[268,3718,343],[269,1116,19],[269,1541,106],[269,1592,210],[269,2904,415],[269,3295,277],[270,1914,424],[270,2729,473],[270,2729,480],[270,2729,278],[270,2887,274],[270,2887,314],[270,2887,236],[271,592,237],[271,592,431],[271,592,110],[271,592,257],[271,1010,282],[271,3381,483],[271,3878,442],[272,34,247],[272,82,31],[272,1474,299],[272,1474,16],[272,2029,388],[273,1194,401],[273,1194,456],[273,1209,436],[273,3143,48],[273,3143,222],[273,3573,224],[273,3676,415],[274,3170,305],[274,3747,332],[274,3747,233],[275,1705,320],[275,2565,326],[275,2565,44],[275,2936,379],[275,2936,462],[276,340,283],[276,374,386],[276,1995,407],[276,2739,451],[276,3062,283],[276,3470,20],[276,3828,347],[276,3828,65],[276,3828,409],[277,549,5],[277,1492,121],[277,1492,247],[277,1492,100],[277,2032,295],[277,2032,252],[277,2194,149],[278,104,442],[278,1417,155],[278,1417,398],[278,2048,320],[278,2099,1],[278,3447,471],[279,1174,249],[279,2186,299],[279,3706,319],[279,3784,438],[280,1171,15],[280,1171,452],[280,1255,57],[280,1255,192],[280,1255,380],[280,2266,206],[280,2266,405],[281,386,285],[281,736,439],[281,1698,299],[281,2504,493],[281,2504,352],[281,2849,434],[281,3620,417],[281,3805,96],[281,3805,493],[282,626,355],[282,626,293],[282,1358,377],[282,3315,381],[282,3315,453],[283,680,193],[283,1200,147],[283,1200,215],[283,2842,373],[283,3842,212],[284,255,361],[284,255,443],[284,2046,247],[284,2530,275],[284,2530,176],[284,2530,371],[284,2789,231],[284,2789,477],[284,3566,444],[284,3566,333],[285,258,323],[285,352,333],[285,740,352],[285,1748,464],[285,1750,304],[285,1750,428],[286,3538,9],[287,18,398],[287,1763,429],[287,2845,142],[287,3771,251],[287,3847,393],[288,211,453],[288,1447,442],[288,1447,406],[288,1685,292],[289,611,347],[289,2720,230],[289,3150,337],[289,3150,367],[289,3224,180],[289,3224,489],[289,3224,467],[290,800,467],[290,1366,492],[290,2281,459],[290,3224,180],[290,3224,489],[290,3224,467],[290,3814,228],[291,1239,441],[291,1239,492],[291,1239,191],[291,1461,429],[291,2706,104],[291,3047,294],[291,3783,294],[291,3783,495],[292,775,3],[292,775,402],[292,2829,85],[292,3949,326],[293,1949,60],[293,1949,172],[293,3035,343],[293,3849,323],[294,458,129],[294,872,448],[294,872,487],[294,3449,407],[295,390,286],[295,390,399],[295,390,84],[295,1731,15],[295,1731,319],[295,2614,436],[295,3966,4],[296,591,396],[296,1098,384],[296,1261,416],[296,2791,131],[296,3416,302],[296,3856,68],[296,3856,398],[297,1027,423],[297,1307,309],[297,1853,363],[297,1920,430],[298,748,17],[298,1320,453],[298,2974,385],[299,724,332],[299,1878,21],[299,1878,91],[299,2914,258],[299,2914,405],[300,356,141],[301,262,360],[301,1467,403],[301,1908,408],[301,1908,159],[301,3526,409],[301,3801,181],[301,3801,242],[302,11,488],[302,16,457],[302,572,411],[302,1750,304],[302,1750,428],[302,2677,408],[302,2677,212],[303,1737,344],[303,2683,357],[303,2683,150],[303,2774,314],[303,2774,86],[303,2862,338],[303,2930,469],[304,468,398],[304,468,13],[304,1669,261],[304,2679,93],[304,3845,299],[305,726,365],[305,1880,237],[305,3518,466],[306,239,358],[306,336,153],[306,1331,313],[306,1538,433],[306,1538,404],[306,3274,45],[306,3274,411],[307,186,437],[307,186,461],[307,206,412],[307,250,425],[307,250,257],[307,250,372],[307,1113,480],[307,1113,416],[307,1633,367],[307,1633,212],[307,1633,432],[307,3609,479],[307,3747,332],[307,3747,233],[308,1327,75],[308,2135,480],[308,2266,206],[308,2266,405],[308,3969,368],[308,3969,420],[309,2778,409],[310,222,445],[310,222,96],[310,222,412],[310,1017,475],[310,2324,328],[310,2962,323],[310,3328,133],[310,3328,478],[310,3328,141],[311,1275,406],[311,1808,497],[311,2379,470],[311,2405,397],[312,112,118],[312,1161,264],[312,1161,165],[312,1882,173],[312,1882,16],[312,3387,335],[312,3387,500],[312,3387,157],[313,1142,329],[313,1142,437],[313,1901,473],[313,1901,110],[313,2167,185],[313,2167,383],[313,2167,411],[313,2820,192],[313,2820,447],[313,2820,348],[313,3748,271],[313,3748,457],[314,1703,259],[314,1703,74],[315,868,410],[315,1096,34],[315,1096,51],[315,1239,441],[315,1239,492],[315,1239,191],[315,1518,405],[316,357,243],[316,357,352],[316,850,346],[316,850,418],[316,1570,474],[316,2013,465],[316,3163,354],[316,3163,210],[317,1850,486],[317,3474,180],[317,3677,438],[318,389,167],[318,389,448],[318,1136,372],[318,2391,395],[318,2391,329],[318,2391,497],[319,383,98],[319,1825,57],[319,1825,218],[320,303,8],[320,805,329],[320,805,455],[320,2320,429],[320,2530,275],[320,2530,176],[320,2530,371],[321,2658,290],[321,3068,375],[321,3669,39],[321,3954,122],[321,3954,274],[322,22,398],[322,1274,481],[323,2486,382],[324,1067,152],[324,1516,385],[324,1897,493],[324,3008,357],[325,1595,261],[325,1688,389],[325,2950,10],[326,678,272],[326,1031,61],[326,1031,472],[326,1985,361],[327,813,226],[327,813,1],[327,1633,367],[327,1633,212],[327,1633,432],[327,2587,379],[327,2771,17],[327,2771,448],[327,3985,383],[328,2423,338],[328,2423,402],[328,2802,360],[328,3149,220],[328,3150,337],[328,3150,367],[328,3497,148],[328,3497,145],[328,3975,380],[328,3975,393],[329,1385,449],[329,1523,316],[329,1664,339],[329,3172,450],[330,1460,493],[330,1460,351],[330,2391,395],[330,2391,329],[330,2391,497],[331,346,342],[331,929,275],[331,1503,252],[331,3967,471],[331,3967,195],[331,4000,49],[331,4000,265],[332,1002,348],[333,10,310],[333,1294,19],[333,2325,178],[333,2325,93],[333,3017,135],[333,3017,269],[333,3017,75],[333,3250,305],[334,1711,374],[334,3288,86],[334,3288,135],[334,3288,311],[334,3288,110],[334,3439,366],[335,13,414],[335,2897,170],[335,2897,98],[335,3630,408],[336,365,87],[336,570,426],[336,2704,72],[336,3407,426],[336,3407,430],[337,1769,113],[337,1769,286],[337,1820,500],[337,3901,322],[338,729,411],[338,938,391],[338,1061,428],[338,2741,469],[338,2741,391],[338,3458,346],[339,492,366],[339,492,439],[339,1140,353],[339,2253,297],[339,3084,260],[339,3084,20],[339,3371,382],[340,1283,37],[340,2820,192],[340,2820,447],[340,2820,348],[341,1050,451],[342,1325,410],[342,1325,484],[342,1325,406],[342,1978,327],[342,1978,430],[342,2055,430],[342,3812,128],[342,3812,341],[343,1844,401],[343,2310,387],[343,2310,182],[343,2622,430],[344,1226,133],[344,1708,366],[344,1708,300],[344,3183,441],[345,1131,412],[345,1428,273],[345,1428,238],[345,2164,411],[345,2341,397],[345,2341,101],[345,2836,314],[345,2836,320],[346,668,150],[346,2080,201],[346,2244,335],[346,2244,481],[346,3650,323],[346,3650,481],[347,965,499],[347,1251,482],[347,1251,497],[347,1251,127],[347,2623,480],[347,2817,356],[348,282,358],[348,1819,79],[349,2411,462],[349,2494,125],[350,839,359],[350,1242,418],[350,1474,299],[350,1474,16],[350,1798,460],[350,2261,267],[351,749,342],[351,1028,318],[351,1028,416],[351,1439,44],[351,1439,492],[351,2521,419],[352,1648,109],[353,203,297],[353,203,405],[353,550,61],[353,2535,125],[353,2535,244],[354,1237,424],[354,2445,474],[354,3982,424],[355,2228,336],[355,2277,485],[355,2479,433],[355,3971,413],[356,862,16],[356,968,196],[356,968,411],[357,521,293],[357,521,447],[357,521,319],[357,2487,466],[357,3833,381],[358,269,171],[358,456,384],[358,846,452],[358,2659,385],[358,3368,384],[359,201,103],[359,201,288],[359,650,369],[359,650,454],[359,1267,400],[359,1267,398],[359,3350,472],[359,3546,404],[359,3596,90],[359,3596,377],[359,3896,438],[359,3896,454],[359,3896,483],[360,74,112],[360,332,126],[360,1526,80],[360,1526,316],[360,3098,349],[360,3098,288],[360,3110,202],[361,438,387],[361,511,476],[361,1428,273],[361,1428,238],[361,2809,490],[362,408,114],[362,2656,264],[363,50,191],[363,50,374],[363,489,418],[363,574,466],[363,925,401],[363,1652,423],[363,2596,409],[363,2768,81],[363,2768,369],[364,429,38],[364,3330,136],[365,643,275],[365,1194,401],[365,1194,456],[365,1555,465],[365,2682,389],[365,3468,434],[366,1552,460],[368,743,395],[368,1431,415],[368,1431,188],[368,2663,477],[369,1542,381],[369,1565,279],[369,1565,7],[369,2808,495],[369,2808,480],[369,2808,186],[370,1292,445],[370,3730,337],[371,468,398],[371,468,13],[371,3237,41],[372,1081,400],[372,1081,114],[372,1316,57],[372,1316,82],[372,1455,382],[372,1455,12],[373,307,193],[373,1280,160],[373,1280,381],[373,3287,451],[373,3809,304],[373,3809,100],[373,3809,451],[374,644,427],[374,1879,169],[374,1879,67],[374,1879,468],[374,2956,200],[374,2956,227],[374,2956,263],[374,3056,163],[374,3056,298],[374,3056,308],[374,3056,362],[374,3708,183],[375,1201,210],[375,1201,271],[375,1201,171],[375,2032,295],[375,2032,252],[375,3179,174],[375,3223,467],[376,295,382],[376,534,174],[376,3091,408],[377,1007,452],[377,1171,15],[377,1171,452],[377,2182,382],[377,2432,404],[378,2139,353],[378,3483,447],[378,3566,444],[378,3566,333],[378,3611,389],[378,3611,409],[378,3611,187],[379,390,286],[379,390,399],[379,390,84],[379,3835,145],[379,3835,189],[379,3835,232],[381,155,345],[382,3451,144],[382,3741,62],[383,1016,301],[383,1016,16],[383,1113,480],[383,1113,416],[384,376,422],[385,231,7],[385,440,420],[385,440,472],[385,676,206],[385,676,420],[385,3360,479],[385,3979,166],[386,1200,147],[386,1200,215],[386,2325,178],[386,2325,93],[386,2859,128],[387,1697,430],[387,2500,398],[387,3176,365],[387,3551,429],[388,473,231],[388,473,420],[388,3197,149],[388,3846,275],[388,3846,277],[389,1799,123],[389,1799,401],[389,3194,410],[390,734,251],[390,734,326],[390,734,371],[390,967,9],[390,967,459],[390,2202,428],[390,2461,122],[390,2461,229],[390,2461,349],[390,2461,19],[390,2461,279],[390,3553,424],[390,3553,435],[390,3553,45],[391,290,403],[391,290,456],[391,3604,177],[392,24,442],[392,967,9],[392,967,459],[392,1123,325],[392,1123,136],[392,1813,479],[392,2913,400],[393,1747,114],[393,2464,282],[393,2939,407],[393,2991,476],[394,661,450],[394,2910,289],[394,3332,493],[395,2971,486],[395,2971,115],[395,3469,282],[396,1246,455],[396,1313,414],[396,1313,485],[396,1325,410],[396,1325,484],[396,1325,406],[396,1758,64],[396,1758,433],[396,2889,475],[397,2565,326],[397,2565,44],[397,3220,122],[397,3220,201],[399,2853,340],[399,3089,269],[400,3069,211],[400,3069,433],[401,1074,437],[401,1605,218],[401,2303,318],[402,1445,235],[402,3471,47],[403,1102,431],[403,1102,375],[403,1941,259],[403,3953,336],[405,3575,406],[406,159,347],[406,159,417],[406,1198,53],[406,3423,270],[407,2851,476],[407,3138,390],[407,3795,494],[408,1580,430],[408,2129,35],[408,3848,452],[409,1310,342],[409,2590,389],[409,2590,466],[409,2590,204],[409,2590,228],[410,1678,146],[410,1857,411],[410,3200,259],[410,3267,322],[410,3267,441],[412,516,236],[412,516,263],[412,516,67],[412,3315,381],[412,3315,453],[413,565,40],[413,1638,332],[413,2387,440],[413,2387,265],[413,3422,428],[414,3165,71],[415,1967,252],[415,2227,456],[415,2959,131],[415,2959,79],[416,689,377],[416,689,202],[416,2515,309],[416,3016,133],[416,3016,245],[417,830,3],[417,830,213],[417,1144,439],[417,1369,493],[417,2696,381],[418,837,213],[419,194,362],[419,194,460],[419,903,207],[419,1266,96],[420,1381,470],[420,1484,73],[420,1484,470],[420,1484,330],[420,1484,105],[421,555,9],[421,555,485],[421,555,397],[421,810,178],[421,2552,221],[421,3181,461],[421,3627,7],[422,869,488],[422,3178,85],[422,3407,426],[422,3407,430],[422,3421,30],[423,3147,356],[423,3147,430],[424,505,27],[424,505,17],[424,1614,280],[425,1065,204],[425,2430,89],[425,2729,473],[425,2729,480],[425,2729,278],[426,3064,449],[426,3064,153],[426,3601,443],[426,3601,234],[427,555,9],[427,555,485],[427,555,397],[427,2415,420],[427,2466,431],[427,3064,449],[427,3064,153],[428,3288,86],[428,3288,135],[428,3288,311],[428,3288,110],[428,3897,286],[429,1632,15],[429,1632,270],[429,1751,449],[429,1751,481],[429,1751,463],[431,1183,74],[431,2676,83],[431,2676,406],[432,2263,297],[432,3069,211],[432,3069,433],[433,504,156],[433,504,357],[433,1452,422],[433,3271,19],[433,3271,199],[433,3271,237],[434,560,452],[434,1325,410],[434,1325,484],[434,1325,406],[434,2063,287],[434,2063,447],[434,2426,454],[435,1267,400],[435,1267,398],[435,2441,349],[435,3246,199],[435,3246,394],[435,3508,483],[435,3864,483],[436,1957,32],[436,1965,370],[436,2111,55],[437,2333,353],[438,2018,395],[439,1441,343],[439,1441,351],[439,2127,350],[439,3663,461],[440,2433,341],[440,3112,350],[440,3379,408],[440,3379,475],[441,1660,483],[441,3922,241],[441,3922,300],[442,114,323],[442,114,380],[443,252,472],[443,440,420],[443,440,472],[444,530,270],[444,530,33],[444,2355,400],[445,949,317],[445,2894,269],[445,3276,489],[445,3561,116],[446,99,189],[446,934,294],[446,2615,125],[446,3659,255],[446,3659,378],[447,1759,497],[447,3189,453],[448,2231,131],[448,3917,319],[448,3917,458],[449,1211,403],[449,1211,490],[449,3445,23],[449,3445,220],[449,3642,475],[450,1089,217],[450,3244,479],[450,3282,68],[450,3282,351],[451,2262,18],[451,2262,54],[451,2262,306],[451,2887,274],[451,2887,314],[451,2887,236],[452,2455,344],[453,1317,364],[453,2401,461],[454,1245,495],[454,1245,253],[455,968,196],[455,968,411],[455,3773,144],[456,3345,342],[457,691,400],[457,1632,15],[457,1632,270],[458,411,477],[458,411,107],[458,624,117],[458,624,494],[458,1443,95],[458,1569,341],[458,3215,491],[458,3611,389],[458,3611,409],[458,3611,187],[459,475,379],[459,3395,393],[459,3608,474],[459,3933,376],[459,3933,121],[460,1244,324],[461,524,495],[461,524,498],[462,1360,488],[462,2104,205],[462,2104,249],[462,2471,69],[463,1251,482],[463,1251,497],[463,1251,127],[463,3808,478],[464,1053,118],[464,1270,208],[464,1735,346],[464,1735,338],[464,1735,248],[464,3721,246],[465,1375,134],[465,1375,471],[465,1375,498],[465,2171,291],[465,2171,371],[465,2252,478],[465,3783,294],[465,3783,495],[466,113,369],[466,113,473],[466,274,375],[466,2748,488],[467,946,468],[468,137,85],[468,137,89],[468,203,297],[468,203,405],[468,439,213],[468,1863,29],[468,1863,384],[468,3027,153],[469,1628,467],[469,1628,300],[469,1963,117],[469,2973,131],[469,2973,289],[469,2973,280],[470,170,10],[470,170,478],[470,3090,444],[470,3529,485],[471,865,485],[471,865,240],[471,1000,272],[471,1947,249],[472,989,460],[473,184,351],[473,3017,135],[473,3017,269],[473,3017,75],[473,3038,60],[473,3038,431],[473,3807,127],[474,2808,495],[474,2808,480],[474,2808,186],[475,219,23],[475,660,105],[475,660,6],[475,1284,134],[476,2188,198],[476,2188,217],[476,2725,253],[477,1825,57],[477,1825,218],[477,3413,103],[478,2459,457],[479,650,369],[479,650,454],[479,2256,413],[481,1621,110],[482,521,293],[482,521,447],[482,521,319],[482,2606,367],[482,3258,36],[483,1870,424],[483,1870,411],[484,824,315],[484,824,7],[484,1892,485],[484,3338,149],[485,2936,379],[485,2936,462],[486,285,490],[486,1219,292],[486,3318,376],[487,2081,370],[488,222,445],[488,222,96],[488,222,412],[488,3896,438],[488,3896,454],[488,3896,483],[489,75,294],[489,1196,344],[489,1554,396],[489,3912,490],[489,3912,370],[490,2004,179],[491,162,335],[491,1714,285],[491,2428,460],[491,2793,5],[492,207,144],[492,2130,3],[492,2956,200],[492,2956,227],[492,2956,263],[494,879,311],[494,1146,445],[494,2738,181],[494,3274,45],[494,3274,411],[495,1600,200],[496,2736,378],[496,2762,73],[496,2762,36],[496,2762,204],[497,524,495],[497,524,498],[497,2154,138],[497,3322,498],[498,490,301],[499,536,292],[499,536,349],[499,2131,38],[499,2676,83],[499,2676,406],[499,3969,368],[499,3969,420],[500,536,292],[500,536,349],[500,587,395],[500,2425,354],[500,3108,207],[500,3108,465]];

jitters = [100000,10000,20000,20000,20000,100000,20000,5000,100000,1000,10000,10000,100000,20000,20000,100000,20000,10000,10000,20000,10000,10000,20000,20000,20000,1000,100000,20000,20000,10000,10000,100000,2000,10000,10000,10000,20000,100000,100000,10000,10000,20000,20000,20000,20000,100000,100000,10000,100000,10000,20000,100000,10000,10000,2000,20000,20000,100000,10000,100000,50000,10000,20000,20000,10000,10000,100000,20000,10000,10000,10000,20000,20000,20000,1000,100000,100000,1000,2000,100000,2000,20000,10000,20000,100000,10000,100000,50000,10000,10000,100000,100000,20000,5000,10000,20000,10000,10000,20000,20000,100000,100000,1000,20000,100000,100000,100000,20000,20000,100000,10000,20000,20000,10000,20000,2000,2000,10000,100000,10000,100000,10000,10000,100000,20000,1000,10000,20000,1000,100000,100000,10000,100000,100000,100000,10000,10000,100000,100000,100000,10000,100000,100000,20000,20000,20000,1000,50000,20000,100000,10000,20000,5000,100000,1000,20000,1000,10000,20000,20000,100000,100000,10000,100000,20000,20000,100000,20000,2000,100000,100000,10000,20000,20000,100000,100000,10000,50000,100000,10000,10000,20000,10000,20000,10000,1000,10000,50000,10000,20000,100000,100000,50000,20000,10000,100000,10000,10000,100000,20000,10000,50000,2000,10000,10000,20000,1000,10000,50000,20000,1000,20000,10000,2000,20000,100000,10000,10000,20000,20000,20000,100000,20000,2000,20000,10000,20000,20000,20000,20000,20000,100000,100000,10000,100000,10000,100000,1000,10000,100000,10000,10000,1000,100000,1000,100000,20000,100000,20000,50000,10000,10000,10000,10000,10000,5000,20000,20000,100000,20000,50000,20000,10000,10000,20000,5000,10000,20000,100000,20000,20000,10000,100000,20000,100000,50000,100000,100000,10000,20000,10000,10000,50000,100000,10000,20000,100000,10000,10000,5000,100000,10000,20000,100000,100000,10000,20000,10000,10000,20000,20000,20000,20000,10000,20000,10000,10000,10000,20000,10000,10000,100000,10000,20000,20000,20000,10000,10000,100000,100000,5000,100000,10000,10000,20000,100000,100000,10000,10000,100000,20000,10000,10000,100000,20000,1000,10000,20000,10000,100000,50000,20000,20000,1000,10000,20000,10000,10000,20000,20000,100000,10000,10000,20000,10000,10000,20000,10000,10000,10000,100000,100000,20000,10000,20000,100000,10000,100000,20000,2000,100000,10000,50000,100000,5000,10000,10000,10000,100000,1000,20000,10000,100000,10000,10000,50000,100000,10000,20000,20000,20000,10000,100000,10000,100000,10000,10000,100000,100000,10000,20000,100000,20000,10000,10000,10000,100000,20000,20000,20000,20000,10000,10000,20000,100000,100000,10000,20000,20000,10000,10000,20000,20000,20000,100000,1000,100000,20000,100000,20000,20000,1000,10000,10000,20000,100000,20000,10000,10000,10000,20000,10000,1000,100000,2000,20000,10000,100000,100000,10000,50000,10000,10000,10000,10000,100000,50000,100000,20000,20000,10000,20000,10000,100000,10000,20000,5000,5000,20000,10000,10000,1000,20000,20000,10000,100000,100000,10000,10000,10000,20000,20000,20000,10000,10000,100000,2000,20000,2000,100000,100000,100000,10000,100000,10000,10000,10000,10000,20000,1000];

