NumChains = 50;
NumResources = 3;
NumRunnablesInChains = 195;
MemoryBoundOnResource = 1048576;
UtilizationBoundOnResource = 100;

numberOfTasksinChain = [9,9,5,5,9,7,9,5,7,5,9,9,5,7,5,5,7,5,9,7,5,9,7,5,9,9,7,7,5,5,5,5,5,7,7,9,9,5,9,5,5,9,7,5,5,7,9,9,5,7];

runnablesInChains = [215,319,364,40,483,2,142,172,388,62,206,346,157,446,75,450,138,90,429,389,153,369,163,297,393,420,190,438,451,158,475,496,309,336,355,318,468,81,436,35,491,183,292,369,316,359,62,399,120,157,186,84,151,182,80,78,278,213,455,265,96,155,2,71,336,18,355,302,334,171,184,224,312,435,327,134,367,118,108,416,108,408,13,220,148,161,489,296,450,223,424,426,341,443,263,48,270,363,168,476,103,222,308,349,39,61,56,295,376,166,182,58,279,258,494,59,17,448,47,341,30,208,394,449,337,444,178,466,238,354,107,20,414,55,415,69,61,156,212,494,86,235,151,343,121,321,329,228,143,132,296,241,183,409,234,13,232,403,345,460,252,166,361,60,287,49,425,31,284,31,320,36,176,152,366,12,25,176,26,275,75,53,399,126,477,352,79,414,469,459,265,400,112,352,441];

ProcessingTimesOfMessages = [[1,1,1,1,1,1,1,1,1],[1,1,1,1,1,1,1,1],[1,1,1,1,1,1,1,1],[1,1,1,1,1,1,1,1],[1,1,1,1,1,1,1],[1,1,1,1,1,1,1,1,1,1,1,1],[1,1,1,1,1,1,1,1,1],[1,1,1,1,1,1,1],[1,1,1,1,1,1,1],[1,1,1,1,1,1,1,1,1],[1,1,1,1,1],[1,1,1,1],[1,1,1,1,1,1,1,1,1,1],[1,1,1,1,1,1,1,1,1,1],[1,1,1,1,1,1,1,1,1,1,1,1],[1,1,1,1,1,1,1,1],[1,1,1,1,1,1,1,1,1,1],[1,1,1,1,1],[1,1,1,1,1,1,1],[1,1,1,1,1,1,1,1],[1,1,1,1,1,1,1],[1,1,1,1,1,1,1,1,1,1,1,1,1,1,1],[1,1,1,1,1,1],[1,1,1,1,1,1,1,1],[1,1,1,1,1,1,1],[1,1,1,1,1,1,1,1,1,1,1],[1,1,1,1,1,1,1,1,1],[1,1,1,1,1,1,1,1,1],[1,1,1,1,1,1,1,1,1,1,1],[1,1,1,1],[1,1,1,1,1,1],[1,1,1,1,1,1,1],[1,1,1,1,1,1,1,1,1,1],[1,1,1,1,1,1,1],[1,1,1,1,1],[1,1,1,1,1],[2,2,1,1,1,1,1,1,1],[1,1,1,1,1,1,1,1],[1,1,1,1,1,1,1],[1,1,1,1,1,1,1,1,1,1,1],[1,1,1,1,1],[1,1,1,1,1,1,1,1],[1,1,1,1,1,1],[1,1,1,1,1,1],[1,1,1,1,1,1],[1,1,1,1,1,1,1,1,1],[1,1,1,1,1,1,1,1,1,1,1,1],[1,1,1,1,1,1,1,1],[2,2,1,1,1,1,1,1,1],[1,1,1,1,1,1,1,1,1,1],[1,1,1,1,1,1,1,1],[1,1,1,1,1,1,1,1,1],[1,1,1,1],[1,1,1,1,1,1,1,1,1],[1,1,1,1,1,1,1],[1,1,1,1,1,1],[1,1,1,1,1,1,1,1],[1,1,1,1,1,1,1,1,1],[1,1,1,1,1,1,1,1,1,1],[1,1,1,1,1,1],[1,1,1,1,1,1,1,1],[1,1,1,1],[1,1,1,1,1,1,1],[1,1,1,1,1,1,1,1,1,1,1,1],[1,1,1,1,1,1],[1,1,1,1,1,1],[1,1,1,1,1,1,1,1,1,1],[1,1,1,1,1,1],[1,1,1,1,1,1,1,1,1],[1,1,1,1,1,1,1,1,1,1],[1,1,1,1,1,1,1],[1,1,1,1,1,1,1,1,1],[1,1,1,1,1,1],[1,1,1,1,1,1,1,1,1,1,1,1,1,1],[1,1,1,1,1,1,1],[1,1,1,1,1,1],[1,1,1,1,1,1,1],[1,1,1,1,1,1,1,1,1],[1,1,1,1,1,1,1,1],[1,2,2,1,1,1,1,1,1,1,1,1],[1,1,1,1,1,1],[1,1,1,1,1,1],[1,1,1,1,1,1],[1,1,1,1,1],[1,1,1,1,1,1,1],[1,1,1,1,1,1,1,1],[1,1,1,1,1,1],[1,1,1,1,1,1,1],[1,1,1,1,1,1],[1,1,1,1,1,1,1,1,1],[1,1,1,1,1,1,1,1,1],[1,1,1,1,1,1,1,1],[1,1,1,1,1,1],[1,1,1,1,1,1,1,1],[1,1,1,1,1,1,1,1,1,1,1,1],[1,1,1,1,1,1,1,1,1,1],[1,1,1,1,1,1,1],[1,1,1,1,1,1,1,1],[1,1,1,1,1,1,1,1,1],[1,1,1,1,1,1,1],[1,1,1,1,1,1,1,1,1],[1,1,1,1,1,1,1,1,1],[1,1,1,1,1,1,1,1,1,1],[1,1,1,1,1,1,1,1],[1,1,1,1,1,1,1,1,1],[1,1,1],[1,1,1,1,1,1],[1,1,1,1,1,1],[1,1,1,1],[1,1,1,1,1,1,1,1,1,1,1,1,1],[1,1,1,1,1,1,1,1],[1,1,1,1,1,1,1,1],[1,1,1,1,1],[1,1],[1,1,1,1],[1,1,1,1,1,1,1,1],[1,1,1,1,1,1],[1,1,1,1,1,1,1],[1,1,1,1,1,1,1,1],[1,1,1,1,1],[1,1,1,1,1,1,1,1],[1,1,1,1,1,1,1,1,1],[1,1,1,1,1,1,1,1,1],[1,1,1,1,1],[1,1,1,1,1,1,1,1,1],[1,1,1,1,1,1],[1,1,1,1,1],[1,1,1,1,1,1,1,1],[1,1,1,1,1,1,1,1,1,1],[1,1,1],[1,1,1,1,1,1,1],[1,1,1,1],[1,1,1,1,1,1,1,1,1,1],[1,1,1,1,1,1,1,1],[1,1,1,1,1,1,1],[1],[1,1,1,1,1,1,1,1,1],[1,1,1,1,1,1,1,1,1],[1,1,1,1,1,1,1],[1,1,1,1,1,1],[1,1,1,1,1,1,1,1],[1,1,1,1,1,1,1,1],[1,1,1,1,1,1],[1,1,1,1,1,1,1],[1,1,1,1,1,1],[1,1,1,1,1,1,1,1,1],[1,1,1,1,1,1,1],[1,1,1,1,1],[1,1,1,1,1,1,1,1,1,1,1,1,1],[1,1,1,1,1,1,1,1],[1,1,1],[1,1,1,1,1,1,1],[1,1,1,1,1,1,1,1],[1,1,1,1,1,1],[1,1,1,1,1,1],[1,1,1,1,1],[1,1,1],[1,1,1,1,1],[1,1,1,1,1,1,1,1,1],[1,1,1,1,1],[1,1,1,1,1],[1,1,1,1,1,1,1,1,1,1],[1,1,1,1,1,1,1,1],[1,1,1,1,1,1],[1,1,1,1,1,1,1],[1,1,1,1,1,1,1],[1,1,1,1,1],[1],[1,1,1,1,1,1,1],[1,1,1,1,1,1,1,1],[1,1,1,1,1],[1,1,1],[1,1,1,1,1,1,1],[1,1,1,1,1,1],[1,1,1,1],[1,1,1],[1,1,1,1,1,1],[1,1,1,1,1],[1,1,1,1,1,1,1,1],[1,1,1,1,1],[1,1,1,1,1,1,1,1,1],[1,1,1,1,1,1,1,1,1,1],[1,1,1,1,1],[1,1,1,1,1,1,1,1,1,1,1],[1,1],[1,1,1,1,1,1,1],[1,1,1,1,1,1,1],[1,1,1,1,1,1,1,1],[1,1,1,1,1],[1,1,1,1,1],[1,1,1,1,1,1,1,1],[1,1,1,1,1,1,1,1],[1,1,1,1,1,1],[1,1,1,1,1,1,1],[1,1,1,1,1,1,1,1,1],[1,1,1,1,1],[1,1,1,1,1,1,1,1,1,1],[1],[1,1,1,1,1,1,1],[1,1,1,1,1,2],[1],[1,1,1,1,1],[1,1,1,1,1,1],[1,1,1,1,1,1,1,1,2],[1,1,1,1,1],[1,1,1,1,1,1,1,1],[1,1,1,1,1,1,1,1,1],[1,1,1,1,1,1,1,1,1],[1,1,1,1,1],[1,1,1],[1,1,1,1,1],[1,1,1,1,1,1],[1,1,1,1,1,1,1,1,1,1,1,1],[1,1,1,1,1,1],[1,1,1,1,1,1,1,1],[1,1,1,1,1],[2,1],[1,1,1,1,1,1,1,1,2],[1,1,1,1],[1,1,1],[1,1,1,1],[1,1,1,1,1,1,1],[1,1,1,1,1],[1,1,1,1,1],[1,1,1,1,1,1,1,1],[1,1,1],[1,1,1,1,1,1,1],[1,1,1,1],[1,1,1,1,1,1,1,1,1,1,1],[1,1,1,1,1,1,1,1,1],[1,1,1,1,1,1,1],[1,1,1,1,1,1,1,1],[1,1,1,1,1],[1,1,1],[1,1,1],[1,1,1,1,1,1],[1,1,1,1,1,1],[1,1,1,1,1,1],[1,1,1,1,1,1,1,1,1,1],[1,1,1,1,1,1,1,1],[1,1,1,1,1,1,1],[1,1,1,1,1,1,1,1,1,1],[1,1,1,1],[1,1,1,1],[1,1,1,1],[1,1,1,1,1],[1,1,1,1],[1,1,1,1,1],[1,1,1,1,1,1,1,1,1,1,1],[1,1,1],[1,1,1,1],[1,1,1,1,1],[1,1],[1,1,1,1],[1,1,1,1,1],[1,1,1,1],[1,1,1,1,1,1,1,1],[1,1,1,1,1,1],[1,1,1,1,1,1,1,1,1,1],[1,1,1,1,1,1],[1,1,1,1,1,1,1,1,1],[1,1,1,1,1,1,1,1,1],[1,1,1,1,1,1],[1,1,1,1,1,1,1],[1],[1,1,1,1,1,1,1,1,1,1,1],[1,1,1,1,1,1,1,1],[1,1,1,1,1,1,1,1],[1,1,1,1,1],[1,1,1,1,1,1],[1,1,1],[1,1,1,1,1,1,1,1],[1,1,1],[1,1,1],[1,1,1,1,1,1],[1,1,1,1],[1,1,1,1,1,1,1,1],[1,1,1,1],[1,1,1,1,1,1,1,1,1],[1,1,1,1,1,1,1],[1,1,1,1,1,1],[1,1,1,1,1,1,1,1,1],[1,1],[1,1,1,1,1,1,1,1],[1,1,1,1,1,1,1,1,1,1,1],[1,1,1,1,1,1],[1,1,1,1,1,1,1,1,1],[1,1,1,1,1],[1,1,1,1,1,1,1,1,1,1,1,1],[1,1,1,1,1,1],[2,2,1,1,1,1],[1,1,1,1,1,1],[1,1,1,1,1,1,1],[1],[1,1,1,1],[1,1,1,1],[1,1,1,1,1,1],[1,1,1,1],[1,1,2,1,1,1,1],[1,1,1,1,1,1,1,1,1,1],[1,1,1,1,1,1],[1,1],[1],[1,1,1,1],[1,1,1,1,1,1,1,1],[1,1,1,1],[1,1,1,1],[1,1,1,1,1,1],[1,1],[1,1,1,1],[1,1,1,1,1,1,1,1],[1,1],[1],[1,1,1,1,1,1,1,1,1,1,1],[1,1,1,1,1],[1,1,1,1,1,1,1,1],[1],[1,1,1,1,1,1,1],[1,1,1],[1,1,1,2],[1,1,1,1,1,1,1,1,1],[1,1,1,1,1,1],[1,1,1,1,1],[1,1,1,1,1,1,1,1],[1,1,1,1,1,1,1],[1],[1,1,1,1,1,1,1],[1,1],[1,1,1],[1,1,1,1,1,1,1,1,1],[1,1,1,1,1,1],[1,1],[1,1,1,1,1,1,1],[1,1,1,1,1,1,1],[1,1,1,1,1],[1,1,1,1,1,1],[1,1,1,1,1,1,1,1,1],[1,1,1],[1,1,1],[1,1,1,1,1],[1,1,1,1,1,1,1,1],[1,1,1,1,1],[1,1,1,1,1,1,1],[1,1,1,1,1,1,1],[1,1,1,1],[1,1,1,1,1,1,1],[1,1,1,1,1,1,1,1],[1,1],[1],[1,1],[1,1,1,1,1],[1,1],[1,1],[1,1,1],[1,1,1],[1,1,1],[1,1,1,1,1,1,1,1],[1,1,1,1,1,1,1,1,1,1,1],[1,1,1,1],[1,1,1,1,1,1,1,1],[1,1,1,1,1],[1,1,1,1,1,1],[1,1,1,1,1,1,1,1],[1,1,1,1],[1,1,1],[1,1,1,1],[1,1],[1],[1,1,1,1],[1,1],[1,1,1,1,1,1,1],[1,1,1,1,1,1,1],[1,1,1],[1,1,1,1,1,1,1,1,1],[1,1,1],[1,1,1,1],[1,1,1,1,1],[1,1,1,1,1,1,1,1,1],[1,1],[],[1,1,1,1,1],[1,1],[1,1],[1,1,1,1],[],[],[1,1],[1,1],[1,1,1,1,1,1,1],[1,1,1,1,1,1,1,1],[1,1,1,1,1,1,1,1],[1,1,1,1,1],[1,1,1,1],[1,1,1,1],[1,1,1],[1,1,1,1,1],[1,1],[1,1,1,1,1,1],[1,1,1,1,1],[1,1,1,1,1],[1,1,1,1],[1,1,1,1,1,1,1,1],[1,1,1],[1,1,1,1,1,1,1],[1,1],[1],[1,1,1,1,1,1,1,1,1,1],[1,1,1,1,1],[1],[1,1,1,1],[2],[1,1,1,1,1,1],[1,1,1,1],[1,1],[1,1,1],[1],[1,1,1,1],[1,1,1,1],[1],[1,1],[1,1],[1,1,1,1,1],[1,1,1,1,1,1],[1,1,1,1,1,1,1,1,1,1],[1,1,1],[1,1,1,1],[1,1,1],[1,1],[1,1,1],[1,1,1,1,1],[1,1,1,1],[1,1,1,1,1,1,1,1,1],[1,1,1,1,1],[1,1],[1,1,1,1],[1,1,1,1],[1,1,1,1],[1,1],[1,1,1,1,1,1,1,1,1,1],[1],[1,1,1,1,1],[1,1,1,1,1,1,1,1],[1,1],[1,1,1,1],[1,1,1,1,1,1],[1,1,1,1,1,1,1],[1,1,1,1,1,1],[1,1],[1],[1,1,1,1],[1,1],[1,1,1,1,1,1,1,1],[1,1,1],[1,1,1,1,1,1,1],[1,1,1,1,1,1],[1,1,1,1,1],[1,1,1,1],[1,1,1],[1],[1,1,1,1,1,1,1],[1,1],[1,1],[1,1],[1,1],[1],[1,1,1,1,1,1],[1,1,1],[1,1,1,1],[1,1],[1,1],[1,1],[1,1,1,1],[],[1,1,1,1],[1,1,1],[1,1,1,1,1,1,1,1],[1,1,1,1],[1],[1,1,1],[1],[1,1,1],[],[1,1,1,1],[1,1,1],[],[1,1,1,1],[1],[1,1,1,1,1,1],[],[1],[1],[1],[1,1],[1,1,1],[1,1,1,1],[1,1,1],[1,1,1,1],[1,1,1,1,1,1],[1],[1,1,1,1,1,1]];

processingTimesRunnables = [13,13,13,11,12,13,10,13,12,15,12,10,10,16,13,12,7,12,10,11,12,11,7,13,5,9,9,11,10,6,8,8,6,7,16,14,6,8,5,11,9,12,11,11,11,6,11,8,11,15,11,14,11,13,12,16,14,13,10,9,6,11,11,12,14,10,11,10,14,12,13,6,13,12,6,10,13,12,11,17,11,4,11,7,11,13,16,14,14,11,13,5,11,13,15,12,12,13,12,7,14,14,16,15,11,12,5,12,11,14,13,7,9,8,8,12,14,13,14,17,6,15,6,11,11,16,8,10,12,13,16,9,7,6,9,13,7,5,5,12,7,14,13,10,12,6,14,13,9,10,6,13,11,11,9,13,7,13,4,17,14,6,10,15,11,15,13,14,13,13,13,5,5,5,14,10,10,9,12,6,8,11,8,11,16,13,13,10,7,12,13,14,13,13,7,13,10,10,13,11,10,10,5,7,5,10,17,4,7,7,7,10,14,10,10,12,11,12,14,11,13,10,12,13,5,7,6,16,13,4,12,9,5,11,13,10,12,13,13,11,5,12,10,12,5,10,11,12,10,12,13,9,8,5,13,14,12,9,13,13,7,13,15,11,9,7,10,5,12,12,12,9,13,12,16,10,7,12,13,4,11,11,7,16,13,13,6,10,6,11,10,4,10,12,12,14,11,13,6,12,11,10,15,14,8,4,13,15,8,7,11,8,11,8,11,10,8,9,16,15,6,10,7,15,6,6,9,6,11,15,13,10,7,13,6,12,10,11,13,5,10,13,12,5,8,4,10,16,12,11,11,13,7,14,11,13,13,13,11,12,13,11,13,16,10,9,16,13,12,12,7,12,11,11,11,7,11,7,15,6,13,13,12,13,8,4,13,12,13,7,10,13,10,7,11,8,12,13,7,5,13,7,11,13,11,13,6,17,10,12,10,11,8,14,13,11,13,6,9,9,6,16,8,5,11,15,13,5,15,6,13,15,10,10,15,12,8,13,14,5,9,16,12,14,13,13,12,13,13,7,11,13,9,14,8,11,13,14,10,9,12,7,16,11,12,10,13,14,12,13,15,13,11,10,7,12,16,12,12,13,10,10,13,16,12,11,11,10,7,13,14,8,7,10,16,16,12,11,10,5];

periods = [100000,100000,100000,20000,20000,10000,20000,20000,10000,10000,20000,20000,10000,20000,2000,10000,50000,5000,20000,20000,10000,100000,2000,100000,20000,100000,1000,100000,10000,10000,10000,20000,100000,2000,20000,20000,1000,20000,10000,20000,20000,20000,10000,2000,2000,20000,10000,100000,10000,10000,10000,1000,100000,20000,20000,10000,10000,20000,50000,20000,10000,100000,10000,10000,100000,20000,100000,1000,10000,1000,5000,10000,20000,10000,100000,10000,1000,20000,20000,20000,20000,1000,20000,10000,10000,10000,2000,20000,100000,20000,100000,20000,10000,10000,100000,100000,20000,10000,20000,100000,20000,100000,10000,20000,20000,5000,100000,2000,10000,20000,20000,20000,50000,100000,100000,20000,10000,2000,100000,100000,10000,10000,10000,100000,20000,20000,100000,20000,20000,100000,10000,100000,2000,2000,10000,20000,20000,20000,20000,2000,100000,100000,100000,10000,1000,10000,20000,10000,100000,100000,10000,20000,20000,20000,100000,10000,100000,20000,20000,100000,10000,10000,100000,20000,10000,20000,5000,100000,20000,20000,20000,100000,100000,10000,10000,20000,20000,20000,10000,10000,100000,20000,100000,50000,20000,10000,10000,50000,100000,20000,10000,20000,20000,100000,20000,10000,100000,10000,100000,10000,20000,100000,20000,20000,20000,100000,20000,20000,100000,20000,20000,10000,20000,100000,20000,20000,20000,100000,10000,10000,10000,10000,100000,50000,10000,100000,20000,1000,100000,10000,20000,20000,20000,10000,10000,100000,20000,100000,20000,10000,100000,10000,100000,20000,20000,2000,100000,20000,100000,100000,1000,20000,20000,20000,10000,100000,10000,10000,20000,20000,10000,10000,100000,10000,20000,20000,20000,10000,10000,100000,20000,100000,100000,10000,100000,100000,2000,20000,10000,10000,100000,20000,10000,10000,1000,20000,10000,1000,100000,20000,10000,100000,20000,100000,10000,100000,100000,10000,10000,100000,20000,20000,10000,10000,10000,20000,10000,10000,20000,100000,1000,50000,100000,20000,20000,100000,100000,5000,20000,10000,1000,100000,10000,2000,20000,5000,50000,20000,1000,100000,100000,100000,10000,20000,20000,5000,20000,2000,100000,2000,10000,20000,10000,20000,20000,100000,10000,50000,10000,100000,100000,20000,100000,100000,5000,20000,20000,20000,100000,10000,20000,100000,100000,20000,10000,20000,2000,20000,100000,20000,10000,10000,100000,10000,2000,20000,20000,100000,100000,20000,10000,100000,100000,100000,2000,10000,20000,100000,20000,100000,20000,20000,100000,20000,20000,100000,10000,100000,100000,20000,20000,10000,20000,100000,20000,10000,100000,2000,10000,50000,10000,20000,100000,20000,20000,2000,10000,100000,20000,20000,1000,10000,100000,100000,10000,10000,100000,10000,20000,10000,2000,20000,20000,100000,50000,20000,100000,20000,20000,100000,20000,100000,10000,20000,20000,100000,10000,50000,20000,100000,20000,100000,10000,1000,20000,10000,10000,20000,20000,20000,10000,20000,10000,10000,20000,100000,10000,5000,20000,20000,20000,1000,20000,10000,20000,10000,20000,20000,10000,20000,50000,20000,20000,10000,20000,100000,100000,50000,10000,10000,100000,20000,20000,10000,100000,20000,20000,10000,50000,1000];

communicationTimeForOrderCriticalMessages = [1,1,1,1,1,1,1,1,1,1,1,1,1,1,1,1,1,1,1,1,1,1,1,1,1,1,1,1,1,1,1,1,1,1,1,1,1,1,1,1,1,1,1,1,1,1,1,1,1,1,1,1,1,1,1,1,1,1,1,1,1,1,1,1,1,1,1,1,1,1,1,1,1,1,1,1,1,1,1,1,1,1,1,1,1,1,1,1,1,1,1,1,1,1,1,1,1,1,1,1,1,1,1,1,1,1,1,1,1,1,1,1,1,1,1,1,1,1,1,1,1,1,1,1,1,1,1,1,1,1,1,1,1,1,1,1,1,1,1,1,1,1,1,1,1];

sizeOfRunnables = [1223,1270,1248,1013,1155,1238,993,1223,1170,1475,1140,945,975,1508,1285,1148,610,1140,975,1060,1188,1065,698,1248,488,885,840,1008,930,543,735,783,503,700,1573,1393,518,775,473,1043,885,1160,1080,1008,1098,573,1015,768,1050,1498,1075,1400,1030,1255,1160,1508,1303,1208,963,803,588,1088,1058,1188,1400,990,1098,963,1308,1198,1230,518,1298,1148,503,990,1233,1163,1060,1605,1075,385,1043,695,1080,1235,1550,1378,1323,1020,1215,468,1030,1293,1490,1135,1170,1233,1113,613,1340,1350,1563,1415,1060,1113,428,1135,1053,1333,1248,613,895,750,713,1195,1303,1278,1388,1615,513,1458,533,1015,1060,1560,733,978,1143,1218,1530,878,683,548,835,1233,690,430,468,1163,675,1388,1225,963,1188,525,1383,1215,850,918,513,1260,1090,1040,840,1215,623,1253,390,1620,1308,540,993,1480,1045,1430,1230,1340,1210,1290,1245,415,450,480,1355,938,930,835,1163,543,775,1023,705,1023,1518,1270,1270,993,640,1143,1285,1350,1298,1248,653,1225,983,993,1225,1035,945,963,473,663,473,945,1615,385,648,615,683,998,1303,970,960,1165,1023,1188,1383,1060,1298,925,1150,1215,460,698,540,1550,1248,390,1113,878,453,1083,1218,948,1118,1253,1275,1005,480,1133,985,1148,465,948,1050,1163,915,1170,1230,870,795,480,1210,1335,1143,848,1203,1215,668,1285,1405,1038,873,670,960,483,1135,1133,1133,880,1238,1118,1528,945,663,1103,1270,398,1068,1098,623,1595,1238,1270,520,968,563,1030,985,393,970,1150,1180,1340,1060,1208,585,1155,1043,970,1405,1303,795,383,1210,1420,705,693,1008,750,1013,790,1060,955,768,813,1540,1458,510,903,678,1470,578,525,848,580,1065,1410,1285,1000,608,1300,510,1118,985,1035,1260,460,990,1223,1173,478,748,383,970,1583,1150,1090,1075,1293,663,1313,1053,1278,1208,1285,1008,1160,1208,1075,1238,1555,983,880,1578,1270,1165,1150,678,1178,1083,1043,1023,638,1095,615,1470,555,1230,1233,1158,1283,710,375,1230,1128,1285,675,955,1270,998,700,1058,798,1105,1263,615,415,1208,603,1083,1225,1060,1218,520,1620,988,1170,1000,1010,788,1360,1253,1053,1253,588,863,810,528,1503,705,408,1020,1470,1210,408,1463,565,1300,1495,948,933,1463,1135,705,1260,1328,423,813,1588,1180,1305,1290,1218,1193,1283,1270,633,1068,1205,810,1340,775,1013,1238,1305,993,873,1140,660,1595,1023,1158,993,1278,1305,1110,1225,1430,1223,1073,983,618,1155,1545,1118,1155,1205,940,938,1285,1540,1188,1035,1075,955,668,1275,1398,718,630,918,1535,1508,1143,1015,923,475];

SenderLabelReceiverOrderCriticalChains = [[215,353,0,0,319],[319,3595,0,0,364],[364,405,0,0,40],[40,2918,0,0,483],[2,3523,0,0,142],[142,46,0,0,172],[172,949,0,0,388],[388,1384,0,0,62],[206,93,0,0,346],[346,658,0,0,157],[446,2443,0,0,75],[75,2298,0,0,450],[138,1253,0,0,90],[90,3849,0,0,429],[429,2996,0,0,389],[389,3355,0,0,153],[369,2157,0,0,163],[163,1699,0,0,297],[297,520,0,0,393],[420,2835,0,0,190],[190,3480,0,0,438],[438,483,0,0,451],[451,3340,0,0,158],[475,1250,0,0,496],[496,2661,0,0,309],[336,1245,0,0,355],[355,724,2420,2629,318],[318,1548,0,0,468],[81,2315,0,0,436],[436,3753,0,0,35],[491,917,0,0,183],[183,3941,0,0,292],[292,3969,0,0,369],[369,1361,0,0,316],[359,3534,0,0,62],[62,3082,0,0,399],[399,991,0,0,120],[120,1656,0,0,157],[186,2014,0,0,84],[84,3864,0,0,151],[182,1572,0,0,80],[80,1725,0,0,78],[78,1474,0,0,278],[213,2480,0,0,455],[455,3011,0,0,265],[96,2118,0,0,155],[155,1558,0,0,2],[71,390,0,0,336],[336,1962,3050,0,18],[18,2882,0,0,355],[302,338,0,0,334],[334,604,0,0,171],[184,2894,0,0,224],[224,1809,3163,0,312],[312,3633,0,0,435],[435,1316,0,0,327],[134,3575,0,0,367],[367,1695,0,0,118],[118,469,0,0,108],[416,3482,3524,0,108],[108,2377,0,0,408],[13,2633,0,0,220],[220,3134,0,0,148],[148,2188,0,0,161],[161,3555,0,0,489],[296,2842,0,0,450],[450,2636,0,0,223],[223,2129,0,0,424],[426,2716,0,0,341],[341,2751,0,0,443],[263,3208,0,0,48],[48,335,0,0,270],[270,3537,0,0,363],[363,2850,0,0,168],[476,536,0,0,103],[103,1905,0,0,222],[222,3955,0,0,308],[308,541,0,0,349],[39,729,0,0,61],[61,1350,3889,0,56],[56,2655,0,0,295],[376,2411,0,0,166],[166,2916,0,0,182],[182,23,0,0,58],[279,2954,0,0,258],[258,3541,0,0,494],[59,2443,0,0,17],[17,1991,0,0,448],[47,140,0,0,341],[341,3717,0,0,30],[208,3911,0,0,394],[394,280,0,0,449],[337,1114,0,0,444],[444,3296,0,0,178],[466,1070,0,0,238],[238,1749,0,0,354],[354,302,0,0,107],[20,3827,0,0,414],[414,1556,0,0,55],[55,3183,0,0,415],[69,2311,0,0,61],[61,157,449,0,156],[156,3937,0,0,212],[212,209,0,0,494],[86,3745,0,0,235],[235,2171,0,0,151],[151,3676,0,0,343],[343,1034,0,0,121],[321,2288,0,0,329],[329,2354,0,0,228],[143,790,0,0,132],[132,2031,0,0,296],[296,96,0,0,241],[241,412,0,0,183],[409,538,0,0,234],[234,3760,0,0,13],[232,3572,0,0,403],[403,770,0,0,345],[460,3883,0,0,252],[252,3976,0,0,166],[166,1622,0,0,361],[361,732,0,0,60],[287,258,0,0,49],[49,977,0,0,425],[425,597,0,0,31],[284,518,0,0,31],[31,2935,0,0,320],[36,5,0,0,176],[176,906,0,0,152],[366,2555,0,0,12],[12,286,3494,0,25],[25,2147,0,0,176],[26,3186,0,0,275],[275,1635,0,0,75],[75,2641,0,0,53],[53,2798,0,0,399],[126,2711,0,0,477],[477,2565,0,0,352],[352,2245,0,0,79],[79,2295,0,0,414],[469,3263,0,0,459],[459,1044,0,0,265],[400,1439,0,0,112],[112,941,0,0,352],[352,741,0,0,441]];

SenderLabelReceiverNonOrderCriticalChains = [[1,119,388],[1,119,494],[1,135,96],[1,135,246],[1,231,73],[1,231,397],[1,766,2],[1,766,294],[1,3104,313],[2,7,87],[2,7,383],[2,996,130],[2,1184,247],[2,1696,24],[2,3523,142],[2,3750,3],[2,3750,480],[3,703,388],[3,1954,131],[3,1954,393],[3,1954,432],[3,2669,479],[3,2669,65],[3,2895,241],[3,2895,70],[4,1138,5],[4,1783,37],[4,1783,496],[4,2145,190],[4,2145,132],[4,3234,6],[4,3869,212],[4,3869,241],[5,1106,216],[5,1106,467],[5,1106,413],[5,1294,12],[5,2273,14],[5,2813,11],[5,2940,253],[6,76,262],[6,76,282],[6,1389,9],[6,1389,203],[6,3408,41],[6,3446,309],[6,3446,109],[6,3446,51],[6,3543,344],[6,3835,145],[6,3835,421],[6,3835,490],[7,457,368],[7,457,349],[7,1082,8],[7,1740,473],[7,1740,403],[7,2319,414],[7,2910,70],[7,2910,71],[7,3691,418],[8,51,417],[8,51,461],[8,1463,482],[8,2160,11],[8,2160,489],[8,2160,175],[8,2662,12],[9,2088,94],[9,2446,385],[9,2446,490],[9,3320,10],[9,3320,489],[9,3561,228],[9,3781,85],[10,1824,482],[10,2982,288],[10,2982,120],[10,3421,468],[10,3421,307],[10,3461,38],[10,3676,30],[10,3676,343],[10,3705,62],[11,158,352],[11,730,451],[11,2253,12],[11,2544,456],[11,2586,43],[12,286,25],[12,1555,394],[12,1555,359],[12,3494,25],[13,683,116],[13,683,201],[13,1446,272],[13,1446,323],[13,1582,482],[13,2432,480],[13,2633,220],[13,3777,21],[13,3975,430],[13,3975,46],[14,104,303],[14,104,385],[14,459,366],[14,899,16],[14,1355,317],[14,1903,64],[14,2984,278],[14,2984,467],[14,3418,259],[14,3418,421],[15,288,23],[15,1346,206],[15,1346,235],[15,1732,34],[15,1732,426],[15,1732,319],[15,1732,310],[15,2042,23],[15,3276,475],[15,3362,342],[15,3362,408],[15,3459,414],[16,125,165],[16,1142,21],[16,1682,416],[16,3091,236],[16,3091,449],[16,3091,219],[16,3309,326],[16,3732,205],[17,1073,113],[17,1175,113],[17,1175,185],[17,1175,156],[17,1175,422],[17,1536,481],[17,1991,57],[17,1991,448],[17,2071,414],[17,2247,435],[18,2317,20],[18,2882,355],[18,3050,336],[18,3050,410],[18,3050,44],[19,757,138],[19,757,471],[19,922,334],[19,1820,275],[19,2433,35],[19,2433,409],[19,3159,159],[20,467,475],[20,552,345],[20,1128,278],[20,1128,293],[20,1128,235],[20,3827,353],[20,3827,34],[20,3827,414],[21,2354,228],[21,2354,18],[21,2873,157],[21,3509,43],[21,3509,389],[21,3572,403],[21,3572,72],[22,476,148],[22,476,463],[22,1673,115],[22,1673,180],[22,1688,302],[22,1688,96],[22,1974,294],[22,1974,335],[22,2090,250],[22,2916,182],[22,2916,189],[22,2916,247],[22,3062,199],[22,3800,24],[22,3800,492],[23,192,174],[23,445,45],[23,1119,416],[23,1444,246],[23,2892,140],[23,2892,322],[24,853,174],[24,1727,70],[24,1727,28],[24,1727,173],[24,2493,366],[24,2493,227],[24,3923,419],[24,3923,491],[25,402,441],[25,830,112],[25,830,297],[25,1025,41],[25,1492,41],[25,1744,175],[25,2147,176],[26,334,359],[26,334,295],[26,2010,91],[26,2010,480],[26,2370,62],[26,2501,248],[26,2501,350],[26,2501,354],[26,2539,350],[26,3110,20],[26,3186,275],[27,1697,37],[27,2590,217],[27,2670,356],[27,2670,224],[27,2895,241],[27,2895,70],[27,2910,70],[27,2910,71],[27,3754,459],[28,1147,236],[28,1725,497],[28,1725,382],[28,1725,147],[28,1725,78],[28,2707,373],[28,2707,385],[28,3414,240],[28,3804,53],[29,1039,117],[29,1039,258],[29,1039,87],[29,1718,47],[29,1969,200],[29,2004,213],[29,2004,296],[29,2219,376],[29,2251,113],[29,3298,217],[29,3298,459],[30,2155,196],[30,3066,113],[30,3066,132],[30,3656,31],[31,354,39],[31,354,333],[31,520,4],[31,520,393],[31,1075,235],[31,2935,320],[32,961,394],[32,1940,73],[32,2784,190],[32,2933,326],[32,2933,168],[32,3932,36],[32,3932,280],[33,10,374],[33,668,53],[33,2272,190],[33,2519,400],[33,2587,217],[33,2587,373],[33,2587,425],[33,3121,236],[33,3208,48],[33,3208,127],[34,516,160],[34,516,408],[34,1777,44],[34,2168,492],[34,3141,30],[34,3141,344],[34,3141,111],[35,39,345],[35,1086,38],[35,1672,480],[35,2797,121],[35,3109,226],[36,5,176],[36,206,42],[36,580,44],[36,627,254],[36,1662,392],[37,18,298],[37,18,87],[37,2636,68],[37,2636,223],[37,2716,341],[37,2716,410],[37,3536,321],[37,3936,398],[37,3936,454],[38,1240,66],[38,1403,40],[38,1403,78],[38,2412,442],[38,2447,126],[38,2722,306],[38,3883,252],[38,3883,207],[39,643,208],[39,729,338],[39,729,61],[39,729,388],[39,1542,211],[39,3129,350],[39,3253,467],[40,1589,79],[40,1589,293],[40,2485,303],[40,2918,483],[40,2924,317],[40,3204,375],[40,3204,487],[40,3204,171],[40,3204,313],[40,3385,216],[40,3385,355],[41,659,484],[41,1226,89],[41,2100,55],[41,2748,159],[41,3086,335],[42,142,26],[42,515,37],[42,1261,46],[42,1452,226],[42,1452,436],[42,3022,471],[42,3252,192],[42,3423,319],[43,958,56],[43,2698,44],[43,2860,221],[43,2975,499],[43,3869,212],[43,3869,241],[44,694,375],[44,1089,486],[44,1089,357],[44,1089,39],[44,1319,273],[44,1999,416],[45,412,183],[45,412,385],[45,748,416],[45,748,139],[45,1887,349],[45,1909,367],[46,411,456],[46,432,263],[46,1197,100],[46,2761,54],[46,2899,306],[46,2899,59],[46,2899,329],[46,3340,104],[46,3340,158],[47,140,191],[47,140,341],[47,1087,72],[47,1986,244],[47,1986,482],[47,2587,217],[47,2587,373],[47,2587,425],[47,3446,309],[47,3446,109],[47,3446,51],[47,3823,461],[48,335,270],[48,1178,197],[48,1652,230],[48,1921,132],[48,2295,414],[48,2295,194],[48,3453,125],[48,3453,470],[49,18,298],[49,18,87],[49,977,425],[49,977,385],[49,1991,57],[49,1991,448],[49,2268,212],[49,2564,193],[49,3353,66],[50,198,382],[50,656,185],[50,656,245],[50,656,461],[50,914,301],[50,1046,343],[50,1046,440],[50,1248,52],[50,1256,221],[50,3155,257],[51,267,397],[51,714,264],[51,732,60],[51,732,107],[51,1993,84],[51,1993,214],[51,2666,148],[51,2756,36],[52,281,251],[52,281,327],[52,889,329],[52,1765,77],[52,1922,228],[52,1922,114],[52,2638,294],[52,2905,228],[52,3230,421],[53,2798,399],[53,2798,264],[53,2798,204],[53,2798,347],[54,463,58],[54,590,436],[54,1695,118],[54,1695,451],[54,2750,283],[54,2750,337],[54,2894,224],[54,2894,473],[54,2894,19],[55,2057,137],[55,2057,294],[55,2338,210],[55,2958,81],[55,3183,415],[55,3183,45],[55,3915,356],[56,2261,71],[56,2655,295],[56,2984,278],[56,2984,467],[56,3775,339],[56,3889,61],[57,73,284],[57,1757,156],[57,2160,11],[57,2160,489],[57,2160,175],[57,2288,329],[57,2288,53],[57,3181,72],[58,1807,201],[58,2103,34],[58,2103,60],[58,2363,438],[58,2363,475],[58,3277,30],[58,3277,315],[58,3824,456],[58,3824,161],[59,53,224],[59,1069,116],[59,1409,348],[59,1409,332],[59,2443,421],[59,2443,250],[59,2443,75],[59,2443,17],[59,2521,481],[59,3627,198],[60,772,335],[60,1041,66],[60,1818,9],[60,1818,379],[60,1818,496],[60,2704,244],[61,449,156],[61,1129,72],[61,1129,186],[61,1350,56],[61,1350,496],[61,1350,276],[61,2324,476],[61,2324,63],[62,180,45],[62,1353,96],[62,3082,399],[62,3988,65],[63,473,361],[63,926,288],[63,926,422],[63,1628,234],[63,1628,406],[63,2308,69],[63,3521,298],[64,1580,106],[64,1580,453],[64,1819,468],[64,1819,90],[64,2490,93],[64,3587,149],[64,3587,175],[64,3740,74],[64,3932,36],[64,3932,280],[64,3950,428],[64,3950,199],[65,760,473],[65,760,354],[65,1018,195],[65,1919,318],[65,2533,252],[65,3143,91],[66,416,372],[66,416,231],[66,572,313],[66,572,446],[66,1985,453],[66,2441,76],[67,729,338],[67,729,61],[67,729,388],[67,2082,36],[67,2112,175],[67,2790,94],[67,3555,489],[67,3555,202],[67,3936,398],[67,3936,454],[68,746,32],[68,1553,411],[68,1755,145],[68,3575,161],[68,3575,367],[68,3575,378],[69,450,82],[69,861,315],[69,861,254],[69,861,333],[69,2003,250],[69,2207,418],[69,2311,61],[69,3357,360],[69,3568,214],[70,1034,121],[70,1034,145],[70,1905,222],[70,1905,321],[70,2200,136],[70,2200,480],[70,2200,462],[70,3569,113],[70,3893,311],[70,3893,220],[71,390,336],[71,669,232],[71,669,167],[71,1597,106],[71,2075,106],[71,2075,171],[71,2634,106],[72,72,135],[72,1126,169],[72,1126,165],[72,1639,443],[72,1639,103],[72,1732,34],[72,1732,426],[72,1732,319],[72,1732,310],[73,1632,88],[73,1645,68],[73,1645,323],[73,2051,420],[73,2318,99],[73,3590,184],[74,464,53],[74,464,293],[74,554,18],[74,554,165],[74,1494,200],[74,1494,406],[74,1630,499],[74,1732,34],[74,1732,426],[74,1732,319],[74,1732,310],[74,2570,411],[74,2570,123],[74,3993,109],[75,665,89],[75,926,288],[75,926,422],[75,1021,300],[75,2298,450],[75,2641,53],[75,2925,89],[76,61,371],[76,61,420],[76,370,151],[76,579,483],[76,1562,85],[76,3099,494],[77,431,251],[77,1772,285],[77,2312,252],[77,2312,131],[77,2510,329],[77,3227,421],[77,3392,454],[78,1258,131],[78,1278,147],[78,1278,216],[78,1389,9],[78,1389,203],[78,1474,278],[78,2269,185],[78,3884,133],[78,3884,483],[79,341,101],[79,1392,92],[79,1989,455],[79,1989,426],[79,2167,166],[79,2295,414],[79,2295,194],[79,2339,128],[80,624,83],[80,966,252],[80,966,470],[80,1076,127],[80,1076,472],[80,1076,347],[80,1725,497],[80,1725,382],[80,1725,147],[80,1725,78],[80,1956,487],[80,1956,392],[81,360,344],[81,782,477],[81,1819,468],[81,1819,90],[81,2315,436],[81,3344,281],[82,1934,187],[82,2717,350],[82,2717,325],[82,3105,422],[82,3259,288],[82,3873,53],[83,410,353],[83,410,359],[83,1884,154],[83,2487,88],[83,3429,496],[83,3465,485],[84,1303,134],[84,2102,271],[84,2829,222],[84,3861,269],[84,3864,151],[85,1175,113],[85,1175,185],[85,1175,156],[85,1175,422],[85,1938,425],[85,2911,66],[85,3040,428],[86,334,359],[86,334,295],[86,480,109],[86,1754,178],[86,2193,307],[86,3352,230],[86,3745,235],[86,3964,240],[87,331,385],[87,428,108],[87,1783,37],[87,1783,496],[87,2736,202],[87,2965,277],[88,1125,308],[88,1655,111],[88,1738,115],[88,1738,437],[88,1838,458],[88,2224,394],[88,2224,201],[89,2157,163],[89,2157,388],[89,2523,242],[89,2523,271],[89,2523,470],[89,3222,85],[90,74,202],[90,1583,104],[90,2289,195],[90,3411,271],[90,3827,353],[90,3827,34],[90,3827,414],[90,3849,429],[90,3849,203],[91,133,114],[91,1688,302],[91,1688,96],[91,1727,70],[91,1727,28],[91,1727,173],[91,2916,182],[91,2916,189],[91,2916,247],[92,333,420],[92,1022,273],[92,1022,368],[92,1174,85],[92,2560,495],[92,2560,111],[92,3172,55],[92,3172,397],[93,2104,443],[93,2104,484],[93,2755,219],[93,3045,146],[93,3144,284],[93,3308,151],[94,262,235],[94,510,109],[94,1633,374],[94,1633,490],[94,2949,475],[94,2949,97],[94,2949,255],[94,3796,288],[95,118,436],[95,209,382],[95,209,494],[95,484,177],[95,2622,294],[95,2759,209],[95,2827,115],[95,3183,415],[95,3183,45],[95,3643,373],[95,3643,500],[95,3643,59],[96,1628,234],[96,1628,406],[96,2118,155],[96,2118,461],[96,2118,497],[96,2118,325],[96,2183,5],[96,2183,254],[96,2223,27],[96,2223,140],[97,934,267],[97,1551,99],[97,1574,185],[97,1605,204],[97,1759,356],[97,2195,475],[97,3502,200],[98,140,191],[98,140,341],[98,149,428],[98,149,456],[98,227,298],[98,3455,306],[98,3455,54],[98,3704,485],[99,356,112],[99,356,307],[99,900,88],[99,900,450],[99,900,440],[99,2055,177],[99,2055,349],[99,2232,256],[99,3907,266],[100,483,10],[100,483,451],[100,625,186],[100,2345,209],[100,2620,330],[100,3478,114],[100,3478,487],[101,952,316],[101,952,164],[101,1315,301],[101,1326,76],[101,1725,497],[101,1725,382],[101,1725,147],[101,1725,78],[101,1894,221],[102,414,136],[102,414,481],[102,1421,201],[102,1698,127],[102,2686,393],[102,3050,336],[102,3050,410],[102,3050,44],[102,3890,422],[103,448,175],[103,448,493],[103,594,299],[103,1518,219],[103,1905,222],[103,1905,321],[103,3446,309],[103,3446,109],[103,3446,51],[103,3584,494],[104,186,419],[104,569,332],[104,2160,11],[104,2160,489],[104,2160,175],[104,2186,152],[104,3028,465],[104,3845,459],[105,924,486],[105,924,429],[105,1478,250],[105,1669,412],[105,2420,355],[105,2420,9],[105,2420,168],[105,3321,178],[105,3771,185],[106,2366,336],[106,3483,326],[106,3999,60],[107,1246,359],[107,1246,239],[107,1843,114],[107,2884,130],[107,3135,276],[107,3556,160],[108,2335,367],[108,2335,92],[108,2377,408],[108,2915,134],[108,3482,489],[108,3482,416],[109,1500,365],[109,1954,131],[109,1954,393],[109,1954,432],[110,184,448],[110,770,111],[110,770,345],[110,1037,20],[110,1037,176],[110,1234,305],[110,1259,19],[110,1259,436],[110,2013,376],[110,2013,176],[110,2013,154],[110,3041,158],[110,3654,129],[111,1320,387],[111,1343,139],[111,1343,310],[111,1343,393],[111,2382,202],[111,2382,164],[111,3138,248],[111,3138,477],[112,888,434],[112,888,457],[112,941,425],[112,941,352],[112,1278,147],[112,1278,216],[112,1445,265],[112,2504,171],[113,2473,192],[113,2473,327],[113,3158,315],[113,3158,81],[113,3492,184],[114,812,274],[114,2579,206],[115,2442,322],[115,2442,378],[115,3331,279],[115,3699,203],[116,915,128],[116,1892,49],[116,2224,394],[116,2224,201],[116,2514,170],[116,2514,229],[116,3782,404],[116,3782,469],[117,455,131],[117,610,135],[117,1400,417],[117,2631,317],[117,3472,144],[117,3472,279],[118,469,108],[118,1290,277],[118,2368,338],[118,2707,373],[118,2707,385],[118,3215,500],[118,3215,130],[119,67,256],[119,954,362],[119,1316,327],[119,1316,238],[119,2107,163],[119,3803,398],[119,3803,120],[119,3876,322],[120,1267,124],[120,1435,86],[120,1656,157],[120,3970,275],[120,3970,412],[121,566,453],[121,566,255],[121,1089,486],[121,1089,357],[121,1089,39],[121,1109,162],[121,1717,151],[121,1717,316],[122,753,339],[122,1461,305],[122,1644,500],[122,1644,486],[122,1644,174],[122,2538,257],[122,2949,475],[122,2949,97],[122,2949,255],[123,332,18],[123,332,463],[123,947,296],[123,947,370],[123,1129,72],[123,1129,186],[123,1569,255],[123,2528,386],[123,3427,406],[124,755,141],[124,866,214],[124,1580,106],[124,1580,453],[124,3700,270],[125,748,416],[125,748,139],[125,2187,387],[125,2258,290],[125,2258,365],[125,2258,307],[125,3199,414],[125,3519,260],[125,3810,373],[126,303,445],[126,1182,301],[126,1288,313],[126,2711,477],[126,3302,337],[126,3596,291],[127,31,427],[127,1107,124],[127,1107,393],[127,1413,143],[127,1982,310],[128,830,112],[128,830,297],[128,2150,71],[128,2640,130],[128,2851,252],[128,2932,491],[128,3587,149],[128,3587,175],[129,437,89],[129,1242,244],[129,1449,448],[129,1449,348],[129,1933,395],[129,2118,155],[129,2118,461],[129,2118,497],[129,2118,325],[129,3470,438],[130,2077,179],[130,2825,150],[130,2901,427],[131,1748,278],[131,3066,113],[131,3066,132],[131,3682,283],[131,3682,352],[131,3859,348],[131,3859,176],[132,2031,296],[132,2075,106],[132,2075,171],[132,3520,163],[133,104,303],[133,104,385],[133,1346,206],[133,1346,235],[133,1863,429],[133,1863,416],[133,2223,27],[133,2223,140],[133,3060,140],[133,3687,134],[134,471,334],[134,757,138],[134,757,471],[134,2020,416],[134,3575,161],[134,3575,367],[134,3575,378],[134,3621,309],[135,947,296],[135,947,370],[135,2263,229],[135,2415,347],[135,2922,179],[135,2961,365],[135,2961,383],[136,2227,307],[137,1031,265],[137,1031,331],[137,1126,169],[137,1126,165],[137,3355,153],[137,3355,427],[137,3355,387],[137,3856,182],[137,3992,319],[138,367,115],[138,1253,90],[138,1640,147],[138,2493,366],[138,2493,227],[138,2859,17],[138,2859,388],[138,2996,389],[138,2996,436],[139,1388,243],[139,1388,420],[139,2382,202],[139,2382,164],[139,2654,329],[139,3407,429],[139,3594,380],[140,1124,193],[140,1153,364],[140,1153,157],[140,2630,269],[140,2630,302],[140,3349,375],[141,1022,273],[141,1022,368],[141,1932,189],[141,2183,5],[141,2183,254],[141,2204,383],[141,2243,361],[141,2796,277],[142,46,172],[142,46,413],[142,128,218],[142,284,76],[142,284,168],[142,1555,394],[142,1555,359],[142,2552,276],[143,266,292],[143,381,460],[143,790,132],[143,2330,226],[143,3950,428],[143,3950,199],[144,416,372],[144,416,231],[144,1466,309],[144,1879,271],[144,2104,443],[144,2104,484],[144,3899,492],[145,640,211],[145,1384,62],[145,1384,262],[145,2531,329],[145,2574,251],[145,3223,3],[146,11,196],[146,611,494],[146,1039,117],[146,1039,258],[146,1039,87],[146,3297,372],[146,3297,404],[146,3369,136],[146,3927,174],[147,130,177],[147,1646,308],[147,2413,223],[147,2413,414],[147,3421,468],[147,3421,307],[147,3438,67],[148,1097,273],[148,2188,161],[148,2188,214],[148,2206,180],[148,2378,225],[149,722,157],[149,793,175],[149,1045,189],[149,1350,56],[149,1350,496],[149,1350,276],[149,1561,434],[149,2443,421],[149,2443,250],[149,2443,75],[149,2443,17],[149,3297,372],[149,3297,404],[150,564,223],[150,796,365],[150,1058,154],[150,1721,383],[150,2291,251],[150,2291,160],[150,2291,34],[150,3879,339],[151,805,200],[151,3676,30],[151,3676,343],[152,507,164],[152,861,315],[152,861,254],[152,861,333],[152,992,246],[152,1452,226],[152,1452,436],[153,1491,326],[153,1491,294],[153,1491,390],[153,1735,465],[153,2097,169],[153,3729,158],[153,3923,419],[153,3923,491],[154,291,93],[154,291,181],[154,1102,304],[154,1102,226],[154,2165,356],[154,2165,440],[155,595,201],[155,1558,2],[155,1565,172],[155,1871,160],[155,1871,267],[155,3972,384],[156,950,482],[156,950,283],[156,1523,220],[156,2091,196],[156,3937,212],[157,380,256],[157,1307,209],[157,1514,172],[158,384,367],[158,1841,336],[158,1890,211],[158,3197,144],[158,3278,265],[159,876,324],[159,1417,144],[159,1863,429],[159,1863,416],[159,2484,277],[159,2484,164],[159,3228,312],[159,3455,306],[159,3455,54],[160,395,393],[160,1331,465],[160,1331,216],[160,3075,351],[160,3931,168],[161,960,386],[161,2139,3],[161,3555,489],[161,3555,202],[161,3789,341],[162,1920,360],[162,1920,243],[162,2344,177],[162,2770,479],[162,3265,402],[162,3637,320],[162,3637,417],[162,3835,145],[162,3835,421],[162,3835,490],[163,126,77],[163,126,398],[163,1298,210],[163,1699,297],[163,1720,263],[163,1720,317],[163,2007,380],[163,2007,173],[164,1199,96],[164,1199,32],[164,2165,356],[164,2165,440],[164,3564,151],[164,3692,301],[165,90,308],[165,821,106],[165,2656,198],[165,2656,437],[165,3359,411],[165,3359,497],[165,3765,249],[166,317,169],[166,882,178],[166,1622,361],[166,2685,482],[166,2916,182],[166,2916,189],[166,2916,247],[167,97,430],[167,623,377],[167,1331,465],[167,1331,216],[167,2280,425],[168,1051,296],[169,188,458],[169,1743,238],[169,1743,443],[169,1743,216],[169,2124,412],[169,2708,370],[169,3466,405],[170,1014,109],[170,2120,406],[170,2630,269],[170,2630,302],[170,3601,401],[170,3829,403],[170,3829,415],[170,3935,478],[171,1060,201],[171,1153,364],[171,1153,157],[171,1427,444],[171,3903,272],[172,949,388],[172,2836,343],[172,3649,331],[173,410,353],[173,410,359],[173,1055,183],[173,1962,18],[173,1962,353],[173,2941,271],[173,2941,289],[174,900,88],[174,900,450],[174,900,440],[174,1495,230],[174,1831,406],[174,1831,349],[175,674,258],[175,1343,139],[175,1343,310],[175,1343,393],[176,906,152],[176,3682,283],[176,3682,352],[177,359,419],[177,1818,9],[177,1818,379],[177,1818,496],[177,1886,337],[177,3140,409],[178,274,232],[178,563,254],[178,563,403],[178,1027,359],[178,2885,387],[179,1673,115],[179,1673,180],[179,2258,290],[179,2258,365],[179,2258,307],[179,2334,477],[179,2334,464],[179,3602,438],[180,95,107],[180,95,284],[180,1827,291],[180,2027,274],[180,3714,431],[181,131,450],[181,684,142],[181,684,481],[181,774,189],[181,888,434],[181,888,457],[181,942,253],[181,1645,68],[181,1645,323],[182,23,58],[182,1194,217],[182,1375,421],[182,1572,472],[182,1572,80],[182,1818,9],[182,1818,379],[182,1818,496],[182,3540,253],[182,3540,360],[183,182,122],[183,1993,84],[183,1993,214],[183,2015,477],[183,3941,292],[184,617,409],[184,617,188],[184,1268,448],[184,1578,435],[184,2656,198],[184,2656,437],[184,2894,224],[184,2894,473],[184,2894,19],[184,3859,348],[184,3859,176],[185,2371,473],[185,3858,195],[186,639,262],[186,861,315],[186,861,254],[186,861,333],[186,927,153],[186,2014,84],[186,3096,409],[187,139,457],[187,718,371],[187,1005,320],[187,1005,65],[187,1382,437],[187,1633,374],[187,1633,490],[188,406,481],[188,419,348],[188,419,302],[188,1809,224],[188,1809,312],[188,1809,458],[188,1860,233],[188,1960,30],[189,50,386],[189,1650,378],[189,1972,335],[189,1972,412],[189,2712,129],[190,1352,33],[190,1446,272],[190,1446,323],[190,3480,258],[190,3480,438],[191,241,196],[191,2714,295],[191,2819,225],[191,2845,172],[191,3049,274],[191,3058,242],[191,3930,368],[191,3930,68],[192,1065,492],[192,1350,56],[192,1350,496],[192,1350,276],[192,1694,392],[192,3628,312],[192,3800,24],[192,3800,492],[193,849,241],[193,2705,271],[193,2798,399],[193,2798,264],[193,2798,204],[193,2798,347],[194,103,199],[194,442,167],[194,679,332],[194,682,331],[194,1199,96],[194,1199,32],[194,2732,226],[195,138,150],[195,138,168],[195,419,348],[195,419,302],[195,684,142],[195,684,481],[195,1407,98],[195,1830,6],[195,1830,243],[196,1683,287],[196,2066,98],[196,2066,284],[196,3893,311],[196,3893,220],[197,454,206],[197,454,458],[197,533,205],[197,720,331],[197,1809,224],[197,1809,312],[197,1809,458],[197,1967,35],[197,3688,500],[197,3837,7],[198,517,268],[199,246,276],[199,2081,303],[199,2081,369],[199,2081,256],[199,2310,310],[199,2961,365],[199,2961,383],[200,1867,274],[200,2115,497],[200,2949,475],[200,2949,97],[200,2949,255],[200,3206,280],[201,3663,237],[202,1064,274],[202,1920,360],[202,1920,243],[202,2514,170],[202,2514,229],[203,160,199],[203,1047,239],[203,3440,446],[203,3440,474],[203,3440,365],[203,3600,196],[204,1790,460],[204,2284,286],[204,2587,217],[204,2587,373],[204,2587,425],[204,2627,309],[204,2627,343],[204,3420,475],[204,3544,228],[205,357,237],[205,535,328],[205,1465,233],[205,1801,449],[205,3126,370],[206,93,346],[206,1797,488],[206,1797,117],[206,2239,379],[206,2239,357],[206,2892,140],[206,2892,322],[206,3697,154],[207,281,251],[207,281,327],[207,298,180],[207,382,233],[207,1734,283],[207,2059,240],[207,2312,252],[207,2312,131],[207,3375,433],[208,773,245],[208,1046,343],[208,1046,440],[208,3449,351],[208,3449,423],[208,3453,125],[208,3453,470],[208,3591,438],[208,3911,394],[209,347,226],[209,2791,411],[209,2791,98],[209,3746,379],[209,3942,382],[210,522,396],[210,689,380],[210,3165,492],[211,617,409],[211,617,188],[211,2477,123],[211,2491,146],[211,3090,234],[212,209,382],[212,209,494],[212,492,225],[212,1287,443],[212,2021,397],[212,3500,119],[213,1396,362],[213,1396,438],[213,2413,223],[213,2413,414],[213,2480,455],[213,2568,257],[213,2568,439],[213,2572,302],[213,2992,1],[213,3744,419],[213,3744,473],[213,3744,167],[214,324,203],[214,324,278],[214,2596,275],[214,2950,179],[214,2950,395],[214,3056,8],[215,353,319],[215,945,449],[215,1001,248],[215,1743,238],[215,1743,443],[215,1743,216],[215,2116,315],[215,2821,395],[216,785,48],[216,1742,364],[216,3744,419],[216,3744,473],[216,3744,167],[217,531,306],[217,3902,445],[218,860,229],[218,1156,492],[218,1296,456],[218,1873,82],[218,2260,317],[218,2501,248],[218,2501,350],[218,2501,354],[218,2818,250],[219,619,221],[219,1831,406],[219,1831,349],[219,2063,220],[220,527,100],[220,824,431],[220,3134,148],[221,149,428],[221,149,456],[221,1403,40],[221,1403,78],[222,404,283],[222,977,425],[222,977,385],[222,2018,464],[222,2729,234],[222,3383,256],[222,3955,308],[223,1724,232],[223,1724,362],[223,1990,247],[223,2129,424],[223,3354,376],[224,464,53],[224,464,293],[224,3163,312],[224,3163,417],[224,3920,58],[225,305,434],[225,305,470],[225,1102,304],[225,1102,226],[225,2188,161],[225,2188,214],[225,3509,43],[225,3509,389],[226,1037,20],[226,1037,176],[226,3954,281],[227,79,259],[227,79,423],[227,174,220],[227,454,206],[227,454,458],[227,2277,342],[227,3225,493],[228,685,392],[228,1720,263],[228,1720,317],[228,3008,311],[229,1396,362],[229,1396,438],[229,1743,238],[229,1743,443],[229,1743,216],[229,2316,351],[229,2442,322],[229,2442,378],[229,3141,30],[229,3141,344],[229,3141,111],[230,399,265],[230,762,467],[230,1020,347],[230,1020,386],[230,1175,113],[230,1175,185],[230,1175,156],[230,1175,422],[230,1394,138],[231,368,334],[231,547,304],[231,547,476],[231,2216,237],[231,2265,306],[231,2449,380],[231,2969,328],[232,907,312],[232,2094,377],[232,3550,384],[232,3550,302],[232,3572,403],[232,3572,72],[232,3930,368],[232,3930,68],[233,1148,286],[233,1231,253],[233,1486,328],[233,2103,34],[233,2103,60],[234,1347,257],[234,2874,457],[234,3760,13],[235,676,300],[235,2171,151],[235,3336,366],[236,210,297],[236,666,332],[236,1079,309],[236,1505,392],[236,1505,409],[236,3154,32],[237,141,460],[237,797,434],[237,797,135],[237,1038,458],[237,3867,382],[237,3867,264],[238,572,313],[238,572,446],[238,1749,354],[238,3122,261],[238,3779,346],[238,3819,250],[239,448,175],[239,448,493],[239,489,489],[239,1732,34],[239,1732,426],[239,1732,319],[239,1732,310],[239,2565,364],[239,2565,352],[239,3200,117],[240,1175,113],[240,1175,185],[240,1175,156],[240,1175,422],[240,1616,24],[240,1816,136],[240,1900,463],[240,2607,409],[241,412,183],[241,412,385],[241,2964,83],[241,3204,375],[241,3204,487],[241,3204,171],[241,3204,313],[242,354,39],[242,354,333],[242,1751,397],[242,1784,254],[242,2081,303],[242,2081,369],[242,2081,256],[242,3195,381],[242,3875,176],[242,3875,303],[243,114,498],[243,784,399],[243,1849,388],[243,1854,382],[244,349,462],[244,2444,319],[244,2962,183],[244,3371,437],[245,586,405],[245,728,352],[245,3023,352],[245,3434,385],[246,273,385],[246,2484,277],[246,2484,164],[246,3258,367],[246,3711,101],[247,105,491],[247,478,440],[247,2290,312],[247,2290,446],[248,1627,156],[248,1678,286],[248,2942,223],[248,3870,413],[248,3994,441],[249,1409,348],[249,1409,332],[249,1959,272],[249,1959,462],[249,2158,455],[249,2158,345],[249,2608,370],[249,2750,283],[249,2750,337],[249,2859,17],[249,2859,388],[250,1031,265],[250,1031,331],[250,2556,227],[251,2398,367],[251,3835,145],[251,3835,421],[251,3835,490],[252,1871,160],[252,1871,267],[252,2713,458],[252,2713,101],[252,3976,166],[253,2811,301],[253,2921,369],[254,1878,342],[254,2717,350],[254,2717,325],[254,3723,133],[255,941,425],[255,941,352],[255,1805,261],[255,2000,465],[255,3841,264],[256,46,172],[256,46,413],[256,1467,390],[256,2347,272],[257,69,499],[257,2798,399],[257,2798,264],[257,2798,204],[257,2798,347],[257,3409,99],[257,3975,430],[257,3975,46],[258,669,232],[258,669,167],[258,3358,1],[258,3541,494],[258,3637,320],[258,3637,417],[259,707,305],[259,760,473],[259,760,354],[259,1954,131],[259,1954,393],[259,1954,432],[259,2499,328],[259,2499,60],[259,3489,361],[259,3721,376],[260,1128,278],[260,1128,293],[260,1128,235],[260,2520,427],[260,2520,469],[260,3007,91],[261,95,107],[261,95,284],[261,516,160],[261,516,408],[261,904,247],[261,1501,407],[261,1584,269],[261,3540,253],[261,3540,360],[262,231,73],[262,231,397],[262,1076,127],[262,1076,472],[262,1076,347],[262,1453,374],[262,1453,402],[262,3191,27],[262,3191,396],[263,1254,383],[263,1926,253],[263,3208,48],[263,3208,127],[263,3792,353],[263,3892,427],[264,119,388],[264,119,494],[264,1961,479],[264,1961,173],[264,2085,130],[264,3298,217],[264,3298,459],[265,466,483],[266,1176,369],[266,1176,487],[266,1176,492],[266,1922,228],[266,1922,114],[266,2200,136],[266,2200,480],[266,2200,462],[266,2861,21],[266,3362,342],[266,3362,408],[267,545,119],[267,1004,93],[267,1885,469],[267,2258,290],[267,2258,365],[267,2258,307],[267,2785,395],[267,2870,328],[268,219,208],[268,554,18],[268,554,165],[268,2446,385],[268,2446,490],[268,2535,251],[268,2710,217],[268,3338,457],[269,656,185],[269,656,245],[269,656,461],[269,1337,263],[269,3652,386],[270,868,273],[270,2551,346],[270,2745,317],[270,2745,426],[270,3343,295],[270,3537,363],[271,150,405],[271,1738,115],[271,1738,437],[272,1491,326],[272,1491,294],[272,1491,390],[272,1956,487],[272,1956,392],[272,2113,281],[272,3782,404],[272,3782,469],[273,763,154],[273,2660,297],[273,2660,323],[274,1387,120],[274,1387,463],[274,1821,302],[275,1176,369],[275,1176,487],[275,1176,492],[275,1635,170],[275,1635,75],[275,1978,413],[276,310,317],[276,310,237],[276,1770,231],[276,1902,5],[277,729,338],[277,729,61],[277,729,388],[277,1585,340],[277,1585,354],[277,2475,375],[277,2475,143],[277,2527,340],[278,320,290],[278,2419,433],[278,3138,248],[278,3138,477],[279,202,440],[279,1157,303],[279,1984,307],[279,2798,399],[279,2798,264],[279,2798,204],[279,2798,347],[279,2954,258],[279,3916,406],[280,986,3],[280,986,380],[280,1745,299],[280,2055,177],[280,2055,349],[280,2772,303],[280,3665,283],[281,313,294],[281,1371,498],[281,2967,375],[281,3221,418],[281,3867,382],[281,3867,264],[282,519,368],[282,973,405],[282,2158,455],[282,2158,345],[282,2213,410],[282,3065,328],[282,3241,285],[282,3875,176],[282,3875,303],[283,1840,243],[283,3264,83],[284,61,371],[284,61,420],[284,518,31],[284,2291,251],[284,2291,160],[284,2291,34],[284,2745,317],[284,2745,426],[285,658,157],[285,658,321],[285,1076,127],[285,1076,472],[285,1076,347],[285,1232,472],[285,1986,244],[285,1986,482],[285,2346,420],[285,2570,411],[285,2570,123],[286,1639,443],[286,1639,103],[286,1796,351],[286,1974,294],[286,1974,335],[286,2459,148],[287,258,49],[287,269,349],[287,1386,467],[287,1809,224],[287,1809,312],[287,1809,458],[287,2072,308],[287,3712,114],[287,3997,368],[288,284,76],[288,284,168],[288,1778,314],[288,3418,259],[288,3418,421],[289,272,384],[289,272,47],[289,1539,190],[289,1702,324],[289,1702,187],[289,1779,346],[289,2004,213],[289,2004,296],[289,3204,375],[289,3204,487],[289,3204,171],[289,3204,313],[290,1369,121],[290,1388,243],[290,1388,420],[290,2309,387],[290,2691,342],[290,3210,387],[291,966,252],[291,966,470],[291,1387,120],[291,1387,463],[291,3474,304],[291,3728,298],[292,931,245],[292,2057,137],[292,2057,294],[292,2757,54],[292,2979,326],[292,3969,369],[293,523,459],[293,1196,260],[293,1196,273],[293,1324,350],[293,2660,297],[293,2660,323],[293,3318,485],[294,3962,136],[295,35,239],[295,68,381],[295,702,276],[295,1595,137],[296,96,241],[296,2169,299],[296,2842,451],[296,2842,450],[297,520,4],[297,520,393],[297,952,316],[297,952,164],[297,2062,153],[297,3098,463],[298,1589,79],[298,1589,293],[298,3346,474],[298,3767,127],[299,1020,347],[299,1020,386],[299,1198,484],[299,1961,479],[299,1961,173],[299,3750,3],[299,3750,480],[300,211,379],[300,1225,495],[300,1225,353],[300,2081,303],[300,2081,369],[300,2081,256],[300,3000,45],[300,3000,198],[300,3449,351],[300,3449,423],[301,1524,432],[301,1644,500],[301,1644,486],[301,1644,174],[301,1972,335],[301,1972,412],[302,338,334],[302,3402,249],[303,3680,386],[304,1497,339],[304,1728,402],[304,2584,152],[304,2775,320],[305,51,417],[305,51,461],[305,356,112],[305,356,307],[305,1505,392],[305,1505,409],[305,2577,124],[305,3419,140],[306,2501,248],[306,2501,350],[306,2501,354],[306,3244,462],[307,1343,139],[307,1343,310],[307,1343,393],[307,2197,389],[308,541,349],[308,1922,228],[308,1922,114],[308,2894,224],[308,2894,473],[308,2894,19],[309,1541,412],[309,1541,181],[310,477,491],[310,618,350],[310,618,437],[310,1535,474],[311,1322,188],[311,1668,296],[311,1702,324],[311,1702,187],[311,3394,417],[311,3884,133],[311,3884,483],[311,3938,449],[312,271,102],[312,3633,435],[313,2834,479],[314,157,51],[314,157,61],[314,157,198],[314,834,368],[314,2334,477],[314,2334,464],[314,2846,478],[314,3180,483],[314,3469,161],[314,3469,288],[314,3613,358],[315,291,93],[315,291,181],[315,1122,268],[315,2627,309],[315,2627,343],[316,2141,466],[316,2141,155],[316,2374,330],[316,2374,410],[316,3284,396],[316,3643,373],[316,3643,500],[316,3643,59],[317,1362,80],[318,36,326],[318,1548,468],[318,2130,372],[318,2420,355],[318,2420,9],[318,2420,168],[318,2629,355],[319,295,275],[319,2567,143],[319,3595,364],[320,1325,489],[320,3193,251],[320,3686,270],[320,3945,485],[321,108,454],[321,2281,338],[321,2288,329],[321,2288,53],[321,2443,421],[321,2443,250],[321,2443,75],[321,2443,17],[321,2600,91],[322,362,332],[322,993,491],[322,2249,224],[322,2333,20],[322,2333,471],[322,3460,434],[323,724,80],[323,724,318],[323,1428,447],[323,2153,406],[323,2999,411],[324,1230,338],[324,2290,312],[324,2290,446],[324,2456,244],[324,3204,375],[324,3204,487],[324,3204,171],[324,3204,313],[325,217,420],[325,278,303],[325,804,380],[325,804,430],[325,1252,419],[325,1857,428],[325,2515,299],[326,2923,355],[327,1797,488],[327,1797,117],[327,2434,121],[327,3050,336],[327,3050,410],[327,3050,44],[327,3882,348],[328,2430,397],[328,2671,1],[329,2354,228],[329,2354,18],[329,3189,353],[330,618,350],[330,618,437],[330,710,332],[330,1472,333],[330,2899,306],[330,2899,59],[330,2899,329],[330,2933,326],[330,2933,168],[331,969,354],[331,2713,458],[331,2713,101],[331,3478,114],[331,3478,487],[331,3844,339],[332,1259,19],[332,1259,436],[333,324,203],[333,324,278],[333,2050,53],[333,2140,426],[333,3575,161],[333,3575,367],[333,3575,378],[334,604,171],[334,2007,380],[334,2007,173],[334,2420,355],[334,2420,9],[334,2420,168],[334,3018,415],[335,1089,486],[335,1089,357],[335,1089,39],[335,1297,122],[335,2078,376],[336,1245,355],[336,1962,18],[336,1962,353],[336,3748,155],[336,3849,429],[336,3849,203],[337,58,115],[337,157,51],[337,157,61],[337,157,198],[337,686,132],[337,1039,117],[337,1039,258],[337,1039,87],[337,1114,444],[338,1117,375],[338,2545,105],[338,3516,408],[339,2404,373],[339,3172,55],[339,3172,397],[340,205,367],[340,425,136],[340,1016,323],[340,1043,310],[340,3918,260],[341,168,68],[341,1005,320],[341,1005,65],[341,2751,443],[341,2899,306],[341,2899,59],[341,2899,329],[341,3717,30],[342,766,2],[342,766,294],[342,1293,473],[342,3664,499],[342,3664,316],[343,123,371],[343,502,357],[343,1034,121],[343,1034,145],[343,1106,216],[343,1106,467],[343,1106,413],[344,559,400],[344,559,490],[344,598,429],[344,1659,484],[344,2080,493],[344,2670,356],[344,2670,224],[345,950,482],[345,950,283],[345,2728,313],[345,2728,451],[346,7,87],[346,7,383],[346,175,324],[346,658,157],[346,658,321],[346,1246,359],[346,1246,239],[347,936,162],[347,936,409],[347,1453,374],[347,1453,402],[347,1585,340],[347,1585,354],[347,2333,20],[347,2333,471],[348,1257,435],[348,3102,193],[349,1598,193],[350,1196,260],[350,1196,273],[351,1383,92],[351,1717,151],[351,1717,316],[351,3389,362],[351,3790,373],[352,741,441],[352,2245,79],[353,310,317],[353,310,237],[354,302,107],[354,795,384],[354,3015,495],[355,724,80],[355,724,318],[355,3491,57],[356,1398,449],[356,2974,405],[356,3816,361],[357,547,304],[357,547,476],[357,1107,124],[357,1107,393],[357,1464,485],[357,2093,377],[357,2141,466],[357,2141,155],[358,1613,102],[358,1613,490],[358,1727,70],[358,1727,28],[358,1727,173],[358,2178,433],[358,2363,438],[358,2363,475],[358,2728,313],[358,2728,451],[358,3132,304],[359,2468,118],[359,2486,16],[359,3534,62],[359,3534,333],[360,345,4],[360,2433,35],[360,2433,409],[360,2542,489],[360,3196,422],[360,3440,446],[360,3440,474],[360,3440,365],[361,272,384],[361,272,47],[361,732,60],[361,732,107],[361,2467,401],[362,1176,369],[362,1176,487],[362,1176,492],[362,2117,369],[362,2367,487],[362,3051,418],[363,1299,167],[363,1611,21],[363,1611,427],[363,2619,491],[363,2850,168],[363,3300,7],[363,3469,161],[363,3469,288],[364,405,40],[364,1611,21],[364,1611,427],[364,2816,394],[365,2324,476],[365,2324,63],[365,2672,173],[366,145,395],[366,2365,403],[366,2555,12],[366,3908,298],[367,1695,118],[367,1695,451],[368,1804,291],[369,1361,316],[369,2017,345],[369,2157,163],[369,2157,388],[370,871,380],[370,3404,28],[371,1556,55],[371,1556,428],[371,1881,286],[371,2010,91],[371,2010,480],[371,2791,411],[371,2791,98],[372,559,400],[372,559,490],[372,2453,350],[372,3430,478],[372,3430,487],[372,3482,489],[372,3482,416],[373,1826,423],[373,3550,384],[373,3550,302],[374,417,247],[374,1567,467],[374,2523,242],[374,2523,271],[374,2523,470],[374,3141,30],[374,3141,344],[374,3141,111],[374,3933,457],[375,2896,431],[375,3534,62],[375,3534,333],[376,1541,412],[376,1541,181],[376,1729,292],[376,2411,166],[377,109,441],[377,503,438],[377,965,469],[377,1057,43],[377,1057,174],[378,305,434],[378,305,470],[378,647,418],[378,1491,326],[378,1491,294],[378,1491,390],[378,2908,400],[378,2908,434],[378,3137,29],[379,326,487],[379,615,407],[381,135,96],[381,135,246],[381,1358,453],[381,1661,172],[381,2597,484],[382,3128,338],[382,3396,266],[383,2548,423],[383,3542,442],[384,1354,198],[384,2523,242],[384,2523,271],[384,2523,470],[387,646,403],[387,3485,63],[388,1384,62],[388,1384,262],[389,1740,473],[389,1740,403],[389,2908,400],[389,2908,434],[389,3355,153],[389,3355,427],[389,3355,387],[390,672,491],[390,1330,186],[390,1449,448],[390,1449,348],[390,2305,377],[390,3440,446],[390,3440,474],[390,3440,365],[391,1370,482],[391,2489,273],[391,3380,415],[391,3385,216],[391,3385,355],[391,3597,449],[391,3603,415],[391,3948,448],[392,1520,401],[392,2950,179],[392,2950,395],[392,3970,275],[392,3970,412],[393,2013,376],[393,2013,176],[393,2013,154],[393,2774,84],[394,280,449],[394,822,440],[394,2568,257],[394,2568,439],[395,230,410],[395,712,401],[395,1013,411],[396,22,255],[396,398,408],[396,816,413],[396,2858,440],[396,3107,418],[397,3824,456],[397,3824,161],[398,708,57],[398,744,210],[398,1057,43],[398,1057,174],[398,2830,266],[398,2830,73],[399,991,120],[399,2163,459],[399,3237,94],[399,3335,405],[399,3797,105],[400,290,478],[400,1439,112],[400,1573,469],[400,3829,403],[400,3829,415],[401,696,419],[401,2520,427],[401,2520,469],[401,3651,451],[402,632,246],[402,716,498],[402,1989,455],[402,1989,426],[402,3163,312],[402,3163,417],[402,3484,384],[402,3484,313],[403,605,365],[403,770,111],[403,770,345],[404,797,434],[404,797,135],[404,2119,370],[404,2239,379],[404,2239,357],[404,2952,265],[404,3913,486],[405,3480,258],[405,3480,438],[406,245,139],[407,902,225],[407,1077,452],[407,1106,216],[407,1106,467],[407,1106,413],[407,1830,6],[407,1830,243],[407,2881,24],[407,2881,413],[407,3401,253],[408,2145,190],[408,2145,132],[408,2645,234],[408,3158,315],[408,3158,81],[409,538,234],[410,2337,448],[410,3005,481],[410,3803,398],[410,3803,120],[411,3123,12],[412,1128,278],[412,1128,293],[412,1128,235],[412,1221,219],[412,1819,468],[412,1819,90],[413,566,453],[413,566,255],[413,936,162],[413,936,409],[414,1556,55],[414,1556,428],[415,143,452],[415,167,269],[415,843,180],[416,3524,108],[417,944,8],[417,3091,236],[417,3091,449],[417,3091,219],[418,2013,376],[418,2013,176],[418,2013,154],[418,3024,82],[419,85,464],[420,2285,142],[420,2835,190],[421,13,339],[421,3315,202],[422,711,426],[422,804,380],[422,804,430],[422,1946,484],[422,1946,245],[423,1225,495],[423,1225,353],[423,1946,484],[423,1946,245],[423,2737,447],[423,2765,482],[424,802,405],[424,900,88],[424,900,450],[424,900,440],[424,2049,486],[424,2776,19],[424,3000,45],[424,3000,198],[424,3320,10],[424,3320,489],[425,136,289],[425,597,31],[425,1623,141],[426,2006,383],[426,2716,341],[426,2716,410],[426,3639,461],[427,157,51],[427,157,61],[427,157,198],[428,179,15],[428,261,490],[429,2032,67],[429,2996,389],[429,2996,436],[430,1366,210],[430,2214,471],[430,2669,479],[430,2669,65],[430,3067,124],[431,329,404],[431,601,198],[431,1275,81],[431,1980,397],[432,562,465],[432,873,471],[432,1526,349],[432,1725,497],[432,1725,382],[432,1725,147],[432,1725,78],[432,3201,441],[432,3410,483],[433,2589,63],[433,2842,451],[433,2842,450],[433,3160,379],[433,3512,386],[434,2356,201],[434,3878,389],[435,456,488],[435,1316,327],[435,1316,238],[435,3255,448],[436,2291,251],[436,2291,160],[436,2291,34],[436,3753,35],[437,683,116],[437,683,201],[437,2439,4],[437,3054,219],[438,483,10],[438,483,451],[439,656,185],[439,656,245],[439,656,461],[439,1035,462],[439,1643,470],[439,1951,445],[439,2483,485],[439,3295,480],[439,3430,478],[439,3430,487],[440,2220,50],[441,546,459],[441,1033,497],[441,3744,419],[441,3744,473],[441,3744,167],[442,457,368],[442,457,349],[442,2473,192],[442,2473,327],[442,2499,328],[442,2499,60],[442,2947,188],[442,2981,233],[443,750,391],[443,981,447],[444,170,445],[444,1814,480],[444,2466,465],[444,3296,178],[445,986,3],[445,986,380],[445,2372,493],[445,3359,411],[445,3359,497],[445,3998,100],[446,525,227],[446,1506,215],[446,2128,137],[446,2443,421],[446,2443,250],[446,2443,75],[446,2443,17],[447,476,148],[447,476,463],[447,1139,461],[447,1416,479],[447,1613,102],[447,1613,490],[448,2881,24],[448,2881,413],[449,2343,221],[450,1504,122],[450,2636,68],[450,2636,223],[450,3224,185],[451,3340,104],[451,3340,158],[452,297,462],[452,336,466],[452,1644,500],[452,1644,486],[452,1644,174],[452,2179,179],[452,2244,466],[452,3033,291],[453,1458,192],[453,2400,444],[453,3756,489],[454,1130,109],[454,1130,116],[454,1781,472],[454,3215,500],[454,3215,130],[454,3287,125],[454,3471,28],[455,1572,472],[455,1572,80],[455,2109,473],[455,3011,265],[455,3484,384],[455,3484,313],[456,2118,155],[456,2118,461],[456,2118,497],[456,2118,325],[456,3422,490],[457,126,77],[457,126,398],[457,570,89],[457,3709,23],[458,3472,144],[458,3472,279],[458,3959,56],[459,1044,265],[460,1494,200],[460,1494,406],[460,1566,483],[460,2475,375],[460,2475,143],[460,3883,252],[460,3883,207],[461,1447,464],[461,3793,463],[462,1724,232],[462,1724,362],[463,76,262],[463,76,282],[464,1093,474],[464,2212,389],[465,3825,493],[466,924,486],[466,924,429],[466,1070,238],[466,1635,170],[466,1635,75],[466,2719,486],[467,574,300],[467,2941,271],[467,2941,289],[468,2458,152],[468,2526,108],[468,3277,30],[468,3277,315],[469,663,472],[469,3263,459],[470,1493,493],[470,2454,478],[471,151,39],[471,2138,493],[472,2512,464],[472,3643,373],[472,3643,500],[472,3643,59],[474,563,254],[474,563,403],[474,2839,168],[474,3334,364],[475,1250,496],[475,2066,98],[475,2066,284],[476,536,103],[476,1130,109],[476,1130,116],[476,2830,266],[476,2830,73],[476,2938,205],[476,3384,217],[476,3583,400],[477,2565,364],[477,2565,352],[477,2605,262],[477,3553,18],[478,3642,485],[479,688,194],[479,2374,330],[479,2374,410],[480,413,384],[481,79,259],[481,79,423],[481,3150,260],[483,2118,155],[483,2118,461],[483,2118,497],[483,2118,325],[484,1964,8],[484,2982,288],[484,2982,120],[486,2335,367],[486,2335,92],[486,2560,495],[486,2560,111],[487,2789,11],[488,64,198],[488,2429,499],[488,3305,280],[488,3664,499],[488,3664,316],[488,3839,499],[490,1056,370],[491,917,183],[492,2652,187],[493,332,18],[493,332,463],[494,138,150],[494,138,168],[494,2676,193],[495,2087,215],[495,2794,472],[495,3901,498],[495,3921,126],[496,1249,313],[496,1522,381],[496,2661,309],[497,1825,324],[497,3091,236],[497,3091,449],[497,3091,219],[498,3191,27],[498,3191,396],[498,3827,353],[498,3827,34],[498,3827,414],[498,3852,478],[499,2046,31],[500,146,463],[500,1959,272],[500,1959,462],[500,3355,153],[500,3355,427],[500,3355,387]];

jitters = [100000,100000,100000,20000,20000,10000,20000,20000,10000,10000,20000,20000,10000,20000,2000,10000,50000,5000,20000,20000,10000,100000,2000,100000,20000,100000,1000,100000,10000,10000,10000,20000,100000,2000,20000,20000,1000,20000,10000,20000,20000,20000,10000,2000,2000,20000,10000,100000,10000,10000,10000,1000,100000,20000,20000,10000,10000,20000,50000,20000,10000,100000,10000,10000,100000,20000,100000,1000,10000,1000,5000,10000,20000,10000,100000,10000,1000,20000,20000,20000,20000,1000,20000,10000,10000,10000,2000,20000,100000,20000,100000,20000,10000,10000,100000,100000,20000,10000,20000,100000,20000,100000,10000,20000,20000,5000,100000,2000,10000,20000,20000,20000,50000,100000,100000,20000,10000,2000,100000,100000,10000,10000,10000,100000,20000,20000,100000,20000,20000,100000,10000,100000,2000,2000,10000,20000,20000,20000,20000,2000,100000,100000,100000,10000,1000,10000,20000,10000,100000,100000,10000,20000,20000,20000,100000,10000,100000,20000,20000,100000,10000,10000,100000,20000,10000,20000,5000,100000,20000,20000,20000,100000,100000,10000,10000,20000,20000,20000,10000,10000,100000,20000,100000,50000,20000,10000,10000,50000,100000,20000,10000,20000,20000,100000,20000,10000,100000,10000,100000,10000,20000,100000,20000,20000,20000,100000,20000,20000,100000,20000,20000,10000,20000,100000,20000,20000,20000,100000,10000,10000,10000,10000,100000,50000,10000,100000,20000,1000,100000,10000,20000,20000,20000,10000,10000,100000,20000,100000,20000,10000,100000,10000,100000,20000,20000,2000,100000,20000,100000,100000,1000,20000,20000,20000,10000,100000,10000,10000,20000,20000,10000,10000,100000,10000,20000,20000,20000,10000,10000,100000,20000,100000,100000,10000,100000,100000,2000,20000,10000,10000,100000,20000,10000,10000,1000,20000,10000,1000,100000,20000,10000,100000,20000,100000,10000,100000,100000,10000,10000,100000,20000,20000,10000,10000,10000,20000,10000,10000,20000,100000,1000,50000,100000,20000,20000,100000,100000,5000,20000,10000,1000,100000,10000,2000,20000,5000,50000,20000,1000,100000,100000,100000,10000,20000,20000,5000,20000,2000,100000,2000,10000,20000,10000,20000,20000,100000,10000,50000,10000,100000,100000,20000,100000,100000,5000,20000,20000,20000,100000,10000,20000,100000,100000,20000,10000,20000,2000,20000,100000,20000,10000,10000,100000,10000,2000,20000,20000,100000,100000,20000,10000,100000,100000,100000,2000,10000,20000,100000,20000,100000,20000,20000,100000,20000,20000,100000,10000,100000,100000,20000,20000,10000,20000,100000,20000,10000,100000,2000,10000,50000,10000,20000,100000,20000,20000,2000,10000,100000,20000,20000,1000,10000,100000,100000,10000,10000,100000,10000,20000,10000,2000,20000,20000,100000,50000,20000,100000,20000,20000,100000,20000,100000,10000,20000,20000,100000,10000,50000,20000,100000,20000,100000,10000,1000,20000,10000,10000,20000,20000,20000,10000,20000,10000,10000,20000,100000,10000,5000,20000,20000,20000,1000,20000,10000,20000,10000,20000,20000,10000,20000,50000,20000,20000,10000,20000,100000,100000,50000,10000,10000,100000,20000,20000,10000,100000,20000,20000,10000,50000,1000];

