NumChains = 50;
NumResources = 3;
NumRunnablesInChains = 282;
MemoryBoundOnResource = 1048576;
UtilizationBoundOnResource = 100;

numberOfTasksinChain = [13,11,7,7,7,13,9,11,9,11,7,7,13,13,9,9,9,11,13,11,11,11,13,11,7,11,11,9,7,11,9,9,11,9,11,11,11,11,9,11,11,13,11,9,13,13,7,9,13,11];

runnablesInChains = [58,2,428,228,457,285,18,50,74,490,264,103,435,124,364,117,420,177,75,495,52,161,308,154,377,10,159,229,259,408,3,438,155,77,223,140,266,258,343,435,363,485,273,365,232,201,41,302,464,368,406,123,392,75,497,179,12,21,164,160,179,322,215,203,293,364,67,372,135,246,271,7,197,22,455,369,214,384,406,470,265,39,486,278,86,123,485,263,147,112,319,144,413,90,38,387,328,484,34,80,499,470,296,303,357,197,276,231,238,416,498,253,499,436,231,303,70,297,327,408,14,375,54,344,316,68,25,391,90,406,173,484,57,184,72,417,155,145,41,259,70,3,14,207,73,282,435,33,32,13,245,293,270,491,109,29,138,84,244,15,347,362,345,433,374,169,223,94,65,315,277,498,98,427,460,107,376,468,12,146,443,178,418,156,362,211,419,181,88,39,75,289,219,310,271,102,30,133,57,439,356,31,119,217,359,168,159,14,297,327,272,178,433,349,185,322,48,234,16,446,364,435,42,86,427,474,265,249,105,85,261,430,291,359,172,30,455,184,181,495,151,283,345,466,322,202,73,375,10,407,438,14,327,230,200,295,434,467,328,26,165,182,54,423,88,34,449,253,177,22,429,240,102,127,44,276,315,441,497,146,487,494];

ProcessingTimesOfMessages = [[1,1,1,1,1,1,1,1,1],[1,1,1,1,1,1,1],[1,1,1,1,1,1,1,1,1],[1,1,1,1,1,1,1,1],[1,1,1,1],[1,1,1,1,1,1,1,1],[1,1,1,1,1,1,1,1,1,1],[1,1,1,1,2,2,1,1,1],[1,1,1,1,1,1,1,1],[1,1,1,1,1,1],[1,1,1,1,1,1,1,1,1,1],[1,1,1,1,1,1,1],[1,1,1,1],[1,1,1,1,1],[1,1,1,1,1,1,1,1],[1,1,1,1,1,1,1,1],[1,1,1,1,1,1,1,1],[1,1,1,1,1,1,1,1,1],[1,1,1,1,1,1,1,1,1],[1,1,1,1,1,1,1,1,1,1],[1,1,1,1,1,1],[1,1,1,1,1],[1,1,1,1,1,1,1,1,1,1,1],[1,1,2,1,1,1,1,1,1,1,1],[1,1,1,1,1],[1,1,1,1,1,1],[1,1,1,1,1],[1,1,1,1,1,1,1,1,1],[1,1,1,1,1,1,1,1],[1,1,1,1,1,1,1,1],[1,1,1,1,1,1,1,1,1],[1,1,1,1,1,1,1,1,1],[1,1,1,1,1],[1,1,1,1,1,1,1],[1,1,1,1,1],[1,1,1,1,1],[1,1,1,1,1,1,1,1,1,1],[1,1,1,1,1,1,1,1,1],[1,2,1,1,1,2,1,1,1],[1,1,1,1],[1,1,1,1,1,1,1],[1,1,1,1,1,1],[1,1,1,1,1,1,1,1,1,1,1],[1,1,1,1,1,1],[1,1,1,1,1],[1,1,1,1,1,1,1,1],[1,1,1,1,1,1,1],[1,1,1,1,1,1,1,1,1],[1,1,1,1],[1,1,1,1,1,1,1,1],[1,1,1,1,1,1,1,1,1,1,1,1,1,1],[1,1,1,1,1,1,1,1,1,1,1],[1,1,1,1,1,1,1,1],[1,1,1,1,1,1,1],[1,1,1,1,1,1,1,1,1,1],[1,1,1,1,1,1,1,1,1],[1,2,1],[1,1,1,1,1,1,1],[1,1,1,1,1,1,1],[1,1,1,1,1,1,1,1],[1,1,1,1,1,1],[1,1,1,1,1,1],[1,1,1,1,1],[1,1,1,1,1,1,1,1,1,1],[1,1,1,1,1,1,1],[1,1,1],[1,1,1,1,1,1,1,1],[1,1,1,1,1,1],[1,1,1,1,1,1,1,1],[1,1,1,1,1,1],[1,1,1,1,1,1,1,1],[1,1,1,1,1,1],[1,1,1,1,1],[1,1,1,1,1,1],[1,1,1,1,1,1,1,1],[1,1,1,1,1],[1,1,1,1,1,1,1],[1,1,1,1,1,1,1,1,1,1,1],[1,1,1,1,1,1,1,1],[1,1,1,1,1,1,1],[1,1,1,1,1,1],[1,1,1,1,1,1],[1,1,1,1,1,1],[1,1,1,1,1,1,1,1],[1,1,1,1,2,1,1,1],[1,1,1,1,1,1],[1,1,1,1,1,1,1,1],[1,1,1],[1,1,1,1,1],[1,1,1,1,1,1,1,1],[1,1,1,1,1,1,1,1,1,1],[1,1,1,1,1,1,1,1,1,1,1,1],[1,1,1,1,1,1,1,1,1],[1,1,1,1,1,1,1,1,1,1],[1,1,1,1,2,1,1],[1,1,1,1,1,1,1,1,1,1,1,1],[1,1,1,1,1,1,1,1],[1,1,1,1,1,1,1,1,1,1],[1,1,1,1],[1,1,1,1,1,1,1,1,1,1,1],[1,1,1,1,1,1,1,1,1],[1,1,1,1,1,1],[1,1,1,1,1,1],[1,1,1,1],[1,1,1,1,1,1,1],[1,1,1,1,1,1],[1,1,1,1,1,1,1,1],[1,1,1,1,1,1,1,1],[1,1,1,1,1,1,1],[1,1,1,1,1,1],[1,1,1,1,1,1],[1,1,1,1,1,1,1,1],[1,1,1,1,1,1,1,1],[1,1,1,1,1],[1,1,1,1,1,1],[1,1,1],[1,1,1,1,1,1,1,1,1,1,1,1,1,1],[1,1,1],[1,1,1,1,1,1,1],[1,1,1,1,1],[1,1,1,1,1],[1,1,1,1,1,1,1],[1,1,1,1],[1,1,1,1,1,1],[1,1,1,1,1,2,1],[1,1],[1,1,1,1,1],[1,1,1,1],[1,1,1,1,1,1,1,1,1,1,1,1,1,1],[1,1,1,1,1,1,1,1,1,1,1],[1,1,1,1,1,1,1,1,1,1,1],[1,1,1,1,1,1],[1,1,1,1,1],[1,1,1,1,1,1,1,1,1],[1,1,1,1,1,1,1,1],[1,1,1,1,1,1,1,1],[1,1,1,1,1,1,1,1,1,1],[1,1,1,1],[1,1,1,1,1,1,1],[1,1,1,1,1,1,1,1,1,1],[1,1,1,1,1,1,1],[1,1,1,1,1,1],[1,1,1,1,1],[1,1,1,1,1,1],[1,1,1,1,1,1,1,1,1,1,1],[1,1,1,1,1,1,1,1,1],[1,1,1,1,1,1,1],[1,1,1,1,1,1],[1,1,1,1,1,1,1,1,1,1,1,1],[1,1,1,1,1,1],[1,1,1,1,1,1],[1,1,1,1],[1,1,1,1,1,1,1,1],[1,1,1,1,1,1,1,1,1,1,1,1],[1,1,1,1,1,1,1,1,1,1,1,1],[1,1,1,1,1,1,1],[1,1,1,1,1,1,1,1],[1,1,1,1,1,1,1],[1,1,1,1,1,1,1,1,1,1,1],[1,1,1,1,1],[1,2,1,1,1,1,1],[1,1,1,1,1,1,1,1,1],[1,1,1,1,1,1,1,1,1,1,1,1],[1,2,1,1,1,1],[1,1,1,1,1,1,1,1,1,1,1],[1,1,1,1,1,1,1,1,1,1,1],[1,1,1,1,1],[1,1,1,1,1],[1,1,1,1,1,1,1,1],[1,1,1],[1,1,1,1,1,1,1,1,1],[1,1,1,1,1,1,1,1],[1,1,1,1],[1,1,1,1,1],[1,1,1,1,1,1,1,1,1],[1,1,1,1,1],[1,1,1,1,1,1,1,1,1,1,1,1],[1,1,1,1,1,1],[1,1,1],[1,1,1,1,1,1,1],[1,1,1,1,1],[1,1,1,1,1,1],[1,1,1,1,1,1,1],[1,1,1,1,1,1],[1,1,1],[1,1,1,1,1,1,1],[1,1,1,1,1,1],[1,1,1,1,1,1,1,1],[1,1,1,1,1,1,1],[1,1,1,1,1,1,1,1,1,1,1,1],[1,1,1,1,1,1,1,1],[1,1,1,1,1,1,1],[1,1,1,1,1],[1,1,1,1,1,1,1,1,1,1],[1,1,1,1,1,1,1],[1,1,1,1],[1,1],[1,1,1,1,1,1,1,1,1],[1,1,1,1,1,1,1,1,1,1,1,1,1,1,1],[1,1,1],[1,1,1,1,1,1,1],[1,1,1,1,1,1,1,1,1],[1,1,1,1,1,1,1],[1,1,1,1,1,1,1],[1],[1,1,1,1,1,1,1,1,1,1],[1,1,1,1,1,1,1],[1,1,1,1,1,1],[2,1,1,1,1,1],[1,1,1,1,1,1],[1,1,1,1,1,1,1,1,1,1],[1,1,1,1,1,1,1,1,1,1],[1,1,1,1],[1,1,1,1,1,1,1,1,1],[1,1,1,1,1,1,1,1,1,1,1,1,1,1],[1,1,1,1,1],[1,1,1,1,1,1],[1,1,1,1,1,1,1,1],[1,1,1,1,1,1,1],[1,1,1,1,1,1],[1,1,1,1,1],[1,1,1],[1,1,1,1,1,1],[1,1,1,1,1,1],[1,1,1,1,1,1,1],[1,1,1,1,1,1,1,1,1,1],[1,1,1],[1,1,1,1,1,1,1],[1,1,1,1,1,1,1,1,1],[1,1],[1,1,1,1,1],[1,1,1,1,1,1],[1,1,1,1,1,1,1,1],[1,1,1,1,1],[1,1,1,1,1],[1,1],[1,1,1],[1,1,1,1,1,1],[1,1],[1,1,1,1,1,1],[1,1,1,1],[1,1,1,1,1,1,2],[1,1],[1,2,2,1,1,1],[1,1,1,1,1],[1,1,1,1,1,1,1,1],[1,1,1,2,2,2,1,1],[1,1,1,1,1,1,1,1],[1,1,1,1,1,1,1,1,1],[1,1,1,1],[1],[1,1],[1,1,1],[1,1,1,1,1],[1,1,1,1,1,1],[1,1,1,1,1],[1,1],[1,1,2,2,2,1,1,1],[1,1,1],[1,1,1,1,1,1,1,1],[1,1,1],[1,1,1,1,1,1,1],[1,1,1,1,1],[1,1,1,1,1,1,1,1],[1,1,1,1,1],[1,1,1,1,1],[1,1,1,1,1,1,1,1,1,1,1],[1,1,1,1,1],[1,1,1],[1,1,1],[1,1,1,1],[1,1,1],[1,1,1],[1,1,1,1],[1,1,1,1,1,1],[1,1,1,1,1],[1,1,1,1],[1,1,1,1,1,1,1],[1,1,1,1,1,1,1,1,1,1],[1,1,1,1,1,1,1],[1,1,1,1,1],[1,1,1,1,1,1,1,1,1,1],[1,1,1,1],[1,1,1,1],[1,1,1,1,1,1],[1,1,1,1,1,1,1,1,1,1,1],[1,1],[1,1,1,1,1],[1,1,1,1,1,1],[1,1,1],[1,1,1],[1,1,1,1,1],[1,1,1,1],[1,1,1,1,1,1,1,1,1,1,1,1,1,1],[1,1,1],[1,1,1,1,1],[1,1,1],[1,1,1],[1,1,1,1,1,1,1,1,1,1],[1,1,1],[1,1,1,1,1,1,1,1,1,1,1],[1],[1,1,1,1],[1],[1,1,1,1,1],[1,1],[1,1,1,1,1,1,1],[1,1,1,1,1,1,1],[1,1,1,1,1],[1,1,1,1,1,1,1],[1,1,1,1,1,1,1,1],[1,1,1,1,1],[1,1,1,1,1,1,1],[1,1,1,1,1,1],[1,1,1,1,1,1,1],[1,1],[1,1,1,1,1],[1,1,1,1,1,1,1],[1,1,1,1,1,1,1,1],[1,1,1],[1,1,1,1,1,1],[1,1,1],[1,1,1,1,1,2,1],[1,1,1,1,1,1,1],[1,1,1,1,1],[1,1,1,1,1,1,1,1,1],[1,1,1,1,1],[1,1,1,1],[1,2,1,1,1],[1,2,1,1,1,1,1,1,1],[1,1,1,1,1,1,1,1,1,1,1],[1,1],[1,1,1,1,1,1,1,1,1,1,1],[1,1,1,1,1,1,1],[1,1,1,1,1,1],[1,1,1],[1,1,1],[1,1],[1,1],[1,1,2],[1,1,1,1],[1,1,1,1,1,1],[1,1,1],[1,1,1,1,1,1],[1,1,1,1,1,1,1],[1,1,1,1,1],[1,1,1,1,1,1],[1,1,1,1],[1,1,1,1],[1,1,1],[1,1],[1,1,1,1,1,1,1,1],[1,1,1,1,1],[1,1,1,1,1],[1,1,1,1,1],[1,1,1,1,1,1,1],[1,1,1,1,1,1,1,1],[1,1,1,1,1,1,1,1,1,1,1],[1,1],[1,1,1,1,1,1,1],[1,1,1,1,1,1],[1,1,1],[1,1,1,1,1,1,1],[1,1,1,1,1,1,1],[1,1,1,1,1,1,1],[1,1,1,1,1,1],[1,1,1,1],[1,1,1,1,1],[],[1,1,1],[1],[1,1,1,1,1,1,1,1,1],[1,1,1,1],[1,1,1,1],[1,1,1,1,1],[1,1,1,1],[1,1],[1,2,1,1,1,1,1,1],[1,1,1,1,1],[1,1,1,1,1,1],[1,1,1,1,1],[1,1,1,1],[1,1,1,1,1,1,1,1],[1,1,1,1,1,1,1],[1,1,1,1,1,1,1,1],[1,1,1,1],[1,1],[1,1,1,1,1,1,1,2,2],[1,1,1],[1,1,1,1,1,1,1,1],[1,1,1,1],[1,1,1,1],[1,1,1],[1,1,1,1,1],[1,1,1,1,1,1,1,1],[1,1,1,1],[1,1,1,1,1,1,1,1,1,1,1],[1,1,1,1,1,1,1],[],[1,1],[1,1,1,1,1,1,2,2,2],[1,1,1,1,1],[1,1,1],[2,1,1],[1,1,1,1],[1,1,1],[1,1,1,1,1,1,1],[1,1,1,1,1,1],[1,2,1],[1],[1,1,1,1],[1,1,1,1,1,1,1,1,1],[1],[1,1,1],[1,1,1,1,1,1,1,1,1,1],[1,1,1],[1,1,1,1,1,1],[1,1,1,1],[1,1,1,1,1],[1,1],[1,1],[1,1,1,1,1],[1,1,1,1,1],[1,1,1,1],[1,1],[1,1,1,1,1,1,1,1],[1,1],[1,1,1,1],[1,1,1,1,1],[1,1,1,1,1,1,1,1,1,1,1],[1,1,1],[1,1,1,1,1,1,1,1],[1,1,1],[1,1,1,1,1,1,1,1],[1,1,1],[1,1,1],[1,2,1,1,1],[1,1,1,1,1],[1,1,1,1],[1,1,1,1,1,1,1],[1,1,1],[1],[1,1,1,1],[1,1,1,1,1,1],[1,2,2,1,1,1],[1,1],[1],[1,1,1,1,1,1],[1,1,1,1,1],[1,1,1],[1,1,1,1,1],[1,1,1,1,1,1,1],[1,1,1,1,1],[1,1,1,1,1,1,1],[1,1],[1,1,1],[1,1,1,1,1],[1,1,1,1,1],[1,1,1,1,1],[1,1,1,1],[1,1,1,1,1,1,1],[1,1],[],[1,1,1,1,1],[1,1,1],[1,1,1],[1,1,1,1],[1,1],[1,1,1],[1,1,1,1,1],[1,1,1,1,1],[1],[],[1,1],[1,1],[2,1],[1],[1],[1,1],[],[1,1,1],[1,1,1,1,1],[1,1,1,1],[1,1,1],[1,1],[1,1,1],[1,1,1,1,1,1],[1,1],[1,1],[1],[1],[1,1,1,1],[1,1],[],[1,1,1,1,1],[1,1],[1,1,1,1,1,1,1,1,1],[1,1,1,1,1,1],[1,1,1,1,1,1],[1,1,1]];

processingTimesRunnables = [10,10,13,8,12,17,9,12,9,13,5,9,5,10,12,15,6,6,11,6,5,6,8,10,6,12,7,10,10,5,10,12,16,12,11,15,10,7,11,16,6,11,9,14,13,14,6,14,15,14,11,11,12,10,13,11,12,7,13,5,12,12,14,13,10,5,10,11,12,10,13,4,11,13,12,6,7,11,6,6,12,14,11,16,6,10,10,10,13,13,10,6,12,15,11,13,4,12,13,13,14,12,16,9,12,8,9,14,6,8,14,12,9,15,6,13,13,12,13,5,16,13,14,10,12,7,11,7,13,13,10,15,11,11,14,12,10,13,16,14,6,11,14,8,13,12,6,12,13,13,13,13,12,10,11,12,10,11,5,16,13,5,12,13,12,5,11,6,13,16,10,8,11,12,12,10,10,15,10,11,6,11,8,13,13,11,10,8,9,10,12,13,10,14,11,8,12,12,10,15,11,10,12,13,6,12,9,7,11,16,11,10,7,11,8,6,8,15,14,10,9,9,14,11,10,6,13,5,10,7,10,12,10,12,11,10,14,6,8,6,13,11,11,12,15,5,10,13,7,12,13,13,10,11,11,7,7,11,5,6,12,11,9,6,10,12,7,8,7,11,13,12,11,10,10,4,13,13,13,7,16,10,11,10,6,13,4,12,9,11,8,12,9,11,14,10,13,13,13,11,5,12,10,5,15,12,16,11,13,14,10,12,12,11,12,13,13,8,7,7,7,14,11,11,9,8,12,11,13,12,13,13,13,15,10,12,14,13,11,12,11,13,7,13,16,12,13,8,14,12,7,12,5,13,13,13,7,11,6,14,13,10,13,12,12,14,16,10,10,14,12,16,9,10,11,13,10,12,14,12,10,17,6,5,11,12,5,6,13,10,7,13,13,10,7,12,12,4,10,9,11,8,9,13,10,15,13,7,9,6,6,16,10,16,13,16,11,10,13,9,7,14,16,12,13,11,5,12,11,5,14,6,11,8,14,13,10,12,11,12,10,14,6,16,8,8,11,13,13,10,11,11,9,13,13,13,8,13,13,13,10,7,13,15,14,12,9,12,13,10,12,8,5,13,12,7,13,12,6,13,13,11,10,15,5,16,10,16,15,13,6,14,16,10,13,9,11,11,13,8];

periods = [50000,2000,1000,20000,1000,10000,100000,2000,50000,1000,20000,20000,10000,1000,50000,10000,100000,2000,5000,20000,20000,100000,10000,20000,10000,10000,20000,20000,10000,100000,10000,10000,10000,100000,100000,100000,20000,10000,100000,10000,20000,100000,10000,100000,20000,100000,50000,10000,20000,10000,20000,100000,20000,10000,100000,10000,100000,2000,20000,20000,10000,2000,10000,50000,20000,10000,10000,10000,20000,1000,20000,100000,1000,10000,100000,10000,20000,20000,10000,100000,10000,10000,50000,50000,10000,100000,20000,100000,20000,10000,20000,5000,100000,20000,10000,10000,50000,100000,100000,10000,10000,100000,10000,20000,10000,10000,100000,20000,10000,10000,50000,10000,20000,10000,100000,20000,10000,20000,10000,20000,10000,50000,100000,10000,5000,10000,100000,20000,10000,50000,100000,20000,100000,10000,10000,10000,50000,50000,20000,20000,100000,10000,20000,10000,20000,20000,10000,20000,20000,100000,100000,20000,10000,20000,20000,20000,10000,100000,1000,20000,20000,20000,10000,20000,10000,20000,50000,1000,20000,100000,100000,10000,100000,100000,100000,10000,100000,20000,20000,50000,100000,10000,20000,100000,20000,20000,5000,10000,20000,1000,20000,100000,20000,20000,20000,20000,100000,10000,10000,10000,20000,20000,10000,100000,50000,20000,1000,20000,20000,50000,20000,100000,10000,100000,10000,100000,10000,10000,100000,20000,20000,10000,20000,10000,10000,5000,20000,2000,1000,10000,100000,20000,100000,10000,100000,50000,20000,100000,1000,100000,10000,10000,100000,50000,10000,100000,20000,10000,100000,100000,20000,20000,100000,100000,20000,20000,10000,10000,1000,2000,10000,10000,10000,10000,100000,20000,10000,20000,10000,10000,100000,1000,10000,20000,20000,100000,20000,100000,10000,10000,20000,10000,20000,5000,2000,10000,20000,10000,100000,10000,10000,20000,10000,100000,10000,100000,1000,10000,20000,20000,10000,20000,100000,5000,10000,100000,50000,20000,20000,100000,20000,2000,100000,20000,20000,10000,20000,50000,10000,2000,20000,20000,20000,10000,10000,10000,1000,10000,10000,20000,20000,20000,20000,10000,10000,10000,10000,20000,2000,10000,20000,20000,10000,10000,20000,20000,20000,20000,20000,10000,10000,10000,20000,20000,10000,10000,100000,50000,10000,10000,100000,20000,10000,10000,20000,10000,20000,100000,100000,100000,10000,10000,20000,20000,1000,20000,20000,20000,10000,100000,10000,10000,20000,100000,10000,100000,10000,10000,20000,10000,10000,100000,100000,10000,20000,10000,20000,20000,10000,20000,20000,20000,10000,10000,20000,100000,1000,1000,100000,10000,20000,5000,10000,5000,10000,100000,20000,20000,20000,10000,10000,20000,10000,20000,10000,100000,100000,2000,100000,10000,10000,100000,20000,10000,10000,100000,100000,1000,10000,2000,20000,100000,20000,10000,20000,10000,100000,20000,100000,20000,20000,20000,10000,2000,100000,10000,2000,10000,5000,100000,100000,10000,10000,100000,10000,20000,10000,20000,10000,100000,5000,2000,20000,100000,10000,20000,20000,10000,10000,10000,20000,10000,2000,100000,10000,100000,20000,10000,20000,10000,10000,20000,10000,20000,100000,20000,20000,100000,100000,50000];

communicationTimeForOrderCriticalMessages = [1,1,1,1,1,1,1,1,1,1,1,1,1,1,1,1,1,1,1,1,1,1,1,1,1,1,1,1,1,1,1,1,1,1,1,1,1,1,1,1,1,1,1,1,1,1,1,1,1,1,1,1,1,1,1,1,1,1,1,1,1,1,1,1,1,1,1,1,1,1,1,1,1,1,1,1,1,1,1,1,1,1,1,1,1,1,1,1,1,1,1,1,1,1,1,1,1,1,1,1,1,1,1,1,1,1,1,1,1,1,1,1,1,1,1,1,1,1,1,1,1,1,1,1,1,1,1,1,1,1,1,1,1,1,1,1,1,1,1,1,1,1,1,1,1,1,1,1,1,1,1,1,1,1,1,1,1,1,1,1,1,1,1,1,1,1,1,1,1,1,1,1,1,1,1,1,1,1,1,1,1,1,1,1,1,1,1,1,1,1,1,1,1,1,1,1,1,1,1,1,1,1,1,1,1,1,1,1,1,1,1,1,1,1,1,1,1,1,1,1,1,1,1,1,1,1,1,1,1,1,1,1];

sizeOfRunnables = [955,968,1230,730,1150,1615,820,1110,820,1233,498,888,468,983,1170,1453,573,525,1065,585,458,588,735,945,570,1170,663,983,950,468,965,1158,1503,1155,1060,1458,975,623,1058,1518,565,1098,863,1305,1218,1365,580,1308,1498,1308,1035,1030,1195,983,1275,1088,1173,685,1295,488,1155,1170,1365,1240,963,488,993,1008,1143,923,1243,378,1073,1298,1185,535,693,1023,593,565,1160,1360,1028,1563,573,938,940,978,1233,1245,955,520,1170,1458,1088,1300,398,1125,1238,1278,1305,1140,1573,878,1170,760,893,1383,533,768,1335,1173,805,1433,518,1215,1258,1140,1210,423,1578,1233,1350,983,1128,615,1025,613,1225,1203,948,1475,1058,1005,1360,1173,938,1253,1545,1308,550,1050,1345,768,1278,1135,593,1123,1263,1210,1205,1285,1180,998,1075,1148,915,1035,483,1528,1285,435,1105,1263,1105,498,1050,528,1255,1588,955,723,1095,1200,1183,998,985,1498,938,1043,570,1083,753,1255,1275,1098,950,705,810,998,1165,1218,955,1333,1030,783,1195,1170,960,1498,1013,940,1135,1203,580,1150,810,620,1073,1595,1090,970,610,1015,795,533,718,1443,1383,940,843,825,1383,1053,975,533,1230,480,993,653,953,1113,955,1180,1038,990,1393,520,783,533,1285,1073,1060,1118,1495,490,923,1280,640,1178,1203,1275,983,1028,1068,663,623,1065,478,598,1118,1008,895,555,940,1128,685,750,655,1095,1275,1158,1035,983,983,390,1218,1278,1240,678,1545,968,1043,918,548,1278,390,1160,885,1050,753,1178,885,1013,1305,968,1253,1300,1215,1095,478,1180,953,408,1425,1143,1528,1088,1295,1318,975,1103,1198,1015,1155,1290,1270,715,690,668,685,1333,1058,1050,855,715,1133,1035,1260,1173,1248,1253,1298,1443,970,1193,1400,1215,1060,1178,1063,1268,615,1205,1573,1128,1268,743,1378,1193,613,1103,420,1298,1218,1203,648,1075,548,1393,1243,993,1290,1158,1173,1313,1530,955,993,1378,1148,1588,855,953,1068,1270,948,1108,1308,1170,990,1605,525,405,1038,1110,475,593,1283,985,638,1233,1275,978,660,1123,1138,393,945,843,1053,768,888,1300,970,1433,1268,603,895,570,595,1508,953,1578,1223,1528,1073,968,1248,900,698,1383,1555,1193,1210,1015,405,1185,1075,420,1368,543,1043,745,1360,1270,985,1135,1020,1173,913,1373,510,1528,753,730,1043,1268,1215,925,1005,1073,848,1225,1285,1268,720,1270,1253,1215,975,648,1240,1415,1345,1193,813,1128,1263,945,1113,773,405,1240,1125,610,1268,1155,518,1285,1203,1088,993,1465,420,1540,990,1578,1458,1270,585,1398,1583,983,1298,803,1030,1013,1233,723];

SenderLabelReceiverOrderCriticalChains = [[58,85,2576,0,2],[2,514,0,0,428],[428,754,0,0,228],[228,677,0,0,457],[457,209,0,0,285],[285,379,2629,0,18],[50,465,0,0,74],[74,3662,0,0,490],[490,2645,0,0,264],[264,3961,0,0,103],[103,3769,0,0,435],[124,2538,0,0,364],[364,2516,0,0,117],[117,1288,0,0,420],[177,1043,0,0,75],[75,1626,0,0,495],[495,164,0,0,52],[161,2592,0,0,308],[308,1152,0,0,154],[154,3803,0,0,377],[10,3551,0,0,159],[159,3569,0,0,229],[229,2764,0,0,259],[259,2458,0,0,408],[408,735,0,0,3],[3,845,0,0,438],[155,2485,0,0,77],[77,2729,0,0,223],[223,59,0,0,140],[140,1242,0,0,266],[258,680,0,0,343],[343,424,0,0,435],[435,3186,0,0,363],[363,3017,0,0,485],[485,2302,0,0,273],[365,2486,0,0,232],[232,2801,0,0,201],[201,2533,0,0,41],[41,1036,0,0,302],[464,1817,0,0,368],[368,2301,0,0,406],[406,3851,0,0,123],[123,1176,0,0,392],[392,1051,0,0,75],[497,1591,0,0,179],[179,575,0,0,12],[12,2326,2683,0,21],[164,1822,0,0,160],[160,337,0,0,179],[179,2108,0,0,322],[215,138,0,0,203],[203,2270,0,0,293],[293,1809,0,0,364],[364,417,0,0,67],[67,3837,0,0,372],[372,1738,0,0,135],[246,1753,0,0,271],[271,2358,0,0,7],[7,3544,0,0,197],[197,819,0,0,22],[22,397,0,0,455],[455,3115,0,0,369],[214,1711,0,0,384],[384,2096,0,0,406],[406,1076,0,0,470],[470,783,0,0,265],[39,235,0,0,486],[486,1472,0,0,278],[278,1779,0,0,86],[86,3668,0,0,123],[485,125,0,0,263],[263,2676,0,0,147],[147,583,0,0,112],[112,3867,0,0,319],[144,852,0,0,413],[413,3412,0,0,90],[90,119,0,0,38],[38,313,0,0,387],[387,2587,0,0,328],[484,1045,0,0,34],[34,390,0,0,80],[80,3132,0,0,499],[499,1889,0,0,470],[470,196,0,0,296],[296,3301,0,0,303],[357,3176,0,0,197],[197,3365,0,0,276],[276,1920,0,0,231],[231,2,0,0,238],[238,311,0,0,416],[498,1909,0,0,253],[253,348,0,0,499],[499,2621,0,0,436],[436,3289,0,0,231],[231,1847,0,0,303],[70,2747,0,0,297],[297,77,3002,0,327],[327,2676,0,0,408],[408,2174,0,0,14],[14,2885,0,0,375],[54,1511,0,0,344],[344,365,0,0,316],[316,1239,0,0,68],[68,3079,0,0,25],[25,3952,0,0,391],[391,1575,0,0,90],[406,1988,0,0,173],[173,3991,0,0,484],[484,1064,0,0,57],[57,1381,0,0,184],[184,1544,0,0,72],[417,1675,0,0,155],[155,3601,0,0,145],[145,1041,0,0,41],[259,3521,0,0,70],[70,2124,0,0,3],[3,79,0,0,14],[14,2619,0,0,207],[207,417,0,0,73],[282,2137,0,0,435],[435,1901,0,0,33],[33,278,1569,2070,32],[32,2621,0,0,13],[13,1107,0,0,245],[293,2596,0,0,270],[270,3058,0,0,491],[491,895,0,0,109],[109,3820,0,0,29],[138,3054,0,0,84],[84,1920,0,0,244],[244,3897,0,0,15],[347,1473,0,0,362],[362,3337,0,0,345],[345,836,0,0,433],[433,609,0,0,374],[374,30,0,0,169],[223,2864,0,0,94],[94,3775,0,0,65],[65,2810,0,0,315],[315,3238,0,0,277],[498,2629,0,0,98],[98,2151,0,0,427],[427,1169,0,0,460],[460,2052,0,0,107],[376,1739,0,0,468],[468,856,0,0,12],[12,1634,2326,0,146],[146,3357,0,0,443],[443,2590,0,0,178],[418,1785,0,0,156],[156,3103,0,0,362],[362,2054,0,0,211],[211,260,0,0,419],[181,432,0,0,88],[88,4000,0,0,39],[39,1142,0,0,75],[75,2925,0,0,289],[289,1513,0,0,219],[310,636,0,0,271],[271,2136,0,0,102],[102,2392,0,0,30],[30,2094,0,0,133],[133,1031,0,0,57],[439,2290,3208,0,356],[356,594,0,0,31],[31,1321,0,0,119],[119,3,0,0,217],[217,3784,0,0,359],[168,3977,0,0,159],[159,3773,0,0,14],[14,408,0,0,297],[297,77,3002,0,327],[327,3601,0,0,272],[178,3967,0,0,433],[433,933,0,0,349],[349,1173,0,0,185],[185,2938,0,0,322],[48,2133,0,0,234],[234,1344,0,0,16],[16,1827,0,0,446],[446,1574,0,0,364],[364,2661,0,0,435],[42,3474,0,0,86],[86,2737,0,0,427],[427,1175,0,0,474],[474,2844,0,0,265],[265,2663,0,0,249],[105,2097,0,0,85],[85,1613,0,0,261],[261,2562,0,0,430],[430,1757,0,0,291],[291,3624,0,0,359],[359,825,0,0,172],[30,2359,0,0,455],[455,1157,0,0,184],[184,1072,0,0,181],[181,2197,0,0,495],[495,1721,0,0,151],[283,1303,0,0,345],[345,2185,0,0,466],[466,308,0,0,322],[322,3374,0,0,202],[73,2244,0,0,375],[375,664,0,0,10],[10,2622,0,0,407],[407,3407,0,0,438],[438,1691,0,0,14],[14,1137,0,0,327],[230,665,0,0,200],[200,3391,0,0,295],[295,1447,0,0,434],[434,3169,0,0,467],[467,1640,0,0,328],[328,3749,0,0,26],[165,1098,0,0,182],[182,2713,0,0,54],[54,144,0,0,423],[88,1641,0,0,34],[34,1851,0,0,449],[449,8,0,0,253],[253,3875,0,0,177],[22,1203,0,0,429],[429,3575,0,0,240],[240,2882,0,0,102],[102,1954,0,0,127],[127,557,0,0,44],[44,3044,0,0,276],[315,2570,0,0,441],[441,1896,0,0,497],[497,3522,0,0,146],[146,3133,0,0,487],[487,3273,0,0,494]];

SenderLabelReceiverNonOrderCriticalChains = [[1,364,9],[1,1461,174],[1,2301,406],[1,2301,411],[1,2301,210],[1,2455,186],[1,2814,307],[1,2814,442],[1,3080,53],[2,514,428],[2,514,111],[2,2576,58],[2,2623,457],[2,3311,322],[2,3311,336],[2,3430,68],[3,79,14],[3,79,431],[3,845,488],[3,845,438],[3,939,396],[3,939,5],[3,1346,259],[3,1346,87],[3,3047,5],[4,1367,68],[4,1950,210],[4,2076,463],[4,2076,470],[4,2257,11],[4,2605,333],[4,2605,158],[4,3212,490],[5,95,327],[5,268,123],[5,363,10],[5,487,259],[6,370,95],[6,370,174],[6,370,60],[6,635,13],[6,1705,325],[6,1705,428],[6,3578,374],[6,3578,316],[7,561,102],[7,2337,314],[7,2730,467],[7,2730,17],[7,2730,349],[7,2983,455],[7,3424,410],[7,3424,289],[7,3424,483],[7,3544,197],[8,370,95],[8,370,174],[8,370,60],[8,1508,207],[8,1708,473],[8,1708,133],[8,3867,58],[8,3867,303],[8,3867,319],[9,1011,83],[9,1396,236],[9,1419,60],[9,2238,122],[9,2533,15],[9,2533,41],[9,2533,492],[9,3928,167],[10,1177,70],[10,1850,287],[10,2622,407],[10,2622,300],[10,3551,159],[10,3551,173],[11,177,71],[11,177,333],[11,1591,185],[11,1591,353],[11,1591,179],[11,1798,281],[11,2036,116],[11,2036,334],[11,3476,20],[11,3540,284],[12,1085,323],[12,1085,383],[12,1634,146],[12,2326,365],[12,2326,21],[12,2683,21],[12,3921,466],[13,966,185],[13,1107,245],[13,1228,16],[13,1254,112],[14,408,297],[14,1137,327],[14,2619,207],[14,2885,483],[14,2885,375],[15,2300,84],[15,2662,26],[15,2662,95],[15,3287,47],[15,3287,224],[15,3506,205],[15,3530,412],[15,3530,84],[16,484,151],[16,1029,275],[16,1817,63],[16,1817,25],[16,1817,368],[16,1827,446],[16,2058,23],[16,2058,78],[17,7,30],[17,7,379],[17,600,115],[17,996,455],[17,2565,167],[17,2565,22],[17,3675,288],[17,3675,204],[18,277,318],[18,1630,236],[18,1630,393],[18,2629,98],[18,2629,373],[18,2629,285],[18,3248,58],[18,3531,62],[18,3531,49],[19,352,22],[19,379,99],[19,379,18],[19,1565,383],[19,1970,472],[19,1970,482],[19,2573,214],[19,3613,304],[19,3932,92],[20,323,156],[20,323,233],[20,645,422],[20,645,424],[20,1628,192],[20,1628,73],[20,2629,98],[20,2629,373],[20,2629,285],[20,3242,27],[21,752,460],[21,1104,349],[21,1475,365],[21,1691,354],[21,1691,14],[21,3134,28],[22,397,455],[22,1203,429],[22,1563,454],[22,2032,29],[22,2697,409],[23,1666,47],[23,1666,413],[23,2282,214],[23,2282,362],[23,2282,36],[23,2356,245],[23,2662,26],[23,2662,95],[23,3760,398],[23,3760,301],[23,3973,31],[24,323,156],[24,323,233],[24,670,54],[24,1346,259],[24,1346,87],[24,1387,430],[24,2239,59],[24,3363,116],[24,3601,53],[24,3601,272],[24,3601,145],[25,27,396],[25,2277,157],[25,2658,404],[25,3604,32],[25,3952,391],[26,287,446],[26,287,32],[26,358,375],[26,358,469],[26,2951,225],[26,3830,121],[27,1215,28],[27,1774,136],[27,1774,302],[27,2580,386],[27,3680,230],[28,1242,266],[28,1242,402],[28,2174,14],[28,2174,222],[28,2807,6],[28,2807,49],[28,3461,193],[28,3461,290],[28,3464,441],[29,820,216],[29,1049,239],[29,1049,362],[29,1986,33],[29,2256,413],[29,2256,499],[29,2345,399],[29,3435,302],[30,1376,243],[30,2094,133],[30,2354,216],[30,2359,455],[30,2526,44],[30,2526,76],[30,2526,450],[30,2686,277],[31,317,266],[31,609,374],[31,609,394],[31,614,40],[31,1024,114],[31,1321,119],[31,2258,138],[31,2258,213],[31,2258,254],[32,1569,195],[32,1569,33],[32,1753,271],[32,1753,330],[32,1753,351],[32,2621,436],[32,2621,13],[32,2925,147],[32,2925,289],[33,290,305],[33,628,342],[33,628,396],[33,2070,32],[33,3379,48],[34,390,80],[34,786,35],[34,786,250],[34,1522,332],[34,1522,479],[34,1851,449],[34,3147,19],[35,351,289],[35,1298,337],[35,1298,36],[35,3560,347],[35,3560,367],[36,69,46],[36,69,237],[36,1209,265],[36,1375,266],[36,1649,204],[37,155,45],[37,495,322],[37,844,453],[37,1750,295],[37,1750,342],[37,2542,85],[37,2542,411],[37,3158,163],[37,3699,5],[37,3699,374],[38,297,49],[38,297,198],[38,297,427],[38,297,472],[38,305,230],[38,313,310],[38,313,387],[38,2558,40],[38,2558,306],[39,235,486],[39,694,168],[39,1142,181],[39,1142,75],[39,1854,44],[39,2141,55],[39,2168,377],[39,2168,326],[39,2168,127],[40,884,234],[40,886,4],[40,2715,141],[40,3676,363],[41,1036,452],[41,1036,302],[41,1295,236],[41,1295,319],[41,1304,480],[41,1304,45],[41,1832,400],[42,535,494],[42,535,364],[42,1946,304],[42,1946,495],[42,3041,63],[42,3474,86],[43,209,285],[43,209,56],[43,290,305],[43,2330,413],[43,2438,251],[43,2438,456],[43,2986,118],[43,3049,61],[43,3273,494],[43,3273,290],[43,3273,122],[44,836,96],[44,836,433],[44,1717,99],[44,2050,272],[44,2050,442],[44,3044,276],[45,234,112],[45,234,82],[45,1035,78],[45,1035,267],[45,2665,237],[46,961,384],[46,1342,339],[46,1342,370],[46,1651,209],[46,2156,461],[46,2612,40],[46,2959,410],[46,2959,436],[47,903,64],[47,1295,236],[47,1295,319],[47,2087,254],[47,2087,83],[47,3073,83],[47,3285,86],[48,1257,97],[48,1472,278],[48,1472,392],[48,2133,234],[48,2460,292],[48,3360,74],[48,3360,243],[48,3874,61],[48,3874,459],[49,2015,299],[49,2015,476],[49,2347,27],[49,2347,411],[50,96,371],[50,96,460],[50,465,74],[50,1147,61],[50,1883,63],[50,2953,234],[50,3283,400],[50,3283,76],[51,245,332],[51,328,118],[51,1022,481],[51,1307,53],[51,1307,11],[51,1307,167],[51,2282,214],[51,2282,362],[51,2282,36],[51,2397,367],[51,2896,473],[51,2896,8],[51,2896,283],[51,2896,88],[52,1111,200],[52,1111,380],[52,1134,436],[52,1134,481],[52,1134,170],[52,1339,72],[52,1504,171],[52,2615,336],[52,2615,139],[52,2615,341],[52,3280,177],[53,1392,97],[53,2497,65],[53,2800,173],[53,2800,230],[53,2896,473],[53,2896,8],[53,2896,283],[53,2896,88],[54,144,423],[54,234,112],[54,234,82],[54,1511,344],[54,3531,62],[54,3531,49],[54,3971,216],[55,153,498],[55,231,72],[55,956,196],[55,1675,155],[55,1675,482],[55,1675,57],[55,2364,338],[55,2364,13],[55,3223,253],[55,3223,275],[56,19,126],[56,87,94],[56,87,252],[56,297,49],[56,297,198],[56,297,427],[56,297,472],[56,2872,238],[56,3990,366],[57,1381,184],[57,2441,406],[57,3060,66],[58,85,2],[58,85,376],[58,812,121],[58,812,285],[58,1079,455],[58,1762,108],[58,3593,285],[59,370,95],[59,370,174],[59,370,60],[59,2058,23],[59,2058,78],[59,2668,113],[59,2745,338],[60,165,354],[60,1073,141],[60,1073,284],[60,2172,378],[60,2172,401],[60,2200,477],[60,2200,385],[60,2575,323],[61,287,446],[61,287,32],[61,864,66],[61,1075,222],[61,2813,412],[61,2813,213],[62,1758,472],[62,2267,428],[62,3154,498],[62,3154,428],[62,3178,69],[62,3178,228],[63,2030,185],[63,3461,193],[63,3461,290],[63,3485,110],[63,3812,361],[64,1716,492],[64,1716,236],[64,1745,307],[64,1745,468],[64,2707,138],[64,2752,26],[64,2752,252],[64,2870,83],[64,3603,147],[64,3960,137],[65,945,490],[65,945,148],[65,1159,77],[65,1808,191],[65,2274,478],[65,2810,315],[65,2810,395],[66,327,124],[66,2009,399],[66,2009,79],[67,1123,21],[67,1602,488],[67,2932,361],[67,2932,181],[67,3002,327],[67,3002,95],[67,3837,372],[67,3837,474],[68,658,119],[68,2513,39],[68,3079,25],[68,3303,366],[68,3303,480],[68,3494,74],[69,1134,436],[69,1134,481],[69,1134,170],[69,1327,328],[69,2167,408],[69,2167,339],[69,3560,347],[69,3560,367],[70,1049,239],[70,1049,362],[70,1397,408],[70,2124,3],[70,2747,297],[70,3974,190],[71,494,89],[71,645,422],[71,645,424],[71,1320,268],[71,2489,17],[71,2489,63],[71,2542,85],[71,2542,411],[72,423,197],[72,797,107],[72,2060,415],[72,2895,88],[72,3875,151],[72,3875,177],[73,206,190],[73,206,410],[73,206,427],[73,2244,375],[73,2492,168],[74,1505,103],[74,1505,79],[74,1715,382],[74,1715,463],[74,2639,242],[74,3662,490],[75,72,134],[75,1626,478],[75,1626,495],[75,2925,147],[75,2925,289],[75,3246,124],[75,3246,377],[75,3299,107],[76,400,59],[76,651,81],[76,651,417],[76,1227,126],[76,3443,203],[77,628,342],[77,628,396],[77,1877,80],[77,2729,223],[77,2958,455],[77,3354,7],[77,3545,321],[78,213,346],[78,461,104],[78,1896,320],[78,1896,497],[78,1896,156],[78,2615,336],[78,2615,139],[78,2615,341],[78,2932,361],[78,2932,181],[78,3808,415],[79,176,463],[79,176,306],[79,1326,96],[79,1326,485],[79,1902,298],[79,3933,197],[79,3933,293],[79,3933,353],[80,1469,99],[80,2443,175],[80,2749,485],[80,2749,460],[80,3132,499],[80,3132,300],[80,3274,253],[81,770,224],[81,803,469],[81,2585,489],[81,2654,255],[81,3815,284],[81,3815,487],[82,174,424],[82,962,122],[82,962,151],[82,1631,200],[82,3702,101],[82,3965,123],[83,1779,86],[83,1779,313],[83,2301,406],[83,2301,411],[83,2301,210],[83,2975,137],[84,401,307],[84,538,164],[84,1920,231],[84,1920,244],[84,3100,122],[84,3100,351],[84,3100,370],[84,3359,180],[85,1613,261],[85,1613,493],[85,2597,478],[85,2597,480],[85,2990,290],[85,3024,106],[85,3024,467],[85,3597,409],[86,2737,110],[86,2737,456],[86,2737,427],[86,3050,79],[86,3445,115],[86,3668,123],[87,69,46],[87,69,237],[87,273,328],[87,292,113],[87,1532,108],[87,1532,198],[87,3557,44],[87,3557,128],[88,624,310],[88,1641,34],[88,4000,39],[89,24,345],[89,201,224],[89,960,287],[89,3722,132],[89,3722,412],[90,119,38],[90,2054,69],[90,2054,211],[90,2525,55],[90,2652,95],[90,2652,81],[90,3442,325],[90,3442,249],[91,763,116],[91,768,445],[91,1609,420],[91,2543,143],[91,3078,274],[91,3078,424],[91,3150,369],[91,3150,394],[91,3162,185],[91,3534,327],[92,1755,187],[92,1755,500],[92,1755,239],[92,1755,409],[92,1755,125],[92,1913,492],[92,1913,187],[92,2534,125],[92,2719,226],[92,3705,226],[92,3722,132],[92,3722,412],[93,366,209],[93,507,445],[93,1704,341],[93,1978,153],[93,2282,214],[93,2282,362],[93,2282,36],[93,3017,253],[93,3017,485],[94,429,88],[94,429,380],[94,2043,402],[94,2043,196],[94,2143,444],[94,2526,44],[94,2526,76],[94,2526,450],[94,3775,65],[94,3775,279],[95,504,114],[95,1896,320],[95,1896,497],[95,1896,156],[95,2220,382],[95,3442,325],[95,3442,249],[96,1091,295],[96,1142,181],[96,1142,75],[96,1903,258],[96,1903,291],[96,2545,81],[96,2545,141],[96,2545,490],[96,2545,272],[96,2545,164],[96,3738,400],[96,3877,36],[97,33,111],[97,591,205],[97,1020,236],[97,1869,292],[97,3099,205],[97,3099,238],[97,3204,343],[97,3204,236],[98,976,300],[98,976,233],[98,2151,56],[98,2151,427],[98,3213,69],[98,3229,99],[98,3229,103],[98,3229,475],[98,3422,298],[98,3733,466],[99,1258,486],[99,1693,101],[99,3257,332],[99,3988,392],[100,15,462],[100,15,475],[100,81,270],[100,81,485],[100,1835,479],[100,2134,186],[100,2134,480],[100,2813,412],[100,2813,213],[100,2963,261],[100,2963,488],[101,23,273],[101,23,420],[101,1319,485],[101,1535,322],[101,2394,114],[101,3045,227],[101,3045,265],[101,3045,348],[101,3057,398],[102,187,231],[102,1954,127],[102,2392,30],[102,2605,333],[102,2605,158],[102,3736,369],[103,873,124],[103,1532,108],[103,1532,198],[103,1969,217],[103,3059,397],[103,3769,435],[104,81,270],[104,81,485],[104,3295,275],[104,3650,118],[105,481,122],[105,481,258],[105,2097,85],[105,2256,413],[105,2256,499],[105,2435,2],[105,2435,399],[106,942,340],[106,942,446],[106,1115,421],[106,1133,42],[106,3809,263],[106,3970,298],[107,499,144],[107,499,124],[107,499,495],[107,499,54],[107,1964,474],[107,1993,240],[107,1993,457],[107,1994,442],[108,181,477],[108,751,130],[108,751,486],[108,1344,16],[108,1344,148],[108,2185,466],[108,2185,304],[108,3074,320],[109,824,10],[109,1060,288],[109,1060,169],[109,2370,328],[109,3568,391],[109,3568,490],[109,3820,29],[110,615,297],[110,771,186],[110,877,114],[110,1617,313],[110,3062,126],[110,3062,403],[111,940,308],[111,1019,210],[111,3063,206],[111,3063,267],[111,3616,205],[111,3712,89],[112,170,360],[112,394,217],[112,1370,153],[112,2801,371],[112,2801,201],[112,3867,58],[112,3867,303],[112,3867,319],[113,87,94],[113,87,252],[113,1974,243],[113,2311,355],[113,2754,128],[113,3070,169],[113,3070,227],[113,3607,473],[114,194,153],[114,499,144],[114,499,124],[114,499,495],[114,499,54],[115,64,368],[115,1934,118],[115,2222,174],[115,3023,174],[115,3305,291],[115,3305,368],[116,433,217],[116,1932,128],[116,3505,367],[117,861,135],[117,861,333],[117,861,479],[117,923,60],[117,1288,420],[117,1288,222],[117,2168,377],[117,2168,326],[117,2168,127],[117,3116,316],[117,3116,351],[117,3116,59],[117,3192,498],[117,3468,166],[118,593,1],[118,1917,404],[118,3914,143],[119,3,139],[119,3,217],[119,23,273],[119,23,420],[119,1140,144],[119,3801,262],[119,3801,423],[120,1581,242],[120,1644,292],[120,2653,127],[120,2687,452],[120,3451,448],[121,4,135],[121,984,339],[121,1766,350],[121,2268,305],[121,3948,410],[122,499,144],[122,499,124],[122,499,495],[122,499,54],[122,2021,205],[122,3760,398],[122,3760,301],[123,1176,392],[123,2076,463],[123,2076,470],[123,3083,150],[124,1715,382],[124,1715,463],[124,2538,346],[124,2538,364],[124,3325,157],[124,3439,454],[125,272,74],[125,275,88],[125,361,105],[125,594,31],[125,594,459],[125,629,36],[125,1412,187],[126,1593,230],[126,2980,287],[127,86,170],[127,557,44],[127,1505,103],[127,1505,79],[127,1566,238],[128,1364,312],[128,2198,143],[128,2955,61],[128,2955,38],[129,528,404],[129,683,144],[129,683,302],[129,1342,339],[129,1342,370],[129,1455,356],[129,2034,367],[129,3339,343],[129,3339,468],[129,3424,410],[129,3424,289],[129,3424,483],[129,3568,391],[129,3568,490],[130,1642,138],[130,1642,211],[130,1726,138],[130,1726,244],[130,2565,167],[130,2565,22],[130,2800,173],[130,2800,230],[130,3556,443],[130,3742,138],[130,3742,200],[131,1111,200],[131,1111,380],[131,1170,242],[131,1184,484],[131,2214,320],[131,2694,363],[131,2886,181],[131,2886,234],[131,3184,346],[131,3184,389],[131,3184,479],[132,362,419],[132,1612,130],[132,2007,292],[132,2516,178],[132,2516,117],[132,3455,92],[133,1031,57],[133,2322,280],[133,2833,141],[133,2835,496],[133,3416,219],[134,1304,480],[134,1304,45],[134,2466,248],[134,2742,200],[134,2838,425],[134,2838,352],[134,2979,319],[134,3801,262],[134,3801,423],[135,2040,390],[135,2180,327],[135,2180,419],[135,3184,346],[135,3184,389],[135,3184,479],[135,3303,366],[135,3303,480],[136,172,203],[136,850,258],[136,2231,231],[136,3267,144],[136,3267,439],[136,3654,371],[136,3742,138],[136,3742,200],[137,506,278],[137,1051,307],[137,1051,339],[137,1051,75],[137,1307,53],[137,1307,11],[137,1307,167],[137,1953,167],[137,3006,138],[137,3392,431],[138,117,38],[138,117,205],[138,3054,84],[138,3054,426],[139,651,81],[139,651,417],[139,813,152],[139,2179,492],[139,2749,485],[139,2749,460],[139,2997,343],[140,1242,266],[140,1242,402],[140,1736,268],[140,2071,443],[140,2071,162],[140,2569,93],[140,2840,394],[140,2840,107],[140,3224,335],[140,3224,45],[141,753,150],[141,2347,27],[141,2347,411],[141,3021,18],[141,3357,443],[141,3357,254],[141,3357,351],[142,139,235],[142,426,385],[142,1374,340],[142,1903,258],[142,1903,291],[142,2074,309],[143,111,82],[143,111,269],[143,341,243],[143,1039,255],[143,2750,389],[144,852,413],[144,1190,270],[144,1190,450],[144,2323,213],[144,3287,47],[144,3287,224],[145,762,410],[145,1041,41],[145,1568,152],[145,1568,456],[145,1996,358],[145,1996,445],[145,2134,186],[145,2134,480],[145,2613,196],[145,3557,44],[145,3557,128],[146,945,490],[146,945,148],[146,1990,306],[146,2326,365],[146,2326,21],[146,3133,487],[146,3357,443],[146,3357,254],[146,3357,351],[147,583,112],[147,1355,313],[147,2963,261],[147,2963,488],[147,3180,407],[147,3180,281],[147,3555,350],[148,641,42],[148,1150,225],[148,1156,251],[148,1156,281],[148,1533,160],[148,1533,105],[149,604,245],[149,604,223],[149,604,403],[149,975,128],[149,975,221],[149,1264,209],[149,1533,160],[149,1533,105],[149,2319,182],[149,2319,456],[149,2449,477],[149,3542,105],[150,398,369],[150,831,393],[150,1418,192],[150,2506,41],[150,3551,159],[150,3551,173],[151,812,121],[151,812,285],[151,826,126],[151,2935,175],[151,3364,429],[151,3364,454],[152,2012,399],[152,3163,193],[152,3472,178],[152,3755,347],[153,3,139],[153,3,217],[153,1074,353],[153,1222,26],[153,1222,118],[153,1705,325],[153,1705,428],[153,3671,53],[154,84,57],[154,419,8],[154,1467,487],[154,1467,483],[154,1467,380],[154,2103,262],[154,2904,438],[154,2904,309],[154,3803,377],[154,3803,439],[154,3858,381],[154,3858,318],[155,581,201],[155,1185,379],[155,1875,159],[155,2260,206],[155,2260,390],[155,2485,77],[155,2485,467],[155,2548,317],[155,2548,252],[155,3601,53],[155,3601,272],[155,3601,145],[156,964,162],[156,964,169],[156,964,368],[156,1642,138],[156,1642,211],[156,3103,362],[156,3250,227],[157,1757,291],[157,1757,382],[157,2435,2],[157,2435,399],[157,2844,265],[157,2844,172],[157,3707,425],[157,3707,371],[158,360,498],[158,405,348],[158,988,296],[158,988,431],[158,1497,263],[158,1761,449],[158,2967,262],[159,1524,239],[159,1755,187],[159,1755,500],[159,1755,239],[159,1755,409],[159,1755,125],[159,2564,272],[159,3569,229],[159,3569,256],[159,3569,387],[159,3773,14],[160,337,179],[160,2930,161],[160,2991,237],[160,3986,219],[160,3986,399],[161,218,234],[161,230,283],[161,1122,312],[161,1493,237],[161,2073,232],[161,2073,494],[161,2592,308],[162,58,316],[162,263,255],[162,2065,251],[162,2065,488],[162,2545,81],[162,2545,141],[162,2545,490],[162,2545,272],[162,2545,164],[163,962,122],[163,962,151],[163,1009,325],[163,1009,206],[163,1294,374],[163,2425,497],[163,2425,42],[163,2425,71],[163,2972,120],[163,2988,320],[163,3305,291],[163,3305,368],[164,847,35],[164,920,245],[164,1241,463],[164,1822,160],[164,1822,308],[164,2732,119],[165,604,245],[165,604,223],[165,604,403],[165,728,170],[165,1047,35],[165,1098,182],[165,1338,175],[165,1338,481],[165,1476,256],[165,3067,433],[165,3067,204],[166,73,283],[166,73,386],[166,564,389],[166,564,400],[166,1113,194],[166,1522,332],[166,1522,479],[166,1786,492],[166,1822,160],[166,1822,308],[166,3903,325],[167,339,119],[167,1943,454],[167,1943,73],[167,2210,449],[167,3414,500],[168,112,297],[168,1915,27],[168,2167,408],[168,2167,339],[168,3977,159],[169,278,32],[169,278,33],[169,861,135],[169,861,333],[169,861,479],[169,1467,487],[169,1467,483],[169,1467,380],[170,73,283],[170,73,386],[170,3883,235],[171,61,212],[171,1343,18],[171,1789,108],[171,2431,321],[171,2431,76],[171,2609,296],[171,2634,333],[171,3377,432],[171,3377,491],[172,1323,371],[172,1821,293],[172,2065,251],[172,2065,488],[172,2258,138],[172,2258,213],[172,2258,254],[172,3068,176],[173,854,244],[173,2865,246],[173,3991,477],[173,3991,484],[174,2168,377],[174,2168,326],[174,2168,127],[174,3081,27],[174,3935,294],[175,786,35],[175,786,250],[175,1255,361],[175,1527,254],[175,2549,436],[175,3756,473],[175,3756,402],[175,3756,184],[175,3756,360],[176,1560,200],[176,2504,463],[176,2748,382],[176,2867,317],[176,3869,343],[177,1043,75],[177,1325,369],[177,1707,276],[177,1755,187],[177,1755,500],[177,1755,239],[177,1755,409],[177,1755,125],[177,2391,197],[177,2391,309],[177,2391,384],[177,3012,361],[178,605,274],[178,1525,179],[178,1525,480],[178,3610,391],[178,3930,297],[178,3967,433],[179,575,12],[179,2108,322],[179,2348,450],[180,2399,205],[180,3309,38],[180,3309,358],[180,3360,74],[180,3360,243],[180,3858,381],[180,3858,318],[181,432,88],[181,432,316],[181,1640,413],[181,1640,328],[181,2197,495],[182,109,257],[182,1637,246],[182,2713,54],[182,2838,425],[182,2838,352],[182,3931,371],[183,780,421],[183,853,123],[183,1301,180],[183,1303,317],[183,1303,345],[183,1456,176],[183,3032,201],[184,512,120],[184,1072,181],[184,1544,444],[184,1544,72],[184,2898,156],[184,2898,214],[185,2938,322],[185,3110,208],[185,3691,221],[186,66,202],[186,1880,496],[186,2670,251],[186,3509,317],[186,3569,229],[186,3569,256],[186,3569,387],[187,932,468],[187,932,403],[187,2426,284],[187,2755,304],[187,3180,407],[187,3180,281],[188,244,324],[188,244,435],[188,586,302],[188,586,360],[188,767,298],[188,1225,298],[188,1545,463],[188,3710,104],[189,838,208],[189,1446,281],[189,2839,263],[189,3251,489],[189,3384,195],[189,3635,256],[189,3740,441],[190,1040,85],[190,1569,195],[190,1569,33],[190,1958,272],[190,2509,229],[190,2509,213],[190,2545,81],[190,2545,141],[190,2545,490],[190,2545,272],[190,2545,164],[190,3356,259],[191,586,302],[191,586,360],[191,976,300],[191,976,233],[191,1267,252],[191,2237,193],[191,2414,332],[191,3244,232],[192,2086,222],[192,2767,463],[192,3086,197],[192,3086,221],[192,3086,326],[192,3230,437],[192,3368,241],[193,409,376],[193,446,255],[193,833,228],[193,1737,466],[193,3927,289],[194,472,256],[194,492,257],[194,500,221],[194,500,439],[194,3396,477],[194,3764,399],[194,3764,496],[194,3867,58],[194,3867,303],[194,3867,319],[195,540,362],[195,2122,441],[195,2721,338],[195,2721,365],[195,3030,314],[195,3211,487],[195,3211,493],[196,330,277],[196,1280,332],[196,1280,468],[196,1879,188],[197,819,22],[197,3365,276],[198,96,371],[198,96,460],[198,726,324],[198,973,399],[198,973,418],[198,1468,225],[198,2538,346],[198,2538,364],[198,3724,270],[199,132,332],[199,132,393],[199,1008,400],[199,1008,457],[199,1233,422],[199,1243,4],[199,1243,218],[199,2107,280],[199,2107,480],[199,2258,138],[199,2258,213],[199,2258,254],[199,2603,350],[199,3749,26],[199,3749,220],[200,1288,420],[200,1288,222],[200,3391,295],[201,1740,347],[201,1774,136],[201,1774,302],[201,2272,172],[201,2533,15],[201,2533,41],[201,2533,492],[202,113,417],[202,427,499],[202,2364,338],[202,2364,13],[202,3815,284],[202,3815,487],[202,3908,441],[202,3961,103],[202,3961,232],[203,76,401],[203,2270,489],[203,2270,293],[203,2270,448],[203,3527,405],[203,3716,277],[203,3845,246],[204,523,276],[204,523,444],[204,1134,436],[204,1134,481],[204,1134,170],[204,1458,250],[204,1980,246],[205,1145,6],[206,939,396],[206,939,5],[206,1726,138],[206,1726,244],[206,2043,402],[206,2043,196],[206,2721,338],[206,2721,365],[206,3289,231],[206,3289,376],[207,417,67],[207,417,73],[207,915,375],[207,2530,170],[207,2558,40],[207,2558,306],[207,3102,452],[208,304,283],[208,1402,220],[208,2784,67],[208,3005,209],[208,3675,288],[208,3675,204],[209,90,76],[209,1119,281],[209,1232,300],[209,1232,359],[209,2548,317],[209,2548,252],[210,1127,422],[210,1127,486],[210,1127,318],[210,1519,244],[210,2234,358],[210,3421,308],[211,260,472],[211,260,419],[211,2025,373],[211,2052,107],[211,2052,446],[211,2123,295],[211,2270,489],[211,2270,293],[211,2270,448],[211,2861,494],[212,2126,131],[212,2126,335],[212,2691,243],[212,2691,379],[212,3569,229],[212,3569,256],[212,3569,387],[212,3829,432],[212,3837,372],[212,3837,474],[213,1409,404],[213,1409,421],[213,2160,316],[213,3088,179],[214,115,215],[214,822,71],[214,1711,384],[214,3304,373],[214,3304,442],[214,3975,245],[214,3975,273],[214,3975,350],[214,3975,416],[215,138,203],[215,138,379],[215,1377,305],[215,2722,273],[215,3191,104],[215,3238,277],[215,3238,282],[215,3933,197],[215,3933,293],[215,3933,353],[215,3975,245],[215,3975,273],[215,3975,350],[215,3975,416],[216,866,310],[216,1442,268],[216,1442,486],[216,3265,486],[216,3994,231],[217,1060,288],[217,1060,169],[217,2154,257],[217,3707,425],[217,3707,371],[217,3784,359],[218,121,441],[218,508,317],[218,604,245],[218,604,223],[218,604,403],[218,751,130],[218,751,486],[218,1408,248],[219,297,49],[219,297,198],[219,297,427],[219,297,472],[219,951,233],[219,3076,369],[219,3987,445],[220,393,237],[220,564,389],[220,564,400],[220,841,247],[220,1186,252],[220,1292,284],[221,505,227],[221,505,241],[221,2248,399],[221,2375,264],[221,2375,346],[222,739,337],[222,975,128],[222,975,221],[223,59,140],[223,2371,413],[223,2725,252],[223,2864,94],[223,3732,247],[223,3940,451],[224,1664,49],[224,3054,84],[224,3054,426],[224,3260,183],[224,3261,111],[224,3633,485],[225,416,343],[225,432,88],[225,432,316],[225,1095,417],[225,1840,157],[225,1840,189],[225,3980,363],[226,902,414],[226,1936,459],[226,1936,339],[226,2730,467],[226,2730,17],[226,2730,349],[226,3530,412],[226,3530,84],[226,3591,321],[226,3591,465],[227,1251,165],[227,1512,48],[227,2057,433],[228,587,285],[228,677,457],[228,1051,307],[228,1051,339],[228,1051,75],[228,1638,357],[228,2655,222],[229,120,272],[229,1951,164],[229,2545,81],[229,2545,141],[229,2545,490],[229,2545,272],[229,2545,164],[229,2764,259],[229,3788,239],[230,665,200],[230,3463,257],[231,2,238],[231,2,239],[231,955,20],[231,1847,303],[231,1847,89],[232,458,230],[232,2438,251],[232,2438,456],[232,2801,371],[232,2801,201],[232,3046,247],[233,65,3],[233,65,110],[233,65,304],[233,65,444],[233,2539,240],[233,3594,8],[233,3739,109],[233,3785,243],[234,404,421],[234,505,227],[234,505,241],[234,1344,16],[234,1344,148],[235,792,361],[235,2391,197],[235,2391,309],[235,2391,384],[235,3629,270],[236,2456,106],[236,3946,100],[237,1840,157],[237,1840,189],[237,2051,348],[238,311,416],[238,964,162],[238,964,169],[238,964,368],[238,2114,265],[238,3678,182],[239,2560,407],[239,3543,297],[240,424,230],[240,424,435],[240,1442,268],[240,1442,486],[240,2882,102],[240,3071,437],[241,692,270],[241,1404,329],[241,1724,290],[241,3574,344],[242,1054,288],[242,1143,429],[242,2425,497],[242,2425,42],[242,2425,71],[242,2598,309],[242,3332,458],[243,808,386],[243,3195,306],[244,1636,218],[244,3664,415],[244,3664,169],[244,3897,15],[244,3983,473],[244,3983,100],[245,1610,282],[245,1685,465],[245,3086,197],[245,3086,221],[245,3086,326],[246,1491,475],[246,1491,423],[246,1753,271],[246,1753,330],[246,1753,351],[246,2635,104],[246,3202,370],[246,3202,384],[247,177,71],[247,177,333],[247,2637,173],[247,3106,476],[247,3106,275],[247,3106,139],[247,3825,127],[247,3825,453],[248,258,87],[248,989,291],[248,1035,78],[248,1035,267],[248,1380,195],[248,2319,182],[248,2319,456],[248,3791,312],[249,162,73],[249,162,432],[249,162,403],[249,313,310],[249,313,387],[249,633,302],[249,896,466],[249,896,500],[249,1425,393],[250,498,461],[250,2109,303],[250,2675,37],[250,2994,254],[251,1833,219],[252,2050,272],[252,2050,442],[253,348,499],[253,3875,151],[253,3875,177],[254,2934,387],[254,2934,449],[254,3100,122],[254,3100,351],[254,3100,370],[255,607,323],[255,634,292],[255,2391,197],[255,2391,309],[255,2391,384],[255,3757,450],[256,1788,83],[256,1788,300],[256,3008,187],[256,3258,314],[256,3552,287],[257,16,9],[257,2475,260],[258,680,343],[258,2536,296],[258,3106,476],[258,3106,275],[258,3106,139],[258,3268,336],[258,3268,353],[258,3413,269],[259,1006,369],[259,2458,408],[259,3521,70],[260,129,121],[260,896,466],[260,896,500],[260,2015,299],[260,2015,476],[260,2489,17],[260,2489,63],[260,2771,290],[261,1214,387],[261,2562,430],[261,3684,414],[262,226,419],[262,244,324],[262,244,435],[262,2041,463],[262,2131,143],[262,3775,65],[262,3775,279],[263,929,286],[263,929,93],[263,2481,269],[263,2676,147],[263,2676,408],[264,1491,475],[264,1491,423],[264,3481,381],[264,3490,394],[264,3825,127],[264,3825,453],[264,3961,103],[264,3961,232],[265,964,162],[265,964,169],[265,964,368],[265,2663,249],[265,3425,339],[266,1280,332],[266,1280,468],[266,2976,287],[266,3591,321],[266,3591,465],[267,65,3],[267,65,110],[267,65,304],[267,65,444],[267,138,203],[267,138,379],[267,1282,266],[267,1623,366],[267,1946,304],[267,1946,495],[267,3121,184],[268,71,474],[268,380,274],[268,1485,424],[268,1645,476],[268,3331,226],[269,300,57],[269,928,439],[269,2263,340],[270,2036,116],[270,2036,334],[270,3058,491],[271,2136,102],[271,2358,7],[271,2389,152],[271,3174,132],[272,2526,44],[272,2526,76],[272,2526,450],[273,2077,416],[273,3225,282],[273,3771,293],[274,85,2],[274,85,376],[274,373,341],[274,2202,492],[275,834,114],[275,1591,185],[275,1591,353],[275,1591,179],[275,2217,271],[275,2781,142],[276,723,23],[276,1920,231],[276,1920,244],[276,2541,8],[276,3226,218],[277,196,176],[277,196,296],[277,1750,295],[277,1750,342],[278,26,477],[278,1779,86],[278,1779,313],[278,2178,222],[278,3223,253],[278,3223,275],[278,3643,436],[279,149,305],[279,716,335],[279,2235,188],[279,2235,329],[279,2898,156],[279,2898,214],[279,3169,467],[279,3169,329],[279,3255,212],[279,3255,406],[280,22,183],[280,531,480],[280,531,462],[280,1178,493],[280,3311,322],[280,3311,336],[280,3467,494],[281,1788,83],[281,1788,300],[281,2290,414],[281,2290,439],[281,2957,280],[282,65,3],[282,65,110],[282,65,304],[282,65,444],[282,1384,104],[282,2137,435],[282,3184,346],[282,3184,389],[282,3184,479],[282,3482,356],[283,1303,317],[283,1303,345],[283,2369,466],[283,2969,359],[284,197,304],[284,952,241],[284,3673,47],[284,3673,378],[285,379,99],[285,379,18],[285,756,479],[285,756,82],[285,2955,61],[285,2955,38],[286,908,227],[286,908,361],[286,1094,291],[286,2016,150],[286,2510,355],[286,3001,325],[286,3756,473],[286,3756,402],[286,3756,184],[286,3756,360],[286,3781,235],[287,250,136],[287,436,25],[288,1156,251],[288,1156,281],[288,1201,168],[288,1562,491],[288,3695,192],[289,176,463],[289,176,306],[289,1234,388],[289,1234,425],[289,1513,219],[289,2523,126],[290,1088,350],[290,1088,109],[290,1353,337],[291,2493,351],[291,3624,359],[291,3861,12],[292,683,144],[292,683,302],[292,2177,373],[292,2622,407],[292,2622,300],[293,582,59],[293,1809,364],[293,2596,270],[293,3645,80],[294,65,3],[294,65,110],[294,65,304],[294,65,444],[294,295,423],[294,954,418],[294,954,368],[294,1064,79],[294,1064,57],[294,2638,229],[294,2638,66],[294,3128,470],[294,3128,418],[294,3944,146],[295,1447,434],[295,2595,86],[295,3972,162],[296,116,393],[296,1873,425],[296,1873,465],[296,3301,303],[296,3863,355],[297,77,327],[297,3002,327],[297,3002,95],[298,1568,152],[298,1568,456],[298,2183,337],[299,1085,323],[299,1085,383],[299,1561,311],[299,2209,42],[299,3132,499],[299,3132,300],[299,3166,354],[299,3410,395],[299,3986,219],[299,3986,399],[300,559,377],[300,2571,493],[300,3082,354],[301,549,403],[301,946,212],[301,1092,340],[301,1298,337],[301,1298,36],[301,3070,169],[301,3070,227],[301,3100,122],[301,3100,351],[301,3100,370],[301,3279,425],[302,2760,477],[303,208,464],[303,2473,447],[303,2540,426],[303,2711,429],[304,1308,51],[305,523,276],[305,523,444],[305,857,5],[305,3528,310],[305,3917,152],[306,1017,442],[306,3275,404],[307,1153,120],[307,1817,63],[307,1817,25],[307,1817,368],[307,2235,188],[307,2235,329],[307,2911,160],[308,1152,154],[308,1262,254],[308,2896,473],[308,2896,8],[308,2896,283],[308,2896,88],[308,2995,56],[309,278,32],[309,278,33],[309,1536,422],[309,2334,377],[309,3590,348],[310,636,271],[310,636,260],[310,1630,236],[310,1630,393],[310,1657,279],[310,1657,397],[310,3938,157],[311,350,398],[311,457,395],[311,777,241],[311,1204,66],[311,1338,175],[311,1338,481],[311,3099,205],[311,3099,238],[312,1102,426],[312,1171,440],[312,1596,66],[312,1695,320],[312,3007,263],[313,210,331],[313,511,288],[313,514,428],[313,514,111],[313,1666,47],[313,1666,413],[313,2751,62],[314,299,336],[314,2730,467],[314,2730,17],[314,2730,349],[314,3078,274],[314,3078,424],[315,2279,341],[315,2333,449],[315,2570,441],[315,3238,277],[315,3238,282],[315,3364,429],[315,3364,454],[316,881,173],[316,1239,68],[317,1731,306],[317,3268,336],[317,3268,353],[317,3283,400],[317,3283,76],[318,49,264],[318,178,381],[318,264,358],[318,490,105],[318,490,87],[318,1996,358],[318,1996,445],[319,901,204],[319,901,336],[319,1232,300],[319,1232,359],[319,2452,366],[319,3116,316],[319,3116,351],[319,3116,59],[320,1544,444],[320,1544,72],[320,3118,472],[321,748,386],[321,1686,134],[321,1829,418],[321,3578,374],[321,3578,316],[321,3978,341],[322,2807,6],[322,2807,49],[322,3374,202],[323,901,204],[323,901,336],[323,954,418],[323,954,368],[323,1633,405],[323,2372,370],[323,2386,6],[324,780,421],[324,1546,478],[324,1546,496],[324,2260,206],[324,2260,390],[324,3577,247],[324,3577,73],[325,1812,385],[325,2840,394],[325,2840,107],[325,3267,144],[325,3267,439],[326,1293,392],[326,1675,155],[326,1675,482],[326,1675,57],[326,1793,457],[326,2693,415],[326,3062,126],[326,3062,403],[326,3758,252],[327,2676,147],[327,2676,408],[327,3601,53],[327,3601,272],[327,3601,145],[328,1326,96],[328,1326,485],[328,3749,26],[328,3749,220],[329,441,337],[329,510,351],[329,1046,434],[329,1335,359],[329,1810,379],[330,1042,427],[330,1770,443],[330,2224,458],[330,2344,377],[330,2737,110],[330,2737,456],[330,2737,427],[330,3576,374],[330,3576,181],[331,104,433],[331,132,332],[331,132,393],[331,247,273],[331,2107,280],[331,2107,480],[331,3107,414],[331,3107,338],[331,3194,376],[331,3255,212],[331,3255,406],[332,764,338],[332,764,416],[333,2219,90],[333,3229,99],[333,3229,103],[333,3229,475],[333,3273,494],[333,3273,290],[333,3273,122],[333,3756,473],[333,3756,402],[333,3756,184],[333,3756,360],[334,302,430],[334,1195,207],[334,1195,491],[334,1398,389],[334,1773,392],[334,2627,194],[334,2808,340],[335,368,359],[335,368,277],[335,2102,376],[335,2102,196],[335,3227,271],[335,3910,330],[336,2324,490],[336,3143,344],[336,3582,488],[337,2126,131],[337,2126,335],[337,2640,338],[338,1688,405],[338,3956,441],[339,1847,303],[339,1847,89],[340,1525,179],[340,1525,480],[340,3510,278],[341,1997,106],[341,2739,476],[341,3576,374],[341,3576,181],[342,15,462],[342,15,475],[342,2071,443],[342,2071,162],[342,2195,440],[342,3214,240],[343,424,230],[343,424,435],[343,3955,69],[344,365,316],[344,1243,4],[344,1243,218],[344,2638,229],[344,2638,66],[344,2775,1],[345,836,96],[345,836,433],[345,967,424],[345,2185,466],[345,2185,304],[345,3577,247],[345,3577,73],[346,1222,26],[346,1222,118],[346,1652,390],[346,2773,369],[346,3469,451],[347,1473,362],[347,2024,348],[347,2187,417],[347,3699,5],[347,3699,374],[347,3915,478],[348,288,304],[348,1716,492],[348,1716,236],[348,2367,383],[349,1173,185],[349,1594,367],[349,2155,114],[349,3572,261],[350,1246,381],[350,1548,396],[350,2631,382],[351,916,45],[351,1820,266],[352,500,221],[352,500,439],[352,579,462],[352,1706,362],[352,2017,388],[352,2949,447],[352,2949,382],[352,3976,391],[353,567,372],[353,2009,399],[353,2009,79],[353,2092,213],[353,3075,411],[354,1745,307],[354,1745,468],[354,2072,387],[354,2102,376],[354,2102,196],[355,1838,487],[355,2200,477],[355,2200,385],[355,2374,342],[355,3401,133],[356,594,31],[356,594,459],[356,2290,414],[356,2290,439],[356,2361,239],[356,2959,410],[356,2959,436],[357,369,427],[357,735,3],[357,735,460],[357,992,409],[357,2431,321],[357,2431,76],[357,3031,447],[357,3176,197],[358,162,73],[358,162,432],[358,162,403],[358,1755,187],[358,1755,500],[358,1755,239],[358,1755,409],[358,1755,125],[358,2320,500],[358,2934,387],[358,2934,449],[359,211,249],[359,825,172],[360,1351,274],[360,1467,487],[360,1467,483],[360,1467,380],[360,1760,65],[360,1867,421],[360,2225,436],[361,1755,187],[361,1755,500],[361,1755,239],[361,1755,409],[361,1755,125],[361,2146,484],[362,2054,69],[362,2054,211],[362,3337,345],[363,1103,62],[363,1103,471],[363,1318,413],[363,1613,261],[363,1613,493],[363,3017,253],[363,3017,485],[364,417,67],[364,417,73],[364,2516,178],[364,2516,117],[364,2661,435],[364,2661,434],[364,3901,46],[365,2415,417],[365,2486,232],[365,2615,336],[365,2615,139],[365,2615,341],[365,3211,487],[365,3211,493],[366,2519,371],[366,3045,227],[366,3045,265],[366,3045,348],[366,3150,369],[366,3150,394],[367,765,406],[367,2810,315],[367,2810,395],[367,2941,373],[368,163,20],[368,2301,406],[368,2301,411],[368,2301,210],[368,2836,13],[370,212,298],[370,909,474],[370,1426,386],[371,3135,390],[372,274,484],[372,529,411],[372,1721,151],[372,1721,462],[372,1738,135],[372,3567,453],[372,3933,197],[372,3933,293],[372,3933,353],[373,111,82],[373,111,269],[373,2180,327],[373,2180,419],[374,7,30],[374,7,379],[374,30,169],[374,2825,465],[375,664,10],[375,1180,89],[375,2400,16],[375,2904,438],[375,2904,309],[376,1739,468],[376,2886,181],[376,2886,234],[376,2948,17],[377,535,494],[377,535,364],[378,689,400],[378,953,383],[378,2396,443],[378,2425,497],[378,2425,42],[378,2425,71],[378,2600,496],[378,3027,168],[379,481,122],[379,481,258],[379,3045,227],[379,3045,265],[379,3045,348],[380,322,196],[380,467,148],[380,1114,407],[380,2949,447],[380,2949,382],[380,3018,464],[381,756,479],[381,756,82],[381,2205,132],[381,3764,399],[381,3764,496],[382,861,135],[382,861,333],[382,861,479],[382,1900,251],[383,140,414],[383,162,73],[383,162,432],[383,162,403],[383,429,88],[383,429,380],[383,2172,378],[383,2172,401],[384,499,144],[384,499,124],[384,499,495],[384,499,54],[384,2096,406],[384,2261,393],[384,3022,373],[385,79,14],[385,79,431],[385,2834,45],[385,3086,197],[385,3086,221],[385,3086,326],[385,3746,342],[385,3779,98],[386,1036,452],[386,1036,302],[386,3224,335],[386,3224,45],[387,2587,328],[387,3969,62],[388,1307,53],[388,1307,11],[388,1307,167],[388,1608,431],[388,3092,35],[388,3304,373],[388,3304,442],[388,3664,415],[388,3664,169],[389,1916,450],[389,2194,488],[389,3836,452],[390,239,210],[390,908,227],[390,908,361],[390,1127,422],[390,1127,486],[390,1127,318],[390,3945,405],[390,3945,320],[391,164,52],[391,164,420],[391,1575,90],[391,2696,410],[392,542,447],[392,1051,307],[392,1051,339],[392,1051,75],[393,2297,401],[393,2814,307],[393,2814,442],[394,531,480],[394,531,462],[394,721,260],[394,1657,279],[394,1657,397],[395,151,411],[395,1855,379],[395,2533,15],[395,2533,41],[395,2533,492],[395,3357,443],[395,3357,254],[395,3357,351],[396,2293,418],[396,2661,435],[396,2661,434],[396,2805,491],[397,764,338],[397,764,416],[397,987,450],[397,1907,447],[397,1913,492],[397,1913,187],[397,2270,489],[397,2270,293],[397,2270,448],[397,3339,343],[397,3339,468],[398,3067,433],[398,3067,204],[398,3342,476],[398,3471,324],[398,3667,66],[398,3991,477],[398,3991,484],[400,1628,192],[400,1628,73],[401,932,468],[401,932,403],[401,973,399],[401,973,418],[401,1606,451],[401,2138,424],[401,3106,476],[401,3106,275],[401,3106,139],[402,260,472],[402,260,419],[402,588,235],[402,2173,492],[402,2908,473],[403,106,448],[403,2883,180],[403,2883,170],[404,167,221],[404,1681,35],[404,1989,277],[405,1445,440],[405,2594,473],[405,2883,180],[405,2883,170],[406,1076,470],[406,1988,173],[406,3851,123],[407,622,67],[407,2545,81],[407,2545,141],[407,2545,490],[407,2545,272],[407,2545,164],[407,3407,438],[408,735,3],[408,735,460],[408,2174,14],[408,2174,222],[408,3725,15],[408,3725,6],[409,431,94],[409,590,269],[409,2099,70],[410,1965,490],[411,206,190],[411,206,410],[411,206,427],[411,477,423],[412,1103,62],[412,1103,471],[412,1409,404],[412,1409,421],[412,2053,414],[412,3107,414],[412,3107,338],[412,3128,470],[412,3128,418],[413,3412,90],[414,2878,471],[414,3874,61],[414,3874,459],[415,942,340],[415,942,446],[415,2616,337],[415,2616,419],[415,2896,473],[415,2896,8],[415,2896,283],[415,2896,88],[415,3346,420],[415,3346,491],[416,1162,442],[416,2106,437],[416,2176,461],[417,863,250],[417,1675,155],[417,1675,482],[417,1675,57],[417,3673,47],[417,3673,378],[418,1065,180],[418,1785,156],[418,2691,243],[418,2691,379],[419,358,375],[419,358,469],[419,580,158],[419,3231,451],[419,3231,50],[420,2759,49],[420,2942,453],[421,2212,128],[421,3602,426],[422,2073,232],[422,2073,494],[422,3637,481],[422,3983,473],[422,3983,100],[423,2718,208],[423,3317,446],[423,3424,410],[423,3424,289],[423,3424,483],[424,3975,245],[424,3975,273],[424,3975,350],[424,3975,416],[425,204,475],[425,3888,416],[426,206,190],[426,206,410],[426,206,427],[426,988,296],[426,988,431],[426,1088,350],[426,1088,109],[426,3902,315],[427,1169,460],[427,1175,474],[428,754,228],[428,2151,56],[428,2151,427],[428,3025,24],[429,1459,319],[429,1667,389],[429,3178,69],[429,3178,228],[429,3575,240],[430,228,493],[430,1757,291],[430,1757,382],[430,2664,474],[430,2664,482],[430,3116,316],[430,3116,351],[430,3116,59],[430,3229,99],[430,3229,103],[430,3229,475],[431,406,465],[431,3346,420],[431,3346,491],[432,297,49],[432,297,198],[432,297,427],[432,297,472],[432,2714,447],[432,2913,483],[432,3154,498],[432,3154,428],[433,609,374],[433,609,394],[433,933,349],[434,1195,207],[434,1195,491],[434,1970,472],[434,1970,482],[434,3169,467],[434,3169,329],[434,3803,377],[434,3803,439],[435,1901,33],[435,3186,363],[435,3747,41],[436,2831,116],[436,3289,231],[436,3289,376],[437,1,498],[437,2241,474],[437,2664,474],[437,2664,482],[437,3674,464],[438,265,352],[438,1283,387],[438,1691,354],[438,1691,14],[438,2982,250],[439,28,306],[439,368,359],[439,368,277],[439,3208,356],[440,1008,400],[440,1008,457],[440,1234,388],[440,1234,425],[440,1943,454],[440,1943,73],[440,2149,472],[441,1896,320],[441,1896,497],[441,1896,156],[442,757,447],[443,1015,324],[443,2590,178],[443,2652,95],[443,2652,81],[444,646,478],[444,2485,77],[444,2485,467],[444,2737,110],[444,2737,456],[444,2737,427],[445,237,394],[445,1708,473],[445,1708,133],[445,2171,458],[445,2375,264],[445,2375,346],[446,1574,364],[446,1590,475],[447,434,28],[448,2,238],[448,2,239],[448,117,38],[448,117,205],[448,2303,34],[448,3962,468],[449,8,253],[449,1753,271],[449,1753,330],[449,1753,351],[449,3452,148],[450,497,10],[450,1873,425],[450,1873,465],[451,1073,141],[451,1073,284],[451,1420,489],[451,2509,229],[451,2509,213],[452,817,469],[452,1130,496],[452,3756,473],[452,3756,402],[452,3756,184],[452,3756,360],[452,3992,473],[453,1432,456],[453,1529,162],[453,2487,488],[453,3377,432],[453,3377,491],[454,1190,270],[454,1190,450],[454,1993,240],[454,1993,457],[454,2616,337],[454,2616,419],[454,3016,472],[455,1157,184],[455,3115,369],[456,1546,478],[456,1546,496],[456,3821,469],[457,209,285],[457,209,56],[457,2101,257],[457,2885,483],[457,2885,375],[458,229,462],[458,731,161],[458,929,286],[458,929,93],[458,931,479],[459,12,431],[459,570,491],[459,2175,422],[459,2405,471],[459,3322,471],[460,220,356],[460,974,140],[460,2052,107],[460,2052,446],[461,1106,464],[461,1127,422],[461,1127,486],[461,1127,318],[461,2752,26],[461,2752,252],[461,2850,251],[462,1372,469],[462,1991,49],[464,626,484],[464,1817,63],[464,1817,25],[464,1817,368],[464,3840,116],[465,1507,475],[465,3024,106],[465,3024,467],[466,308,322],[466,3063,206],[466,3063,267],[467,1640,413],[467,1640,328],[467,1660,386],[467,1859,115],[468,440,355],[468,856,12],[469,1783,482],[469,2597,478],[469,2597,480],[470,196,176],[470,196,296],[470,783,265],[470,1211,315],[470,3871,179],[471,1936,459],[471,1936,339],[471,3204,343],[471,3204,236],[471,3637,481],[472,1555,216],[474,2844,265],[474,2844,172],[475,1626,478],[475,1626,495],[476,122,496],[476,3539,489],[477,2607,142],[478,103,220],[479,845,488],[479,845,438],[481,233,440],[481,233,442],[481,3381,494],[482,653,314],[482,876,160],[482,2705,251],[482,3246,124],[482,3246,377],[483,175,471],[483,233,440],[483,233,442],[483,2636,446],[484,1045,34],[484,1064,79],[484,1064,57],[485,125,263],[485,2302,273],[486,207,261],[486,1472,278],[486,1472,392],[487,2087,254],[487,2087,83],[487,2088,52],[487,3273,494],[487,3273,290],[487,3273,122],[488,1009,325],[488,1009,206],[489,1198,50],[489,2278,494],[490,2645,264],[491,895,109],[492,3975,245],[492,3975,273],[492,3975,350],[492,3975,416],[493,1210,424],[493,3420,484],[495,164,52],[495,164,420],[495,551,2],[495,1721,151],[495,1721,462],[496,490,105],[496,490,87],[497,636,271],[497,636,260],[497,1591,185],[497,1591,353],[497,1591,179],[497,3216,40],[497,3522,146],[497,3945,405],[497,3945,320],[498,1909,253],[498,2629,98],[498,2629,373],[498,2629,285],[498,3231,451],[498,3231,50],[499,1389,191],[499,1889,470],[499,2621,436],[499,2621,13],[499,3309,38],[499,3309,358],[500,552,434],[500,2221,479],[500,3627,170]];

jitters = [50000,2000,1000,20000,1000,10000,100000,2000,50000,1000,20000,20000,10000,1000,50000,10000,100000,2000,5000,20000,20000,100000,10000,20000,10000,10000,20000,20000,10000,100000,10000,10000,10000,100000,100000,100000,20000,10000,100000,10000,20000,100000,10000,100000,20000,100000,50000,10000,20000,10000,20000,100000,20000,10000,100000,10000,100000,2000,20000,20000,10000,2000,10000,50000,20000,10000,10000,10000,20000,1000,20000,100000,1000,10000,100000,10000,20000,20000,10000,100000,10000,10000,50000,50000,10000,100000,20000,100000,20000,10000,20000,5000,100000,20000,10000,10000,50000,100000,100000,10000,10000,100000,10000,20000,10000,10000,100000,20000,10000,10000,50000,10000,20000,10000,100000,20000,10000,20000,10000,20000,10000,50000,100000,10000,5000,10000,100000,20000,10000,50000,100000,20000,100000,10000,10000,10000,50000,50000,20000,20000,100000,10000,20000,10000,20000,20000,10000,20000,20000,100000,100000,20000,10000,20000,20000,20000,10000,100000,1000,20000,20000,20000,10000,20000,10000,20000,50000,1000,20000,100000,100000,10000,100000,100000,100000,10000,100000,20000,20000,50000,100000,10000,20000,100000,20000,20000,5000,10000,20000,1000,20000,100000,20000,20000,20000,20000,100000,10000,10000,10000,20000,20000,10000,100000,50000,20000,1000,20000,20000,50000,20000,100000,10000,100000,10000,100000,10000,10000,100000,20000,20000,10000,20000,10000,10000,5000,20000,2000,1000,10000,100000,20000,100000,10000,100000,50000,20000,100000,1000,100000,10000,10000,100000,50000,10000,100000,20000,10000,100000,100000,20000,20000,100000,100000,20000,20000,10000,10000,1000,2000,10000,10000,10000,10000,100000,20000,10000,20000,10000,10000,100000,1000,10000,20000,20000,100000,20000,100000,10000,10000,20000,10000,20000,5000,2000,10000,20000,10000,100000,10000,10000,20000,10000,100000,10000,100000,1000,10000,20000,20000,10000,20000,100000,5000,10000,100000,50000,20000,20000,100000,20000,2000,100000,20000,20000,10000,20000,50000,10000,2000,20000,20000,20000,10000,10000,10000,1000,10000,10000,20000,20000,20000,20000,10000,10000,10000,10000,20000,2000,10000,20000,20000,10000,10000,20000,20000,20000,20000,20000,10000,10000,10000,20000,20000,10000,10000,100000,50000,10000,10000,100000,20000,10000,10000,20000,10000,20000,100000,100000,100000,10000,10000,20000,20000,1000,20000,20000,20000,10000,100000,10000,10000,20000,100000,10000,100000,10000,10000,20000,10000,10000,100000,100000,10000,20000,10000,20000,20000,10000,20000,20000,20000,10000,10000,20000,100000,1000,1000,100000,10000,20000,5000,10000,5000,10000,100000,20000,20000,20000,10000,10000,20000,10000,20000,10000,100000,100000,2000,100000,10000,10000,100000,20000,10000,10000,100000,100000,1000,10000,2000,20000,100000,20000,10000,20000,10000,100000,20000,100000,20000,20000,20000,10000,2000,100000,10000,2000,10000,5000,100000,100000,10000,10000,100000,10000,20000,10000,20000,10000,100000,5000,2000,20000,100000,10000,20000,20000,10000,10000,10000,20000,10000,2000,100000,10000,100000,20000,10000,20000,10000,10000,20000,10000,20000,100000,20000,20000,100000,100000,50000];

