NumChains = 50;
NumResources = 3;
NumRunnablesInChains = 280;
MemoryBoundOnResource = 1048576;
UtilizationBoundOnResource = 100;

numberOfTasksinChain = [13,9,9,11,13,7,13,9,11,13,9,7,13,7,9,11,13,9,13,13,9,9,9,11,13,13,9,7,13,9,9,7,9,9,7,11,9,9,11,11,13,7,13,9,13,7,11,13,7,11];

runnablesInChains = [165,182,36,248,491,294,432,367,356,25,440,14,199,152,27,39,16,372,158,239,37,83,3,200,429,281,351,399,61,332,429,154,406,281,324,422,380,378,77,347,32,191,202,296,478,275,140,188,480,181,264,88,2,475,489,358,476,105,38,469,304,142,396,262,335,387,181,22,24,418,74,296,20,51,385,346,367,308,267,144,434,431,180,363,401,397,448,415,417,97,496,407,11,219,66,298,3,52,377,418,210,478,14,312,472,73,405,158,384,427,349,401,359,297,417,374,213,120,240,146,91,427,417,30,137,383,178,328,11,73,353,242,380,278,125,68,421,56,365,483,343,21,429,77,66,493,57,274,285,86,197,368,258,224,105,254,189,185,20,354,218,271,270,143,4,447,114,398,155,217,58,263,368,226,213,162,196,458,133,491,64,408,108,240,20,500,394,111,334,364,250,92,481,52,38,454,3,473,134,88,342,112,243,299,393,431,82,188,41,472,57,73,454,50,62,116,57,367,144,233,62,262,434,246,230,231,323,75,398,315,152,110,422,150,185,476,198,301,258,24,146,39,69,90,492,217,149,444,272,356,405,180,184,79,428,398,238,484,373,6,436,244,128,395,100,298,340,18,94,96,129,463,451,488,21,77,107,414,250,27];

ProcessingTimesOfMessages = [[1,1,1,1,1,1,1,1,1,1],[1,1,1,1,1,1,1,1,1,1,1,1],[1,1,1,1,1,1,1],[1,1,1,1,1,1,1,1,1,1,1],[1,1,1,1,1,1,1],[1,1,1,1,1,1,1,1,1,1,1],[1,1,1,1,1,1,1],[1,1,1,1,1,1,1,1,1],[1,1,1,1,1,1,1,1,1,1,1,1],[1,1,1,1,1,1,1,1,1,1,1],[1,1,2,1,1,1,1],[1,1,1,1,1,1,1,1],[1,1,1,1,1,1,1],[1,1,1,1,1,1],[1,1,1,1,1,1,1,1,1],[1,1,1,1,1,1,1,1],[1,1,1,1,1,1,1,1],[1,1,1,1,1,1,1,1],[1,1,1,1,1,1,1,1,1,1,1],[1,1,1,1,1,1,1,1],[1,1,1,1,1,1,2],[1,1,1,1],[1,1,1,1,1,2,1,1,1,1,1],[1,1,1,1,1,1,1],[1,1,1,1,1,1,1,1],[2,2,1,1,1,1,1],[1,1,1,1,1,1,1],[1,1,1,1,1,1,1,1],[1,1,1,1,1,1,1],[1,1,1],[1,1,1,1],[1,2,2,1,1],[1,1,1,1,1,1,1],[1,1,1,1,1,1,1],[1,1,1,1,1,1,1,1,1,1,1,1,1],[1,1,1,1,1,1,1,1,1,1,1],[1,1,1,1,1,1],[1,1,1,1,1,1],[1,1,1,1,1,1,1,1,1,1,1],[1,1,1,1,1,1,1,1,1,1,1],[1,1,1,1,1,1,1],[1,1,1,1,1],[1,1,1,1,1,1,1,1,1,1],[1,1,1,1,1,1,1],[1,1,1,1,1,1,1,1],[1,1,1],[1,1,1,1,1,1,1,1],[1,1,1,1,1,1,1,1,1,1],[1,1,1,1,1,1,1,1],[1,1,1,1,1,1,1,1],[1,1,1,1,1,1,1],[1,1,1,1,1,1,1],[1,1,1,1,1,1,2],[1,1,1,1],[1,1,1,1,1,1,1],[1,1,1,1,1,1,1],[1,1,1,1,1,1,1,1],[1,1,1,1,1,1],[1,1,1,1,1,1,1,1,1,1,1],[1,1,1,1,1,1],[1,1,1],[1,1,1],[1,1,1,1,1,1,1,1,1],[1,1,1,1,1,1,1,1,1],[1,1,1,1,1,1,1,1],[1,1,1,1,1,1,1,1],[1,1,1,1,1,1,1,1,1,1,1],[1,1,1,1,1,1,1,1,1],[1,1,1,1,1,1,1,1],[1,1,1,1,1,1,1,1,1,1],[1,1,1,1,1],[1,1,1,1,1,1,1,1,1,1,1],[1,1,1,1,1,1,1,1,1],[1,1,1,1,1,1,1,1],[1,1,1,1,1,1,1,1,1],[1,1,1,1,1,1],[1,1,1,1,1,1],[1,1,1,1,1,1,1,1],[1,1,1,1,1,1,1,1,1,1],[1,1,1,1,1,1,1,1],[1,1,1,1,1],[1,1,1,1,1,1,1,1,1,2,2],[1,1,1,1,1],[1,1,1,1,1,1,1,1,1,1,1],[1,1,1,1,1,1,1],[1,1,1,1,1],[1,1,1,1,1,1],[1,1,1,1,1,1,1],[1,1,1,1,1,1,1,1,1],[1,1,1,1,1,1,1,1],[1,1,1,1,1,1,1,1,1],[1,1,1,1,1,1,1,1,1,1],[1,1,1,1,1],[1,1,1,1,1,1,1,1,1],[1,1,1,1,1,1,1,1,1],[1,1,1,1,1,1,1,1,1,1,1],[1,1,1,1,1,1,1,1,1],[1,1,1,1,1,1,1,1],[1,1,1,1,1,1,1,1,1,1,1,1,1],[1,1,1,1,1,1,1],[1,1,1,1,1,1,1,1,1,1,1],[1,1,1,1,1,1,1,1,1],[1,1,1,1,1,1,1,1,1,1],[1,1,1,1,1,1,1,1,1,1],[1,1,1],[1,1,1,1,1],[1,1,1,1,1,1,1,1,1,1,1],[1,1,1,1,1,1,1,1,1,1,1,1],[1,1,1,1,1,1,1,1,1,1,1,1],[1,1,1],[1,1,1,1,1,1,1,1],[1,1,1,1,1,1],[1,1,1,1,1,1,1,1,1],[1,1,1],[1,1,1,1,1,1,1,1,1,1],[1,1,1,1,1,1],[1,1,1,1,1,1,1,1,1,1],[1,1,1,1],[1,1,1,1,1,1,1,1,1],[1,1,1,1,1,1,1],[1,1,1,1,1,1,1,1,1],[1,1,1,1,1,1],[1,1,1,1,1,1],[1,1,1,1],[1,1,1,1,1,1,1,1],[1,1,1,1,1],[1,1,1,1,1,1,1],[1,1,1,1,1],[1,1,1,1,1,1,1,1,1,1],[1,1],[1,1,1,1,1,1],[1,1,1,1,1],[1,1,1,1],[1,1,1,1,1,1],[1,1,1,1,1,1],[1,1,1,1,1,1,1],[1,1,1,1,1,1,1],[1,1,1,1,1,1,1,1,1],[1,1,1,1,1,1,1,1,1,1],[1,1,1,1,1,1,1,1,1,1,1],[1,1,1,1,1,1],[1,1,1,2,1,1,1],[1,1,1],[1,1,1,1,1,1,1,1,1],[1,1,1,1,1,1,1,1,1,1],[1,1,1,1,1,1,1,1],[1,1,1,1,1],[2,1,1,1,1,1,1,1,1,1],[1,1,1,1,1,1,1,1,1],[1,1,1,1,1,1,1],[1,1,1,1,1,1,1,1,1],[1,1,1,1,1,1],[1,1,1,1,1,1,1],[1,1,1,1,1,1,1,1,1,1],[1,1,1,1,1,1],[1,1,1,1,1,1,1,1],[1,1,1,1,2],[1,1,1,1,1],[1,1,1,1,1,1,1,1],[1,1,1,1,1,1,1,1,1],[1,1,1,1,1,1,1,1,1,1,1,1],[1,1,1],[1,1,1,1,1,1,1,1,1],[1,1,1,1,1,1,1],[1,1,1,1,1,1,1],[1,1,1,2],[1,1,1,1,1,1],[1,1,1,1,1,1,1,1,1,1],[1,1,1,1,1],[1,1,1,1,1,1,1],[1,1,1,1,1,1,1,1],[1,1,1,1,1,1,1,1,1,1],[1,1],[1,1,1,1,1,1,1],[1,1,1,1,1,1,1,1,1],[1,1,1,1,1,1,1,1,1,1,1],[1,1,1,1,1,1],[1,1,1,1,1,1,1],[1,1,1,1,1,1,1],[1,1,1,1,1,1,1,1,1],[1,1,1,1,1,1,1,1],[1,1,1,1,1,1],[1,1,1,1,1,1,1],[1,1,1,1],[1,1,1,1,1],[1,1,1,1,1,1,1],[1,1,1,1,1,1,1,1,1],[1,1,1,1,1,1,1,1],[1,1,1,1,1,1,1],[1,1,1,1,1,1,1,1],[1,1,1,1,1,1],[1,1,1,1,1,1,1],[1,1,1,1,1,1,1,1,1,1,1],[1,1,1,1,1,1,1],[1,1,1,1,1],[1,1,1],[1,1,1,1,1,1,1,1,1,1],[1,1,1,1,1],[1,1,1,1,1,1],[1,1,1,1,1,1],[1,1,1,1,1,1],[1,1,1,2,2,1,1,1],[1,1,1,1,1,1],[1,1,1,1,1,1,1,1,1,1],[1,1,1,1,1,1],[1,1,1,1],[1,1],[1,1,1],[1,1,1,1],[1,1,1,1,1,1],[1,1],[1,1,1,1,1,1,1],[1,1,1,1,1,1],[1,1,1],[1,1,1,1,1,1,1,1],[1,1,1,1,1,1,1,1,1,1,1,1],[1,1,1],[1,1,1,1,1,1,1,1,1,1,1,1,1],[1,1,1,1,1,1,1,1],[1,1,1,1,1,1,1],[1,1,1,1,1,1,1,1,1],[1,1,1,1,1,1,1,1,1],[1,1,1,1,1,1,1],[1,1,1,1,1,1,1],[1,1,1],[1,1,1,1],[1,1,1,1,1,1,1,1,1,1],[1,1,1,1,1,1],[1,1,1,1,1],[1,1],[1,1,1,1,1,1,1,1],[1,1,1,1,1],[1,1,1,1],[1,1,1,1],[1,1,1,1],[1,1,1,1,1],[1,1,1,1,1],[1,1,1,1,1],[1,1,1,1,2],[1,1,1,1,1],[1,1,1,1,1,1,1,1],[1,1,1,1,1],[1,1,1],[1,1,1,1,1],[1,1,1,1,1,1,1,1],[1,1,1,1,1],[1,1,1,1,1,1],[1,1,1,1,1,1,1],[1,1,1,1,1],[1,1,1,1,1,1],[1,1,1,1,1,1,1],[1,1,1,1,1,1,1,1,1,1,1,1,1,1],[1,1,1,1,1,1,1,1,1],[1,1,1,1,1,1,1,1],[1,1,1,1,1,1],[1,1,1],[1,1,1,1],[1,1,1,1,1,1],[1,1,1,1,1,1],[1,1,1],[1,1,1,2,2,1,1],[1,1,1,1,1,1,1],[1,1,1,1],[1,1,1,1,1,1],[1,1,1,1,1,1,1,1],[2,1],[1,1],[1,1,1,1,1,1,1,1,1,1,1],[1,1,1,1],[1,1,1,1,1,1],[1,1,1,1,1,1,1,1],[1,1,2,1,1,1,1,1],[1,1,1,1,1,1],[1,1,1,1],[1,1,1,1,1],[1,1,1,1],[1,1,1],[1,1,1,1],[1,1,1,1,1,1,1],[1,1,1,1,1,1],[1,1,1,1,1],[1,1,1,1,1,1,1,1,1,1,1],[1,1,1,1,1,1],[1,1,1,1,1,1,1,1,1],[1,1,1,1,1,1],[1,1,1,1,1,1,1],[1,1],[1,1,1,1,1,1],[1,1,1,1,1],[1,1,1,1,1],[1,1,1,1,1],[1,1],[1,1,1,1,1,1],[1,1,1,1,1,1,1,1],[1,1,1],[1,1,1,1,1],[1,1,1,1],[1,1,1,1,1,1,1,1],[1,1,1,1,1,1],[1,1,1,1],[1,1,1,1,1],[1,1,1,2,2],[1,1,1,1,1,1,1,1,1,1],[1,1,1],[1,1,1],[1,1,1,1,1,1],[1,1,1,1,1],[1,1],[1,1,1,2,2,1],[1,1],[1,1,1,1,1,1,1],[1,1,1,1,1,1],[1,1,1,1,1],[1,1,1,1,1,1,1],[1,1,1,1],[1,1,1],[1,1,1,1,1,1],[1,1,1],[1,1,1,1,1,1],[1,1,1,1,1,1],[1,1,1,1,1,1],[1,1,1,1,1,1,1,1,1],[1,1,1,1,1],[1,1,1,1,1,1,1],[1,1],[2,2,1,1,1],[1,1,1,1,1,1,1],[1,1,1,1,1,1],[1],[1,1,1],[2,1,1,1],[1,1,1,1],[1,1,1],[1,1,1,1,1,1,1],[1,1,1,1,1],[1,1,1],[1,1,1,1,1,1],[1],[1,1,1,1,1],[1,1,1],[1,1,1,1,1],[1,1,1],[1,1,1,1,1],[1,1,1,1,1,1,1,1,1,1],[1,1,1,1,1,1,1,1],[1,1,1,1,1,1,1,1],[1,1,1,1],[1,1,1],[1,1,1,1,1,1,1,1,1,1,1],[1,1,1,1],[1,1,1,1],[1,1,1,1,1,1],[1,1,1],[1,1,1],[1,1,1,1,1],[1,1,1,1],[1],[1,1,1],[1,1,1,1,1],[1,1,1,1,1,1],[1,1,1,1,1,1],[1,1],[1],[1,1],[1,1,1],[1,1,1],[1,1,1,1,1],[1,1,1,1,1],[1,1],[1,1,1,1,1,1,1,1,1],[1,1,1],[1,1,1,1,1,1,1,1],[1,1,1,1,1],[1,1,1],[1,1,1,1],[1,1,1,1,1,1],[1,1],[1,1,1,1,1,1],[1,1,1,1],[1,1,1,1,1,1,1],[1,1,1,1],[1,1,1,1,1,1],[1,1,1,1,1,1,1,1],[1],[1,1,1,1,1],[2,2,1,1,1],[1,1,1,1,1],[1,1,1,1,1,1,1],[1,1,1,1,1,1,1,1,1,1,1],[1],[1,1,1,1],[1,1,1,1,1,1,1,1,1,1],[1,1,1],[1,1],[1,1,1,1],[1,1,1,1,1],[1,1,1],[1,1,1],[1,1,1,1],[1,1,1,1,1,1,1,1],[1,1,1,1,1],[1,1,1],[1,1,1,1,1,1,1,1,1,1],[1,1],[1,1,1,1,1,2],[1,1,1],[1,1,1,1],[1,1,1,1,1],[1,1,1,1,1,1,1],[1,1,1,1],[1,1,1,1,1,1,1],[1,1,1,1,1,2],[1,1,1],[1,1,1],[1],[1,1],[1,1,1,1,1,1,1],[1,1,1],[1,1,1],[1],[1,1,1,1],[1,1,1,1,1,1,1],[1,1,1,1,1,1,1,1,1,1,1],[1,1,1],[1,1,1],[1,1,1,1,1,1,1],[1,1,1,1,1,1],[1,1,1,1,1,1,1],[2,1,1,1,1],[1,1,1,1,1,1],[1,1,1],[1,1,1,1],[],[1],[],[1,1,1,1],[1,1,1,1],[2,1,1,1],[1,1,1],[1,1],[1,1,1,1,1,1,1,1],[1,1],[1,2],[1,1,1,1,1,1],[1,1,1,1,1,1],[1,1,1],[1,1,1],[1,1,1,1,1,1,1,1],[1],[1,1,1,1],[1,1,1,1],[1,1,1,1,1],[1],[1,1,1,1],[1,1],[1,1,1],[1,1,1,1,1],[1,1,1,1,1,1,1,1,1],[],[1,1,1],[1,1,1,1],[1,1],[1,1,1,1,1],[1,1],[1,1],[1],[1,1],[1,1,1],[1,1,1,1,1],[1,1,1,1,1,1,1,1,1,1,1],[1,1],[1,1,1],[1,1,1,1,1],[1],[1,1],[1,1],[],[1],[1,1,1,1,1,1,1],[1],[1],[1,1],[1,1,1,1],[1],[1,1,1,1],[1,1,1,1,1,1],[1],[1],[1,1],[],[1,1],[1],[1,1,1,1,1,1],[1,1,1,1],[1,1],[1,1,1,1],[],[1],[1,2,2],[1,1,1,1]];

processingTimesRunnables = [6,11,15,13,11,10,16,12,13,12,10,12,11,15,9,10,13,13,13,4,11,12,13,9,8,13,10,11,10,11,8,12,14,13,15,10,12,16,11,6,13,11,9,12,11,12,15,11,12,16,6,13,5,12,11,13,9,12,9,8,16,10,12,10,10,12,9,12,9,7,12,7,12,14,12,10,13,13,6,8,7,13,5,5,9,5,11,6,12,11,16,12,11,13,13,11,12,13,11,8,16,12,8,16,11,13,13,12,5,12,16,10,13,16,13,11,14,12,12,10,15,11,11,16,12,9,11,9,8,6,16,5,13,10,13,6,5,8,10,12,13,8,8,16,13,13,12,6,13,9,13,8,5,4,14,10,9,12,9,17,8,13,12,17,13,6,15,4,6,14,9,16,11,11,11,12,14,15,13,13,11,9,16,11,13,13,8,16,13,12,9,11,13,10,11,11,10,13,15,6,13,13,12,7,11,13,13,4,14,9,9,12,5,10,13,5,16,11,8,12,14,6,6,13,12,13,10,13,11,10,13,14,8,12,14,13,13,12,14,12,15,15,13,12,9,13,12,13,12,12,7,13,12,6,10,15,6,7,13,11,5,16,10,8,13,13,5,11,9,11,14,12,5,5,9,9,13,12,15,4,12,16,9,9,6,13,10,13,10,13,7,6,13,11,14,11,12,12,12,13,11,12,11,13,10,14,11,8,10,12,13,11,9,6,11,7,5,15,11,16,11,13,8,10,5,6,13,5,11,11,10,16,15,7,13,8,5,13,10,9,11,10,10,10,13,5,15,10,12,11,8,11,9,13,11,6,11,8,7,14,13,13,13,11,13,7,11,16,6,10,5,12,13,6,10,14,9,11,16,12,11,10,12,10,10,6,11,16,10,9,11,11,12,6,7,12,9,13,9,8,13,13,11,14,10,5,5,7,6,6,10,11,9,6,13,12,6,11,14,9,8,12,7,8,6,14,12,13,14,16,7,9,13,9,7,12,11,13,11,12,8,11,16,5,14,5,8,7,8,16,11,13,11,10,12,17,7,8,12,15,10,13,6,12,14,8,15,12,11,13,13,5,8,10,10,14,11,16,7,15,7,13,12,13,7,10,12,11,15,12,6,7,11,12,12,10,13,13,15,11];

periods = [100000,100000,10000,5000,10000,2000,10000,100000,20000,100000,10000,100000,20000,10000,20000,20000,20000,10000,20000,100000,20000,10000,100000,100000,10000,20000,20000,100000,20000,1000,100000,20000,10000,100000,20000,100000,10000,100000,20000,20000,10000,20000,10000,10000,100000,20000,10000,20000,10000,10000,100000,100000,20000,20000,100000,20000,10000,20000,10000,10000,20000,10000,20000,100000,100000,10000,5000,20000,20000,10000,100000,20000,10000,100000,20000,20000,20000,20000,20000,20000,20000,10000,10000,100000,20000,10000,2000,10000,10000,20000,100000,100000,5000,10000,20000,10000,1000,100000,20000,10000,20000,1000,10000,10000,100000,100000,20000,100000,100000,20000,20000,10000,100000,5000,10000,10000,100000,100000,5000,100000,10000,20000,20000,10000,20000,100000,50000,2000,100000,20000,100000,20000,100000,10000,10000,20000,1000,20000,2000,10000,100000,10000,5000,10000,20000,100000,10000,10000,10000,20000,50000,20000,20000,20000,20000,20000,100000,10000,20000,2000,20000,100000,10000,10000,100000,20000,50000,10000,10000,2000,2000,20000,10000,100000,20000,20000,20000,10000,10000,10000,10000,100000,10000,10000,100000,20000,2000,10000,100000,5000,100000,10000,100000,20000,100000,100000,10000,100000,20000,20000,100000,100000,10000,50000,20000,100000,10000,20000,20000,100000,100000,10000,100000,20000,20000,10000,20000,5000,10000,20000,20000,20000,10000,100000,10000,100000,20000,20000,100000,20000,20000,20000,10000,100000,5000,20000,20000,20000,10000,100000,100000,20000,10000,2000,20000,20000,50000,100000,10000,20000,50000,20000,20000,100000,20000,100000,20000,100000,20000,20000,50000,10000,20000,10000,1000,100000,10000,10000,100000,5000,5000,10000,20000,10000,100000,100000,20000,20000,20000,20000,20000,20000,50000,100000,10000,10000,20000,10000,20000,20000,100000,20000,100000,100000,2000,100000,1000,10000,10000,50000,100000,20000,10000,10000,20000,20000,100000,10000,10000,100000,10000,10000,20000,20000,20000,20000,20000,20000,20000,20000,20000,10000,20000,20000,20000,20000,100000,10000,10000,100000,100000,20000,100000,20000,10000,20000,20000,20000,20000,10000,10000,10000,20000,20000,20000,10000,20000,10000,1000,1000,20000,10000,10000,100000,100000,10000,10000,100000,1000,10000,20000,20000,10000,20000,20000,10000,10000,100000,20000,100000,10000,10000,2000,1000,10000,10000,100000,20000,10000,20000,20000,10000,1000,10000,100000,10000,10000,20000,10000,10000,20000,20000,10000,20000,10000,10000,1000,20000,20000,50000,1000,20000,20000,20000,10000,20000,10000,100000,20000,100000,10000,20000,20000,20000,1000,20000,1000,100000,100000,100000,20000,20000,2000,10000,10000,20000,1000,20000,20000,100000,10000,100000,100000,10000,50000,2000,10000,100000,20000,10000,20000,20000,20000,10000,10000,20000,5000,1000,20000,100000,100000,10000,20000,10000,20000,5000,2000,100000,10000,20000,5000,20000,100000,50000,20000,10000,20000,100000,10000,100000,20000,10000,10000,20000,100000,100000,20000,100000,10000,10000,100000,20000,20000,2000,10000,10000,20000,100000,100000,10000,100000,20000,10000,2000,10000,10000,20000,50000,20000,100000];

communicationTimeForOrderCriticalMessages = [1,1,1,1,1,1,1,1,1,1,1,1,1,1,1,1,1,1,1,1,2,1,1,1,1,1,1,1,1,1,1,1,1,1,1,1,1,1,1,1,1,1,1,1,1,1,1,1,1,1,1,1,1,1,1,1,1,1,1,1,1,1,1,1,1,1,1,1,1,1,1,1,1,1,1,1,1,1,1,1,1,1,1,1,1,1,1,1,2,1,1,1,1,1,1,1,1,1,1,1,1,1,1,1,1,1,1,1,1,1,1,1,1,1,1,1,1,1,1,1,1,1,1,1,1,1,1,1,1,1,1,1,1,1,1,1,1,1,1,1,1,1,1,1,1,1,1,1,1,1,1,1,1,1,1,1,1,1,1,1,1,1,1,1,1,1,1,1,1,1,1,1,1,1,1,1,1,1,1,1,1,1,1,1,1,1,1,1,1,1,1,1,1,1,1,1,1,1,1,1,1,1,1,1,1,1,1,1,1,1,1,1,1,1,1,1,1,1,1,1,1,1,1,1,1,1,1,1,1,1];

sizeOfRunnables = [588,1020,1433,1225,1090,998,1600,1125,1300,1113,943,1163,1023,1430,890,998,1270,1260,1263,375,1020,1118,1298,855,783,1253,978,1058,955,1028,730,1193,1308,1283,1453,970,1183,1563,1080,503,1248,1058,873,1120,1020,1110,1410,1080,1105,1513,565,1290,453,1155,1060,1233,803,1113,845,758,1518,990,1113,953,985,1103,813,1128,813,685,1163,645,1103,1313,1103,1000,1248,1293,538,718,683,1208,488,453,845,428,1075,528,1163,1090,1560,1128,1038,1278,1253,1058,1170,1230,1073,715,1583,1128,713,1513,1028,1253,1290,1148,465,1133,1508,945,1300,1528,1263,1045,1305,1173,1113,990,1420,1060,1030,1578,1145,880,1005,850,705,533,1595,420,1233,940,1255,540,488,750,940,1125,1280,723,780,1540,1210,1235,1173,525,1238,890,1298,705,435,398,1305,938,890,1103,885,1605,760,1280,1125,1605,1225,585,1453,375,573,1350,813,1528,1075,1068,1098,1105,1345,1448,1240,1238,1008,895,1588,1015,1285,1263,753,1535,1298,1150,820,1038,1258,903,1050,1023,963,1235,1465,543,1215,1203,1128,618,1075,1215,1263,385,1308,895,845,1163,490,945,1203,498,1588,1015,705,1200,1350,570,588,1275,1183,1270,990,1253,1023,953,1243,1393,735,1188,1383,1223,1275,1155,1373,1105,1480,1470,1248,1200,878,1268,1133,1290,1165,1133,678,1210,1133,565,948,1433,523,690,1248,1053,498,1513,953,755,1210,1230,480,1043,818,1095,1388,1180,458,483,850,900,1298,1200,1485,393,1135,1550,803,868,533,1268,910,1293,953,1278,603,600,1230,1068,1305,1043,1133,1105,1150,1225,1008,1103,1043,1270,963,1318,1058,798,903,1198,1293,1095,840,503,1008,608,475,1495,1045,1573,1013,1238,768,990,453,535,1260,423,1008,1030,933,1583,1425,635,1300,768,415,1210,945,848,1100,1000,938,1000,1298,495,1410,930,1108,1038,760,1038,818,1285,1073,565,1083,780,640,1335,1278,1238,1245,1090,1268,648,1045,1568,548,910,453,1125,1203,533,953,1368,893,1058,1593,1188,1068,970,1158,910,940,540,1068,1600,993,858,1045,1098,1143,510,698,1145,900,1210,840,738,1225,1290,1088,1373,963,500,475,663,593,533,993,1058,870,538,1210,1183,588,1050,1345,833,780,1143,608,738,543,1305,1105,1238,1335,1593,633,850,1285,818,608,1188,1083,1290,1020,1103,768,1038,1560,413,1345,473,743,608,760,1540,1025,1225,1075,955,1200,1610,678,745,1133,1475,943,1215,520,1135,1305,798,1485,1150,1015,1248,1248,480,765,960,955,1323,1060,1563,653,1448,640,1268,1185,1255,630,960,1193,1015,1425,1128,513,625,1023,1155,1148,990,1263,1278,1495,1038];

SenderLabelReceiverOrderCriticalChains = [[165,878,0,0,182],[182,2640,0,0,36],[36,1812,0,0,248],[248,1013,0,0,491],[491,2291,0,0,294],[294,3002,0,0,432],[367,2565,0,0,356],[356,2724,0,0,25],[25,2692,0,0,440],[440,2846,0,0,14],[199,3616,0,0,152],[152,236,0,0,27],[27,225,0,0,39],[39,211,0,0,16],[372,284,0,0,158],[158,3304,0,0,239],[239,386,0,0,37],[37,3416,0,0,83],[83,2328,0,0,3],[200,160,0,0,429],[429,1408,0,0,281],[281,1749,0,0,351],[351,3658,0,0,399],[399,2887,0,0,61],[61,3486,0,0,332],[429,2973,0,0,154],[154,891,0,0,406],[406,1747,0,0,281],[324,503,0,0,422],[422,693,0,0,380],[380,3456,0,0,378],[378,1557,0,0,77],[77,805,0,0,347],[347,2674,0,0,32],[191,1139,0,0,202],[202,3619,0,0,296],[296,1125,0,0,478],[478,3228,0,0,275],[140,437,0,0,188],[188,40,0,0,480],[480,2304,0,0,181],[181,2385,0,0,264],[264,797,0,0,88],[2,1415,0,0,475],[475,1789,0,0,489],[489,3988,0,0,358],[358,3027,0,0,476],[476,1191,0,0,105],[105,3831,0,0,38],[469,930,0,0,304],[304,1028,0,0,142],[142,3072,0,0,396],[396,2307,0,0,262],[335,59,0,0,387],[387,1598,0,0,181],[181,1629,0,0,22],[24,2240,0,0,418],[418,3715,0,0,74],[74,647,0,0,296],[296,97,0,0,20],[20,3865,0,0,51],[51,1474,0,0,385],[346,479,0,0,367],[367,3943,0,0,308],[308,2793,0,0,267],[144,3291,0,0,434],[434,1575,0,0,431],[431,2823,0,0,180],[180,14,0,0,363],[401,2238,0,0,397],[397,1332,0,0,448],[448,3324,0,0,415],[415,546,0,0,417],[417,1048,0,0,97],[496,2821,0,0,407],[407,242,0,0,11],[11,3054,0,0,219],[219,3910,0,0,66],[66,2756,0,0,298],[298,3874,0,0,3],[52,1891,0,0,377],[377,3915,0,0,418],[418,3657,0,0,210],[210,700,0,0,478],[14,2583,0,0,312],[312,42,0,0,472],[472,719,0,0,73],[73,2023,0,0,405],[405,3499,0,0,158],[158,999,0,0,384],[427,185,0,0,349],[349,214,0,0,401],[401,990,0,0,359],[359,2398,0,0,297],[297,3994,0,0,417],[417,3307,0,0,374],[213,1204,0,0,120],[120,2862,0,0,240],[240,1042,0,0,146],[146,2100,0,0,91],[427,122,0,0,417],[417,829,0,0,30],[30,1946,0,0,137],[137,206,0,0,383],[178,3393,0,0,328],[328,343,0,0,11],[11,1926,0,0,73],[73,2787,0,0,353],[242,1757,0,0,380],[380,407,0,0,278],[278,601,3453,0,125],[125,1529,0,0,68],[68,1617,0,0,421],[56,2504,0,0,365],[365,1612,0,0,483],[483,3674,0,0,343],[343,3450,0,0,21],[21,2670,0,0,429],[429,2148,0,0,77],[66,2630,0,0,493],[493,3897,0,0,57],[57,3969,0,0,274],[274,970,0,0,285],[285,3,0,0,86],[86,2360,0,0,197],[368,136,0,0,258],[258,739,0,0,224],[224,303,0,0,105],[105,1702,0,0,254],[189,1726,0,0,185],[185,2063,0,0,20],[20,437,0,0,354],[218,3152,3843,0,271],[271,309,0,0,270],[270,2710,0,0,143],[143,1333,2912,0,4],[4,1237,0,0,447],[447,124,0,0,114],[398,2868,0,0,155],[155,2328,0,0,217],[217,162,0,0,58],[58,2273,0,0,263],[368,828,0,0,226],[226,1263,0,0,213],[213,3622,0,0,162],[162,846,0,0,196],[458,998,0,0,133],[133,825,0,0,491],[491,3406,0,0,64],[408,450,0,0,108],[108,1163,0,0,240],[240,435,0,0,20],[20,2611,0,0,500],[394,1044,0,0,111],[111,1597,0,0,334],[334,940,0,0,364],[364,2031,0,0,250],[92,3702,0,0,481],[481,3649,0,0,52],[52,1237,0,0,38],[454,1220,0,0,3],[3,113,0,0,473],[473,3810,0,0,134],[134,1145,0,0,88],[88,524,0,0,342],[112,240,0,0,243],[243,3223,0,0,299],[299,3156,0,0,393],[393,803,0,0,431],[82,929,0,0,188],[188,1826,0,0,41],[41,42,473,0,472],[472,1402,0,0,57],[73,2678,0,0,454],[454,3241,0,0,50],[50,692,0,0,62],[62,2721,0,0,116],[116,139,0,0,57],[367,2860,0,0,144],[144,1293,0,0,233],[233,371,0,0,62],[62,436,0,0,262],[262,2445,0,0,434],[246,1603,0,0,230],[230,277,0,0,231],[231,1773,0,0,323],[323,29,0,0,75],[75,1073,0,0,398],[398,725,0,0,315],[152,729,0,0,110],[110,2839,0,0,422],[422,2409,0,0,150],[185,2118,0,0,476],[476,3978,0,0,198],[198,2436,0,0,301],[301,1474,0,0,258],[258,169,0,0,24],[24,3646,0,0,146],[39,2421,0,0,69],[69,1479,0,0,90],[90,2653,0,0,492],[492,3557,0,0,217],[149,563,0,0,444],[444,2309,0,0,272],[272,2956,0,0,356],[356,496,0,0,405],[405,2530,0,0,180],[180,1013,0,0,184],[79,2698,0,0,428],[428,172,0,0,398],[398,1685,0,0,238],[484,3132,0,0,373],[373,3547,0,0,6],[6,1542,0,0,436],[436,3952,0,0,244],[244,1201,0,0,128],[395,415,0,0,100],[100,3684,0,0,298],[298,3340,0,0,340],[340,1770,0,0,18],[18,2671,0,0,94],[94,183,0,0,96],[129,544,0,0,463],[463,2871,0,0,451],[451,1212,0,0,488],[21,3669,0,0,77],[77,2040,0,0,107],[107,3736,0,0,414],[414,2486,0,0,250],[250,3680,0,0,27]];

SenderLabelReceiverNonOrderCriticalChains = [[1,53,397],[1,139,57],[1,139,239],[1,139,337],[1,139,476],[1,1201,128],[1,1201,287],[1,2134,2],[1,2180,162],[1,2541,462],[2,137,8],[2,137,439],[2,901,454],[2,901,350],[2,920,121],[2,1345,274],[2,1345,474],[2,1345,240],[2,1415,475],[2,1415,480],[2,1472,307],[2,2525,323],[3,113,201],[3,113,473],[3,312,5],[3,312,335],[3,1879,288],[3,1879,137],[3,2820,355],[4,660,119],[4,820,440],[4,1237,38],[4,1237,364],[4,1237,447],[4,1333,143],[4,1931,123],[4,1931,67],[4,2371,382],[4,2371,118],[4,3828,456],[5,322,7],[5,1332,53],[5,1332,448],[5,2085,454],[5,2307,244],[5,2307,262],[5,2608,329],[6,794,171],[6,794,108],[6,859,382],[6,859,460],[6,859,231],[6,1542,465],[6,1542,341],[6,1542,436],[6,2202,87],[6,3628,457],[6,3692,351],[7,1662,11],[7,1819,329],[7,2173,83],[7,2587,342],[7,2587,459],[7,2587,473],[7,3000,466],[8,865,418],[8,865,496],[8,930,304],[8,930,20],[8,2113,106],[8,2132,464],[8,3640,92],[8,3640,37],[8,3640,230],[9,475,433],[9,1137,352],[9,1137,133],[9,1314,245],[9,1314,49],[9,1908,136],[9,1908,153],[9,1908,212],[9,2058,13],[9,2822,215],[9,3263,418],[9,3421,371],[10,1542,465],[10,1542,341],[10,1542,436],[10,2027,191],[10,2027,114],[10,3279,465],[10,3338,28],[10,3379,234],[10,3379,141],[10,3476,113],[10,3476,397],[11,1048,97],[11,1048,429],[11,1875,22],[11,1926,73],[11,2011,331],[11,2011,95],[11,3054,219],[12,126,270],[12,126,452],[12,346,129],[12,346,499],[12,365,193],[12,1024,185],[12,1508,31],[12,3901,216],[13,414,15],[13,1086,175],[13,2036,220],[13,2036,359],[13,2568,27],[13,3091,292],[13,3270,162],[14,147,18],[14,1585,58],[14,1973,205],[14,2583,316],[14,2583,312],[14,3200,308],[15,611,277],[15,611,326],[15,1565,390],[15,2015,287],[15,2015,296],[15,2931,479],[15,3481,220],[15,3810,17],[15,3810,134],[16,101,153],[16,101,173],[16,847,215],[16,847,356],[16,1167,492],[16,2024,17],[16,2137,399],[16,2880,209],[17,283,338],[17,283,177],[17,636,274],[17,636,26],[17,1114,263],[17,1114,372],[17,2205,27],[17,3094,81],[18,1246,203],[18,1527,184],[18,1527,489],[18,2671,94],[18,2999,283],[18,2999,33],[18,3039,341],[18,3039,449],[19,1510,321],[19,1934,14],[19,1934,484],[19,2680,21],[19,2680,138],[19,2680,266],[19,2836,384],[19,2836,292],[19,2836,243],[19,3379,234],[19,3379,141],[20,437,316],[20,437,475],[20,437,354],[20,437,188],[20,1900,23],[20,2611,500],[20,3865,51],[20,3865,144],[21,1046,26],[21,1226,327],[21,1548,174],[21,1548,425],[21,2670,429],[21,3669,77],[21,3739,492],[22,537,74],[22,1411,98],[22,2610,34],[22,2866,25],[23,177,131],[23,398,106],[23,398,294],[23,1154,237],[23,1154,484],[23,1211,28],[23,2509,165],[23,2509,404],[23,3307,374],[23,3307,31],[23,3307,135],[24,4,164],[24,142,31],[24,1839,206],[24,2037,358],[24,2240,418],[24,3646,146],[24,3933,81],[25,524,197],[25,524,342],[25,528,459],[25,1319,398],[25,1727,44],[25,1727,58],[25,2692,440],[25,2692,382],[26,182,235],[26,182,472],[26,324,32],[26,324,130],[26,498,463],[26,872,122],[26,2468,245],[27,212,202],[27,225,480],[27,225,39],[27,1347,437],[27,1347,287],[27,3799,29],[27,3799,136],[28,253,33],[28,1727,44],[28,1727,58],[28,1784,418],[28,1816,179],[28,1816,478],[28,2028,368],[28,3664,224],[29,998,351],[29,998,133],[29,1063,56],[29,1589,54],[29,3758,225],[29,3758,315],[29,3957,234],[30,1290,350],[30,1946,137],[30,3856,415],[31,1128,307],[31,1128,195],[31,2512,427],[31,3663,34],[32,1003,130],[32,1851,497],[32,1851,63],[32,2583,316],[32,2583,312],[33,150,434],[33,762,163],[33,762,62],[33,1287,279],[33,2367,239],[33,2389,83],[33,3639,360],[34,481,420],[34,481,452],[34,840,32],[34,1750,263],[34,1750,71],[34,2666,163],[34,3677,229],[35,54,156],[35,613,287],[35,613,386],[35,721,498],[35,1000,320],[35,1363,42],[35,1363,416],[35,1931,123],[35,1931,67],[35,2322,280],[35,3043,438],[35,3043,42],[35,3043,166],[36,620,131],[36,620,233],[36,1752,105],[36,1812,248],[36,2257,215],[36,2257,468],[36,2257,201],[36,2813,293],[36,3246,218],[36,3246,206],[36,3394,278],[37,1943,465],[37,2876,62],[37,3044,281],[37,3416,83],[37,3652,357],[37,3652,379],[38,989,45],[38,1466,289],[38,1626,274],[38,1626,248],[38,2408,447],[38,3469,185],[39,124,114],[39,124,436],[39,124,421],[39,211,325],[39,211,16],[39,1563,54],[39,1563,325],[39,1563,458],[39,2047,158],[39,2421,69],[39,3500,305],[40,77,30],[40,244,48],[40,244,156],[40,1345,274],[40,1345,474],[40,1345,240],[40,2344,277],[40,3307,374],[40,3307,31],[40,3307,135],[40,3383,446],[41,225,480],[41,225,39],[41,473,472],[41,789,44],[41,1620,499],[41,3759,363],[41,3759,406],[42,1025,48],[42,1724,485],[42,1724,279],[42,2214,75],[42,2767,466],[43,134,486],[43,443,86],[43,443,95],[43,2177,62],[43,2603,360],[43,2603,184],[43,2603,470],[43,3182,80],[43,3182,217],[43,3182,476],[44,1387,404],[44,1387,45],[44,2325,107],[44,3587,419],[44,3587,482],[44,3641,60],[44,3641,282],[45,59,55],[45,59,387],[45,543,185],[45,543,368],[45,750,443],[45,750,481],[45,1203,419],[45,3713,366],[46,2563,280],[46,3114,460],[46,3722,200],[47,1249,164],[47,1523,49],[47,1905,358],[47,2148,77],[47,2148,478],[47,2148,485],[47,3309,495],[47,3522,53],[48,206,246],[48,206,383],[48,206,159],[48,206,305],[48,1311,357],[48,1311,111],[48,1913,319],[48,1913,477],[48,2271,366],[48,2827,61],[49,334,207],[49,334,468],[49,1274,211],[49,1274,86],[49,1421,300],[49,3809,308],[49,3865,51],[49,3865,144],[50,5,413],[50,305,60],[50,305,328],[50,692,62],[50,2873,123],[50,2873,103],[50,3334,205],[50,3334,176],[51,1165,186],[51,1474,174],[51,1474,258],[51,1474,385],[51,1802,52],[51,3562,113],[51,3918,213],[52,1237,38],[52,1237,364],[52,1237,447],[52,1891,377],[52,2430,206],[52,3266,47],[52,3871,93],[53,419,145],[53,419,457],[53,2068,54],[53,2515,170],[53,2515,302],[53,2515,438],[53,3071,421],[54,1783,208],[54,1861,81],[54,2273,263],[54,2273,339],[55,472,65],[55,769,37],[55,971,105],[55,971,488],[55,3088,435],[55,3088,459],[55,3299,152],[56,1513,61],[56,1610,63],[56,2504,365],[56,2504,463],[56,2616,435],[56,3223,299],[56,3223,58],[57,1533,490],[57,2311,12],[57,3505,96],[57,3505,143],[57,3878,329],[57,3878,491],[57,3969,32],[57,3969,274],[58,623,159],[58,714,31],[58,2273,263],[58,2273,339],[58,3195,61],[58,3195,227],[59,351,164],[59,762,163],[59,762,62],[59,1651,484],[59,1750,263],[59,1750,71],[59,1766,116],[59,2729,367],[59,2842,70],[59,3803,375],[59,3803,322],[60,333,19],[60,333,331],[60,451,357],[60,1458,443],[60,1845,409],[60,1970,134],[61,89,63],[61,2904,467],[61,3486,332],[62,436,262],[62,2721,116],[62,3507,66],[63,1387,404],[63,1387,45],[63,2313,118],[63,2587,342],[63,2587,459],[63,2587,473],[63,2713,478],[63,2713,132],[63,2713,428],[64,30,368],[64,1067,418],[64,1067,90],[64,1299,54],[64,1351,266],[64,1857,433],[64,3674,343],[64,3674,80],[64,3674,447],[65,863,131],[65,1186,468],[65,1437,229],[65,1437,196],[65,1437,261],[65,1809,348],[65,1809,122],[65,2305,91],[66,894,110],[66,2630,493],[66,2756,298],[66,3468,100],[66,3468,316],[66,3569,173],[66,3570,182],[66,3570,371],[67,728,143],[67,994,235],[67,994,368],[67,1726,185],[67,1726,93],[67,2207,486],[67,2294,118],[67,2294,456],[67,3246,218],[67,3246,206],[67,3261,8],[68,607,174],[68,607,132],[68,996,147],[68,1617,130],[68,1617,421],[68,2122,170],[68,2122,229],[68,3508,332],[68,3876,78],[69,435,20],[69,435,85],[69,871,345],[69,1479,90],[69,1629,340],[69,1629,22],[69,2562,223],[69,3494,325],[70,258,431],[70,443,86],[70,443,95],[70,487,357],[70,859,382],[70,859,460],[70,859,231],[70,1549,46],[70,2461,78],[70,3029,351],[71,391,133],[71,1364,83],[71,2114,310],[71,2114,490],[71,3345,256],[72,303,105],[72,303,225],[72,303,257],[72,625,467],[72,767,110],[72,2566,409],[72,2680,21],[72,2680,138],[72,2680,266],[72,3211,305],[72,3219,128],[73,892,82],[73,892,480],[73,2023,449],[73,2023,405],[73,2678,454],[73,2787,353],[73,2787,449],[73,2787,413],[73,3363,23],[74,647,296],[74,1491,141],[74,2900,189],[74,3009,226],[74,3303,130],[74,3310,162],[74,3310,479],[74,3310,421],[75,1043,76],[75,1043,297],[75,1073,398],[75,1073,457],[75,2041,469],[75,2160,261],[75,3182,80],[75,3182,217],[75,3182,476],[76,1683,466],[76,1683,399],[76,1717,112],[76,2348,443],[76,2348,287],[76,3899,467],[77,805,347],[77,805,489],[77,2040,107],[77,3587,419],[77,3587,482],[77,3751,99],[78,1345,274],[78,1345,474],[78,1345,240],[78,3208,391],[78,3501,331],[78,3501,320],[78,3551,334],[78,3615,43],[79,603,277],[79,603,399],[79,816,435],[79,1706,347],[79,2698,428],[79,2740,338],[79,2740,330],[79,2977,125],[79,3137,80],[79,3137,313],[80,23,236],[80,2356,449],[80,2356,497],[80,2574,112],[80,3758,225],[80,3758,315],[80,3980,319],[80,3980,337],[81,593,101],[81,593,261],[81,1164,265],[81,2873,123],[81,2873,103],[82,266,225],[82,929,188],[82,1263,173],[82,1263,213],[82,1503,168],[82,2619,171],[82,3043,438],[82,3043,42],[82,3043,166],[82,3725,17],[82,3725,462],[83,694,55],[83,2229,432],[83,2229,169],[83,2328,217],[83,2328,3],[84,244,48],[84,244,156],[84,1020,42],[84,1067,418],[84,1067,90],[84,1925,300],[84,1925,317],[84,2294,118],[84,2294,456],[84,3968,353],[84,3968,292],[85,128,209],[85,128,414],[85,556,363],[85,582,477],[85,681,471],[85,1261,110],[85,3767,246],[86,624,419],[86,1856,94],[86,2360,197],[86,3682,192],[86,3682,247],[87,321,295],[87,321,297],[87,715,40],[87,2330,217],[87,2363,128],[87,3822,128],[88,87,90],[88,524,197],[88,524,342],[88,1002,335],[88,3240,110],[88,3240,133],[88,3240,239],[89,115,118],[89,115,266],[89,220,333],[89,220,381],[89,220,407],[89,1684,362],[89,1684,243],[89,1687,104],[89,2035,393],[90,545,338],[90,1809,348],[90,1809,122],[90,2396,389],[90,2396,255],[90,2396,491],[90,2653,492],[90,3489,402],[91,994,235],[91,994,368],[91,1148,491],[91,1435,212],[91,1435,313],[91,1435,95],[91,3002,113],[91,3002,432],[91,3721,414],[92,75,410],[92,115,118],[92,115,266],[92,1816,179],[92,1816,478],[92,2885,488],[92,3702,326],[92,3702,481],[92,3969,32],[92,3969,274],[93,612,190],[93,1518,235],[93,1893,456],[93,3505,96],[93,3505,143],[94,183,96],[94,1564,244],[94,1564,140],[94,1564,451],[94,1879,288],[94,1879,137],[94,2053,466],[94,3313,309],[94,3577,328],[95,188,341],[95,188,367],[95,378,290],[95,378,125],[95,413,154],[95,2823,337],[95,2823,180],[95,3792,187],[95,3792,325],[96,220,333],[96,220,381],[96,220,407],[96,795,29],[96,795,71],[96,795,194],[96,795,264],[96,795,235],[96,2253,262],[96,3484,233],[96,3484,312],[97,1358,334],[97,1358,137],[97,1358,297],[97,1703,102],[97,1703,344],[97,1703,474],[97,3426,51],[97,3550,72],[97,3596,265],[98,841,303],[98,941,117],[98,941,247],[98,941,243],[98,2190,382],[98,2746,385],[98,3964,269],[98,3977,188],[99,206,246],[99,206,383],[99,206,159],[99,206,305],[99,369,120],[99,369,397],[99,608,423],[99,684,242],[99,1125,478],[99,1125,258],[99,3515,453],[99,3682,192],[99,3682,247],[100,937,140],[100,1090,146],[100,1908,136],[100,1908,153],[100,1908,212],[100,3684,298],[100,3684,226],[101,1755,242],[101,1826,465],[101,1826,41],[101,2647,497],[101,2860,176],[101,2860,144],[101,2860,379],[101,3387,348],[101,3642,388],[101,3980,319],[101,3980,337],[102,139,57],[102,139,239],[102,139,337],[102,139,476],[102,269,350],[102,1059,48],[102,2141,349],[102,2919,383],[102,3498,121],[103,263,213],[103,263,329],[103,1005,365],[103,1528,52],[103,1528,170],[103,2094,459],[103,3165,431],[103,3407,267],[103,3925,273],[103,3925,117],[104,90,203],[104,90,393],[104,833,379],[104,1154,237],[104,1154,484],[104,1155,46],[104,2121,434],[104,2693,126],[104,3526,276],[104,3526,363],[105,1017,463],[105,1702,254],[105,3831,38],[106,446,327],[106,993,409],[106,1694,270],[106,2877,240],[106,3743,256],[107,303,105],[107,303,225],[107,303,257],[107,693,81],[107,693,114],[107,693,380],[107,785,166],[107,1817,228],[107,1817,446],[107,3610,255],[107,3736,414],[108,795,29],[108,795,71],[108,795,194],[108,795,264],[108,795,235],[108,856,430],[108,1163,124],[108,1163,240],[108,3182,80],[108,3182,217],[108,3182,476],[108,3201,118],[109,85,400],[109,85,473],[109,85,494],[109,439,451],[109,755,182],[109,1042,146],[109,1042,178],[109,1507,226],[109,2182,210],[109,2182,243],[109,3440,415],[109,3440,277],[110,2055,259],[110,2839,422],[110,3895,5],[111,133,404],[111,155,122],[111,1033,275],[111,1033,8],[111,1597,334],[111,3567,167],[111,3843,271],[111,3843,18],[112,240,243],[112,775,267],[112,2346,71],[112,2983,115],[112,3803,375],[112,3803,322],[113,412,240],[113,1069,358],[113,1440,377],[113,1705,143],[113,1705,198],[113,1705,257],[113,1705,436],[113,3306,234],[113,3306,43],[114,126,270],[114,126,452],[114,790,456],[115,90,203],[115,90,393],[115,935,133],[115,935,391],[115,1177,348],[115,1177,385],[115,1177,405],[115,2144,173],[115,2712,470],[115,3517,181],[116,139,57],[116,139,239],[116,139,337],[116,139,476],[116,822,495],[116,1644,147],[117,540,330],[117,1740,192],[117,2118,246],[117,2118,284],[117,2118,476],[117,2316,488],[117,2316,391],[117,2396,389],[117,2396,255],[117,2396,491],[118,581,126],[118,581,129],[118,827,171],[118,1988,76],[119,1227,456],[119,1594,356],[119,1705,143],[119,1705,198],[119,1705,257],[119,1705,436],[119,2059,207],[119,3342,155],[119,3698,143],[120,2149,162],[120,2862,384],[120,2862,240],[120,2917,358],[120,3310,162],[120,3310,479],[120,3310,421],[121,121,389],[121,121,421],[121,847,215],[121,847,356],[121,1849,233],[121,3204,203],[121,3928,249],[121,3968,353],[121,3968,292],[122,337,232],[122,939,269],[122,2452,282],[122,2863,318],[122,3332,328],[122,3332,486],[123,2631,292],[123,2631,442],[123,3086,316],[123,3214,194],[123,3937,177],[123,3937,375],[124,1233,440],[124,2090,119],[124,3491,147],[124,3979,158],[125,324,32],[125,324,130],[125,601,347],[125,601,278],[125,913,150],[125,1529,68],[125,3658,97],[125,3658,399],[126,260,408],[126,1607,142],[126,2526,327],[126,3501,331],[126,3501,320],[127,801,441],[127,1327,494],[127,2963,435],[127,3431,151],[127,3537,78],[127,3537,148],[127,3781,151],[128,808,139],[128,1528,52],[128,1528,170],[128,2978,92],[128,3524,487],[129,174,461],[129,544,463],[129,2254,241],[129,2316,488],[129,2316,391],[129,2515,170],[129,2515,302],[129,2515,438],[129,3397,469],[129,3397,420],[130,197,310],[130,3602,489],[131,607,174],[131,607,132],[131,1324,451],[131,2587,342],[131,2587,459],[131,2587,473],[132,348,287],[132,601,347],[132,601,278],[132,1868,199],[132,3082,406],[133,825,390],[133,825,491],[133,1753,195],[133,3462,374],[134,1145,88],[134,1283,207],[134,1738,157],[134,1738,401],[134,2495,342],[134,2879,445],[135,2317,467],[135,2317,267],[135,2726,340],[135,3276,106],[135,3526,276],[135,3526,363],[136,2071,286],[136,2082,394],[136,2082,154],[136,2668,209],[136,3298,194],[136,3468,100],[136,3468,316],[137,206,246],[137,206,383],[137,206,159],[137,206,305],[137,316,437],[137,1434,427],[137,2745,417],[138,193,112],[138,1703,102],[138,1703,344],[138,1703,474],[138,2118,246],[138,2118,284],[138,2118,476],[138,2959,251],[138,2959,65],[139,8,159],[139,8,326],[139,272,257],[139,691,317],[139,1567,295],[139,1632,364],[139,1632,409],[139,1632,187],[139,3944,400],[139,3944,447],[140,389,168],[140,437,316],[140,437,475],[140,437,354],[140,437,188],[140,686,183],[140,2490,178],[140,2764,120],[140,2764,296],[140,2884,130],[140,2884,372],[141,1220,3],[141,1220,241],[141,1720,22],[141,1969,481],[141,1969,199],[141,1969,455],[142,731,148],[142,1388,472],[142,1604,406],[142,1953,206],[142,2015,287],[142,2015,296],[142,3072,396],[143,2032,50],[143,2032,183],[143,2912,4],[144,95,329],[144,739,76],[144,739,224],[144,739,361],[144,1293,233],[144,2694,371],[144,3291,434],[144,3715,74],[144,3715,184],[145,372,442],[145,1292,396],[145,1501,230],[145,2342,208],[145,2713,478],[145,2713,132],[145,2713,428],[145,3240,110],[145,3240,133],[145,3240,239],[146,496,229],[146,496,291],[146,496,405],[146,717,415],[146,1433,378],[146,1958,234],[146,1958,192],[146,2100,91],[147,1347,437],[147,1347,287],[147,1649,267],[147,3051,396],[147,3314,333],[148,632,167],[148,747,173],[148,941,117],[148,941,247],[148,941,243],[148,3355,407],[148,3355,481],[148,3447,460],[148,3652,357],[148,3652,379],[149,563,444],[149,563,233],[149,1178,340],[149,1580,387],[149,1609,192],[149,2894,346],[149,2894,493],[149,3619,267],[149,3619,296],[150,2161,230],[150,2216,236],[150,2518,314],[150,2787,353],[150,2787,449],[150,2787,413],[150,3654,214],[151,85,400],[151,85,473],[151,85,494],[151,723,116],[151,944,204],[151,1289,145],[151,1289,426],[151,1674,204],[151,3013,457],[152,206,246],[152,206,383],[152,206,159],[152,206,305],[152,236,27],[152,729,110],[153,598,209],[153,1957,356],[153,2821,407],[153,2821,293],[153,2821,393],[153,3225,364],[153,3538,318],[154,356,155],[154,621,260],[154,621,186],[154,621,498],[154,891,98],[154,891,406],[154,1435,212],[154,1435,313],[154,1435,95],[154,3543,479],[155,161,490],[155,1277,464],[155,2328,217],[155,2328,3],[155,2943,492],[155,3954,453],[156,671,232],[156,1354,224],[156,1354,410],[156,1813,238],[156,2788,446],[156,2788,335],[156,3641,60],[156,3641,282],[157,557,476],[157,778,195],[157,778,431],[157,1952,482],[157,3705,189],[158,109,224],[158,109,296],[158,999,384],[158,2477,189],[158,3304,239],[159,482,355],[159,482,474],[159,1200,238],[159,1358,334],[159,1358,137],[159,1358,297],[159,1659,260],[159,1659,464],[160,263,213],[160,263,329],[160,297,373],[160,511,308],[160,511,166],[160,643,260],[160,1043,76],[160,1043,297],[160,2474,423],[161,621,260],[161,621,186],[161,621,498],[161,968,166],[161,975,175],[161,1080,279],[161,1080,288],[161,1080,214],[161,1383,408],[161,3078,384],[161,3078,19],[161,3078,178],[162,846,196],[162,846,443],[162,3797,488],[163,283,338],[163,283,177],[163,1013,184],[163,1013,491],[163,1013,87],[163,3576,353],[163,3780,265],[163,3833,138],[163,3962,13],[164,496,229],[164,496,291],[164,496,405],[164,1138,356],[164,2797,384],[164,3686,169],[164,3686,115],[165,768,46],[165,878,182],[165,1524,476],[165,2410,414],[165,2751,152],[165,2751,432],[165,3961,191],[166,83,305],[166,83,385],[166,705,467],[166,921,324],[167,358,400],[167,581,126],[167,581,129],[167,1404,497],[167,3878,329],[167,3878,491],[168,481,420],[168,481,452],[168,539,489],[168,539,152],[168,1080,279],[168,1080,288],[168,1080,214],[168,1590,211],[168,3592,323],[168,3592,361],[169,374,500],[169,562,341],[169,1352,458],[169,1352,424],[169,3058,347],[170,1031,494],[170,2751,152],[170,2751,432],[170,2895,244],[170,3128,484],[170,3393,328],[170,3393,290],[171,1564,244],[171,1564,140],[171,1564,451],[171,1696,46],[171,2065,330],[171,2065,436],[171,2097,186],[171,3763,244],[172,429,412],[172,1021,388],[172,1177,348],[172,1177,385],[172,1177,405],[172,1516,406],[172,1516,152],[172,2993,208],[172,3090,460],[172,3842,169],[173,1124,249],[173,3629,268],[174,2197,83],[174,2197,433],[174,2656,275],[174,3324,415],[174,3324,462],[174,3324,490],[174,3348,210],[175,492,263],[175,627,169],[175,1216,347],[175,1908,136],[175,1908,153],[175,1908,212],[175,2511,73],[175,2511,264],[175,2984,314],[176,392,406],[176,392,257],[176,392,461],[176,2023,449],[176,2023,405],[176,2641,141],[176,2641,245],[176,3138,497],[176,3195,61],[176,3195,227],[176,3730,258],[177,748,426],[177,891,98],[177,891,406],[177,1265,369],[177,2748,228],[177,3105,332],[178,331,307],[178,364,360],[178,364,469],[178,2469,246],[178,2933,342],[178,3393,328],[178,3393,290],[179,676,236],[179,1127,1],[179,1127,395],[179,2524,132],[179,3496,298],[179,3561,61],[179,3776,172],[180,14,363],[180,1013,184],[180,1013,491],[180,1013,87],[180,1133,289],[180,1173,216],[180,1173,260],[180,1373,34],[180,2049,308],[181,893,335],[181,1629,340],[181,1629,22],[181,2338,254],[181,2385,264],[181,2396,389],[181,2396,255],[181,2396,491],[182,1035,195],[182,1052,433],[182,1270,385],[182,1538,132],[182,2640,135],[182,2640,36],[183,162,58],[183,162,275],[183,228,495],[183,1543,442],[183,1994,426],[183,3069,357],[183,3413,329],[184,285,109],[184,2106,233],[184,2146,431],[184,2942,223],[185,2063,20],[185,2118,246],[185,2118,284],[185,2118,476],[185,3181,196],[186,423,208],[186,881,455],[186,1355,480],[186,1355,457],[186,2163,302],[186,3055,404],[186,3055,25],[187,93,136],[187,203,399],[187,1355,480],[187,1355,457],[187,1498,105],[187,2862,384],[187,2862,240],[187,3993,44],[187,3993,285],[188,40,480],[188,364,360],[188,364,469],[188,1826,465],[188,1826,41],[188,2632,256],[188,2632,348],[188,2632,323],[189,584,420],[189,595,209],[189,1574,325],[189,1726,185],[189,1726,93],[189,2884,130],[189,2884,372],[190,696,473],[190,746,124],[190,1356,205],[190,1901,270],[190,3176,270],[190,3674,343],[190,3674,80],[190,3674,447],[191,779,236],[191,1139,202],[191,2011,331],[191,2011,95],[191,2074,248],[191,2557,394],[192,417,247],[192,1358,334],[192,1358,137],[192,1358,297],[192,1578,214],[192,2530,425],[192,2530,180],[193,638,135],[193,638,137],[193,638,309],[193,809,455],[193,969,453],[193,969,201],[193,1274,211],[193,1274,86],[193,1375,416],[193,2275,475],[193,2870,354],[194,793,333],[194,1632,364],[194,1632,409],[194,1632,187],[194,3188,369],[194,3686,169],[194,3686,115],[195,812,198],[195,1650,198],[195,2289,419],[195,2640,135],[195,2640,36],[196,1209,333],[196,2334,483],[196,2334,313],[197,175,42],[197,175,237],[197,1617,130],[197,1617,421],[197,2211,126],[197,2211,295],[197,2908,207],[197,3883,439],[197,3883,207],[197,3883,242],[198,2317,467],[198,2317,267],[198,2436,301],[198,2951,371],[198,2951,488],[199,80,461],[199,82,388],[199,2415,421],[199,3465,260],[199,3465,472],[199,3616,152],[200,160,429],[200,752,201],[200,1572,487],[200,2348,443],[200,2348,287],[200,2803,392],[201,320,354],[201,1437,229],[201,1437,196],[201,1437,261],[201,2248,362],[201,2252,339],[202,849,134],[202,1939,291],[202,1939,348],[202,2561,445],[202,2561,206],[202,3191,213],[202,3619,267],[202,3619,296],[203,239,161],[203,1114,263],[203,1114,372],[203,3397,469],[203,3397,420],[203,3588,304],[204,834,53],[204,834,471],[204,957,220],[204,957,247],[204,1976,14],[204,1976,230],[204,2959,251],[204,2959,65],[204,3074,300],[204,3738,77],[205,535,492],[205,535,235],[205,1367,230],[205,3452,456],[205,3613,298],[205,3999,289],[206,1435,212],[206,1435,313],[206,1435,95],[206,2318,370],[207,778,195],[207,778,431],[208,2424,321],[208,3206,346],[208,3536,214],[209,603,277],[209,603,399],[209,981,250],[209,3579,217],[210,370,488],[210,700,478],[210,2019,377],[210,2019,89],[210,2250,481],[210,2250,471],[211,1460,464],[211,2228,350],[212,344,196],[212,344,446],[212,1729,200],[212,2951,371],[212,2951,488],[212,3318,196],[212,3344,369],[213,620,131],[213,620,233],[213,1204,120],[213,1493,63],[213,1493,49],[213,3622,162],[214,288,416],[214,579,238],[214,2738,468],[215,1093,220],[215,1630,317],[215,3192,304],[215,3240,110],[215,3240,133],[215,3240,239],[215,3435,343],[215,3435,157],[216,795,29],[216,795,71],[216,795,194],[216,795,264],[216,795,235],[216,1496,342],[216,3168,114],[216,3242,225],[216,3944,400],[216,3944,447],[216,3993,44],[216,3993,285],[217,162,58],[217,162,275],[217,243,41],[218,406,243],[218,795,29],[218,795,71],[218,795,194],[218,795,264],[218,795,235],[218,1493,63],[218,1493,49],[218,2749,442],[218,3152,271],[218,3843,271],[218,3843,18],[218,3920,208],[219,547,308],[219,547,428],[219,966,259],[219,1927,76],[219,3611,372],[219,3620,311],[219,3910,66],[219,3911,454],[220,437,316],[220,437,475],[220,437,354],[220,437,188],[220,3277,280],[220,3277,281],[220,3277,465],[221,188,341],[221,188,367],[221,619,242],[221,1701,449],[221,1701,447],[221,1981,380],[221,2010,390],[221,3888,236],[221,3945,497],[222,119,429],[222,529,402],[222,928,320],[222,2425,225],[222,3269,226],[222,3319,211],[222,3640,92],[222,3640,37],[222,3640,230],[223,538,335],[223,1401,437],[223,1564,244],[223,1564,140],[223,1564,451],[223,2300,328],[223,3683,357],[224,303,105],[224,303,225],[224,303,257],[224,3199,254],[224,3717,100],[224,3729,450],[224,3729,300],[225,611,277],[225,611,326],[225,1374,386],[226,1263,173],[226,1263,213],[226,1415,475],[226,1415,480],[227,214,292],[227,214,474],[227,214,401],[227,274,263],[227,381,338],[227,2441,422],[227,3257,197],[227,3883,439],[227,3883,207],[227,3883,242],[228,884,313],[228,2184,332],[228,2419,320],[228,2419,317],[228,2928,355],[228,3816,369],[229,511,308],[229,511,166],[229,2422,167],[229,3465,260],[229,3465,472],[230,277,231],[230,2945,253],[231,1187,336],[231,1773,323],[231,1773,278],[231,1785,229],[231,2467,287],[231,3883,439],[231,3883,207],[231,3883,242],[232,398,106],[232,398,294],[232,658,440],[232,2003,446],[232,2763,392],[233,371,62],[233,2836,384],[233,2836,292],[233,2836,243],[234,1846,88],[234,1979,453],[234,1979,318],[234,2962,75],[235,168,51],[235,168,167],[235,1412,484],[235,1412,490],[236,1705,143],[236,1705,198],[236,1705,257],[236,1705,436],[236,3651,394],[237,1173,216],[237,1173,260],[237,1773,323],[237,1773,278],[237,2116,367],[238,2632,256],[238,2632,348],[238,2632,323],[238,3473,338],[238,3473,301],[239,386,37],[239,636,274],[239,636,26],[239,908,266],[239,2017,68],[240,435,20],[240,435,85],[240,569,123],[240,1042,146],[240,1042,178],[241,109,224],[241,109,296],[241,1122,266],[241,1724,485],[241,1724,279],[241,2036,220],[241,2036,359],[241,2462,330],[242,1115,483],[242,1115,325],[242,1757,380],[242,3440,415],[242,3440,277],[243,669,322],[243,3223,299],[243,3223,58],[244,294,161],[244,294,89],[244,1201,128],[244,1201,287],[244,3752,123],[245,434,319],[245,434,466],[245,2065,330],[245,2065,436],[245,2419,320],[245,2419,317],[245,2460,493],[245,2460,486],[246,373,116],[246,1603,230],[246,2382,295],[246,2955,302],[246,2955,449],[247,722,464],[247,1390,261],[247,1437,229],[247,1437,196],[247,1437,261],[247,3103,159],[248,1013,184],[248,1013,491],[248,1013,87],[248,1438,438],[248,1969,481],[248,1969,199],[248,1969,455],[249,957,220],[249,957,247],[249,1192,375],[249,3905,288],[249,3919,424],[250,3186,173],[250,3415,255],[250,3415,138],[250,3680,27],[250,3988,260],[250,3988,358],[251,505,283],[251,1195,284],[251,1780,300],[251,2073,210],[251,2361,283],[251,2999,283],[251,2999,33],[252,2250,481],[252,2250,471],[252,2334,483],[252,2334,313],[252,2356,449],[252,2356,497],[252,2491,362],[252,2715,497],[252,3277,280],[252,3277,281],[252,3277,465],[252,3892,234],[252,3892,443],[252,3892,316],[253,563,444],[253,563,233],[253,888,398],[253,1082,487],[253,1289,145],[253,1289,426],[253,2117,306],[253,2239,86],[253,3441,332],[254,158,255],[254,596,222],[254,638,135],[254,638,137],[254,638,309],[254,2857,301],[254,3251,491],[254,3251,299],[255,1395,316],[255,2211,126],[255,2211,295],[255,3772,322],[255,3925,273],[255,3925,117],[256,1341,276],[256,3243,370],[256,3981,245],[257,257,306],[257,257,424],[257,1157,318],[257,2451,289],[258,169,24],[258,739,76],[258,739,224],[258,739,361],[258,1746,69],[258,3593,53],[259,222,292],[259,535,492],[259,535,235],[259,805,347],[259,805,489],[259,974,398],[260,1828,277],[260,1979,453],[260,1979,318],[261,1542,465],[261,1542,341],[261,1542,436],[261,1593,153],[261,1593,363],[261,3729,450],[261,3729,300],[262,693,81],[262,693,114],[262,693,380],[262,712,444],[262,758,256],[262,2445,434],[262,3518,304],[263,2659,100],[263,3137,80],[263,3137,313],[263,3893,290],[264,58,440],[264,797,88],[264,1430,477],[264,1430,394],[264,2262,293],[264,3143,303],[265,593,101],[265,593,261],[265,1640,297],[265,2641,141],[265,2641,245],[265,3476,113],[265,3476,397],[265,3788,415],[266,287,408],[266,1036,291],[267,804,138],[267,1699,93],[268,1500,350],[268,1916,480],[268,2821,407],[268,2821,293],[268,2821,393],[268,3151,462],[268,3183,309],[268,3429,390],[268,3627,249],[268,3627,483],[268,3627,409],[269,1107,358],[269,1692,231],[269,3754,275],[269,3804,354],[270,941,117],[270,941,247],[270,941,243],[270,2548,461],[270,2710,462],[270,2710,143],[271,309,270],[271,349,447],[271,392,406],[271,392,257],[271,392,461],[271,2376,433],[271,2472,226],[271,2472,447],[272,186,366],[272,741,202],[272,772,199],[272,1667,283],[272,1667,442],[272,2946,274],[272,2956,356],[272,3645,375],[273,2710,462],[273,2710,143],[273,2970,380],[273,3306,234],[273,3306,43],[273,3442,434],[274,970,285],[274,3520,157],[274,3520,446],[274,3851,346],[275,327,307],[275,327,490],[275,1399,420],[275,1399,433],[275,1577,374],[276,478,433],[276,1169,316],[276,3356,353],[276,3356,408],[277,1488,499],[277,1883,364],[277,2245,483],[278,361,306],[278,1033,275],[278,1033,8],[278,3453,125],[279,1969,481],[279,1969,199],[279,1969,455],[279,2843,326],[279,3460,492],[279,3770,377],[279,3770,338],[280,583,413],[280,771,475],[280,2078,434],[280,3026,426],[280,3435,343],[280,3435,157],[281,1749,351],[281,1958,234],[281,1958,192],[281,3251,491],[281,3251,299],[282,139,57],[282,139,239],[282,139,337],[282,139,476],[282,312,5],[282,312,335],[282,614,261],[282,2331,324],[282,3520,157],[282,3520,446],[282,3565,315],[283,237,435],[283,1925,300],[283,1925,317],[283,3221,498],[283,3415,255],[283,3415,138],[284,739,76],[284,739,224],[284,739,361],[284,1361,458],[284,2145,377],[284,2740,338],[284,2740,330],[284,3666,306],[284,3666,433],[285,3,86],[285,1634,1],[285,2860,176],[285,2860,144],[285,2860,379],[285,3716,276],[286,175,42],[286,175,237],[286,1464,411],[286,1701,449],[286,1701,447],[286,3354,84],[286,3380,388],[287,1427,384],[287,1427,248],[288,157,303],[288,1429,237],[288,3209,376],[288,3356,353],[288,3356,408],[288,3366,466],[289,8,159],[289,8,326],[289,1202,362],[289,1202,117],[289,2178,477],[290,763,351],[290,1366,416],[290,2082,394],[290,2082,154],[290,3362,347],[291,2955,302],[291,2955,449],[291,3640,92],[291,3640,37],[291,3640,230],[292,887,286],[292,3581,315],[293,1176,310],[293,1372,451],[293,1563,54],[293,1563,325],[293,1563,458],[293,2688,41],[294,32,179],[294,83,305],[294,83,385],[294,3002,113],[294,3002,432],[294,3040,324],[294,3770,377],[294,3770,338],[295,338,484],[295,2429,310],[295,2805,484],[296,97,20],[296,1049,54],[296,1049,494],[296,1125,478],[296,1125,258],[297,369,120],[297,369,397],[297,3420,12],[297,3994,417],[298,1474,174],[298,1474,258],[298,1474,385],[298,2257,215],[298,2257,468],[298,2257,201],[298,3340,340],[298,3874,3],[299,1683,466],[299,1683,399],[299,2692,440],[299,2692,382],[299,2861,309],[299,3156,393],[300,211,325],[300,211,16],[300,2332,55],[300,3083,221],[301,1474,174],[301,1474,258],[301,1474,385],[301,2384,489],[301,2406,331],[302,1536,444],[302,2459,305],[302,3703,338],[302,3725,17],[302,3725,462],[303,121,389],[303,121,421],[303,987,454],[303,987,39],[303,1311,357],[303,1311,111],[303,3078,384],[303,3078,19],[303,3078,178],[303,3926,381],[304,1028,142],[304,1647,367],[304,2807,390],[305,1363,42],[305,1363,416],[305,3005,410],[306,1337,440],[306,3148,381],[306,3684,298],[306,3684,226],[306,3702,326],[306,3702,481],[307,1205,22],[307,1288,330],[307,2603,360],[307,2603,184],[307,2603,470],[308,2793,267],[308,3953,386],[309,305,60],[309,305,328],[309,382,393],[309,1593,153],[309,1593,363],[309,2657,310],[310,210,425],[310,1223,450],[311,62,241],[311,62,273],[311,493,434],[311,1939,291],[311,1939,348],[311,2546,425],[311,2858,290],[312,42,472],[312,865,418],[312,865,496],[312,1214,295],[312,3055,404],[312,3055,25],[313,892,82],[313,892,480],[313,1315,361],[313,2362,198],[313,2814,496],[314,1294,474],[314,1667,283],[314,1667,442],[314,2299,429],[314,3478,482],[314,3503,344],[314,3563,492],[315,128,209],[315,128,414],[315,575,93],[315,1734,370],[316,2787,353],[316,2787,449],[316,2787,413],[317,1237,38],[317,1237,364],[317,1237,447],[317,3088,435],[317,3088,459],[317,3907,420],[318,390,413],[318,2133,147],[318,2133,487],[319,615,391],[319,1986,496],[319,3570,182],[319,3570,371],[319,3792,187],[319,3792,325],[320,1398,376],[320,2471,130],[320,2471,365],[320,2774,414],[320,2774,498],[320,3950,482],[321,105,336],[321,726,455],[321,1532,494],[321,1684,362],[321,1684,243],[321,1725,477],[322,333,19],[322,333,331],[322,392,406],[322,392,257],[322,392,461],[322,1548,174],[322,1548,425],[322,1568,366],[322,1852,237],[323,29,75],[323,1074,497],[323,1563,54],[323,1563,325],[323,1563,458],[324,220,333],[324,220,381],[324,220,407],[324,503,422],[324,1343,336],[324,1357,362],[324,1782,357],[325,810,269],[325,2455,445],[326,1851,497],[326,1851,63],[326,2337,299],[326,2907,371],[326,3921,43],[327,1079,286],[327,1079,312],[327,1369,430],[327,3039,341],[327,3039,449],[327,3537,78],[327,3537,148],[328,343,11],[328,2114,310],[328,2114,490],[328,3892,234],[328,3892,443],[328,3892,316],[329,2062,319],[330,68,401],[330,3759,363],[330,3759,406],[331,2796,408],[331,3355,407],[331,3355,481],[331,3775,354],[332,796,337],[332,2197,83],[332,2197,433],[332,3381,333],[333,572,7],[333,980,339],[333,3346,419],[334,940,364],[334,2087,174],[334,2087,40],[334,2494,160],[334,3324,415],[334,3324,462],[334,3324,490],[335,59,55],[335,59,387],[335,1166,248],[335,3991,353],[335,3991,471],[336,1553,365],[336,2277,477],[336,3259,373],[337,1430,477],[337,1430,394],[337,2233,207],[337,2243,360],[337,3592,323],[337,3592,361],[338,3061,425],[339,113,201],[339,113,473],[339,1208,403],[339,1208,460],[339,1676,97],[340,1770,18],[340,3556,131],[340,3687,294],[341,1170,46],[341,1720,22],[341,1976,14],[341,1976,230],[341,3284,194],[342,281,126],[342,512,396],[342,3857,352],[343,802,369],[343,3450,21],[343,3829,481],[343,3866,276],[343,3866,364],[344,55,448],[344,321,295],[344,321,297],[344,1208,403],[344,1208,460],[344,1817,228],[344,1817,446],[344,2151,284],[344,2151,139],[344,2707,413],[345,344,196],[345,344,446],[345,469,361],[345,942,453],[345,1011,402],[345,1314,245],[345,1314,49],[345,3117,435],[346,479,367],[346,1486,273],[346,2087,174],[346,2087,40],[346,2131,211],[346,3892,234],[346,3892,443],[346,3892,316],[347,2674,32],[347,2680,21],[347,2680,138],[347,2680,266],[348,1516,406],[348,1516,152],[348,3102,307],[349,214,292],[349,214,474],[349,214,401],[349,1545,397],[349,2148,77],[349,2148,478],[349,2148,485],[349,2535,238],[349,3331,374],[349,3331,149],[349,3391,374],[350,294,161],[350,294,89],[350,902,211],[350,3092,114],[351,2326,499],[351,2481,467],[351,3658,97],[351,3658,399],[352,290,487],[352,1721,496],[352,1890,485],[352,1890,334],[352,2279,379],[352,3434,366],[353,388,377],[353,1495,441],[353,3967,395],[354,543,185],[354,543,368],[354,3178,345],[355,179,432],[355,1399,420],[355,1399,433],[355,2697,432],[355,3011,424],[356,496,229],[356,496,291],[356,496,405],[356,2724,25],[357,2188,214],[358,2229,432],[358,2229,169],[358,3027,476],[359,724,165],[359,1485,237],[359,1595,291],[359,2398,297],[359,2607,321],[360,637,379],[360,987,454],[360,987,39],[360,2752,127],[360,2871,466],[360,2871,451],[361,168,51],[361,168,167],[361,1094,416],[361,1632,364],[361,1632,409],[361,1632,187],[362,2911,162],[362,3169,389],[363,1898,6],[364,2031,250],[364,2120,206],[365,1506,269],[365,1612,483],[365,1737,487],[366,971,105],[366,971,488],[366,1670,232],[367,2565,356],[367,2860,176],[367,2860,144],[367,2860,379],[367,3943,308],[368,136,258],[368,136,435],[368,828,226],[368,896,188],[368,3120,312],[369,1275,439],[369,3650,500],[370,437,316],[370,437,475],[370,437,354],[370,437,188],[370,1232,468],[370,1296,475],[370,1354,224],[370,1354,410],[370,3778,438],[371,807,395],[371,2343,496],[371,2503,415],[372,284,158],[372,613,287],[372,613,386],[372,1521,91],[372,1602,495],[372,2836,384],[372,2836,292],[372,2836,243],[373,419,145],[373,419,457],[373,898,457],[373,1579,238],[373,3547,6],[374,3666,306],[374,3666,433],[374,3690,242],[375,60,424],[375,204,336],[375,784,441],[375,1636,376],[376,1427,384],[376,1427,248],[376,1825,405],[376,2850,369],[376,3159,498],[376,3159,211],[377,1313,5],[377,3915,418],[378,16,394],[378,690,467],[378,750,443],[378,750,481],[378,1393,207],[378,1557,77],[379,434,319],[379,434,466],[379,825,390],[379,825,491],[380,407,278],[380,795,29],[380,795,71],[380,795,194],[380,795,264],[380,795,235],[380,3456,378],[381,1130,251],[381,1303,374],[381,2519,416],[381,3514,483],[382,1231,64],[382,1449,81],[382,1827,38],[382,3078,384],[382,3078,19],[382,3078,178],[383,644,31],[383,1738,157],[383,1738,401],[383,1929,114],[383,2617,401],[383,3627,249],[383,3627,483],[383,3627,409],[384,3248,365],[385,246,410],[385,1933,420],[385,3043,438],[385,3043,42],[385,3043,166],[386,182,235],[386,182,472],[386,1057,424],[386,2739,395],[386,2835,480],[387,1530,479],[387,1598,181],[387,2838,462],[387,3155,495],[387,3608,407],[388,547,308],[388,547,428],[388,2509,165],[388,2509,404],[388,2788,446],[388,2788,335],[388,2994,168],[389,329,343],[389,2632,256],[389,2632,348],[389,2632,323],[389,2713,478],[389,2713,132],[389,2713,428],[389,3310,162],[389,3310,479],[389,3310,421],[389,3323,437],[390,3902,495],[391,18,442],[391,482,355],[391,482,474],[391,3795,149],[392,298,402],[392,346,129],[392,346,499],[392,1703,102],[392,1703,344],[392,1703,474],[392,2208,402],[392,2241,402],[392,3520,157],[392,3520,446],[393,803,431],[393,911,220],[393,1681,315],[394,1044,111],[394,2269,453],[395,362,411],[395,415,100],[395,756,473],[395,3470,407],[396,2307,244],[396,2307,262],[396,2466,390],[396,2466,469],[396,3728,469],[397,1332,53],[397,1332,448],[397,3396,415],[398,725,315],[398,1685,238],[398,2868,155],[399,101,153],[399,101,173],[399,2887,61],[399,2987,124],[400,136,258],[400,136,435],[400,1659,260],[400,1659,464],[400,1963,291],[400,2200,435],[400,2774,414],[400,2774,498],[401,990,359],[401,1756,412],[401,2238,397],[401,2511,73],[401,2511,264],[402,490,387],[402,2466,390],[402,2466,469],[403,834,53],[403,834,471],[403,2089,477],[403,2478,89],[403,3277,280],[403,3277,281],[403,3277,465],[403,3583,327],[403,3583,474],[403,3771,304],[404,1257,439],[404,2266,301],[405,909,318],[405,2371,382],[405,2371,118],[405,2530,425],[405,2530,180],[405,3499,158],[406,1747,281],[406,2255,32],[406,2255,47],[407,242,11],[407,1128,307],[407,1128,195],[407,3908,278],[408,450,108],[408,1060,228],[408,1060,305],[408,2151,284],[408,2151,139],[409,214,292],[409,214,474],[409,214,401],[409,846,196],[409,846,443],[409,2764,120],[409,2764,296],[410,378,290],[410,378,125],[410,798,232],[410,3274,96],[411,257,306],[411,257,424],[411,701,490],[411,2138,485],[411,2733,437],[411,3332,328],[411,3332,486],[412,549,500],[412,1115,483],[412,1115,325],[412,2231,465],[412,2514,50],[412,3068,465],[413,137,8],[413,137,439],[413,634,285],[414,2486,250],[414,2631,292],[414,2631,442],[415,546,417],[416,433,141],[416,1251,108],[417,829,30],[417,1048,97],[417,1048,429],[417,2750,225],[417,3307,374],[417,3307,31],[417,3307,135],[418,3657,210],[418,3715,74],[418,3715,184],[419,1172,19],[419,3059,438],[419,3859,79],[420,2333,450],[421,638,135],[421,638,137],[421,638,309],[421,1837,131],[422,693,81],[422,693,114],[422,693,380],[422,2409,150],[422,2528,7],[422,3343,196],[422,3451,3],[423,124,114],[423,124,436],[423,124,421],[423,458,436],[423,1073,398],[423,1073,457],[423,1705,143],[423,1705,198],[423,1705,257],[423,1705,436],[423,3848,220],[424,526,200],[424,3334,205],[424,3334,176],[425,901,454],[425,901,350],[425,1867,459],[426,794,171],[426,794,108],[426,2603,360],[426,2603,184],[426,2603,470],[426,3331,374],[426,3331,149],[427,62,241],[427,62,273],[427,122,417],[427,185,349],[427,1252,336],[427,3106,448],[428,172,398],[428,839,10],[428,969,453],[428,969,201],[428,2681,190],[428,3583,327],[428,3583,474],[429,1408,281],[429,2148,77],[429,2148,478],[429,2148,485],[429,2973,154],[430,1120,478],[430,1389,60],[430,3627,249],[430,3627,483],[430,3627,409],[430,3693,450],[431,2823,337],[431,2823,180],[431,3212,185],[432,539,489],[432,539,152],[432,1352,458],[432,1352,424],[434,1575,431],[436,1049,54],[436,1049,494],[436,1188,235],[436,3952,244],[437,2515,170],[437,2515,302],[437,2515,438],[437,3789,459],[438,783,44],[438,1076,404],[438,1076,259],[438,2225,482],[439,1490,71],[439,3782,471],[439,3794,223],[440,2846,14],[440,3357,266],[441,815,84],[441,859,382],[441,859,460],[441,859,231],[441,2133,147],[441,2133,487],[441,3991,353],[441,3991,471],[442,688,311],[442,2580,363],[443,3691,471],[443,3868,455],[444,1030,452],[444,1412,484],[444,1412,490],[444,2309,272],[444,2460,493],[444,2460,486],[445,1076,404],[445,1076,259],[445,1142,459],[445,2125,452],[445,2510,459],[445,3400,485],[446,1626,274],[446,1626,248],[446,1713,482],[447,124,114],[447,124,436],[447,124,421],[448,1177,348],[448,1177,385],[448,1177,405],[448,1344,250],[448,3324,415],[448,3324,462],[448,3324,490],[448,3584,217],[449,550,474],[450,334,207],[450,334,468],[450,2319,30],[450,2980,481],[451,145,177],[451,1212,488],[451,2471,130],[451,2471,365],[452,86,380],[452,327,307],[452,327,490],[452,2894,346],[452,2894,493],[453,3371,455],[454,736,85],[454,1220,3],[454,1220,241],[454,3241,50],[455,1137,352],[455,1137,133],[456,2019,377],[456,2019,89],[456,2347,65],[457,85,400],[457,85,473],[457,85,494],[457,1060,228],[457,1060,305],[458,621,260],[458,621,186],[458,621,498],[458,860,463],[458,998,351],[458,998,133],[458,1527,184],[458,1527,489],[458,3855,29],[460,933,45],[460,1202,362],[460,1202,117],[461,295,490],[461,2104,291],[461,3484,233],[461,3484,312],[462,366,276],[462,3718,285],[463,640,135],[463,2122,170],[463,2122,229],[463,2871,466],[463,2871,451],[464,2550,498],[464,3748,257],[465,1127,1],[465,1127,395],[466,3668,26],[467,3473,338],[467,3473,301],[468,464,489],[468,1162,164],[468,2043,475],[469,704,166],[469,930,304],[469,930,20],[469,3866,276],[469,3866,364],[470,37,16],[470,1079,286],[470,1079,312],[470,1080,279],[470,1080,288],[470,1080,214],[470,1163,124],[470,1163,240],[470,1892,124],[470,2032,50],[470,2032,183],[471,604,88],[471,3732,96],[472,719,73],[472,1402,57],[472,1691,227],[473,2027,191],[473,2027,114],[473,2432,120],[473,3810,17],[473,3810,134],[474,1489,299],[475,1193,423],[475,1789,489],[476,1191,105],[476,3978,198],[478,3228,275],[479,1859,191],[479,2257,215],[479,2257,468],[479,2257,201],[479,3159,498],[479,3159,211],[479,3256,359],[480,2304,181],[481,3649,52],[482,2186,420],[482,2802,499],[483,3376,249],[483,3674,343],[483,3674,80],[483,3674,447],[484,3132,373],[485,935,133],[485,935,391],[485,2287,30],[485,3287,127],[486,962,87],[486,1913,319],[486,1913,477],[486,3799,29],[486,3799,136],[486,3808,102],[487,3647,386],[488,2971,156],[489,3988,260],[489,3988,358],[491,2291,294],[491,3406,64],[492,3557,217],[493,1587,30],[493,2255,32],[493,2255,47],[493,3098,56],[493,3699,339],[493,3897,57],[494,1934,14],[494,1934,484],[494,3937,177],[494,3937,375],[495,1298,10],[495,2431,430],[496,2435,373],[496,2821,407],[496,2821,293],[496,2821,393],[498,299,317],[499,282,363],[499,2561,445],[499,2561,206],[500,570,116],[500,2182,210],[500,2182,243],[500,3097,15]];

jitters = [100000,100000,10000,5000,10000,2000,10000,100000,20000,100000,10000,100000,20000,10000,20000,20000,20000,10000,20000,100000,20000,10000,100000,100000,10000,20000,20000,100000,20000,1000,100000,20000,10000,100000,20000,100000,10000,100000,20000,20000,10000,20000,10000,10000,100000,20000,10000,20000,10000,10000,100000,100000,20000,20000,100000,20000,10000,20000,10000,10000,20000,10000,20000,100000,100000,10000,5000,20000,20000,10000,100000,20000,10000,100000,20000,20000,20000,20000,20000,20000,20000,10000,10000,100000,20000,10000,2000,10000,10000,20000,100000,100000,5000,10000,20000,10000,1000,100000,20000,10000,20000,1000,10000,10000,100000,100000,20000,100000,100000,20000,20000,10000,100000,5000,10000,10000,100000,100000,5000,100000,10000,20000,20000,10000,20000,100000,50000,2000,100000,20000,100000,20000,100000,10000,10000,20000,1000,20000,2000,10000,100000,10000,5000,10000,20000,100000,10000,10000,10000,20000,50000,20000,20000,20000,20000,20000,100000,10000,20000,2000,20000,100000,10000,10000,100000,20000,50000,10000,10000,2000,2000,20000,10000,100000,20000,20000,20000,10000,10000,10000,10000,100000,10000,10000,100000,20000,2000,10000,100000,5000,100000,10000,100000,20000,100000,100000,10000,100000,20000,20000,100000,100000,10000,50000,20000,100000,10000,20000,20000,100000,100000,10000,100000,20000,20000,10000,20000,5000,10000,20000,20000,20000,10000,100000,10000,100000,20000,20000,100000,20000,20000,20000,10000,100000,5000,20000,20000,20000,10000,100000,100000,20000,10000,2000,20000,20000,50000,100000,10000,20000,50000,20000,20000,100000,20000,100000,20000,100000,20000,20000,50000,10000,20000,10000,1000,100000,10000,10000,100000,5000,5000,10000,20000,10000,100000,100000,20000,20000,20000,20000,20000,20000,50000,100000,10000,10000,20000,10000,20000,20000,100000,20000,100000,100000,2000,100000,1000,10000,10000,50000,100000,20000,10000,10000,20000,20000,100000,10000,10000,100000,10000,10000,20000,20000,20000,20000,20000,20000,20000,20000,20000,10000,20000,20000,20000,20000,100000,10000,10000,100000,100000,20000,100000,20000,10000,20000,20000,20000,20000,10000,10000,10000,20000,20000,20000,10000,20000,10000,1000,1000,20000,10000,10000,100000,100000,10000,10000,100000,1000,10000,20000,20000,10000,20000,20000,10000,10000,100000,20000,100000,10000,10000,2000,1000,10000,10000,100000,20000,10000,20000,20000,10000,1000,10000,100000,10000,10000,20000,10000,10000,20000,20000,10000,20000,10000,10000,1000,20000,20000,50000,1000,20000,20000,20000,10000,20000,10000,100000,20000,100000,10000,20000,20000,20000,1000,20000,1000,100000,100000,100000,20000,20000,2000,10000,10000,20000,1000,20000,20000,100000,10000,100000,100000,10000,50000,2000,10000,100000,20000,10000,20000,20000,20000,10000,10000,20000,5000,1000,20000,100000,100000,10000,20000,10000,20000,5000,2000,100000,10000,20000,5000,20000,100000,50000,20000,10000,20000,100000,10000,100000,20000,10000,10000,20000,100000,100000,20000,100000,10000,10000,100000,20000,20000,2000,10000,10000,20000,100000,100000,10000,100000,20000,10000,2000,10000,10000,20000,50000,20000,100000];

