NumChains = 50;
NumResources = 3;
NumRunnablesInChains = 273;
MemoryBoundOnResource = 1048576;
UtilizationBoundOnResource = 100;

numberOfTasksinChain = [13,9,11,11,7,13,11,7,7,9,7,7,11,13,9,13,13,9,7,9,9,9,11,13,7,7,11,13,11,9,13,7,7,11,9,7,11,9,7,11,11,9,11,7,9,13,11,11,13,13];

runnablesInChains = [170,341,480,272,123,146,426,27,163,44,182,324,116,151,184,223,35,63,400,80,392,199,132,257,114,405,424,466,386,261,328,379,459,278,208,147,12,214,294,198,182,329,425,13,374,468,395,100,283,301,30,79,341,92,486,36,332,288,407,392,326,96,275,234,140,65,142,494,82,157,92,371,490,419,98,208,454,348,498,161,106,261,296,110,305,385,297,285,102,175,51,46,409,294,401,136,76,152,86,156,432,176,457,232,361,484,79,237,272,424,265,327,243,439,78,262,216,156,351,274,228,278,325,318,423,85,72,427,9,362,483,76,398,218,242,239,301,120,94,124,289,276,441,398,453,427,115,130,48,63,214,435,184,249,214,356,413,442,403,346,328,104,343,104,314,441,278,227,288,277,43,391,489,2,244,50,191,235,170,402,473,466,68,428,352,230,284,57,389,383,392,42,488,69,87,391,380,109,98,20,2,236,360,264,348,80,86,367,31,264,137,53,363,494,18,398,412,8,122,293,181,59,458,103,61,328,257,187,205,121,150,490,53,387,381,303,92,166,364,180,8,348,255,42,138,296,446,119,437,457,48,145,322,44,394,235,256,333,214,402,417,143,406,363,94,300,232,272,157,70,118,268,131];

ProcessingTimesOfMessages = [[1,1,1,1,1,1,1,1],[1,1,1,1,1,1,1],[1,1,1,1,1,1,1,1],[1,1,1,1,1,1,1,1],[1,1,1,1,1],[1,1,1,1,1,1,1],[1,1,1,1,1,1,1,1,1,1,1],[1,1,1,1,1,1,1,1,1,1],[1,1,1,1,1,1],[1,1,1,1,1,1,1,1,1],[1,1,1,1,1],[1,1,1,1,1,1],[1,1,1,1,1,1],[1,1,1,1,1],[1,1,1,1,1,1],[1,1,1,1,1,1,1,1,1,1,1,1],[1,1,1,1,1,1,1,1,1,1,1,1,1],[1,1,1,1,1,1,1,1,1,1,1],[1,1,1,1],[1,1,1,1,1,1],[1,1,1,1,1,1,1],[1,1,1,1,1],[1,1,1,1,1,1,1,1],[1,1,1,1,1,1,1,1,1],[1,1,1,1,1,1,1],[1,1,1,1,1,1,1],[1,1,1,1,1],[1,1,1,1,1,1,1,1,1,1],[1,1,1,1,1,1,1,1],[1,1,1,1,1],[1,1,1,1,1],[1,1,1,1,1,1,1,1,1,1],[1,1,1,1,1],[1,1,1,1,1,1,1,1],[1,1,1,1,1,1],[1,1,1,1,1,1],[1,1,1,2,1,1,1,1,1],[1,1,1,1,1],[1,1,1,1,1,1,1,1],[1,1,1,1,1,1],[1,1,1,1,1,1,1,1],[1,1,1,1,1],[1,1,1,1,1,1,1,1],[1,1,1,1,1,1,1,1],[1,1,1,1,1,1,1,1,1,1],[1,1,1,1,1,1,1,1,1],[1,1,1,1,1,1,1,1,1],[1,1,1,1,1,1,1,1],[1,1,1,1,1,1,1],[1,1,1,1,1,1,1],[1,1,1,1,1,1,1,1,1,1,1],[1,1,1,1,1,1,1,1,1,1,1],[1,1,1,1],[1,1,1,1,1,1,1],[1,1,1,1,1,1,1,1,1,1],[1,1,1,1,1,1,1,1],[1,1,1,1,1,1],[1,1,1,1,1,1,1,1,1],[1,1,1,1,1],[1,1,1,1,1,1,1,1,1],[1,1,1,1,1],[1,1,1,1,1,1,1,1,1],[1,1,1,1],[1,1,1,1],[1,1,1,1,1,1,1,1],[1,1,1,1,1,1],[1,1,1,1,1,1],[1,1,1,1,1,1],[1,1,1,1,1,1,1],[1,1,1,1,1,1,1,1],[1,1,1,1,1,1,1,1,1,1,1],[1,1,1,1,1],[1,1,1,1,1,1,1,1,1,1],[1,1,1,1,1,1,1,1,1,1],[1,1,1,1,1],[1,1,1,1,1,1,1,1],[1,1,1,1,1,1,1,1,1],[1,1,1,1,1,1,1,1],[1,1,1],[1,1,1,1,1],[1,1,2,1],[1,1,1,1,1,1,1],[1,1,1,1,1,1,1],[1,1,1,1,1,1,1,1],[1,1,1,1,1,1,1],[1,1,1,1,1,1],[1,1,1,1,1,1,1,1,1,1,1,1,1],[1,1,1,1,1,1,1,1],[1,1,1,1,1,1],[1,1,1,1,1,1,1,1,1,1,1],[1,1,1,1,1,1,1,1],[1,1,1,1,1,1,1,1,1,1],[1,1,1,1,1,1,1,1,1],[1,1,1,1],[1,1,1,1,1,1,1,1,1,1],[1,1,1,1,1],[1,1,1,1,1,1,1],[1,1,1],[1,1,1,1,1,1,1],[1,1,1,1],[1,1,1,1,1,1],[1,1,1,1,1,1,1,1,1],[1,1,1,1,1,1],[1,1,1,1,1,1,1,1,1],[1,1,1,1,1,1],[1,1,1,1],[1,1,1,1,1,1,1,1,1],[1,1,1,1,1,1],[1,1,1,1],[1,1,1,1,1,1,1,1,1,1,1,1,1,1],[1,1,1,1,1,1,1,1,1,1,1,1],[1,1,1,1,1,1,1],[1,1,1,1,1,1],[1,1,1,1,1,1,1,1,1,1],[1,1,1,1,1,1,1,1],[1,1,1,1,1],[1,1,1,1,1,1,1,1,1],[1,1,2,1,1,1],[1,1,1,1],[1,1,1,1,1,1,1,1],[1,1,1,1,1,1,1,1],[1,1,1,1,1,1],[1,1,1,1,1,1],[1,1,1,1,1,1],[1,1,1],[1,1,1,1,1],[1,1,1,1,1,1,1],[1,1,1,1,1,1,1,1],[1,1,1,1,1],[1,1,1,1,1],[1,1,1,1],[1,1,1,1,1,1],[1,1,1,1,1,1,1],[1,1,1,1,1],[1,1,1,1,1,1],[1,1,1,1,2,1,1],[1,1,1,1,1],[1,1,1,1,1,1],[1,1,1,1,1],[1,1,1,1,1,1],[1,1,1,1,1,1,1,1,1],[1,1,1,1,1,1],[1,1,1,1,1,1,1],[1,1,1,1,1],[1,1,1,1,1,1,1,1,1],[1,1,1,1,1,1],[1,1,1,1,1,1,1,1],[1,1,1,1,1,1,1,1,1,1,1,1],[1,1,1,1,1,1,1],[1,1,1,1,1],[1,1,1,1,1],[1,1,1,1,1,1,1,1],[1,1,1,1,1,1,1,1,1,1,1],[1,1,1,1],[1,1,1,1,1,1,1],[1,1,1,1,1,1],[1,1,1],[1,1,1,1,1,1,1,1,1],[1,1,1,1],[1,1,1,1,1,1,1,1,1],[1,1,1,1,1,1],[1,1,1],[1,1,1,1,1],[1,1,1,1,1,1,1,1],[1,1,1,1,1,1,1,1,1],[1,1,1,1,1],[1,1,1,1,1,1,1],[1,1,1,1,1,1,1],[1,1,1,1,1,1],[1,1,1,1,1,1,1],[1,1,1,1,1,1,1],[1,1,1,1,1,1,1],[1,1,1,1,1,1,1],[1,1,1,1,1,1,1,1],[1,1,1,1],[1,1,1],[1,1,1,1,1],[1,1,1,1,1,1,1,1,1,1,1],[1,1,1,1,1,1],[1,1,1,1,1,1,1,1,1],[1,1],[1,1,1,1,1],[1,1,1,1,1,1,1],[1,1,1,1,1,1],[1,1,1,1,1,1,1,1,1],[1,1,1,1,1,1,1,1],[1,1,1,1,1],[1,1,1,1],[1,1,1,1,1,1,1],[1,1,1,1,1],[1,1,1,1],[1,1,1,1,1,1,1,1,1],[1,1,1,1,1,1,1,1],[1,1],[1,1,1,1,1],[1,1,1,1,1,1,1,1,1],[1,1,1,1,1,1,1],[1,1,1,1],[1,1,1,1,1,1],[1,1,1,1,1,1,1,1,1],[1,1,1,1,1,1,1,1,1],[1,1,1,1,1],[1,1,1,1],[1,1,1,1],[1,1,1,1,1,1,1,1,1,1,1,1],[1,1,1,1,1,1,1],[1,1,1,1,1,1,1,1,1,1,1],[1,1,1,1,1,1],[1,1,1],[1,1,1,1],[1,1,1,1,1,1,1,1,1],[1,1,1,1,1],[1,1,1,1,1,1,1,1],[1,1,1,1],[1,1,1,1,1,1,1,1],[1,1,1],[1,1,1,1],[1,1,1,1,1,1],[1,1,1,1,1,1,1,1],[1,1,1,1,1,1,1,1,1,1],[1,1,1,1,1,1,1,1,1,1,1],[1,1,1,1,1,1,1,1],[1,1,1,1,1],[1,1,1,1],[1,1,1,1],[1,1],[1,1,1,1,1,1,1,1],[1,1,1,1,1,1],[1,1,1,1,1,1,1,1],[1,1,1],[1,1,1,1,1,1,1],[1,1,1,1,1],[1,1,1,1,1,1,1,1],[1,1,1,1],[1,1,1,1,1,1],[1,1,1,1],[1,1,1,1,1,1,1,1,1,1,1],[1,1,1,1,1,1,1,1],[1,1,1,1,1,1],[1,1],[1],[1,1,1,1,1,1],[1,1,1,1],[1,1,1,1,1,1,1,1,1,1],[1],[1,1,1],[1,1,1,1,1,1],[1,1],[1,1,1,1,1,1,1,1,1],[],[1,1,2,1,1,1,1],[1,1,1,1,1,1,1],[1,1,1,1,1,1,1,1,1],[1,1,1,1,1,1,1],[1,1,1,1,1,1],[1,1,1,1,1],[1,1,1,1,1],[1,1,1,1,1,1,1,1,1,1,1],[1,1,1,1,1],[1,1,1,1,1,1],[1,1,1,1,1,1],[1,1,1,1,1,1,1],[1,1,1,1,1,1,1,1,1,1,1,1],[1,1,1,1],[1,1,1,1],[1,1,1,1,1,1,1],[1,1],[1,1,1],[1,1,1,1,1,1,1,1,1,1],[1,1,1],[1,1,1,1,1,1,1],[1,1,1],[1,1,1,1,1,1],[1,1,1,1,1,1],[1,1,1,1,1,1,1,1,1,1,1,1],[1,1,1,1,1,1,1,1,1,1],[1],[1,1,1,1,1,1,1],[1,1,1,1,1,1,1,1,1,1],[1,1,1,1],[1,1,1,1,1,1],[1,1,1,1,1,1],[1,1,1,1,1,1,1,1,1],[1,1],[1,1,1],[1,1],[1,1,1,1,1,1,1],[1,1,1,1,1,1],[1,1,1,1,1,1,1,1],[1,1,1,1],[1,1,1,1,1,1,1,1],[1,1,1,1],[1,1,1,1],[1,1,1,1,1],[1,1,1,1,1,1,1],[1,1,1,1,1],[1,1,1,1,1,1],[],[1,1],[1,1,1],[1,1,1,1,1,1,1],[1,1,1],[1,1,1],[1,1,1,1,1,1,1,1],[1,1,1,1,1],[1,1,1],[1,1,1,1,1,1,1,1,1],[1,1,1,1,1],[1,1,1,1,1,1,1,1,1,1],[1,1,1,1,1,1,1,1,1,1,1],[1,1,1,1,1,1,1,1],[1,1,1,1,1,1],[1,1,1,1,1,1,1],[1,1,1,1,1,1,1,1,1],[1,1,1,1,1],[1,1,1,1,1],[1,1,1,1,1],[1,1,1,1,1,1,1,1,1],[1,1,1,1,1,1,1,1,1,1],[1,1,1,1],[1,1,1,1,1,1],[1,1,1,1],[1,1,1,1],[1,1,1,1,1,1,1,1],[1,1,1,1],[1,1],[1,1,1,1,1],[1,1,1],[1,1,1,1,1],[1,1],[1,1,1,1,1,1,1,1,1],[1,1,1,1],[1,1,1],[1,1,1,1,1,1,1,1,1],[1,1,1,1,1],[1,1,1,1,1,1,1,1,1,1,1],[1,1,1,1,1,1,1,1],[1,1,1],[1],[1,1,1,1,1,1,1],[1,1,1,1],[1,1,1],[1,1,1,1,1,1,1],[1,1,1,1],[1,1,1],[1,1,1,1,1,1,1,1,1,1],[1,1,1,1,1,1,1,1,1,1],[1,1,1],[1,1,1],[1,1,1],[1,1,1,1,1,1,1],[1,1,1],[1,1,1,1,1],[1,1,1,1,1,1,1,1,1,1,1],[1,1,1,1,1],[1,1],[1,1,1,1,1,1,1],[1,1,1,1,1,1,1,1],[1,1,1,1,1,1],[1,1],[1,1,1,1,1],[1,1,1,1,1,1,1,1],[1,1,1],[1,1,1,1,1,1],[1,1,1,1,1,1,1],[1,1,1],[1,1,1],[1,1,1,1,1,1],[1,1,1,1,1],[1,1,1,1,1],[1,1,1,1],[1,1,1,1,1],[1,1,1,1,1,1,1,1],[1,1,1,1,1,1],[1,1,1,1,1,1],[1,1,1,1,1,1,1,1],[1,1,1],[1,1,1,1,1,1],[1,1,1],[1,1,1,1],[1,1,1,1,1,1,1,1],[1,1,1,1,1,1,1],[1,1,1,1,1,1],[],[1,1],[1,1,1,1,1],[1,1,1,1,1],[1,1,1,1,1,1,1,1],[1,1],[1,1,1,1],[1,1],[1,1,1,1,1],[1,1,1,1],[1,1,1,1,1],[1],[1,1,1,1],[1,1,1,1,1],[1,1,1,1,1,1,1,1,1,1],[1,1,1,1,1],[1,1,1,1,1],[1,1,1,1,1,1,1,1,1],[1,1,1,1,1,1],[1,1,1,1,1,1,1,1],[1,1,1,1,1],[1,1,1,1],[1,1,1,1],[1,1,1,1,1,1],[1,1,1,1,1,1],[1,1,1,1,1,1],[1,1,1,1],[1,1,1,1,1,1,1,1],[1,1],[1,1],[1,1,1,1],[1,1,1,1],[1,1,1,1,1,1,1],[1,1,1,1],[1,1],[1],[1,1,1,1],[1,1,1,1,1,1,1,1,1,1],[1],[1,1,1,1,1,1,1,1,1],[1,1,1],[1,1,1],[1],[1,1,1,1,1,1,1],[1,1,1,1,1],[1],[1,1,1,1],[1,1,1,1,1],[1,1,1,1],[1,1],[1,1,1,1,1,1],[1,1,1,1],[1,1,1,1,1],[1],[1,1,1,1,1,1],[1,1,1,1,1],[1,1,1],[1,1,1,1,1],[1],[1,1],[1,1,1,1],[1],[1,1,1],[1],[1,1,1],[1],[1,1,1],[1,1,1,1,1,1],[],[1],[1,1,1,1],[1,1,1,1],[1,1,1,1,1],[1,1,1,1],[1],[1,1,1,1,1,1,1],[1],[1],[1,1],[1,1],[1,1,1,1,1],[1,1,1,1,1],[1,1,1,1,1],[1,1,1,1,1,1],[1,1,1],[1,1,1,1],[1,1],[1,1,1,1,1],[1,1,1,1],[1,1,1,1],[1,1,1],[1,1,1,1,1,1,1],[1,1],[],[1,1],[1,1,1],[1],[1],[1,1],[],[1,1],[1,1,1],[1,1,1,1,1],[1],[1,1,1,1,1,1,1,1,1],[1,1,1],[1,1,1,1],[1,1,1,1,1,1,1],[1,1,1,1,1],[1,1,1],[],[1,1,1],[1],[1,1],[1,1,1,1,1],[1,1],[1,1,1,1,1,1,1,1]];

processingTimesRunnables = [13,13,10,5,12,14,14,12,8,12,4,11,10,12,8,6,5,14,13,11,15,15,16,7,14,4,13,13,6,16,15,16,13,13,16,12,12,5,10,13,13,13,11,10,13,13,14,13,13,4,7,9,7,13,16,12,12,14,11,13,4,11,8,10,14,5,8,13,17,8,14,10,12,7,16,13,9,13,10,13,4,13,12,14,12,6,8,13,15,10,15,14,8,4,13,8,12,7,7,5,11,10,10,6,7,11,7,10,6,10,11,11,12,16,14,8,15,11,15,12,9,13,16,12,12,11,9,17,7,14,5,11,14,14,12,15,10,8,14,12,13,13,13,7,7,16,11,7,7,10,11,13,16,11,12,8,13,8,11,12,7,12,11,14,12,11,13,12,10,12,8,6,6,8,12,15,8,12,6,12,12,11,13,6,12,12,10,11,12,12,13,16,6,6,14,8,11,8,16,13,14,13,10,10,12,10,13,12,16,9,6,13,12,6,14,15,8,9,12,14,10,15,10,16,12,11,13,10,7,10,15,13,17,11,10,12,13,5,16,14,12,15,11,5,12,5,5,12,10,10,16,16,4,5,15,14,8,17,11,13,12,5,11,14,12,13,11,8,15,15,11,12,15,15,12,13,12,11,14,14,10,14,6,12,11,15,6,7,12,7,5,13,11,16,8,9,14,7,10,8,12,8,14,13,9,13,12,12,13,11,15,13,11,14,13,6,7,15,12,10,11,5,14,13,15,11,12,5,12,11,12,13,12,12,12,5,11,15,10,12,9,16,8,11,10,13,12,8,10,8,6,15,12,9,15,7,16,11,15,8,16,11,15,11,15,15,14,12,6,8,13,6,6,8,11,14,6,11,12,5,13,5,8,16,13,8,8,14,12,15,5,13,10,13,16,9,7,12,10,11,13,13,12,13,15,10,7,7,14,11,14,7,12,14,11,8,12,14,14,15,11,10,12,11,13,11,10,6,7,10,10,7,16,15,12,11,14,12,11,10,15,6,10,12,11,11,12,9,13,4,9,13,12,13,6,12,12,12,13,10,10,5,8,12,12,16,14,9,17,14,7,12,9,10,13,8,12,8,11,16,9,13,7,13,13,9,12,6,8,13,11,12,12,13,14,9,6,8,7,16];

periods = [5000,20000,20000,20000,10000,50000,50000,100000,10000,100000,10000,10000,20000,1000,20000,10000,2000,100000,50000,20000,2000,20000,10000,100000,10000,10000,10000,20000,100000,20000,20000,10000,10000,10000,10000,100000,20000,100000,10000,20000,50000,100000,20000,10000,20000,10000,5000,10000,10000,10000,10000,20000,20000,20000,20000,10000,2000,100000,10000,50000,10000,20000,10000,10000,20000,50000,10000,20000,20000,20000,100000,10000,20000,2000,10000,100000,20000,10000,20000,100000,20000,20000,20000,10000,10000,100000,20000,10000,20000,1000,10000,20000,100000,20000,10000,100000,10000,20000,50000,10000,20000,10000,10000,100000,50000,100000,10000,20000,20000,100000,10000,100000,20000,20000,10000,10000,50000,20000,10000,20000,100000,100000,20000,100000,10000,100000,10000,20000,20000,10000,20000,100000,20000,10000,10000,100000,20000,100000,10000,20000,10000,20000,20000,20000,10000,20000,10000,20000,1000,100000,10000,100000,20000,10000,20000,10000,20000,20000,10000,100000,100000,100000,10000,20000,20000,20000,20000,20000,2000,20000,100000,10000,2000,2000,10000,10000,100000,100000,10000,20000,10000,10000,100000,10000,20000,1000,100000,20000,50000,20000,10000,10000,20000,20000,20000,50000,20000,10000,100000,20000,1000,10000,20000,2000,100000,20000,100000,100000,10000,1000,20000,20000,20000,10000,10000,10000,10000,100000,20000,100000,10000,100000,10000,50000,20000,100000,100000,100000,20000,2000,100000,20000,20000,20000,10000,20000,20000,100000,20000,10000,20000,100000,20000,10000,20000,10000,20000,50000,10000,10000,50000,10000,20000,50000,100000,10000,100000,20000,10000,100000,100000,10000,20000,20000,20000,1000,100000,20000,10000,10000,20000,20000,10000,100000,20000,100000,100000,100000,5000,20000,20000,10000,10000,2000,10000,10000,20000,100000,100000,5000,10000,100000,100000,10000,20000,100000,100000,20000,20000,20000,20000,10000,20000,10000,100000,2000,5000,10000,10000,20000,100000,20000,20000,100000,10000,100000,10000,100000,2000,10000,10000,10000,10000,10000,100000,100000,20000,100000,20000,20000,100000,100000,10000,10000,50000,10000,10000,100000,10000,20000,20000,20000,100000,20000,20000,100000,100000,100000,100000,1000,100000,2000,20000,1000,20000,10000,100000,50000,100000,20000,20000,10000,20000,20000,10000,20000,100000,50000,20000,50000,20000,10000,20000,20000,100000,10000,10000,50000,100000,20000,20000,100000,100000,1000,100000,100000,20000,20000,2000,10000,20000,100000,20000,10000,10000,5000,100000,100000,2000,100000,100000,20000,100000,100000,20000,20000,100000,10000,10000,100000,100000,100000,10000,20000,100000,20000,20000,20000,20000,100000,10000,100000,10000,20000,20000,20000,10000,20000,5000,100000,20000,10000,10000,20000,10000,10000,10000,20000,10000,20000,100000,10000,10000,10000,10000,100000,100000,100000,10000,2000,5000,20000,100000,100000,100000,50000,10000,10000,100000,1000,20000,20000,1000,20000,5000,20000,5000,10000,20000,100000,10000,10000,20000,50000,50000,100000,100000,20000,100000,20000,10000,100000,10000,20000,100000,100000,20000,100000,20000,20000,20000,10000,10000,20000,5000,100000,20000,100000,100000,20000];

communicationTimeForOrderCriticalMessages = [1,1,1,1,1,1,1,1,1,1,1,1,1,1,1,1,1,1,1,1,1,1,1,1,1,1,1,1,1,1,1,1,1,1,1,1,1,1,1,1,1,1,1,1,1,1,1,1,1,1,1,1,1,1,1,1,1,1,1,1,1,1,1,1,1,1,1,1,1,1,1,1,1,1,1,1,1,1,1,1,1,1,1,1,1,1,1,1,1,1,1,1,1,1,1,1,1,1,1,1,1,1,1,1,1,1,1,1,1,1,1,1,1,1,1,1,1,1,1,1,1,1,1,1,1,1,1,1,1,1,1,1,1,1,1,1,1,1,1,1,1,1,1,1,1,1,1,1,1,1,1,1,1,1,1,1,1,1,1,1,1,1,1,1,1,1,1,1,1,1,1,1,1,1,1,1,1,1,1,1,1,1,1,1,1,1,1,1,1,1,1,1,1,1,1,1,1,1,1,1,1,1,1,1,1,1,1,1,1,1,1,1,1,1,1,1,1,1,1,1,1,2,1];

sizeOfRunnables = [1275,1210,978,465,1103,1308,1355,1133,798,1143,393,1040,938,1110,798,595,483,1383,1293,1010,1475,1490,1595,645,1388,393,1278,1260,543,1523,1433,1588,1223,1215,1518,1165,1105,483,990,1285,1268,1215,1053,955,1243,1233,1335,1233,1245,378,655,848,663,1263,1583,1170,1118,1400,1075,1263,393,1073,715,1000,1305,465,708,1255,1605,798,1305,953,1188,658,1568,1285,865,1268,953,1278,390,1270,1163,1355,1140,528,720,1203,1425,955,1463,1323,775,393,1275,715,1170,630,645,490,1035,955,990,518,673,1090,678,953,543,908,1020,1040,1120,1508,1393,775,1448,1038,1420,1128,878,1248,1528,1155,1143,1088,810,1620,645,1398,423,1030,1373,1393,1180,1425,990,783,1328,1155,1290,1260,1203,615,623,1545,1028,683,648,970,1035,1215,1503,1003,1188,788,1270,720,1100,1148,625,1128,1040,1345,1173,1090,1260,1128,955,1158,745,558,505,705,1143,1405,790,1135,600,1158,1193,1045,1275,503,1113,1133,983,1073,1163,1173,1230,1588,565,510,1313,705,1008,773,1583,1275,1373,1225,975,960,1118,923,1298,1135,1503,803,543,1290,1195,565,1305,1458,705,828,1198,1360,965,1458,963,1573,1138,1023,1290,990,610,908,1410,1300,1620,1045,960,1193,1270,443,1535,1333,1140,1438,1073,475,1113,473,478,1128,983,953,1578,1528,393,468,1498,1350,798,1620,1058,1293,1135,495,1028,1305,1173,1203,1005,750,1485,1465,1028,1150,1438,1420,1125,1278,1140,1060,1328,1305,1000,1335,593,1135,1068,1480,525,690,1150,645,495,1203,1075,1595,768,835,1360,663,940,798,1185,775,1305,1238,805,1285,1113,1185,1223,1098,1420,1238,1073,1333,1260,515,645,1420,1178,908,1095,488,1305,1253,1420,1065,1110,420,1155,1015,1110,1238,1133,1180,1183,490,1090,1480,990,1165,840,1535,765,1008,953,1278,1193,705,940,705,520,1475,1125,893,1438,670,1563,1058,1498,780,1578,1095,1458,1023,1480,1458,1388,1160,510,760,1225,558,535,723,1015,1305,585,1008,1200,488,1268,495,705,1555,1248,780,765,1360,1178,1480,450,1263,985,1248,1560,825,638,1105,938,1030,1290,1283,1145,1275,1430,933,663,678,1323,1073,1400,618,1150,1323,1073,765,1150,1308,1355,1443,1073,975,1195,1035,1230,1068,1000,555,625,983,953,623,1595,1495,1163,1013,1400,1195,1095,978,1463,558,908,1163,1080,1088,1195,848,1280,390,833,1210,1128,1298,548,1120,1198,1173,1258,940,953,500,780,1128,1195,1583,1303,818,1615,1328,645,1160,858,913,1235,788,1170,775,1023,1560,880,1275,645,1223,1275,890,1188,563,728,1253,1088,1188,1110,1230,1333,820,560,765,663,1550];

SenderLabelReceiverOrderCriticalChains = [[170,2965,0,0,341],[341,2655,0,0,480],[480,2959,0,0,272],[272,2986,0,0,123],[123,2704,0,0,146],[146,2564,0,0,426],[27,1702,0,0,163],[163,878,0,0,44],[44,501,0,0,182],[182,2980,0,0,324],[116,1061,0,0,151],[151,1267,0,0,184],[184,1680,0,0,223],[223,1546,0,0,35],[35,3165,0,0,63],[400,277,0,0,80],[80,1657,0,0,392],[392,1199,0,0,199],[199,1044,0,0,132],[132,1872,0,0,257],[114,3099,0,0,405],[405,2205,0,0,424],[424,1036,0,0,466],[386,2561,0,0,261],[261,1016,0,0,328],[328,3769,0,0,379],[379,419,0,0,459],[459,2322,0,0,278],[278,1177,0,0,208],[147,1618,0,0,12],[12,3813,0,0,214],[214,3308,0,0,294],[294,2101,0,0,198],[198,783,0,0,182],[329,3585,0,0,425],[425,2950,0,0,13],[13,1903,0,0,374],[468,945,0,0,395],[395,130,0,0,100],[100,1239,0,0,283],[301,2278,0,0,30],[30,224,0,0,79],[79,2372,0,0,341],[341,2480,0,0,92],[486,690,0,0,36],[36,3789,0,0,332],[332,1697,0,0,288],[407,1464,0,0,392],[392,327,1290,0,326],[326,1174,0,0,96],[275,1849,0,0,234],[234,2078,0,0,140],[140,1837,0,0,65],[65,2107,0,0,142],[142,230,0,0,494],[82,271,0,0,157],[157,3492,0,0,92],[92,2231,0,0,371],[371,3647,0,0,490],[490,1591,0,0,419],[419,1337,0,0,98],[208,2020,0,0,454],[454,416,0,0,348],[348,3918,0,0,498],[498,2899,0,0,161],[106,495,0,0,261],[261,720,0,0,296],[296,3951,0,0,110],[110,1184,0,0,305],[305,3223,0,0,385],[385,731,0,0,297],[285,3717,0,0,102],[102,2232,0,0,175],[175,1710,0,0,51],[51,3534,0,0,46],[46,2114,0,0,409],[409,2464,0,0,294],[401,1570,0,0,136],[136,1716,0,0,76],[76,3056,0,0,152],[152,625,0,0,86],[156,1901,0,0,432],[432,565,0,0,176],[176,3487,0,0,457],[232,927,2667,0,361],[361,3056,0,0,484],[484,774,0,0,79],[79,2219,0,0,237],[272,1698,0,0,424],[424,3053,0,0,265],[265,3421,0,0,327],[327,579,0,0,243],[439,1039,0,0,78],[78,2471,0,0,262],[262,2045,0,0,216],[216,511,0,0,156],[351,3960,0,0,274],[274,1744,0,0,228],[228,2216,0,0,278],[278,217,0,0,325],[325,2248,0,0,318],[423,3833,0,0,85],[85,3170,0,0,72],[72,1903,0,0,427],[427,3151,0,0,9],[9,3880,0,0,362],[362,1316,0,0,483],[76,1979,0,0,398],[398,3539,0,0,218],[218,398,0,0,242],[239,1297,0,0,301],[301,3677,0,0,120],[120,2847,0,0,94],[124,2630,0,0,289],[289,2195,0,0,276],[276,2935,0,0,441],[441,871,0,0,398],[398,1679,0,0,453],[427,3342,0,0,115],[115,2659,0,0,130],[130,3428,0,0,48],[48,127,3776,0,63],[63,1649,0,0,214],[214,987,0,0,435],[184,2393,0,0,249],[249,3259,0,0,214],[214,3431,0,0,356],[356,981,0,0,413],[413,2802,0,0,442],[403,2627,0,0,346],[346,2781,0,0,328],[328,3236,0,0,104],[104,189,0,0,343],[104,1879,0,0,314],[314,2874,0,0,441],[441,790,0,0,278],[278,750,0,0,227],[227,2779,0,0,288],[288,1997,0,0,277],[43,2173,0,0,391],[391,1188,0,0,489],[489,2505,0,0,2],[244,3359,0,0,50],[50,3550,0,0,191],[191,1230,0,0,235],[170,2840,0,0,402],[402,1875,0,0,473],[473,439,0,0,466],[466,1434,0,0,68],[68,3031,0,0,428],[352,1872,0,0,230],[230,2651,0,0,284],[284,612,0,0,57],[57,2166,0,0,389],[383,1217,0,0,392],[392,3114,0,0,42],[42,1701,0,0,488],[69,2126,0,0,87],[87,1200,0,0,391],[391,1642,0,0,380],[380,1843,0,0,109],[109,530,0,0,98],[20,1700,0,0,2],[2,1328,0,0,236],[236,1371,0,0,360],[360,3822,0,0,264],[348,776,0,0,80],[80,86,0,0,86],[86,450,0,0,367],[31,3119,0,0,264],[264,2062,0,0,137],[137,2254,0,0,53],[53,3703,0,0,363],[363,3827,0,0,494],[18,262,0,0,398],[398,1017,0,0,412],[412,1013,0,0,8],[8,1674,0,0,122],[122,1973,0,0,293],[181,531,2020,0,59],[59,3999,0,0,458],[458,3773,0,0,103],[103,1265,0,0,61],[328,2396,0,0,257],[257,1381,0,0,187],[187,772,0,0,205],[205,3356,0,0,121],[121,2570,3964,0,150],[490,3071,0,0,53],[53,1329,0,0,387],[387,1375,0,0,381],[303,2327,0,0,92],[92,3619,0,0,166],[166,1062,0,0,364],[364,794,0,0,180],[8,3337,0,0,348],[348,3092,0,0,255],[255,548,0,0,42],[42,24,0,0,138],[138,2158,0,0,296],[296,563,0,0,446],[119,2144,0,0,437],[437,1476,0,0,457],[457,3453,0,0,48],[48,175,0,0,145],[145,217,0,0,322],[44,2284,0,0,394],[394,1595,0,0,235],[235,129,0,0,256],[256,3845,0,0,333],[333,2134,0,0,214],[402,3737,0,0,417],[417,3252,0,0,143],[143,2462,0,0,406],[406,1439,0,0,363],[363,3967,0,0,94],[94,665,0,0,300],[232,147,0,0,272],[272,3066,0,0,157],[157,1773,0,0,70],[70,2893,0,0,118],[118,840,0,0,268],[268,759,0,0,131]];

SenderLabelReceiverNonOrderCriticalChains = [[1,33,89],[1,33,451],[1,510,353],[1,510,290],[1,716,93],[1,1767,467],[1,2084,47],[1,3307,345],[2,1166,264],[2,1328,236],[2,1500,16],[2,2367,3],[2,2367,77],[2,2399,186],[2,2399,470],[3,985,474],[3,1406,387],[3,2100,4],[3,2100,245],[3,2969,96],[3,3012,364],[3,3012,442],[3,3783,409],[4,1196,158],[4,1196,115],[4,2147,13],[4,2232,123],[4,2232,174],[4,2232,175],[4,2384,45],[4,3074,212],[5,120,9],[5,1020,175],[5,1685,296],[5,3812,461],[5,3812,271],[6,914,189],[6,1606,151],[6,2757,281],[6,3068,66],[6,3516,7],[6,3627,30],[6,3811,370],[7,1597,19],[7,1883,368],[7,1883,189],[7,2195,281],[7,2195,236],[7,2195,276],[7,2539,196],[7,2674,99],[7,3425,402],[7,3430,254],[7,3430,406],[8,443,359],[8,443,338],[8,1674,170],[8,1674,122],[8,2093,289],[8,2845,152],[8,3337,348],[8,3689,10],[8,3689,204],[8,3689,350],[9,608,11],[9,726,11],[9,726,378],[9,1707,500],[9,3718,235],[9,3880,362],[10,1397,142],[10,1826,18],[10,1826,335],[10,2860,469],[10,2867,65],[10,3536,324],[10,3536,216],[10,3807,427],[10,3807,480],[11,558,12],[11,2224,284],[11,2706,303],[11,2706,359],[11,3403,14],[12,58,26],[12,315,262],[12,315,302],[12,2270,390],[12,2631,71],[12,3813,214],[13,614,15],[13,1903,427],[13,1903,374],[13,1941,295],[13,2545,42],[13,3442,300],[14,461,90],[14,2943,400],[14,3535,384],[14,3636,186],[14,3636,234],[15,183,126],[15,563,108],[15,563,446],[15,2286,352],[15,2286,231],[15,2614,20],[16,992,412],[16,992,23],[16,992,286],[16,1454,202],[16,1454,250],[16,2216,281],[16,2216,250],[16,2216,278],[16,3002,92],[16,3453,360],[16,3453,499],[16,3453,48],[17,492,21],[17,492,421],[17,492,235],[17,855,100],[17,855,278],[17,1645,447],[17,1645,119],[17,2165,21],[17,2165,5],[17,3187,420],[17,3187,234],[17,3490,268],[17,3608,21],[18,262,397],[18,262,398],[18,952,76],[18,1995,169],[18,2090,274],[18,2090,415],[18,2090,456],[18,2434,405],[18,3414,24],[18,3414,421],[18,3930,348],[19,1878,41],[19,2395,487],[19,3114,42],[19,3114,105],[20,1576,200],[20,1700,334],[20,1700,2],[20,2495,203],[20,2495,375],[20,3434,22],[21,757,176],[21,757,352],[21,855,100],[21,855,278],[21,2004,57],[21,2004,163],[21,2855,389],[22,131,155],[22,361,294],[22,395,45],[22,2028,43],[22,2487,164],[23,50,413],[23,50,393],[23,688,166],[23,1566,175],[23,1749,302],[23,2053,198],[23,2053,95],[23,3613,26],[24,543,76],[24,543,420],[24,2452,80],[24,2552,303],[24,2733,490],[24,2733,410],[24,3636,186],[24,3636,234],[24,3879,113],[25,1254,36],[25,1785,33],[25,1785,495],[25,2731,64],[25,2731,341],[25,3224,119],[25,3411,27],[26,981,116],[26,981,413],[26,2441,82],[26,2441,483],[26,2483,425],[26,3345,32],[26,3477,84],[27,1702,212],[27,1702,134],[27,1702,163],[27,3216,433],[27,3556,445],[28,259,114],[28,259,463],[28,259,476],[28,941,295],[28,1359,31],[28,1972,387],[28,1972,342],[28,3071,53],[28,3071,161],[28,3071,352],[29,491,38],[29,699,469],[29,1503,138],[29,2478,130],[29,2478,488],[29,3071,53],[29,3071,161],[29,3071,352],[30,224,79],[30,1828,45],[30,2035,245],[30,3572,482],[30,3572,171],[31,1708,27],[31,3058,37],[31,3119,188],[31,3119,264],[31,3326,396],[32,1639,377],[32,1639,177],[32,1838,301],[32,1854,127],[32,2439,452],[32,3272,218],[32,3272,33],[32,3976,88],[32,3976,124],[32,3976,324],[33,69,248],[33,956,29],[33,2017,78],[33,2053,198],[33,2053,95],[34,1205,95],[34,1205,177],[34,1876,480],[34,2386,483],[34,2431,349],[34,2431,39],[34,2605,250],[34,2843,240],[35,544,386],[35,544,75],[35,2847,94],[35,2847,100],[35,3165,63],[35,3524,91],[36,649,38],[36,1480,352],[36,2492,433],[36,3167,6],[36,3167,244],[36,3789,332],[37,2195,281],[37,2195,236],[37,2195,276],[37,2838,43],[37,2927,345],[37,2927,380],[37,2927,227],[37,3146,458],[37,3688,379],[38,100,270],[38,2892,316],[38,2892,277],[38,3382,93],[38,3382,325],[39,165,99],[39,443,359],[39,443,338],[39,505,61],[39,1700,334],[39,1700,2],[39,2012,390],[39,2250,56],[40,11,258],[40,1087,138],[40,1308,355],[40,1636,188],[40,1682,202],[40,1682,489],[41,690,36],[41,690,251],[41,832,236],[41,832,137],[41,1449,60],[41,2579,184],[41,3727,248],[41,3831,66],[42,24,138],[42,1248,228],[42,1701,488],[42,1832,111],[42,2027,106],[43,2173,25],[43,2173,391],[43,2490,320],[43,3181,125],[43,3181,55],[43,3253,94],[43,3914,461],[43,3914,248],[44,501,182],[44,826,199],[44,826,201],[44,826,247],[44,1008,49],[44,2284,394],[44,3238,139],[44,3334,421],[45,758,355],[45,758,147],[45,758,264],[45,758,471],[45,758,464],[45,758,126],[45,1777,357],[45,1777,63],[45,2057,478],[45,3814,414],[46,853,97],[46,1054,170],[46,1084,450],[46,1084,413],[46,1296,34],[46,1296,96],[46,1296,458],[46,2114,409],[46,3810,85],[47,215,361],[47,544,386],[47,544,75],[47,848,422],[47,848,429],[47,1124,192],[47,1124,129],[47,2832,213],[47,3070,420],[48,127,63],[48,175,145],[48,175,357],[48,364,67],[48,935,315],[48,1607,144],[48,3776,63],[48,3776,129],[49,1281,116],[49,2644,119],[49,3415,78],[49,3415,174],[49,3415,430],[49,3974,194],[49,3977,457],[50,213,130],[50,213,61],[50,2905,88],[50,3550,292],[50,3550,191],[50,3589,157],[50,3711,284],[51,1638,121],[51,1638,305],[51,1683,75],[51,1688,72],[51,1688,356],[51,1688,75],[51,2509,445],[51,2713,188],[51,2713,159],[51,3030,103],[51,3534,46],[52,1574,303],[52,2880,81],[52,2911,11],[52,2911,236],[52,2918,98],[52,2918,296],[52,3182,184],[52,3453,360],[52,3453,499],[52,3453,48],[52,3771,68],[53,1329,387],[53,2441,82],[53,2441,483],[53,3703,363],[54,324,157],[54,1124,192],[54,1124,129],[54,1711,65],[54,2106,16],[54,3618,317],[54,3932,461],[55,97,231],[55,97,273],[55,2082,363],[55,2464,14],[55,2464,68],[55,2464,294],[55,2853,77],[55,2874,379],[55,2874,441],[55,3760,356],[56,1148,323],[56,1148,348],[56,1702,212],[56,1702,134],[56,1702,163],[56,1739,59],[56,2159,216],[56,2272,458],[57,561,70],[57,561,204],[57,1058,470],[57,2166,389],[57,2807,53],[57,3148,289],[58,995,326],[58,995,85],[58,1624,109],[58,1908,361],[58,1908,253],[58,2076,446],[58,2805,21],[58,3614,326],[58,3746,104],[59,1905,286],[59,2020,181],[59,2020,454],[59,2466,365],[59,3999,458],[60,366,99],[60,366,155],[60,2094,125],[60,2094,117],[60,2335,66],[60,2335,372],[60,2335,488],[60,2357,117],[60,3250,366],[61,23,64],[61,349,252],[61,2846,79],[61,2982,372],[61,2982,497],[62,566,212],[62,1280,257],[62,1280,109],[62,1280,342],[62,1524,371],[62,1924,147],[62,2318,419],[62,2318,109],[62,3694,98],[63,237,78],[63,794,180],[63,794,267],[63,1649,214],[64,593,154],[64,593,388],[64,655,206],[64,2574,72],[65,1526,429],[65,1530,79],[65,2107,142],[65,2107,449],[65,2367,3],[65,2367,77],[65,2450,73],[65,2450,480],[66,1159,150],[66,1517,370],[66,2165,21],[66,2165,5],[66,2875,99],[66,3211,283],[67,337,328],[67,337,426],[67,3079,117],[67,3834,436],[67,3889,252],[67,3889,285],[68,842,345],[68,842,186],[68,1496,167],[68,1496,493],[68,2897,393],[68,3031,428],[69,2126,87],[69,2126,491],[69,2694,265],[69,2761,120],[69,2834,98],[69,2933,364],[69,3175,212],[70,992,412],[70,992,23],[70,992,286],[70,2260,82],[70,2777,194],[70,2811,222],[70,2893,118],[70,2893,56],[71,332,35],[71,332,194],[71,1318,161],[71,1318,38],[71,1318,91],[71,2274,112],[71,2274,281],[71,2691,328],[71,3408,1],[71,3959,365],[71,3959,455],[72,353,82],[72,1903,427],[72,1903,374],[72,3776,63],[72,3776,129],[73,1495,452],[73,1857,128],[73,2024,19],[73,2024,57],[73,2024,386],[73,2541,183],[73,2561,142],[73,2561,261],[73,2646,326],[73,3412,300],[74,207,27],[74,207,246],[74,1148,323],[74,1148,348],[74,1151,389],[74,1933,173],[74,2719,371],[74,2719,306],[74,3910,477],[74,3910,290],[75,289,241],[75,664,422],[75,664,91],[75,2291,427],[75,2991,176],[76,21,226],[76,21,472],[76,784,226],[76,1979,413],[76,1979,398],[76,2183,93],[76,3056,484],[76,3056,152],[77,210,164],[77,210,447],[77,325,118],[77,325,418],[77,2209,425],[77,2209,489],[77,3399,158],[77,3399,177],[77,3399,374],[78,995,326],[78,995,85],[78,2463,121],[78,2471,441],[78,2471,123],[78,2471,262],[78,3314,171],[78,3314,452],[79,2032,83],[79,2219,237],[79,2372,341],[80,86,86],[80,1657,392],[80,1771,150],[80,1771,339],[80,1771,46],[81,252,378],[81,798,247],[81,3108,298],[81,3988,83],[82,271,157],[82,895,445],[82,895,393],[82,1161,122],[82,1161,412],[82,2800,351],[82,2800,101],[83,176,367],[83,383,436],[83,383,183],[83,1772,108],[83,2120,225],[83,2731,64],[83,2731,341],[84,1383,2],[84,1721,250],[84,2459,106],[84,2459,404],[84,3352,134],[84,3577,154],[84,3615,317],[84,3615,464],[85,876,458],[85,1363,102],[85,2839,162],[85,2839,464],[85,3170,72],[85,3981,53],[85,3981,250],[86,450,367],[86,933,183],[86,2117,3],[86,2436,472],[86,2436,116],[86,2575,64],[87,758,355],[87,758,147],[87,758,264],[87,758,471],[87,758,464],[87,758,126],[87,1200,391],[87,1200,245],[87,1794,155],[87,2589,165],[87,2703,194],[87,2733,490],[87,2733,410],[88,381,135],[88,727,269],[88,1989,323],[88,2045,216],[88,2045,240],[88,2045,384],[88,2045,418],[88,2896,102],[89,144,33],[89,886,142],[89,898,146],[89,1867,245],[89,2059,391],[89,3239,487],[90,213,130],[90,213,61],[90,765,201],[90,2091,210],[90,2091,384],[90,2642,263],[90,2642,286],[90,2720,291],[90,2720,180],[90,2720,438],[90,2785,210],[91,195,226],[91,487,216],[91,536,144],[91,536,462],[91,1411,198],[91,1411,437],[91,1411,105],[91,2680,135],[92,259,114],[92,259,463],[92,259,476],[92,2231,371],[92,2231,40],[92,2365,447],[92,2365,380],[92,3619,5],[92,3619,166],[92,3619,451],[93,1296,34],[93,1296,96],[93,1296,458],[93,1964,222],[93,2607,295],[93,2918,98],[93,2918,296],[93,3835,195],[93,3835,463],[94,665,300],[94,1180,221],[94,2015,234],[94,3830,140],[95,97,231],[95,97,273],[95,824,309],[95,1427,134],[95,1427,435],[95,2471,441],[95,2471,123],[95,2471,262],[95,3098,413],[95,3871,181],[96,1433,106],[96,1433,166],[96,1788,261],[96,2288,340],[96,2288,437],[97,452,139],[97,1355,241],[97,1355,297],[97,1485,217],[97,3029,432],[97,3276,353],[97,3829,204],[98,635,129],[98,3586,390],[98,3586,127],[99,1411,198],[99,1411,437],[99,1411,105],[99,1626,60],[99,1626,280],[99,2215,358],[99,3617,329],[100,939,136],[100,1219,363],[100,1239,283],[100,2654,159],[101,374,262],[101,720,245],[101,720,296],[101,1302,284],[101,1302,395],[101,2739,144],[102,1196,158],[102,1196,115],[102,1505,463],[102,2232,123],[102,2232,174],[102,2232,175],[102,3125,127],[102,3833,85],[102,3833,221],[103,357,286],[103,918,256],[103,1265,61],[103,3644,217],[103,3644,56],[103,3838,37],[104,189,343],[104,880,381],[104,880,313],[104,1349,208],[104,1879,314],[104,2024,19],[104,2024,57],[104,2024,386],[104,3984,26],[105,485,452],[105,485,246],[105,750,333],[105,750,227],[105,1856,367],[105,2611,28],[106,495,261],[106,2580,160],[106,3869,263],[106,3869,359],[107,250,376],[107,662,378],[107,662,330],[107,895,445],[107,895,393],[107,959,320],[107,1844,481],[107,3493,315],[107,3493,426],[108,856,191],[108,856,298],[108,940,113],[108,1273,423],[108,2638,277],[108,2638,470],[109,436,329],[109,530,98],[109,3835,195],[109,3835,463],[110,107,152],[110,758,355],[110,758,147],[110,758,264],[110,758,471],[110,758,464],[110,758,126],[110,1037,4],[110,1161,122],[110,1161,412],[110,1184,241],[110,1184,305],[110,1752,477],[110,2458,206],[111,1394,410],[111,1394,390],[111,1394,342],[111,3012,364],[111,3012,442],[111,3167,6],[111,3167,244],[111,3624,190],[111,3624,135],[111,3976,88],[111,3976,124],[111,3976,324],[112,536,144],[112,536,462],[112,1618,400],[112,1618,12],[112,3042,124],[112,3512,136],[112,3734,326],[113,802,408],[113,1141,434],[113,1372,355],[113,2210,445],[113,3279,158],[113,3279,323],[114,432,131],[114,510,353],[114,510,290],[114,1682,202],[114,1682,489],[114,1758,264],[114,1758,466],[114,2021,411],[114,2683,155],[114,3099,405],[115,241,116],[115,261,256],[115,2659,130],[115,2659,372],[115,2659,203],[115,3915,242],[115,3915,183],[115,3997,118],[116,650,479],[116,650,209],[116,1061,151],[116,1550,168],[116,1550,456],[117,966,224],[117,1167,35],[117,1167,189],[117,1745,418],[117,2090,274],[117,2090,415],[117,2090,456],[117,3914,461],[117,3914,248],[118,488,60],[118,488,203],[118,840,268],[118,2883,16],[118,3644,217],[118,3644,56],[119,1288,179],[119,1465,77],[119,2144,437],[119,3569,405],[120,282,12],[120,738,185],[120,1673,478],[120,1894,243],[120,1894,1],[120,2847,94],[120,2847,100],[120,2859,374],[121,1391,314],[121,1391,220],[121,1391,300],[121,2471,441],[121,2471,123],[121,2471,262],[121,2570,150],[121,3964,150],[122,670,386],[122,911,47],[122,1026,126],[122,1973,426],[122,1973,293],[122,3260,422],[123,814,129],[123,814,227],[123,1256,349],[123,1256,299],[123,1313,144],[123,2704,146],[124,206,30],[124,1358,109],[124,1669,338],[124,2408,207],[124,2630,289],[124,3712,81],[125,856,191],[125,856,298],[125,3196,172],[126,63,218],[126,468,203],[126,468,246],[126,1769,226],[126,3881,177],[127,445,425],[127,1380,396],[127,1641,151],[127,3136,241],[127,3136,106],[127,3137,360],[127,3137,246],[128,314,299],[128,2273,383],[128,2286,352],[128,2286,231],[128,2903,112],[128,3399,158],[128,3399,177],[128,3399,374],[129,313,125],[129,3133,164],[129,3689,10],[129,3689,204],[129,3689,350],[130,1871,323],[130,2862,445],[130,3428,48],[130,3748,316],[130,3748,154],[131,156,159],[131,3591,233],[131,3591,402],[131,3971,225],[132,291,261],[132,1817,171],[132,1872,230],[132,1872,257],[132,2650,152],[132,2788,145],[133,1036,258],[133,1036,466],[133,1357,423],[133,3197,137],[133,3837,198],[133,3869,263],[133,3869,359],[134,1781,428],[134,2344,272],[134,2344,414],[134,2344,135],[134,2590,176],[135,507,113],[135,507,307],[135,2004,57],[135,2004,163],[135,2085,344],[135,2085,462],[136,1275,162],[136,1716,293],[136,1716,76],[136,2359,297],[136,3588,141],[136,3975,19],[136,3975,206],[137,332,35],[137,332,194],[137,660,148],[137,2254,53],[137,2751,159],[138,2094,125],[138,2094,117],[138,2158,296],[138,2296,72],[138,3314,171],[138,3314,452],[139,752,196],[139,1276,180],[139,1403,282],[139,1670,442],[139,3653,141],[140,1075,197],[140,1355,241],[140,1355,297],[140,1557,488],[140,1837,65],[140,3154,272],[141,71,184],[141,492,21],[141,492,421],[141,492,235],[141,1344,128],[141,1514,163],[141,1514,442],[141,2380,157],[141,3008,317],[142,230,494],[142,848,422],[142,848,429],[142,1697,135],[142,1697,288],[142,3172,287],[143,715,190],[143,1312,425],[143,2070,265],[143,2462,406],[143,3151,9],[143,3151,416],[143,3770,280],[144,2968,308],[144,2968,369],[144,3511,225],[144,3655,10],[144,3998,424],[145,217,322],[145,217,325],[145,492,21],[145,492,421],[145,492,235],[145,1100,448],[145,1100,210],[145,1862,240],[145,2808,156],[146,1022,342],[146,1022,193],[146,1429,260],[146,2472,61],[146,2564,426],[146,3391,203],[147,659,176],[147,967,22],[147,1618,400],[147,1618,12],[147,2568,356],[147,2735,192],[147,2735,304],[147,3256,449],[148,302,264],[148,302,419],[148,302,81],[148,468,203],[148,468,246],[148,2319,203],[148,2319,168],[148,2369,259],[148,2669,341],[148,3183,438],[148,3183,364],[148,3642,241],[149,1096,266],[149,1245,228],[149,1245,211],[149,1873,215],[149,2293,350],[149,3019,23],[149,3206,350],[150,1070,185],[150,1070,412],[150,1330,161],[150,2951,417],[150,2951,391],[151,768,160],[151,822,191],[151,1267,184],[151,1972,387],[151,1972,342],[152,625,86],[152,826,199],[152,826,201],[152,826,247],[152,2865,383],[152,3399,158],[152,3399,177],[152,3399,374],[153,288,232],[153,449,134],[153,449,433],[153,2116,405],[153,2335,66],[153,2335,372],[153,2335,488],[153,3809,372],[153,3809,265],[153,3982,119],[153,3982,419],[154,695,172],[154,1035,133],[154,2685,175],[154,3095,369],[155,639,352],[155,639,473],[155,1634,167],[155,1634,33],[155,1662,369],[155,3447,190],[155,3447,454],[156,1901,98],[156,1901,432],[156,2597,453],[156,2597,370],[156,3915,242],[156,3915,183],[157,1773,70],[157,3492,92],[157,3899,25],[158,1025,350],[158,1025,417],[158,2170,282],[158,3676,149],[158,3696,232],[158,3696,486],[158,3696,344],[158,3790,181],[158,3790,444],[159,376,163],[159,467,472],[159,648,211],[159,1236,101],[160,950,255],[160,1391,314],[160,1391,220],[160,1391,300],[160,1645,447],[160,1645,119],[160,2927,345],[160,2927,380],[160,2927,227],[161,175,145],[161,175,357],[161,1391,314],[161,1391,220],[161,1391,300],[161,3439,164],[162,760,440],[162,2872,116],[162,3025,105],[163,878,44],[163,2231,371],[163,2231,40],[163,2504,291],[163,3052,178],[164,1492,377],[164,1492,229],[164,2344,272],[164,2344,414],[164,2344,135],[164,2695,35],[164,3624,190],[164,3624,135],[165,1241,397],[165,1241,185],[165,1420,314],[165,1599,111],[165,1754,317],[165,2305,387],[165,3976,88],[165,3976,124],[165,3976,324],[166,245,103],[166,245,493],[166,245,496],[166,1062,364],[166,1812,371],[167,370,268],[167,1661,287],[167,1908,361],[167,1908,253],[167,1913,484],[167,3309,225],[167,3371,419],[168,408,300],[168,2237,424],[168,3255,340],[168,3539,194],[168,3539,209],[168,3539,218],[168,3539,327],[169,1936,284],[169,2353,384],[169,2839,162],[169,2839,464],[169,2931,298],[169,3778,173],[170,150,195],[170,842,345],[170,842,186],[170,2840,402],[170,2840,387],[170,2965,341],[170,3949,247],[171,292,242],[171,292,288],[171,730,181],[171,1940,53],[171,1944,187],[171,1944,460],[171,1991,479],[172,1460,322],[172,2774,191],[172,3050,184],[172,3140,330],[172,3422,347],[172,3995,69],[172,3995,476],[173,1243,97],[173,2477,284],[173,2854,319],[173,3107,204],[173,3119,188],[173,3119,264],[173,3458,319],[174,168,306],[174,712,153],[174,1191,418],[174,1191,275],[174,1917,448],[174,1917,450],[174,2899,204],[174,2899,161],[175,1547,68],[175,1710,51],[175,1710,181],[175,2069,302],[176,2392,192],[176,2797,132],[176,3487,457],[177,541,234],[177,541,383],[177,639,352],[177,639,473],[177,2755,328],[178,814,129],[178,814,227],[178,1268,130],[178,1710,51],[178,1710,181],[178,1741,228],[178,1741,410],[178,2734,214],[178,2893,118],[178,2893,56],[178,3772,15],[179,358,41],[179,466,458],[179,1550,168],[179,1550,456],[179,2103,223],[179,2289,217],[180,1394,410],[180,1394,390],[180,1394,342],[180,1473,299],[180,2726,322],[180,3452,195],[180,3452,321],[180,3850,94],[180,3850,361],[181,531,59],[181,1622,353],[182,1149,121],[182,2265,216],[182,2266,308],[182,2266,252],[182,2980,324],[183,265,277],[183,265,442],[183,3024,187],[183,3689,10],[183,3689,204],[183,3689,350],[183,3798,316],[184,1680,223],[184,2393,249],[184,3539,194],[184,3539,209],[184,3539,218],[184,3539,327],[185,197,298],[185,1231,250],[185,1771,150],[185,1771,339],[185,1771,46],[185,1786,138],[185,2983,162],[185,2983,150],[185,2983,399],[186,212,460],[186,464,210],[186,464,487],[186,826,199],[186,826,201],[186,826,247],[186,1237,350],[186,3549,385],[187,335,477],[187,772,205],[187,1900,267],[187,3149,452],[187,3149,332],[188,1605,248],[188,3473,400],[188,3598,322],[188,3631,38],[189,390,224],[189,884,251],[189,987,435],[189,987,248],[189,1072,133],[189,3136,241],[189,3136,106],[190,359,193],[190,1875,463],[190,1875,229],[190,1875,473],[190,3743,469],[191,83,430],[191,1086,333],[191,1230,235],[191,3504,285],[192,973,244],[192,973,83],[192,973,330],[192,2045,216],[192,2045,240],[192,2045,384],[192,2045,418],[192,2686,407],[192,2783,101],[193,174,208],[193,174,461],[193,279,9],[193,938,270],[193,1245,228],[193,1245,211],[193,3254,122],[193,3854,453],[194,37,460],[194,749,414],[195,1028,312],[195,3141,452],[195,3156,490],[195,3675,11],[195,3863,373],[196,1118,166],[196,1118,251],[196,1323,224],[196,1883,368],[196,1883,189],[196,2026,474],[196,2198,332],[196,2198,224],[196,3842,456],[197,2288,340],[197,2288,437],[197,2457,156],[197,3183,438],[197,3183,364],[197,3593,315],[197,3680,329],[198,783,182],[198,1945,369],[198,2706,303],[198,2706,359],[199,268,470],[199,1044,132],[199,1326,403],[199,1348,238],[199,2621,125],[199,2776,459],[200,2100,4],[200,2100,245],[200,2533,379],[200,2533,219],[200,2623,353],[200,3663,268],[200,3663,435],[200,3812,461],[200,3812,271],[201,1025,350],[201,1025,417],[201,1068,419],[201,1068,497],[201,1555,4],[201,1564,266],[201,3365,329],[201,3365,499],[201,3874,125],[202,1770,435],[202,2247,273],[202,2546,409],[202,2830,285],[202,2930,256],[203,1702,212],[203,1702,134],[203,1702,163],[203,3078,212],[204,110,108],[204,110,292],[204,1216,230],[204,1824,230],[205,1280,257],[205,1280,109],[205,1280,342],[205,1689,194],[205,1741,228],[205,1741,410],[205,1839,440],[205,1839,267],[205,3356,121],[205,3629,243],[205,3850,94],[205,3850,361],[206,256,111],[206,256,310],[206,887,394],[206,3465,233],[206,3465,230],[206,3543,247],[206,3543,388],[207,406,134],[207,1917,448],[207,1917,450],[207,2194,422],[207,2426,226],[207,2727,411],[207,2727,313],[207,3321,482],[207,3321,43],[207,3910,477],[207,3910,290],[208,1909,462],[208,2020,181],[208,2020,454],[208,2409,341],[208,3748,316],[208,3748,154],[209,762,270],[209,762,445],[209,3386,389],[210,1944,187],[210,1944,460],[210,2008,384],[210,3180,350],[211,534,360],[211,1382,285],[211,1382,478],[211,1382,290],[211,1454,202],[211,1454,250],[211,3076,453],[211,3126,436],[211,3946,440],[212,2344,272],[212,2344,414],[212,2344,135],[212,3457,362],[212,3457,246],[213,1950,232],[213,2433,487],[213,2563,239],[213,2720,291],[213,2720,180],[213,2720,438],[213,3067,494],[213,3363,300],[214,987,435],[214,987,248],[214,3308,294],[214,3431,356],[215,677,112],[215,723,339],[215,890,449],[215,1322,220],[215,1910,231],[215,3100,294],[215,3100,497],[215,3752,132],[216,511,156],[216,2766,347],[216,3127,169],[217,1584,222],[217,2415,318],[217,2816,240],[217,3595,472],[218,163,496],[218,398,242],[218,903,266],[218,903,331],[218,2160,209],[218,3887,133],[219,103,424],[219,1137,243],[219,1137,440],[219,1214,344],[219,1234,373],[219,1241,397],[219,1241,185],[219,3514,265],[220,21,226],[220,21,472],[220,1070,185],[220,1070,412],[220,1399,305],[220,2394,366],[220,2533,379],[220,2533,219],[220,2800,351],[220,2800,101],[221,947,483],[221,997,190],[221,2216,281],[221,2216,250],[221,2216,278],[221,2335,66],[221,2335,372],[221,2335,488],[221,3536,324],[221,3536,216],[221,3933,389],[222,110,108],[222,110,292],[222,278,231],[222,654,446],[222,2290,279],[222,2290,210],[222,2290,335],[222,3872,297],[223,96,252],[223,916,250],[223,1546,35],[223,3336,337],[223,3370,386],[224,365,245],[224,1538,287],[224,1538,378],[224,3265,254],[225,1643,240],[225,2274,112],[225,2274,281],[225,2827,236],[226,2582,248],[226,2926,250],[227,18,277],[227,1716,293],[227,1716,76],[227,1818,168],[227,1818,5],[227,1818,139],[227,1963,257],[227,2779,288],[228,1206,351],[228,2216,281],[228,2216,250],[228,2216,278],[228,3073,255],[228,3581,385],[229,331,406],[229,331,497],[229,402,490],[229,1986,480],[229,2206,67],[229,2968,308],[229,2968,369],[229,2995,469],[230,2651,284],[230,2837,306],[230,3009,399],[231,111,87],[231,111,165],[231,512,395],[231,512,80],[231,1629,292],[231,2966,452],[231,2966,459],[232,147,272],[232,927,34],[232,927,491],[232,2667,361],[232,2900,226],[233,2198,332],[233,2198,224],[233,2262,303],[233,3010,17],[233,3010,181],[233,3010,432],[233,3684,438],[233,3697,447],[234,1277,260],[234,1277,412],[234,1445,374],[234,2078,140],[235,129,256],[235,3809,372],[235,3809,265],[235,3857,487],[235,3857,107],[235,3857,291],[236,1371,360],[236,1371,446],[236,2081,269],[236,2081,175],[237,50,413],[237,50,393],[237,265,277],[237,265,442],[237,409,241],[237,697,366],[237,1255,298],[237,3034,313],[237,3954,49],[237,3954,209],[237,3954,217],[238,905,293],[238,905,38],[238,908,166],[238,1341,446],[238,1893,277],[238,2185,386],[238,3550,292],[238,3550,191],[239,367,271],[239,662,378],[239,662,330],[239,1297,301],[239,3106,245],[239,3390,243],[240,667,321],[240,3037,436],[241,3607,428],[242,355,267],[242,1097,468],[242,1931,470],[242,3873,274],[242,3972,484],[242,3972,62],[243,256,111],[243,256,310],[243,3212,295],[243,3750,490],[244,1187,238],[244,1771,150],[244,1771,339],[244,1771,46],[244,1865,418],[244,2212,482],[244,2212,449],[244,3359,50],[244,3480,311],[244,3480,302],[245,3802,268],[246,1901,98],[246,1901,432],[246,2765,368],[247,384,262],[247,3137,360],[247,3137,246],[247,3208,431],[247,3591,233],[247,3591,402],[248,2327,92],[248,2327,239],[249,449,134],[249,449,433],[249,2081,269],[249,2081,175],[249,2510,317],[249,2510,20],[249,3259,214],[249,3279,158],[249,3279,323],[251,277,80],[251,277,258],[251,569,456],[251,1354,86],[251,3023,31],[251,3982,119],[251,3982,419],[252,302,264],[252,302,419],[252,302,81],[252,1525,406],[252,1525,468],[252,2820,337],[252,3693,316],[253,68,280],[253,68,385],[253,337,328],[253,337,426],[253,1538,287],[253,1538,378],[253,2173,25],[253,2173,391],[253,2190,363],[254,805,335],[254,1052,417],[254,1501,474],[254,1845,156],[254,3243,266],[254,3282,474],[254,3282,488],[255,33,89],[255,33,451],[255,548,499],[255,548,42],[255,2176,311],[255,2963,447],[256,687,457],[256,1787,432],[256,1787,367],[256,3280,90],[256,3845,333],[257,684,385],[257,1381,187],[257,1381,472],[257,1516,276],[257,2243,301],[258,331,406],[258,331,497],[258,1068,419],[258,1068,497],[258,1416,353],[258,3100,294],[258,3100,497],[258,3539,194],[258,3539,209],[258,3539,218],[258,3539,327],[259,264,458],[259,807,427],[259,1102,230],[259,1102,333],[259,3168,233],[260,650,479],[260,650,209],[260,1814,415],[260,2071,198],[260,2225,351],[260,3229,249],[261,696,293],[261,720,245],[261,720,296],[261,1016,328],[261,3365,329],[261,3365,499],[262,499,206],[262,499,425],[262,2045,216],[262,2045,240],[262,2045,384],[262,2045,418],[262,2825,426],[263,880,381],[263,880,313],[263,1525,406],[263,1525,468],[263,2857,280],[263,2857,389],[263,2927,345],[263,2927,380],[263,2927,227],[263,3381,382],[263,3381,77],[263,3381,485],[264,1318,161],[264,1318,38],[264,1318,91],[264,2062,137],[265,906,299],[265,2625,494],[265,3421,327],[265,3421,293],[266,1425,491],[266,1679,453],[266,1679,460],[266,2189,289],[266,2983,162],[266,2983,150],[266,2983,399],[267,329,459],[267,3413,67],[268,759,131],[268,1100,448],[268,1100,210],[269,875,449],[269,1318,161],[269,1318,38],[269,1318,91],[269,1948,485],[269,1948,395],[269,2438,457],[269,2735,192],[269,2735,304],[269,3777,422],[270,1150,339],[270,2793,162],[270,2877,377],[271,113,342],[271,702,438],[271,1205,95],[271,1205,177],[271,2642,263],[271,2642,286],[271,3379,312],[272,1698,424],[272,2986,123],[272,3066,157],[273,1256,349],[273,1256,299],[273,2823,481],[273,3282,474],[273,3282,488],[273,3582,431],[274,638,27],[274,1277,260],[274,1277,412],[274,1744,228],[274,3975,19],[274,3975,206],[275,101,8],[275,101,209],[275,117,464],[275,1090,373],[275,1090,400],[275,1474,444],[275,1486,411],[275,1486,403],[275,1849,234],[275,3081,14],[275,3081,308],[275,3081,344],[276,617,383],[276,1371,360],[276,1371,446],[276,1470,422],[276,1777,357],[276,1777,63],[276,2935,441],[276,3381,382],[276,3381,77],[276,3381,485],[277,3547,471],[278,217,322],[278,217,325],[278,750,333],[278,750,227],[278,1177,208],[278,1894,243],[278,1894,1],[279,53,290],[279,53,473],[279,211,50],[279,1045,330],[279,2014,451],[279,2727,411],[279,2727,313],[279,2863,115],[279,2863,446],[279,3602,429],[280,336,107],[280,775,313],[280,3611,492],[280,3966,349],[281,1280,257],[281,1280,109],[281,1280,342],[281,1508,285],[281,2261,480],[281,2556,355],[282,2013,489],[282,2385,339],[282,3615,317],[282,3615,464],[282,3799,272],[282,3897,457],[283,41,126],[283,41,442],[283,238,160],[283,238,476],[283,1212,439],[283,2294,20],[283,2294,463],[283,2506,19],[283,2641,285],[284,427,89],[284,612,57],[285,2266,308],[285,2266,252],[285,3717,102],[286,149,468],[286,3685,298],[287,219,340],[287,219,467],[287,678,182],[287,1613,326],[287,2075,418],[287,2863,115],[287,2863,446],[288,203,299],[288,1227,327],[288,1896,306],[288,1997,277],[288,2627,346],[288,2627,343],[289,2195,281],[289,2195,236],[289,2195,276],[289,2638,277],[289,2638,470],[289,2849,145],[289,2849,331],[289,2996,330],[290,56,307],[290,75,429],[290,2002,465],[290,2972,467],[291,1394,410],[291,1394,390],[291,1394,342],[291,2099,437],[291,2913,381],[291,3081,14],[291,3081,308],[291,3081,344],[292,2708,414],[292,2994,498],[292,3111,385],[292,3111,475],[293,68,280],[293,68,385],[293,3291,479],[293,3664,246],[294,62,453],[294,669,492],[294,1948,485],[294,1948,395],[294,2101,198],[295,3415,78],[295,3415,174],[295,3415,430],[295,3452,195],[295,3452,321],[295,3543,247],[295,3543,388],[296,563,108],[296,563,446],[296,2587,28],[296,3667,64],[296,3951,110],[297,499,206],[297,499,425],[297,857,322],[297,857,481],[297,857,489],[297,3794,349],[299,1305,424],[299,3766,419],[300,757,176],[300,757,352],[300,2507,156],[301,973,244],[301,973,83],[301,973,330],[301,2278,483],[301,2278,30],[301,3509,478],[301,3677,120],[302,550,356],[302,1827,444],[302,3804,55],[303,2327,92],[303,2327,239],[303,3286,72],[304,10,149],[304,1639,377],[304,1639,177],[304,1678,449],[304,1889,303],[304,3010,17],[304,3010,181],[304,3010,432],[305,885,338],[305,1106,213],[305,1483,325],[305,3158,219],[305,3223,385],[306,743,286],[306,1340,31],[306,3110,319],[307,2107,142],[307,2107,449],[307,3195,396],[307,3421,327],[307,3421,293],[307,3619,5],[307,3619,166],[307,3619,451],[307,3638,429],[308,983,394],[308,1184,241],[308,1184,305],[308,3160,315],[308,3362,37],[309,262,397],[309,262,398],[309,1364,40],[309,1640,433],[309,1674,170],[309,1674,122],[309,2540,365],[309,2932,443],[309,3959,365],[309,3959,455],[310,302,264],[310,302,419],[310,302,81],[310,456,431],[310,1137,243],[310,1137,440],[310,1630,343],[310,2459,106],[310,2459,404],[310,3807,427],[310,3807,480],[311,41,126],[311,41,442],[311,494,389],[311,494,454],[311,3382,93],[311,3382,325],[311,3661,338],[311,3924,348],[312,325,118],[312,325,418],[312,1139,356],[312,1973,426],[312,1973,293],[312,3049,426],[313,507,113],[313,507,307],[313,782,49],[313,1090,373],[313,1090,400],[313,1826,18],[313,1826,335],[314,1535,485],[314,1818,168],[314,1818,5],[314,1818,139],[314,2321,67],[314,2874,379],[314,2874,441],[314,3808,14],[314,3808,31],[315,441,336],[315,512,395],[315,512,80],[315,1303,397],[315,3681,320],[316,664,422],[316,664,91],[316,1676,404],[316,2355,304],[316,3353,383],[317,251,433],[317,567,449],[317,857,322],[317,857,481],[317,857,489],[318,422,416],[318,422,404],[318,1486,411],[318,1486,403],[318,3111,385],[318,3111,475],[318,3273,496],[318,3695,346],[318,3864,498],[319,494,389],[319,494,454],[319,1691,52],[319,2464,14],[319,2464,68],[319,2464,294],[319,2593,352],[319,2983,162],[319,2983,150],[319,2983,399],[320,1813,143],[320,2146,345],[320,2544,443],[320,3045,323],[321,1375,381],[321,1375,483],[321,1628,409],[321,2600,212],[321,2610,334],[321,3513,339],[322,1686,376],[322,1895,377],[322,3663,268],[322,3663,435],[323,3696,232],[323,3696,486],[323,3696,344],[323,3848,426],[324,89,297],[324,259,114],[324,259,463],[324,259,476],[324,1514,163],[324,1514,442],[324,2278,483],[324,2278,30],[325,1951,437],[325,2248,318],[325,2414,338],[325,3153,128],[326,1174,96],[326,2356,331],[327,579,243],[327,955,368],[327,1755,360],[327,2482,464],[327,3963,452],[328,2396,257],[328,3236,104],[328,3769,379],[329,53,290],[329,53,473],[329,2966,452],[329,2966,459],[329,3585,425],[330,498,402],[330,515,182],[331,64,357],[331,64,408],[331,1839,440],[331,1839,267],[331,2024,19],[331,2024,57],[331,2024,386],[331,2317,407],[331,2573,359],[332,1697,135],[332,1697,288],[332,2222,306],[332,2255,304],[333,1598,334],[333,2134,214],[333,3112,375],[334,160,58],[334,1829,29],[334,3381,382],[334,3381,77],[334,3381,485],[334,3447,190],[334,3447,454],[334,3972,484],[334,3972,62],[335,201,358],[335,1208,151],[335,1728,320],[335,1899,370],[335,3728,44],[336,779,277],[336,1321,376],[336,1892,372],[336,1892,498],[336,1892,105],[336,3324,365],[336,3394,380],[336,3586,390],[336,3586,127],[336,3790,181],[336,3790,444],[337,405,439],[337,988,255],[337,1688,72],[337,1688,356],[337,1688,75],[337,3457,362],[337,3457,246],[337,3635,413],[338,315,262],[338,315,302],[338,1833,461],[339,2241,497],[340,593,154],[340,593,388],[340,640,259],[340,2209,425],[340,2209,489],[340,2719,371],[340,2719,306],[341,905,293],[341,905,38],[341,2480,92],[341,2655,480],[342,322,473],[342,458,438],[342,1128,414],[343,543,76],[343,543,420],[343,1892,372],[343,1892,498],[343,1892,105],[343,2212,482],[343,2212,449],[344,2347,343],[344,2721,480],[344,2951,417],[344,2951,391],[345,1173,455],[345,2139,414],[345,3779,363],[346,391,460],[346,548,499],[346,548,42],[346,1292,375],[346,2281,259],[346,2781,487],[346,2781,328],[346,3081,14],[346,3081,308],[346,3081,344],[347,1875,463],[347,1875,229],[347,1875,473],[347,2152,357],[347,2717,448],[347,2961,478],[347,3605,476],[347,3954,49],[347,3954,209],[347,3954,217],[348,776,80],[348,3092,255],[348,3918,498],[349,327,392],[349,1549,477],[349,3329,485],[350,462,15],[350,541,234],[350,541,383],[351,59,69],[351,111,87],[351,111,165],[351,455,477],[351,2319,203],[351,2319,168],[351,3960,274],[352,310,401],[352,1872,230],[352,1872,257],[353,43,416],[353,3010,17],[353,3010,181],[353,3010,432],[353,3968,343],[354,533,460],[354,980,384],[354,1202,384],[354,1361,384],[354,2045,216],[354,2045,240],[354,2045,384],[354,2045,418],[354,2091,210],[354,2091,384],[354,3912,460],[355,1621,462],[355,1688,72],[355,1688,356],[355,1688,75],[355,3931,366],[356,981,116],[356,981,413],[357,1843,430],[357,1843,109],[357,1869,62],[357,2952,140],[357,2952,291],[357,2952,74],[357,3745,382],[358,244,45],[358,726,11],[358,726,378],[358,2351,101],[358,2892,316],[358,2892,277],[358,3007,241],[358,3232,465],[359,546,379],[359,622,70],[359,2495,203],[359,2495,375],[359,3808,14],[359,3808,31],[360,1390,179],[360,3822,264],[361,927,34],[361,927,491],[361,1190,406],[361,3056,484],[361,3056,152],[362,1316,483],[362,2111,174],[362,2111,380],[362,2365,447],[362,2365,380],[362,2659,130],[362,2659,372],[362,2659,203],[363,3827,494],[363,3967,94],[363,3967,463],[364,488,60],[364,488,203],[364,794,180],[364,794,267],[364,1238,369],[364,3388,448],[365,1302,284],[365,1302,395],[365,1381,187],[365,1381,472],[365,1612,408],[365,2901,30],[365,2901,395],[366,344,362],[366,576,417],[366,674,416],[367,1455,498],[367,2142,482],[367,3699,411],[368,1886,332],[368,2097,391],[368,2301,378],[368,2952,140],[368,2952,291],[368,2952,74],[369,2290,279],[369,2290,210],[369,2290,335],[369,3430,254],[369,3430,406],[370,245,103],[370,245,493],[370,245,496],[370,850,474],[370,2061,137],[371,2431,349],[371,2431,39],[371,2976,388],[371,3647,490],[372,1492,377],[372,1492,229],[372,1979,413],[372,1979,398],[372,3826,468],[373,174,208],[373,174,461],[373,1737,473],[373,1785,33],[373,1785,495],[373,2982,372],[373,2982,497],[373,3936,497],[374,518,476],[374,2111,174],[374,2111,380],[374,2928,270],[374,3149,452],[374,3149,332],[375,433,324],[375,903,266],[375,903,331],[375,1004,422],[375,2179,447],[375,3506,448],[376,464,210],[376,464,487],[376,657,239],[376,973,244],[376,973,83],[376,973,330],[376,2038,36],[376,2804,24],[377,1787,432],[377,1787,367],[377,3592,481],[378,2713,188],[378,2713,159],[378,3080,433],[378,3080,475],[378,3321,482],[378,3321,43],[379,419,459],[379,1249,339],[379,1522,431],[380,1261,240],[380,1562,39],[380,1843,430],[380,1843,109],[381,1382,285],[381,1382,478],[381,1382,290],[381,1408,59],[381,3659,469],[381,3954,49],[381,3954,209],[381,3954,217],[382,422,416],[382,422,404],[382,616,470],[382,770,470],[382,1565,496],[382,3846,443],[382,3938,200],[383,832,236],[383,832,137],[383,1217,392],[383,1296,34],[383,1296,96],[383,1296,458],[385,613,88],[385,731,297],[386,637,131],[386,1167,35],[386,1167,189],[386,2561,142],[386,2561,261],[387,207,27],[387,207,246],[387,229,208],[387,1375,381],[387,1375,483],[388,485,452],[388,485,246],[388,857,322],[388,857,481],[388,857,489],[388,1191,418],[388,1191,275],[388,1523,273],[389,3737,131],[389,3737,417],[390,385,443],[390,589,325],[390,1374,435],[390,1374,492],[391,1188,489],[391,1642,380],[392,1199,199],[392,1290,326],[392,1765,197],[392,3114,42],[392,3114,105],[393,5,466],[393,854,338],[393,2753,418],[393,2768,377],[394,477,168],[394,1595,235],[394,2016,22],[394,2034,409],[394,3349,395],[395,130,100],[396,991,161],[396,1797,429],[396,2618,429],[396,3354,465],[397,1309,5],[397,1791,454],[397,2399,186],[397,2399,470],[397,3521,125],[398,1017,412],[398,1029,64],[398,1626,60],[398,1626,280],[398,1679,453],[398,1679,460],[398,3539,194],[398,3539,209],[398,3539,218],[398,3539,327],[399,561,70],[399,561,204],[399,1998,450],[399,2137,450],[399,2681,450],[400,277,80],[400,277,258],[400,3187,420],[400,3187,234],[400,3584,488],[401,194,403],[401,238,160],[401,238,476],[401,823,479],[401,1084,450],[401,1084,413],[401,1570,136],[401,1802,249],[401,3782,360],[402,1875,463],[402,1875,229],[402,1875,473],[402,2890,19],[402,3737,131],[402,3737,417],[403,930,82],[403,1225,415],[403,2232,123],[403,2232,174],[403,2232,175],[403,2627,346],[403,2627,343],[403,3482,50],[404,143,476],[404,275,455],[404,346,20],[404,3178,453],[404,3596,407],[405,421,420],[405,560,224],[405,1311,259],[405,2205,424],[406,1282,332],[406,1439,363],[406,2478,130],[406,2478,488],[407,1464,392],[407,2749,410],[407,2844,448],[407,3131,146],[407,3572,482],[407,3572,171],[408,694,445],[408,762,270],[408,762,445],[408,1022,342],[408,1022,193],[408,1970,443],[409,2450,73],[409,2450,480],[409,2464,14],[409,2464,68],[409,2464,294],[409,2712,468],[410,1076,344],[410,3806,412],[410,3981,53],[410,3981,250],[411,992,412],[411,992,23],[411,992,286],[411,1866,485],[411,2864,479],[411,3415,78],[411,3415,174],[411,3415,430],[412,1013,8],[412,2581,477],[413,948,444],[413,2802,442],[414,2115,399],[414,3696,232],[414,3696,486],[414,3696,344],[415,1892,372],[415,1892,498],[415,1892,105],[415,1937,396],[416,1284,461],[416,1758,264],[416,1758,466],[416,2318,419],[416,2318,109],[416,2781,487],[416,2781,328],[417,682,267],[417,3252,143],[417,3465,233],[417,3465,230],[418,2911,11],[418,2911,236],[419,1337,98],[420,1171,40],[420,1374,435],[420,1374,492],[420,3376,303],[421,758,355],[421,758,147],[421,758,264],[421,758,471],[421,758,464],[421,758,126],[421,1427,134],[421,1427,435],[421,1631,435],[421,2378,402],[422,2637,179],[423,575,434],[423,630,439],[423,630,461],[423,1877,493],[423,2543,443],[423,3080,433],[423,3080,475],[423,3833,85],[423,3833,221],[424,1036,258],[424,1036,466],[424,3053,265],[425,1634,167],[425,1634,33],[425,2950,13],[426,1032,282],[427,2510,317],[427,2510,20],[427,3043,15],[427,3043,160],[427,3151,9],[427,3151,416],[427,3342,115],[428,35,434],[428,1197,497],[428,2665,415],[428,2849,145],[428,2849,331],[429,3404,28],[430,173,455],[430,2226,482],[430,2616,486],[430,3269,129],[431,2720,291],[431,2720,180],[431,2720,438],[431,2910,154],[431,3006,462],[432,17,437],[432,565,176],[432,2085,344],[432,2085,462],[433,2724,292],[433,3819,80],[434,1764,273],[434,2361,59],[434,2939,321],[434,3857,487],[434,3857,107],[434,3857,291],[435,1490,451],[435,2290,279],[435,2290,210],[435,2290,335],[436,1411,198],[436,1411,437],[436,1411,105],[436,2112,437],[436,3666,442],[437,1476,457],[438,64,357],[438,64,408],[438,737,27],[438,3619,5],[438,3619,166],[438,3619,451],[439,1039,78],[439,1376,274],[439,2798,349],[439,2857,280],[439,2857,389],[440,128,484],[440,2818,84],[440,2917,399],[441,790,278],[441,871,398],[441,2456,496],[441,2597,453],[441,2597,370],[442,2390,153],[443,1653,444],[443,2238,499],[444,377,410],[444,2436,472],[444,2436,116],[444,3726,493],[445,3836,367],[446,366,99],[446,366,155],[446,2516,131],[447,2498,454],[448,3884,79],[448,3995,69],[448,3995,476],[449,830,298],[450,1200,391],[450,1200,245],[450,1724,471],[451,460,63],[451,1043,465],[451,1102,230],[451,1102,333],[451,2126,87],[451,2126,491],[453,2229,496],[454,416,348],[454,416,484],[454,1466,499],[454,3862,81],[455,1433,106],[455,1433,166],[455,1718,355],[455,1971,496],[456,101,8],[456,101,209],[456,1717,74],[456,1999,310],[456,3297,192],[457,2208,225],[457,3453,360],[457,3453,499],[457,3453,48],[458,3773,103],[459,245,103],[459,245,493],[459,245,496],[459,719,479],[459,2322,278],[459,3967,94],[459,3967,463],[460,717,100],[461,825,491],[462,1138,202],[462,2193,494],[463,2211,123],[463,2364,302],[464,417,96],[464,1382,285],[464,1382,478],[464,1382,290],[464,3867,29],[465,219,340],[465,219,467],[465,1468,495],[465,2184,467],[465,3729,253],[466,591,415],[466,1434,68],[466,2090,274],[466,2090,415],[466,2090,456],[467,292,242],[467,292,288],[467,705,13],[467,1638,121],[467,1638,305],[467,1748,108],[468,945,395],[468,1001,486],[468,3671,472],[469,3755,491],[469,3857,487],[469,3857,107],[469,3857,291],[470,3414,24],[470,3414,421],[471,630,439],[471,630,461],[471,1542,481],[471,2352,483],[471,3145,481],[472,210,164],[472,210,447],[472,3043,15],[472,3043,160],[473,416,348],[473,416,484],[473,439,466],[473,1452,495],[474,1529,209],[474,3480,311],[474,3480,302],[475,404,430],[475,1233,260],[475,2294,20],[475,2294,463],[475,2952,140],[475,2952,291],[475,2952,74],[476,1881,495],[476,2803,477],[478,1684,441],[478,2923,494],[479,2046,54],[479,3889,252],[479,3889,285],[480,2959,272],[481,283,295],[482,2882,307],[482,3656,368],[484,138,475],[484,774,79],[485,1060,495],[485,2596,486],[485,3328,486],[486,690,36],[486,690,251],[486,2659,130],[486,2659,372],[486,2659,203],[487,2988,71],[488,758,355],[488,758,147],[488,758,264],[488,758,471],[488,758,464],[488,758,126],[488,1818,168],[488,1818,5],[488,1818,139],[489,354,96],[489,2505,2],[489,3952,75],[490,1591,419],[490,3071,53],[490,3071,161],[490,3071,352],[491,758,355],[491,758,147],[491,758,264],[491,758,471],[491,758,464],[491,758,126],[491,3751,494],[492,556,118],[492,1130,253],[492,1496,167],[492,1496,493],[492,3436,169],[493,671,474],[493,685,106],[493,910,312],[495,164,187],[495,1118,166],[495,1118,251],[496,2813,235],[497,383,436],[497,383,183],[498,1667,54],[498,2899,204],[498,2899,161],[498,2901,30],[498,2901,395],[499,3402,301],[499,3562,25],[500,142,455],[500,411,248],[500,909,439],[500,2946,471],[500,3181,125],[500,3181,55],[500,3493,315],[500,3493,426]];

jitters = [5000,20000,20000,20000,10000,50000,50000,100000,10000,100000,10000,10000,20000,1000,20000,10000,2000,100000,50000,20000,2000,20000,10000,100000,10000,10000,10000,20000,100000,20000,20000,10000,10000,10000,10000,100000,20000,100000,10000,20000,50000,100000,20000,10000,20000,10000,5000,10000,10000,10000,10000,20000,20000,20000,20000,10000,2000,100000,10000,50000,10000,20000,10000,10000,20000,50000,10000,20000,20000,20000,100000,10000,20000,2000,10000,100000,20000,10000,20000,100000,20000,20000,20000,10000,10000,100000,20000,10000,20000,1000,10000,20000,100000,20000,10000,100000,10000,20000,50000,10000,20000,10000,10000,100000,50000,100000,10000,20000,20000,100000,10000,100000,20000,20000,10000,10000,50000,20000,10000,20000,100000,100000,20000,100000,10000,100000,10000,20000,20000,10000,20000,100000,20000,10000,10000,100000,20000,100000,10000,20000,10000,20000,20000,20000,10000,20000,10000,20000,1000,100000,10000,100000,20000,10000,20000,10000,20000,20000,10000,100000,100000,100000,10000,20000,20000,20000,20000,20000,2000,20000,100000,10000,2000,2000,10000,10000,100000,100000,10000,20000,10000,10000,100000,10000,20000,1000,100000,20000,50000,20000,10000,10000,20000,20000,20000,50000,20000,10000,100000,20000,1000,10000,20000,2000,100000,20000,100000,100000,10000,1000,20000,20000,20000,10000,10000,10000,10000,100000,20000,100000,10000,100000,10000,50000,20000,100000,100000,100000,20000,2000,100000,20000,20000,20000,10000,20000,20000,100000,20000,10000,20000,100000,20000,10000,20000,10000,20000,50000,10000,10000,50000,10000,20000,50000,100000,10000,100000,20000,10000,100000,100000,10000,20000,20000,20000,1000,100000,20000,10000,10000,20000,20000,10000,100000,20000,100000,100000,100000,5000,20000,20000,10000,10000,2000,10000,10000,20000,100000,100000,5000,10000,100000,100000,10000,20000,100000,100000,20000,20000,20000,20000,10000,20000,10000,100000,2000,5000,10000,10000,20000,100000,20000,20000,100000,10000,100000,10000,100000,2000,10000,10000,10000,10000,10000,100000,100000,20000,100000,20000,20000,100000,100000,10000,10000,50000,10000,10000,100000,10000,20000,20000,20000,100000,20000,20000,100000,100000,100000,100000,1000,100000,2000,20000,1000,20000,10000,100000,50000,100000,20000,20000,10000,20000,20000,10000,20000,100000,50000,20000,50000,20000,10000,20000,20000,100000,10000,10000,50000,100000,20000,20000,100000,100000,1000,100000,100000,20000,20000,2000,10000,20000,100000,20000,10000,10000,5000,100000,100000,2000,100000,100000,20000,100000,100000,20000,20000,100000,10000,10000,100000,100000,100000,10000,20000,100000,20000,20000,20000,20000,100000,10000,100000,10000,20000,20000,20000,10000,20000,5000,100000,20000,10000,10000,20000,10000,10000,10000,20000,10000,20000,100000,10000,10000,10000,10000,100000,100000,100000,10000,2000,5000,20000,100000,100000,100000,50000,10000,10000,100000,1000,20000,20000,1000,20000,5000,20000,5000,10000,20000,100000,10000,10000,20000,50000,50000,100000,100000,20000,100000,20000,10000,100000,10000,20000,100000,100000,20000,100000,20000,20000,20000,10000,10000,20000,5000,100000,20000,100000,100000,20000];

