NumChains = 50;
NumResources = 3;
NumRunnablesInChains = 210;
MemoryBoundOnResource = 1048576;
UtilizationBoundOnResource = 100;

numberOfTasksinChain = [7,7,9,5,9,5,5,9,7,9,7,9,9,9,5,9,5,9,5,9,7,9,5,7,5,5,9,7,7,9,7,5,9,7,5,9,9,5,7,9,7,7,9,7,9,9,9,9,7,7];

runnablesInChains = [54,335,25,288,300,481,357,347,233,449,401,297,45,269,240,283,82,437,63,335,129,461,264,310,394,420,259,331,318,109,392,305,134,376,415,358,179,293,455,253,64,427,243,10,83,99,216,232,79,224,325,102,182,134,254,432,469,246,468,125,275,158,164,411,156,10,238,130,278,137,490,485,41,157,327,132,408,450,347,495,461,355,254,235,85,183,91,322,58,418,66,120,290,285,36,413,12,96,376,147,329,78,87,492,138,273,380,344,106,212,87,219,33,13,333,220,195,111,131,38,480,80,294,177,309,383,147,351,249,193,238,217,251,448,104,255,170,457,272,177,373,53,436,242,5,236,262,87,363,388,367,83,27,136,112,365,65,85,328,322,197,233,215,149,26,375,24,186,422,175,281,235,135,360,180,245,1,385,226,145,437,268,154,185,458,178,34,416,444,185,260,127,438,214,395,444,265,397,49,240,339,82,389,136,451,2,364,51,133,150];

ProcessingTimesOfMessages = [[1,1,1,1,1,1,1,1,1,1],[1,1,1,1,1,1,1,1,1],[1,1,1,1,1,1,1,1,1],[1,1,1,1,1,1,1,1,1,1,1],[1,1,1,1,1,1,1],[1,1,1,1,1,1,1],[1,1,1,1,1,1,1,1,1,1],[1,1,1,1,1,1,1,1],[1,1,1,1,1,1,1],[1,1,1,1,1,1,1,1,1,1],[1,1,1,1,1,1,1,1],[1,1,1,1,1,1,1,1,1,1,1],[1,1,1,1,1,1,1,1],[1,1,1,1,1,1,1,1,1],[1,1,1,1,1,1,1,1,1,1],[1,1,1,1,1,1,1,1,1,1],[1,1,1,1,1,1,1],[1,1,1,1,1,1,1],[1,1,1,1,1,1,1,1],[1,1,1,1,1,1],[1,1,2,1,1,1,1,1],[1,1,1,1,1,1,1,1,1,1],[1,1,1,1,1,1,1,1,1,1,1],[1,1,1,1,1,1,1,1,1,1,1],[1,1,1,1,1,1],[1,1,1,1,1],[1,1,1,1,1,1,1,1,1,1,1,1,1],[1,1,1,1,1,1,1,1,1,1],[1,1,1,1],[1,1,1,1,1],[1,1,1,1,1,1,1,1,1,1],[1,1,1,1,1,1,1,1,1],[1,1,1,1,1,1,1,1,1,1,1],[1,1,1,1,1],[1,1,1,1,1,1,1,1,1,1],[1,1,1,1,1,1,1,1,1,1],[1,1,1,1],[1,1,1,1,1,1,1,1,1,1,1,1,1],[1,1,1,1,1,1,1,1,1,1],[1,1,1],[1,1,1,1,1,1,1,1],[1,1,1,1,1,1,1,1,1,1],[1,1,1,1,1,1,1,1,1,1,1],[1,1,1,1,1],[1,1,1,1,1,1],[1,1,1,1,1,1,1,1,1,1,1],[1,1,1,1,1,1,1,1],[1,1,1,1,1],[1,1,1,1,1,1,1,1,1,2],[1,1,1,1,1,1,1,1,1,1,1],[1,1,1,1,1,1,1,1,1,1],[1,1,1,1,1,1,1,1,1,1,1,1],[1,1,1,1,1,1,1,1,1],[2,2,1,1,1,1,1],[1,1,1,1,1,1,2,1],[1,1,1,1,1,1,1],[1,1,1,1,1,1],[1,1,1,1,1,1,1],[1,1,1,1,1,1,1,1],[1,1,1,1,1,1,1,1,1,1,1],[1,1,1,1],[1,1,1,1,1],[1,1,1,1,1,1,1],[2,1,1,1,1,1,1,1,1,1],[1,1,1,1,1,1,1,1,1,1,1,1],[1,1,1,1,1,1],[1,1,1,1,1,1,1],[1,1,1,1,1,1,1],[1,1,1,1,1],[1,1,1,1,1,1,1],[1,1,1,1,1,1,1,1,1],[1,1,1,1,1],[1,1,1,1,1,1],[1,1,1,1,1],[1,1,1,1,1],[1,1,1,1,1,1,1,1,1],[2,1,1,1,1,1],[1,1,1,1,1,1,1],[1,1,1,1,1,1,1,1],[1,1,1,1],[1,1,1,1,1,1,1,1],[1,1,1,1,1,1,1,1],[1,1,1,1,1,1],[1,1,1,1,1,1,1,1],[1,1,1,1,1,1,1],[1,1,1,1,1,1,1,1],[1,1,1,1,1,1,1],[1,1,1,1,1],[1,1,1,1,1,1,1,1,1,1,1,1],[1,1,1,1],[1,1,1,1,1,1],[1,1,1,1,1,1],[1,1,1,1,1,1,1,1,1,1],[1,1,1,1,1,1,1,1],[1,1,1,1,1,1,1,1,1,1,1,1],[1,1,1,1,1,1],[1,1,1,1,1,1,1,1,1,1,1],[1,1,1,1,1,1,1,1,1,1],[1,1,1,1,1,1,1,1,1,1],[1,1,1,1,1],[1,1,1,1,1],[1,1,1,1,1,1,1],[1,1,1,1,1,1,1,1],[2,1,1,1,1,1,1],[1,1,1,1,1,1,1,1,1],[1],[1,1,1,1,1,1,1],[1,1,1,1,1,1,1],[1,1,1,1,1,1,1,1],[1,1,1,1,1,1,1],[1,1,1,1,1,1,1,1,1],[1,1,1,1,1,1,1,1],[1,1,1,1],[2,1,1,1,1,1,1,1],[1,1,1,1,1],[1,1,1,1,1],[1,1,1],[1,1,1,1,1,1],[1,1,1,1,1,1,1,1,1,1,1],[1,1,1,1,1,1,1],[1,1,1,1,1],[1,1,1,1,1,1],[1,1,1,1,1,1,1,1,1,1,1],[1,1,1,1,1,1,1],[1,1,1,1,1,1,1],[1,1,1,1,1,1,1,1,1],[1,1,1,1,1],[1,1,1,1,1,1,1,1,1],[1,1,1,1,1,1],[1,1,1,1,1,1,1,1,1],[1,1,1,1,1,1,1],[1,1,1,1,1,1,1,1,1,1,1,1],[1,1,1,1,1,1,1],[1,1,1,1,1,1,1,1],[1,1,1,1,1,1,1],[1,1,1,1,1,1,1,1,1,1,1,1],[1,1,1,1,1,1,1,1],[1,1],[1,1,1,1,1,1],[1,1,1,1],[1,1,1,1,1,2,1],[1,1,1,1,1,1,1,1,1],[1],[1,1,1,1,1,1],[1,1,1,1,1,1],[1,1,1,1],[1,1,1,1,1,1,1,1],[1,1,1,1,1,1,1,1,1,1],[1,1,1,1,1],[1,1,1,1,1],[1,1,1,1,1,1,1],[1,1,1,1,1,1,1,1,1,1],[1,1,1],[1,1,1,1,1,1,1,1,1,1,1,1],[1,1,1,1,1,1,1,1,1,1,1,1,1],[1,1,1,1],[1,1,1,1],[1,1,1,1,1,1],[1,1,1,1,1,1,1,1,1],[1,1,1,1,1,1],[1,1,1,1,1,1],[1,1,1,1,1,1,1,1,1],[1,1,1,1,1,1,1,1,1,1],[1,1,1,1,1,1,1],[1,1,1,1,1,1,1,1],[1,1,1,1,1,1],[2,2,1,1,1,1,1,1,1,1,1],[1,1,1,1,1,1,1,1,1,1],[1,1,1,1,1,1],[1,1,1,1,1,1,1,1,1,1],[1,1,1,1,1,1],[1,1,1,1,1,1,1],[1,1,1,1,1],[1,1,1,1,1],[1,1,1,1,1,2,2],[1,1,1,1,1,1,1,1],[1,1,1,1,1,1,1,1],[1,1,1,1,1,1,1],[1,1,1,1,1,1,1,1],[1,1,1,1,1,1,1,1],[1,1,1,1,1,1,1,1,1],[1,1,1,1,1,1,1],[1,1,1,1,1,1,1,1,1],[1,1,1,1],[1,1,1,1,1],[1,1,1,1,1,1,1,1,1,1,1,1,1],[1,1,1,1,1,1],[1,1],[1,1,1,1],[1,1,1,1,1,1,1,1,1,1],[1,1,1,1],[1,1,1,1,1],[1,1,1],[1,1,1,1,1,1,1,1,1,1],[1,1,1,1,1,1,1,1,1],[1,1,2,1,1,1,1],[1,1,1,1,1,1,1,1,1],[1,1,1,1,1,1],[1,1,1,1],[1,1,1],[1,1,1,1,1,1,1],[1,1,1,1,1,1,1],[1,1,1],[1,1,1,1,1,1,1,1,1,1],[1,1,1,1,1,1,1,1,1,1,1,1,1],[1,1,1,1,1,1],[1,1,1,1,1],[1,1,1,1,1,1,1],[1,1,1,1,1,1,1,1],[1,1,1,1,1,1],[1,1,1,1,1,1],[1,1,1,1,1],[1,1,1,1,1],[1,1,1,1,1],[1,1,1,1],[1,1,1,1,1,1,1,1,1,1],[1,1,1,1],[1,1,1,1],[1,1,1,1,1,1,1,1],[1,1,1,1,1,1,1,1],[1,1,1,1,1,1,1,1,1,1,1,1,1,1],[1,1,1,1,1,1,1],[1,1,1,1,1,1,1,1],[1,1,1,1],[1,1,1,1,1,1],[1,1,1,1,1,1,1],[1,1,1,1],[1,1,1,1,1,1,1,1,1],[1,1,1,1,1,1,1,1,1],[1,2,1,1,1],[1,1,1,1,1],[1,1,1,1,1,1,1,1,1,1],[1,1,1,1],[1,1,1],[1,1,1,1,1],[1,1,1,1,1,1],[1,1,1,1,1,1,1],[1,1,1,1,1,1,1],[1,1,1,1,1,1,1,1,1,1],[1,1,1,1,1],[1,1,1,1,1,1,1,1],[1,1,1,1,1],[1,1,1,2,2,1,1,1,1],[1,1,1,1],[1,1],[1,1,1,1,1,1,1,1,1],[1,1,1],[1,1],[1,1,1,1,1,1,1,1],[1,1,1,1,1,1,1,1],[1,1,1,1],[1,1,1,1,1,1,1,1],[1,1,1,1,1,1],[1,1,1],[1,1,1,1,1],[1,1,1,1,1,1,1,1],[1,1,1,1,1,1,1],[1,1],[1,1,1,1,1],[1,1,1,1,1,1],[1,1,2,2],[1,1,1],[1,1,1,1,1,1,1],[1,1,1,1,1,1],[1,1,1,1,1],[1,1,1,1,1,1,1,1],[1,1,1,1],[1,1,1,1,1,1,1,1],[1,1,1,1,1,1,1,1,1,1,1,1],[1,1,1,1],[1,1,1,1,1,1,1,1,1,1,1],[1,1,2,2,2],[1,1,1,1,1,1],[1,1,1,1,1,1,1],[1,1,1,1,1,1,1,1,1],[1,1,1,1],[1,1,1,1,1,1,1],[1,1,1,1,1,1,1,1,1,1,1],[1,1,1,1,1,1],[1,1,1,1,1,1,1],[1,1,1,1,1],[1,1,1,1,1,1,1,1],[1,1,1,1,1,1],[1,1,1,1,1,1,1,1],[1,1,1,1,1,1,1,1],[1,1],[1,1,1,1],[1,1,1,1,1,1],[1,1,1,1,1,1,1],[1,1,1,1,1],[1,1,1,1,1],[1,1,1,1,1,1,1],[1,1,1,1,1,1,1],[1,1,1,1],[1,1,1,1,1,1],[1],[1,1,1,1,1,1,1,1],[1,1,1,1],[],[1,1,1,1,2,1,1,1,1,1,1,1],[1,1,1,1,1],[1,1],[1,1,1,1,1,1,1,1,1,1,1,1],[1,1,1,1],[1,1,1,1],[1,1,1,1,1,1],[1,1,1,1,1],[1,1,1,1,1],[1,1,1,1,1,1,1,1,1,1],[1,1,1,1,1,1,1],[1,1,1,2,1,1,1],[1,1,1,1,1,1,1],[1],[1,1,1,1,1],[1,1,1,1,1],[1,1,1,1,1,1,1,1,1],[1,1],[1,1,1],[1,1],[1,1,1,1,1,1,1],[1,1,1,1,1,1,1],[1,1,1,1],[1,1,1,1,1,1],[1,1,1,1,1,1,1,1,1,1],[1,1,1,1,1,1],[1,1,1,1],[1,1,1,1],[1],[1,1,1,1,1,1],[1,1,1,1,1,1,1,1],[1,1],[1,1,1,1,1],[1,1,1,1,1,1],[1,1,1,1],[1,1,1,1],[1,1,1,1,1,1,1,1,1,1,1],[1,1,1,1,1,1],[1,1,1,1,1,1,1,1,1],[1,1,1],[1,1,1,1,1,1],[1,1,1,1,1,1],[1,1,1],[1,1,1,1,1,1],[1,1,1,1,1,1,1],[1,1,1,1,1,1],[1,1,1,1,1,1,1,1,1,1,1,1],[1],[1,1,1],[1,1,1,1,1,1,1,1],[1,1,1,1,1],[1,1,1,1,1,1,1,1],[1,1,1,1,1],[1,1],[1,1,1,1,1,1],[1],[1,1,1,1,1],[1,1,1,1,1,1,1],[1],[1,1,1,1],[1,1,1,1,1],[1,1,1,1,1,1],[1,1],[1,1,1,1,1,1,1,1],[1,1],[1,1,1,1],[1,1,1,2],[1,1,1],[1,1,1,1,1,1],[1,1,1],[1,1,1,1,1,1,1],[1,1,1,1,1],[1,1,1,1,1],[1,1,1,1,1,1,1],[1,1,1,1,1],[1],[1,1,1,1,1],[1,1,1],[1,1,1,1,1,1],[1,1,1,1],[1,1,1],[1,1,1,1,1],[1,1,1],[1,1,1,1],[1,1,1,1,1],[1,1,1,1,1,1,1],[1],[1,1,1],[1,1,1,1,1,1,1],[1,1,1,1,1,1,1,1,1,1,1],[1,1,1,1],[1,1,1,1,1],[1,1,1,1,1,1,1],[],[1,1,1,1,1,1,1],[1,1,1],[1,1,1,1],[1,1,1,1,1,1,1,1,1],[1,1,1,1,1],[1],[1,1],[1,1,1,1,1,1,1],[1,1,1,1,1,1],[1,1],[1,1,1],[1],[1,1],[1,1,1,1,1,1],[1,1,1,1,1],[1,1,1,1],[1,1,1,1,1],[1,1,1,1],[1,1,1,1,1],[1,1,1,1],[1,1,1,1],[1,1,1],[1,1,1],[1,1,1,1],[1],[1],[1,1,1,1],[1,1],[1,1,1,1,1],[1,1,1],[1,1,1,1,1,1,1],[1,1,1,1,1,1,1],[1,1,1,1,1,1],[1,1,1,1,1],[1,1,1,1,1,1,1],[1,1,1,1,1,1,1],[1,1,1,1,1,1],[1,1,1],[1,1,1,1,1],[1,1,1,1,1,1],[1,1,1,1,1],[1,1,1,1,1],[1,1,1,1,1,1],[1,1,1,1,1,1],[1,1,1,1,1,1],[1,1,1,1,1],[1,1,1,1,1,1],[1,1,1,1],[1,1,1,1,1],[1,1,1,1,1],[1,1,1,1],[1,1,1],[1,1,1,1],[1,1,1],[1],[1,1],[1,1,1,1],[1,1,1,1],[1],[1,1,1,1],[1],[1],[],[1,1,1,1,1,1,1],[1,1,1,1,1,1],[1,1,1,1,1],[1],[1,1,1,1],[1,1,1,1],[1,1],[1,1,1,1,1,1],[1,1,1,1],[1,1,1,1],[1,1,1,1],[1,1,1,1,1],[1,1],[1,1,1,1,1,1],[],[1,1,1],[1,1,1],[1,1,1,1,1],[],[1],[1,1,1],[1,1,1],[],[1,1,1,1,1],[1,1,1],[1,1],[1,1,1,1],[1,1,1,1,1,1],[1,1,1],[1],[1],[],[1,1,1,1],[1,1,1,1],[1,1,1,1,1],[1,1,1,1,1],[1,1],[1,1,1,1],[1],[1,1,1,1,1,1],[1,1,1,1],[],[1,1],[1,1,1]];

processingTimesRunnables = [15,9,6,11,12,15,12,14,15,7,7,10,9,16,6,16,7,10,13,5,10,12,13,13,6,11,14,12,10,11,7,14,12,16,13,9,13,6,4,16,13,9,12,6,12,13,12,6,12,7,12,7,10,13,9,12,10,14,12,13,5,11,5,12,13,8,12,12,12,14,5,10,8,13,13,12,7,15,5,16,12,7,13,13,13,14,13,16,16,7,13,12,5,12,12,9,9,9,11,12,8,14,9,6,15,13,12,12,4,13,7,9,13,7,15,13,14,7,6,9,11,7,17,11,14,12,11,8,10,12,10,6,16,10,11,4,15,11,7,11,12,14,16,11,11,16,12,11,15,7,13,17,12,14,11,11,7,7,10,15,16,9,7,12,6,10,11,16,13,5,5,12,13,6,7,13,10,5,12,11,14,10,13,13,11,11,11,10,10,15,13,6,12,12,13,8,11,10,11,11,16,9,5,12,14,7,10,10,7,6,6,8,14,13,16,14,11,13,14,16,11,13,7,12,5,10,12,13,6,13,12,4,7,5,14,11,11,14,11,10,6,12,12,13,9,5,5,7,11,10,13,12,11,13,10,5,11,12,10,13,11,13,13,11,6,11,11,5,5,6,5,13,15,13,12,12,11,15,14,10,9,6,12,12,5,15,9,5,10,12,15,12,12,6,12,12,10,14,8,10,8,13,14,13,6,8,6,10,11,15,4,16,14,10,12,14,13,12,13,11,12,7,11,16,14,16,12,7,13,13,13,8,6,7,8,11,14,5,15,5,11,13,13,4,12,12,13,13,13,15,13,10,15,13,13,13,11,11,6,7,12,16,7,10,10,9,11,13,5,16,10,9,10,7,11,14,10,11,13,5,11,13,7,14,12,13,14,12,11,9,10,15,13,12,13,8,4,12,11,16,10,13,6,13,11,10,7,16,9,13,13,10,5,11,7,12,5,14,9,6,9,12,8,6,14,13,11,16,13,13,13,8,12,15,13,14,15,17,8,15,8,15,12,12,13,10,11,11,13,14,15,17,7,5,12,15,12,13,13,16,5,7,8,6,11,8,11,13,12,17,13,13,13,13,11,12,14,13,8,12,16,15,13,12,12,12,12,6,13,9,13,15,11,11,13,8,11,13,12,12];

periods = [20000,100000,20000,10000,20000,10000,20000,2000,10000,10000,100000,10000,10000,20000,20000,10000,20000,20000,20000,20000,10000,20000,10000,10000,20000,10000,10000,10000,20000,20000,10000,100000,10000,10000,20000,20000,100000,100000,100000,10000,100000,20000,20000,10000,10000,100000,100000,20000,20000,100000,20000,20000,10000,20000,10000,100000,20000,20000,10000,100000,20000,20000,20000,10000,1000,20000,100000,10000,20000,20000,20000,20000,20000,1000,20000,20000,50000,20000,20000,100000,100000,20000,10000,2000,1000,100000,20000,20000,20000,20000,1000,50000,2000,100000,5000,10000,20000,100000,20000,100000,100000,10000,100000,10000,10000,20000,20000,2000,100000,100000,100000,100000,20000,100000,1000,100000,20000,20000,10000,20000,20000,100000,10000,5000,20000,10000,10000,20000,20000,10000,100000,100000,20000,10000,10000,100000,20000,100000,20000,10000,20000,2000,20000,20000,20000,100000,10000,10000,10000,20000,100000,10000,5000,10000,100000,10000,100000,20000,10000,100000,100000,10000,1000,20000,10000,10000,20000,100000,20000,100000,10000,10000,50000,10000,10000,100000,100000,10000,10000,20000,10000,10000,1000,10000,10000,10000,100000,20000,10000,20000,50000,20000,10000,100000,100000,50000,10000,50000,10000,10000,20000,20000,10000,20000,50000,10000,20000,2000,100000,2000,20000,20000,100000,10000,10000,20000,10000,10000,10000,100000,2000,10000,2000,20000,10000,20000,20000,10000,10000,50000,20000,20000,10000,10000,10000,20000,2000,10000,10000,20000,10000,20000,10000,100000,20000,20000,100000,100000,10000,100000,10000,100000,10000,10000,10000,10000,2000,10000,10000,10000,100000,20000,100000,10000,10000,20000,10000,20000,20000,100000,10000,100000,100000,10000,20000,20000,1000,20000,20000,20000,10000,20000,20000,100000,20000,10000,20000,20000,10000,20000,10000,100000,10000,100000,20000,20000,10000,10000,20000,100000,20000,1000,100000,2000,100000,100000,10000,50000,10000,10000,1000,20000,100000,10000,20000,20000,10000,100000,20000,100000,100000,1000,10000,5000,10000,10000,100000,1000,20000,100000,100000,10000,10000,20000,20000,50000,20000,10000,20000,10000,2000,10000,10000,20000,20000,20000,100000,100000,100000,100000,10000,100000,20000,20000,10000,10000,100000,10000,10000,20000,20000,100000,10000,20000,100000,20000,10000,10000,20000,20000,20000,10000,10000,20000,10000,10000,2000,10000,100000,20000,100000,10000,10000,2000,20000,20000,5000,10000,100000,10000,100000,100000,2000,10000,10000,5000,20000,20000,20000,20000,10000,20000,20000,100000,2000,100000,10000,100000,50000,100000,10000,10000,20000,10000,10000,10000,10000,20000,20000,10000,10000,10000,100000,10000,50000,50000,10000,100000,20000,20000,10000,20000,10000,50000,1000,10000,20000,10000,20000,10000,100000,100000,10000,10000,10000,10000,100000,10000,10000,100000,100000,20000,100000,20000,10000,10000,100000,10000,20000,100000,10000,100000,20000,5000,50000,20000,20000,20000,20000,20000,2000,100000,100000,100000,10000,10000,10000,100000,10000,100000,100000,20000,100000,2000,100000,10000,20000,100000,100000,20000,100000,100000,2000,100000,10000,1000,20000,20000,20000,5000];

communicationTimeForOrderCriticalMessages = [1,1,1,1,1,1,1,1,1,1,1,1,1,1,1,1,1,1,1,1,1,1,1,1,1,1,1,1,1,1,1,1,1,1,1,1,1,1,1,1,1,1,1,1,1,1,1,1,1,1,1,1,1,1,1,1,1,1,1,1,1,1,1,1,1,1,1,1,1,1,1,1,1,1,1,1,1,1,1,1,1,1,1,1,1,1,1,1,1,1,1,1,1,1,1,1,1,1,1,1,1,1,1,1,1,1,1,1,1,1,1,1,1,1,1,1,1,1,1,1,1,1,1,1,1,1,1,1,1,1,1,1,1,1,1,1,1,1,1,1,1,1,1,1,1,1,1,1,1,1,1,2,1,1,1,1,1,1,1,1];

sizeOfRunnables = [1485,840,555,1068,1128,1458,1170,1318,1433,683,698,978,868,1550,570,1595,648,963,1300,423,993,1188,1268,1290,553,1028,1305,1143,983,1028,675,1308,1173,1578,1208,833,1205,575,398,1555,1260,900,1165,550,1185,1248,1113,588,1185,675,1120,675,990,1278,865,1155,968,1328,1150,1225,435,1023,500,1163,1215,765,1188,1185,1125,1335,483,913,788,1258,1225,1170,625,1480,420,1523,1198,660,1243,1245,1225,1383,1233,1578,1595,685,1285,1193,490,1128,1180,825,890,893,1090,1178,798,1365,863,588,1405,1300,1158,1165,378,1238,693,828,1233,660,1425,1280,1323,623,543,803,1045,653,1610,1053,1360,1145,1013,750,948,1113,1000,548,1503,978,1068,375,1415,1068,633,1035,1188,1335,1530,1045,1058,1528,1128,1058,1443,625,1275,1605,1133,1368,1073,1020,648,683,998,1458,1528,880,683,1118,593,930,1048,1555,1218,475,495,1150,1238,543,625,1290,953,450,1165,1065,1308,983,1270,1225,1083,1058,1035,938,985,1463,1285,535,1113,1155,1260,788,1020,908,1050,1013,1600,878,453,1183,1308,640,970,970,695,525,593,773,1305,1285,1535,1360,1075,1270,1303,1583,1065,1293,698,1125,443,963,1105,1248,510,1253,1125,390,693,495,1393,1098,1015,1323,1068,970,598,1140,1105,1203,878,488,423,670,1068,903,1290,1150,1083,1233,968,428,1005,1118,988,1270,1050,1278,1300,1013,525,1068,1043,445,495,505,453,1275,1458,1230,1185,1120,1030,1438,1340,998,900,578,1128,1170,443,1485,863,498,918,1198,1425,1178,1158,548,1158,1158,965,1328,788,963,750,1255,1388,1300,518,715,535,913,1045,1485,383,1583,1373,908,1200,1383,1210,1155,1203,1013,1105,660,1060,1523,1388,1555,1183,683,1293,1230,1258,780,538,690,780,1090,1335,438,1453,428,1040,1268,1233,390,1188,1118,1208,1238,1253,1443,1290,985,1443,1285,1300,1293,1043,1043,555,645,1173,1528,608,955,978,900,1053,1238,460,1568,955,880,998,653,1058,1398,990,1030,1293,408,1028,1298,608,1340,1128,1263,1368,1128,1053,820,930,1420,1268,1103,1293,798,375,1110,1050,1530,903,1215,540,1293,1098,945,618,1528,878,1240,1270,965,488,1090,610,1183,435,1303,825,578,855,1140,753,578,1305,1293,1043,1550,1203,1275,1290,710,1160,1458,1290,1350,1410,1620,758,1458,708,1425,1118,1135,1275,960,1080,1043,1203,1308,1430,1605,613,430,1198,1498,1165,1238,1300,1555,445,700,728,565,1043,738,1005,1300,1188,1615,1268,1270,1278,1258,1075,1163,1335,1235,760,1173,1508,1448,1255,1165,1163,1185,1105,555,1263,813,1233,1475,1065,1025,1300,713,1048,1218,1173,1135];

SenderLabelReceiverOrderCriticalChains = [[54,3456,0,0,335],[335,224,0,0,25],[25,2367,0,0,288],[300,947,0,0,481],[481,3273,0,0,357],[357,3595,0,0,347],[233,2025,0,0,449],[449,225,0,0,401],[401,770,0,0,297],[297,2652,0,0,45],[269,590,0,0,240],[240,2456,0,0,283],[82,3421,0,0,437],[437,2282,0,0,63],[63,3629,0,0,335],[335,382,0,0,129],[461,1541,0,0,264],[264,2590,0,0,310],[394,877,0,0,420],[420,3297,0,0,259],[331,377,0,0,318],[318,148,0,0,109],[109,1859,0,0,392],[392,2052,0,0,305],[134,913,0,0,376],[376,880,0,0,415],[415,919,0,0,358],[179,3039,0,0,293],[293,662,0,0,455],[455,3755,0,0,253],[253,333,0,0,64],[427,3123,0,0,243],[243,3614,0,0,10],[10,1319,0,0,83],[99,1370,0,0,216],[216,2604,3560,0,232],[232,802,0,0,79],[79,1049,0,0,224],[325,721,0,0,102],[102,2278,0,0,182],[182,3411,0,0,134],[134,3549,0,0,254],[432,3337,0,0,469],[469,1212,0,0,246],[246,1756,0,0,468],[468,865,949,3578,125],[275,1904,0,0,158],[158,1393,0,0,164],[411,3011,0,0,156],[156,3208,0,0,10],[10,3711,0,0,238],[238,139,0,0,130],[278,1786,0,0,137],[137,907,0,0,490],[485,3698,0,0,41],[41,2819,0,0,157],[157,2019,0,0,327],[327,3209,0,0,132],[408,1969,0,0,450],[450,3634,0,0,347],[495,1591,0,0,461],[461,3090,0,0,355],[355,573,0,0,254],[254,839,0,0,235],[85,3911,0,0,183],[183,118,0,0,91],[91,1044,2978,0,322],[58,3234,0,0,418],[418,412,0,0,66],[66,2560,0,0,120],[120,243,0,0,290],[285,1432,0,0,36],[36,3165,0,0,413],[12,1760,0,0,96],[96,533,0,0,376],[376,208,0,0,147],[329,803,0,0,78],[78,3931,0,0,87],[492,629,0,0,138],[138,1253,0,0,273],[380,2535,0,0,344],[344,1116,0,0,106],[106,2201,0,0,212],[212,3833,0,0,87],[219,2727,0,0,33],[33,3805,0,0,13],[13,2762,0,0,333],[220,289,0,0,195],[195,3849,0,0,111],[111,2846,0,0,131],[38,3437,0,0,480],[480,2737,0,0,80],[80,1437,0,0,294],[294,11,3877,0,177],[309,1128,0,0,383],[383,3674,0,0,147],[147,3141,0,0,351],[249,365,0,0,193],[193,2668,0,0,238],[217,1155,0,0,251],[251,108,0,0,448],[448,2999,0,0,104],[104,3656,0,0,255],[170,1470,0,0,457],[457,3090,0,0,272],[272,500,0,0,177],[373,590,0,0,53],[53,3896,0,0,436],[242,3206,0,0,5],[5,2440,0,0,236],[236,1778,0,0,262],[262,147,0,0,87],[363,3586,0,0,388],[388,1138,0,0,367],[367,2489,0,0,83],[83,89,0,0,27],[136,1760,0,0,112],[112,988,0,0,365],[65,3364,0,0,85],[85,341,0,0,328],[328,2434,3371,0,322],[197,1298,0,0,233],[233,2431,0,0,215],[215,2500,0,0,149],[149,2871,0,0,26],[375,2529,0,0,24],[24,1130,0,0,186],[186,2278,0,0,422],[175,2052,0,0,281],[281,228,0,0,235],[235,2831,0,0,135],[360,906,0,0,180],[180,2070,0,0,245],[245,1410,0,0,1],[1,3308,0,0,385],[226,2644,0,0,145],[145,1219,0,0,437],[437,3822,0,0,268],[154,2096,0,0,185],[185,2714,0,0,458],[458,1757,0,0,178],[178,267,0,0,34],[416,351,0,0,444],[444,3164,0,0,185],[185,3995,0,0,260],[260,1376,0,0,127],[438,2933,0,0,214],[214,757,0,0,395],[395,396,0,0,444],[444,1993,0,0,265],[397,498,0,0,49],[49,2903,0,0,240],[240,1373,0,0,339],[339,3995,0,0,82],[389,3016,0,0,136],[136,856,0,0,451],[451,1148,0,0,2],[364,3831,0,0,51],[51,1470,0,0,133],[133,680,0,0,150]];

SenderLabelReceiverNonOrderCriticalChains = [[1,298,102],[1,1037,3],[1,1100,377],[1,1100,195],[1,1100,497],[1,1955,58],[1,1955,37],[1,2574,247],[1,3308,385],[1,3308,128],[2,5,8],[2,5,11],[2,47,323],[2,47,454],[2,271,77],[2,271,198],[2,681,396],[2,681,168],[2,3414,171],[3,1157,12],[3,2441,134],[3,2441,141],[3,3277,188],[3,3277,410],[3,3308,385],[3,3308,128],[3,3345,71],[3,3669,5],[4,151,9],[4,343,271],[4,507,479],[4,507,375],[4,1705,145],[4,1705,182],[4,1705,130],[4,1741,167],[4,3025,171],[4,3566,491],[4,3566,138],[5,209,378],[5,865,125],[5,865,187],[5,865,104],[5,1973,7],[5,2440,236],[5,2519,335],[6,625,209],[6,830,242],[6,830,363],[6,1082,9],[6,1527,55],[6,2839,68],[6,2839,160],[7,403,449],[7,726,117],[7,830,242],[7,830,363],[7,2206,139],[7,2206,29],[7,2351,460],[7,2351,410],[7,2577,419],[7,2577,487],[8,50,237],[8,2076,84],[8,2076,319],[8,2308,129],[8,2308,386],[8,2308,475],[8,2618,61],[8,2618,384],[9,1242,174],[9,1242,106],[9,1449,445],[9,1557,12],[9,3731,28],[9,3731,211],[9,3731,377],[10,724,429],[10,724,244],[10,724,432],[10,1138,184],[10,1138,367],[10,1138,433],[10,1319,83],[10,1319,399],[10,3666,26],[10,3711,238],[11,331,244],[11,331,328],[11,398,489],[11,1138,184],[11,1138,367],[11,1138,433],[11,1890,380],[11,3585,32],[12,750,328],[12,1760,96],[12,1760,495],[12,1760,112],[12,2126,108],[12,2126,16],[12,2126,230],[12,2126,365],[12,2983,11],[12,3560,279],[12,3560,216],[13,1722,448],[13,1722,91],[13,2203,21],[13,2762,377],[13,2762,333],[13,2966,101],[13,3036,81],[13,3461,443],[14,242,360],[14,242,202],[14,242,404],[14,725,80],[14,725,17],[14,1201,122],[14,1201,487],[14,3019,47],[14,3019,51],[15,178,17],[15,189,278],[15,189,390],[15,1152,483],[15,1566,315],[15,1566,439],[15,2115,179],[15,2115,138],[15,2171,411],[15,3109,452],[16,875,189],[16,1063,105],[16,1063,175],[16,1408,283],[16,2151,124],[16,2319,215],[16,2319,350],[16,2319,271],[16,3787,59],[16,3890,289],[17,20,29],[17,1881,445],[17,1881,303],[17,1881,390],[17,2114,464],[17,2114,249],[17,3953,18],[18,1694,35],[18,1751,19],[18,1754,364],[18,2273,447],[18,3786,373],[18,3786,176],[18,3786,380],[19,160,288],[19,261,30],[19,1519,43],[19,1519,207],[19,2651,352],[19,2651,107],[19,3656,143],[19,3656,255],[20,263,319],[20,631,25],[20,1112,365],[20,2495,380],[20,2495,302],[20,2595,2],[21,296,126],[21,328,272],[21,1895,340],[21,2115,179],[21,2115,138],[21,3300,396],[21,3300,235],[21,3529,26],[22,57,415],[22,382,106],[22,382,129],[22,903,73],[22,1585,372],[22,2690,6],[22,2882,30],[22,2882,168],[22,3476,25],[22,3580,11],[23,827,247],[23,827,285],[23,1908,475],[23,2045,148],[23,2045,34],[23,2131,379],[23,2131,264],[23,2421,130],[23,3628,377],[23,3628,408],[23,3628,251],[24,1130,251],[24,1130,186],[24,1251,297],[24,1251,358],[24,1974,241],[24,1974,455],[24,2926,31],[24,3123,37],[24,3123,243],[24,3123,124],[24,3123,193],[25,778,29],[25,1161,407],[25,1808,108],[25,1808,309],[25,2367,288],[25,2476,279],[26,1668,40],[26,1878,136],[26,2702,151],[26,2702,121],[26,3417,416],[27,81,164],[27,543,299],[27,543,296],[27,2755,200],[27,3349,72],[27,3349,41],[27,3349,126],[27,3453,449],[27,3468,332],[27,3468,229],[27,3695,76],[27,3695,498],[27,3695,357],[28,744,440],[28,1542,412],[28,2413,58],[28,2725,274],[28,2725,241],[28,3442,64],[28,3702,281],[28,3702,403],[28,3702,45],[28,3702,68],[29,648,276],[29,1294,270],[29,3368,120],[29,3561,301],[30,2317,412],[30,2317,486],[30,2471,470],[30,2474,345],[30,2867,57],[31,97,181],[31,614,34],[31,1054,155],[31,1054,499],[31,1054,75],[31,1980,305],[31,1980,407],[31,2319,215],[31,2319,350],[31,2319,271],[32,517,111],[32,517,376],[32,2116,37],[32,2645,217],[32,2645,209],[32,2680,391],[32,2970,47],[32,3855,177],[32,3855,158],[33,2521,260],[33,2521,286],[33,2785,423],[33,2785,226],[33,3695,76],[33,3695,498],[33,3695,357],[33,3805,13],[33,3870,34],[33,3876,96],[33,3876,325],[34,2142,293],[34,2142,60],[34,3640,40],[34,3645,364],[34,3645,350],[35,389,47],[35,389,61],[35,389,366],[35,1342,353],[35,1342,409],[35,1342,466],[35,1342,493],[35,1633,117],[35,2821,145],[35,3819,439],[36,308,312],[36,308,333],[36,308,375],[36,627,355],[36,1197,205],[36,1197,62],[36,3077,454],[36,3165,97],[36,3165,339],[36,3165,413],[37,237,362],[37,3349,72],[37,3349,41],[37,3349,126],[38,878,226],[38,878,370],[38,878,474],[38,1213,98],[38,1213,53],[38,1377,182],[38,2204,157],[38,2204,356],[38,3437,480],[38,3513,453],[38,3793,39],[38,3985,337],[38,3985,391],[39,1108,101],[39,1639,225],[39,1639,67],[39,1784,423],[39,2788,188],[39,2872,47],[39,2872,138],[39,3322,276],[39,3322,497],[39,3322,312],[40,582,259],[40,2285,152],[40,2855,456],[41,468,296],[41,908,143],[41,908,222],[41,931,37],[41,931,336],[41,1413,46],[41,2819,157],[41,2959,379],[42,878,226],[42,878,370],[42,878,474],[42,1424,59],[42,1424,158],[42,2330,48],[42,3381,188],[42,3381,296],[42,3505,23],[42,3829,487],[43,280,463],[43,280,294],[43,381,184],[43,381,250],[43,381,481],[43,572,364],[43,572,432],[43,1435,319],[43,1435,90],[43,3019,47],[43,3019,51],[44,735,172],[44,1189,208],[44,1348,102],[44,1471,159],[44,1471,392],[45,460,394],[45,616,356],[45,1756,169],[45,1756,468],[45,2006,68],[45,2322,320],[46,510,308],[46,861,270],[46,861,299],[46,1272,468],[46,1272,190],[46,2053,100],[46,2053,265],[46,2222,462],[46,3628,377],[46,3628,408],[46,3628,251],[47,1103,50],[47,3435,81],[47,3894,339],[47,3894,69],[47,3966,315],[47,3966,327],[47,3966,348],[47,3966,449],[48,1217,302],[48,1930,65],[48,2350,90],[48,2350,51],[48,2639,62],[49,389,47],[49,389,61],[49,389,366],[49,2003,377],[49,2003,430],[49,2204,157],[49,2204,356],[49,2233,441],[49,2480,44],[49,2903,240],[50,1286,135],[50,1827,258],[50,2860,4],[50,2860,478],[50,3273,116],[50,3273,357],[50,3426,371],[50,3426,170],[50,3426,500],[50,3486,116],[50,3486,399],[51,636,118],[51,1428,224],[51,1470,341],[51,1470,457],[51,1470,133],[51,1657,199],[51,1657,465],[51,1657,139],[51,1862,72],[51,1862,376],[52,240,335],[52,1872,48],[52,1872,218],[52,1872,283],[52,2067,120],[52,2067,349],[52,2067,314],[52,2525,113],[52,3481,30],[52,3481,54],[52,3481,67],[52,3671,404],[53,1545,285],[53,1837,152],[53,1837,29],[53,3227,96],[53,3702,281],[53,3702,403],[53,3702,45],[53,3702,68],[53,3896,436],[54,203,307],[54,203,487],[54,1075,492],[54,1075,280],[54,2170,117],[54,2369,69],[54,3456,335],[55,384,127],[55,384,399],[55,384,106],[55,1365,388],[55,1466,431],[55,1466,362],[55,1990,441],[55,3174,178],[56,129,24],[56,129,110],[56,825,472],[56,1176,188],[56,1176,113],[56,1984,159],[56,2946,90],[57,670,266],[57,670,86],[57,1299,197],[57,2784,70],[57,3328,448],[57,3328,386],[58,2121,372],[58,2675,179],[58,3234,317],[58,3234,418],[58,3768,207],[58,3947,62],[58,3947,379],[59,1766,210],[59,1766,261],[59,1766,102],[59,1766,312],[59,2326,213],[59,2326,163],[59,2326,489],[59,2640,421],[60,134,392],[60,281,262],[60,725,80],[60,725,17],[60,1285,101],[60,2126,108],[60,2126,16],[60,2126,230],[60,2126,365],[60,3645,364],[60,3645,350],[61,832,418],[61,2173,63],[61,2762,377],[61,2762,333],[62,95,432],[62,1054,155],[62,1054,499],[62,1054,75],[62,3382,331],[63,5,8],[63,5,11],[63,293,207],[63,3013,467],[63,3629,335],[63,3894,339],[63,3894,69],[64,29,456],[64,1242,174],[64,1242,106],[64,1311,124],[64,2371,400],[64,2371,407],[64,3702,281],[64,3702,403],[64,3702,45],[64,3702,68],[65,900,322],[65,900,441],[65,900,299],[65,970,311],[65,1246,416],[65,1246,230],[65,1246,74],[65,2422,290],[65,3364,85],[65,3634,347],[65,3634,173],[65,3634,302],[66,2096,185],[66,2096,75],[66,2560,120],[66,2560,217],[66,3641,446],[66,3906,70],[67,325,101],[67,1017,94],[67,1032,402],[67,1374,58],[67,1374,62],[67,1670,81],[67,1670,358],[68,11,294],[68,11,304],[68,965,359],[68,965,390],[68,965,474],[68,2086,273],[68,2266,383],[69,569,245],[69,569,334],[69,957,81],[69,957,71],[69,3445,148],[70,213,211],[70,793,72],[70,793,439],[70,793,350],[70,2138,122],[70,3341,143],[70,3644,371],[71,804,121],[71,1558,471],[71,1558,391],[71,1786,385],[71,1786,137],[71,2553,299],[71,3322,276],[71,3322,497],[71,3322,312],[72,488,10],[72,488,113],[72,1836,106],[72,1858,117],[72,3834,190],[73,440,339],[73,775,321],[73,1424,59],[73,1424,158],[73,2011,330],[73,2969,188],[74,1011,85],[74,1677,302],[74,2177,95],[74,2886,85],[74,2886,488],[75,646,153],[75,687,303],[75,937,389],[75,937,209],[75,2772,452],[76,241,90],[76,1186,343],[76,1298,233],[76,1298,356],[76,2869,173],[76,2869,442],[76,3380,99],[76,3855,177],[76,3855,158],[77,290,92],[77,413,409],[77,413,459],[77,1575,308],[77,2286,44],[77,3086,308],[78,322,304],[78,452,413],[78,2473,428],[78,2473,129],[78,3247,374],[78,3355,256],[78,3931,87],[79,1049,224],[79,2308,129],[79,2308,386],[79,2308,475],[79,2447,188],[79,2776,251],[79,3411,134],[79,3411,89],[80,23,101],[80,764,292],[80,764,201],[80,1437,294],[81,795,333],[81,1321,109],[81,1321,373],[81,1436,113],[81,1436,335],[81,2326,213],[81,2326,163],[81,2326,489],[82,99,346],[82,1852,133],[82,2559,431],[82,3388,464],[82,3388,106],[82,3421,437],[82,3676,397],[82,3999,107],[83,89,27],[83,1219,437],[83,1219,189],[83,1504,105],[83,1611,108],[83,2767,427],[84,798,223],[84,1435,319],[84,1435,90],[84,2072,393],[84,2441,134],[84,2441,141],[84,3555,405],[84,3615,208],[85,341,328],[85,1722,448],[85,1722,91],[85,2198,115],[85,3595,347],[85,3595,225],[85,3911,183],[86,366,331],[86,588,154],[86,2490,223],[86,2490,426],[86,2490,464],[86,2490,124],[86,3106,111],[86,3431,331],[87,49,296],[87,466,339],[87,1006,380],[87,1978,5],[87,1978,86],[87,3449,295],[87,3449,115],[88,409,258],[88,940,142],[88,1008,329],[88,2365,471],[88,2787,145],[89,335,298],[89,335,423],[89,862,386],[89,908,143],[89,908,222],[89,1766,210],[89,1766,261],[89,1766,102],[89,1766,312],[89,3210,493],[89,3531,477],[89,3531,341],[90,974,143],[90,1072,495],[90,1072,137],[90,3643,467],[91,1044,322],[91,1379,302],[91,1379,393],[91,1652,115],[91,2294,18],[91,2978,322],[92,688,67],[92,1259,308],[92,1507,198],[92,1799,434],[92,2522,173],[92,3871,59],[93,965,359],[93,965,390],[93,965,474],[93,1841,462],[93,2126,108],[93,2126,16],[93,2126,230],[93,2126,365],[93,2537,471],[93,3993,208],[94,105,138],[94,105,305],[94,105,103],[94,1090,325],[94,1090,143],[94,3634,347],[94,3634,173],[94,3634,302],[95,190,396],[95,1612,324],[95,2114,464],[95,2114,249],[95,3123,37],[95,3123,243],[95,3123,124],[95,3123,193],[95,3517,42],[95,3517,481],[95,3687,153],[95,3687,464],[96,533,376],[96,872,403],[96,1828,375],[96,3868,244],[96,3868,267],[96,3880,102],[97,165,179],[97,165,233],[97,1539,482],[97,1539,233],[97,2796,143],[97,2796,292],[97,2900,133],[97,3404,31],[97,3404,460],[97,3404,441],[97,3907,139],[98,1804,287],[98,1810,219],[98,1810,414],[98,2183,450],[98,2464,212],[98,2796,143],[98,2796,292],[98,3917,146],[98,3917,147],[98,3917,183],[99,1080,295],[99,1370,216],[99,1549,227],[99,2231,255],[99,2231,347],[99,2231,402],[99,2231,342],[99,2664,344],[99,2712,419],[99,2712,113],[100,112,23],[100,2743,110],[100,3799,75],[100,3868,244],[100,3868,267],[101,619,431],[101,619,20],[101,959,9],[101,2061,187],[101,2061,390],[102,93,156],[102,93,417],[102,93,252],[102,684,493],[102,2278,182],[102,2278,422],[102,2278,280],[103,80,461],[103,288,69],[103,288,331],[103,381,184],[103,381,250],[103,381,481],[103,3524,496],[103,3621,110],[104,260,411],[104,607,421],[104,2518,314],[104,2518,422],[104,2646,140],[104,3656,143],[104,3656,255],[105,1070,79],[105,1070,322],[105,1070,343],[105,1312,260],[105,1925,307],[105,2176,217],[105,3587,180],[105,3619,210],[105,3619,299],[106,2201,212],[107,922,161],[107,922,369],[107,1865,424],[107,1865,118],[107,2288,273],[107,2417,361],[107,2488,192],[108,2167,304],[108,2469,210],[108,3568,66],[108,3568,329],[108,3917,146],[108,3917,147],[108,3917,183],[109,1859,392],[109,1993,265],[109,1993,448],[109,1993,452],[109,2895,131],[109,3049,161],[109,3324,52],[109,3324,230],[110,381,184],[110,381,250],[110,381,481],[110,699,57],[110,709,220],[110,2691,321],[110,3246,116],[111,208,147],[111,208,434],[111,208,40],[111,208,130],[111,570,318],[111,1940,417],[111,1940,114],[111,2334,30],[111,2846,131],[112,271,77],[112,271,198],[112,827,247],[112,827,285],[112,988,288],[112,988,365],[112,1158,273],[112,3688,122],[113,450,192],[113,796,347],[113,1660,380],[113,1660,465],[114,84,106],[114,93,156],[114,93,417],[114,93,252],[114,243,290],[114,243,398],[114,463,214],[114,2141,168],[115,184,328],[115,294,328],[115,454,435],[115,1565,163],[115,1565,36],[116,351,355],[116,351,444],[116,1380,132],[116,1735,443],[116,3984,457],[117,1492,212],[117,3690,400],[117,3690,477],[118,1222,450],[118,1277,133],[118,3263,218],[118,3731,28],[118,3731,211],[118,3731,377],[119,1063,105],[119,1063,175],[119,1536,364],[119,1921,486],[119,2560,120],[119,2560,217],[119,2826,326],[119,3966,315],[119,3966,327],[119,3966,348],[119,3966,449],[120,21,207],[120,243,290],[120,243,398],[120,2916,12],[120,3336,139],[120,3336,366],[120,3528,261],[121,675,68],[121,675,413],[121,2333,345],[121,3037,236],[121,3270,430],[122,1571,150],[122,2374,296],[122,2490,223],[122,2490,426],[122,2490,464],[122,2490,124],[123,989,298],[123,1482,112],[123,1488,407],[123,2043,118],[123,2921,191],[123,3165,97],[123,3165,339],[123,3165,413],[123,3773,103],[123,3773,408],[123,3989,149],[124,392,190],[124,392,368],[124,1250,184],[124,1250,396],[124,1672,203],[124,3002,153],[124,3002,6],[125,949,55],[125,949,468],[125,1499,169],[125,1849,386],[125,2707,148],[125,3485,196],[125,3578,468],[126,813,327],[126,1130,251],[126,1130,186],[126,1613,449],[126,1829,419],[126,2067,120],[126,2067,349],[126,2067,314],[126,3928,61],[127,31,368],[127,1941,359],[127,2111,98],[127,3837,173],[127,3934,438],[128,957,81],[128,957,71],[128,1566,315],[128,1566,439],[128,1574,169],[128,1574,400],[128,2337,360],[128,2472,180],[128,3145,189],[129,304,284],[129,1197,205],[129,1197,62],[129,1201,122],[129,1201,487],[129,2427,227],[130,800,173],[130,800,175],[130,1484,393],[130,2216,347],[130,2216,93],[130,3123,37],[130,3123,243],[130,3123,124],[130,3123,193],[131,894,185],[131,905,481],[131,905,312],[131,2778,435],[131,3404,31],[131,3404,460],[131,3404,441],[132,324,270],[132,324,246],[132,324,427],[132,1070,79],[132,1070,322],[132,1070,343],[132,2872,47],[132,2872,138],[132,3063,492],[132,3698,362],[132,3698,41],[132,3936,247],[133,363,418],[133,680,150],[133,1541,264],[133,1541,144],[133,1573,131],[133,1573,332],[133,1573,463],[134,270,265],[134,913,376],[134,1066,14],[134,3549,417],[134,3549,254],[134,3879,423],[134,3879,140],[134,3879,316],[135,297,140],[135,469,93],[135,469,340],[135,469,331],[135,630,8],[135,720,149],[135,2891,326],[136,333,64],[136,333,198],[136,333,432],[136,856,451],[136,1238,496],[136,1509,172],[136,1760,96],[136,1760,495],[136,1760,112],[136,3404,31],[136,3404,460],[136,3404,441],[137,361,201],[137,361,342],[137,873,59],[137,873,499],[137,873,328],[137,907,490],[137,1143,146],[137,3909,398],[138,1253,273],[138,3189,157],[139,154,281],[139,154,314],[139,824,301],[139,824,334],[139,2908,459],[139,2908,304],[140,1033,355],[140,1275,80],[140,1367,201],[140,2807,217],[141,100,380],[141,100,492],[141,693,295],[141,732,467],[141,966,447],[141,2362,419],[141,2706,157],[142,945,291],[142,945,406],[142,1094,475],[142,1094,384],[142,2188,104],[142,2466,219],[142,2466,371],[142,2466,446],[142,2736,384],[143,2250,367],[144,16,40],[144,477,149],[144,1805,397],[144,1805,192],[144,2197,200],[144,3340,472],[145,1213,98],[145,1213,53],[145,1219,437],[145,1219,189],[145,2806,320],[145,3009,224],[146,529,194],[146,529,330],[146,2223,337],[146,2419,234],[147,434,215],[147,434,498],[147,1857,100],[147,2502,214],[147,2502,137],[147,3141,351],[147,3168,52],[147,3168,200],[148,242,360],[148,242,202],[148,242,404],[148,2414,174],[148,3347,424],[148,3426,371],[148,3426,170],[148,3426,500],[148,3468,332],[148,3468,229],[149,302,165],[149,302,317],[149,1862,72],[149,1862,376],[149,2871,26],[150,1667,262],[150,2026,454],[150,2155,315],[150,3110,212],[150,3287,37],[151,305,313],[151,1211,347],[151,2131,379],[151,2131,264],[151,2849,171],[151,3292,176],[151,3941,489],[152,154,281],[152,154,314],[152,956,175],[152,956,127],[152,1872,48],[152,1872,218],[152,1872,283],[152,3209,132],[152,3209,238],[152,3987,253],[153,660,387],[153,660,446],[153,1588,475],[154,212,398],[154,212,449],[154,1271,490],[154,1271,165],[154,1403,86],[154,1491,206],[154,1491,205],[154,1491,368],[154,2046,340],[154,2096,185],[154,2096,75],[154,2305,267],[155,1951,473],[155,1978,5],[155,1978,86],[155,3015,474],[155,3015,191],[155,3231,255],[155,3231,152],[155,3786,373],[155,3786,176],[155,3786,380],[155,3879,423],[155,3879,140],[155,3879,316],[156,1927,383],[156,2117,401],[156,3208,10],[156,3843,178],[157,285,348],[157,538,321],[157,2019,327],[157,3562,192],[158,523,369],[158,523,375],[158,817,497],[158,1393,164],[158,3113,406],[158,3113,353],[159,1461,239],[159,2466,219],[159,2466,371],[159,2466,446],[159,2620,355],[159,2620,293],[159,3167,472],[159,3300,396],[159,3300,235],[160,60,163],[160,1388,451],[160,1440,319],[160,1609,423],[160,1971,473],[160,2021,250],[161,141,489],[161,1479,493],[161,2229,247],[161,2718,240],[161,2757,451],[161,3775,187],[162,224,25],[162,224,259],[162,837,450],[162,1757,235],[162,1757,178],[162,2163,191],[162,3324,52],[162,3324,230],[162,3914,43],[163,1070,79],[163,1070,322],[163,1070,343],[163,1680,319],[163,2521,260],[163,2521,286],[163,2937,166],[163,3917,146],[163,3917,147],[163,3917,183],[164,637,305],[164,1107,267],[164,1940,417],[164,1940,114],[164,2599,437],[164,3947,62],[164,3947,379],[165,670,266],[165,670,86],[165,717,267],[165,3087,378],[165,3253,174],[165,3628,377],[165,3628,408],[165,3628,251],[166,444,160],[166,1270,215],[166,1493,314],[166,2501,164],[166,2725,274],[166,2725,241],[167,203,307],[167,203,487],[167,583,46],[167,583,258],[167,1535,263],[167,1765,169],[167,1826,162],[167,1826,446],[167,2406,427],[167,2406,454],[167,2406,88],[168,208,147],[168,208,434],[168,208,40],[168,208,130],[168,228,235],[168,228,356],[168,228,83],[168,228,454],[168,1669,134],[168,2749,49],[169,529,194],[169,529,330],[169,3767,420],[169,3767,487],[169,3938,187],[169,3938,205],[170,87,176],[170,87,253],[170,937,389],[170,937,209],[170,975,166],[170,1470,341],[170,1470,457],[170,1470,133],[170,3205,426],[170,3205,158],[171,125,323],[171,1399,244],[171,1648,199],[171,1648,353],[171,3723,281],[171,3884,234],[172,945,291],[172,945,406],[172,1443,416],[172,2257,382],[172,3018,340],[172,3521,388],[172,3733,396],[173,1574,169],[173,1574,400],[173,1614,191],[173,3015,474],[173,3015,191],[174,1785,326],[174,1787,258],[174,2649,369],[174,3172,461],[174,3862,197],[175,1480,181],[175,1639,225],[175,1639,67],[175,2052,281],[175,2052,305],[175,3424,256],[175,3424,298],[176,793,72],[176,793,439],[176,793,350],[176,1893,381],[176,3007,220],[176,3329,224],[176,3329,482],[176,3394,378],[177,11,294],[177,11,304],[177,873,59],[177,873,499],[177,873,328],[177,2282,344],[177,2282,63],[177,2282,20],[178,82,283],[178,82,476],[178,267,34],[178,1491,206],[178,1491,205],[178,1491,368],[178,3582,226],[179,1540,387],[179,1540,282],[179,2518,314],[179,2518,422],[179,2653,438],[179,3039,293],[179,3709,139],[179,3709,448],[180,599,254],[180,1093,353],[180,1148,402],[180,1148,2],[180,2070,245],[180,3349,72],[180,3349,41],[180,3349,126],[181,47,323],[181,47,454],[181,742,280],[181,1706,255],[181,2032,146],[181,2032,292],[181,2032,114],[181,2843,338],[181,2979,416],[182,669,200],[182,1494,95],[182,2750,150],[182,2750,386],[182,3411,134],[182,3411,89],[182,3792,129],[183,118,91],[183,118,367],[183,331,244],[183,331,328],[183,1822,435],[183,1822,415],[183,2101,277],[183,2626,436],[183,2626,277],[184,1296,468],[184,1975,245],[184,2503,325],[184,2851,254],[185,388,365],[185,519,395],[185,2714,458],[185,3995,82],[185,3995,260],[186,530,48],[186,530,462],[186,530,453],[186,649,248],[186,1657,199],[186,1657,465],[186,1657,139],[186,1746,229],[186,2206,139],[186,2206,29],[186,2278,182],[186,2278,422],[186,2278,280],[187,2265,198],[187,2401,313],[187,3810,485],[187,3833,239],[187,3833,87],[187,3833,36],[188,3940,347],[188,3958,354],[189,1094,475],[189,1094,384],[189,2520,199],[189,2836,367],[190,165,179],[190,165,233],[190,900,322],[190,900,441],[190,900,299],[190,1034,280],[190,1329,291],[190,1329,296],[190,3401,231],[190,3401,484],[191,1885,403],[191,2777,196],[191,3938,187],[191,3938,205],[192,507,479],[192,507,375],[192,604,227],[192,969,245],[192,2918,334],[193,1122,274],[193,1122,354],[193,2668,238],[194,611,252],[194,754,20],[194,1401,256],[194,1832,406],[194,1980,305],[194,1980,407],[194,2051,327],[194,2051,80],[194,3423,408],[194,3423,500],[195,83,222],[195,83,480],[195,2495,380],[195,2495,302],[195,2618,61],[195,2618,384],[195,3849,111],[195,3985,337],[195,3985,391],[196,72,264],[196,72,405],[196,312,230],[196,2814,128],[196,3205,426],[196,3205,158],[196,3499,198],[197,72,264],[197,72,405],[197,404,62],[197,404,476],[197,1298,233],[197,1298,356],[197,1808,108],[197,1808,309],[197,3289,421],[198,1246,416],[198,1246,230],[198,1246,74],[198,1433,45],[198,1641,434],[198,1641,495],[199,1892,203],[199,2164,446],[199,2924,138],[199,3494,281],[200,886,234],[200,1419,206],[200,2623,323],[201,303,301],[201,675,68],[201,675,413],[201,1766,210],[201,1766,261],[201,1766,102],[201,1766,312],[202,183,374],[202,608,495],[202,608,269],[202,851,466],[202,2732,227],[202,3530,37],[202,3992,211],[203,1164,245],[203,1477,326],[203,2263,304],[204,823,439],[204,993,142],[204,1670,81],[204,1670,358],[204,1963,191],[204,1963,231],[204,2371,400],[204,2371,407],[204,2516,234],[204,3789,287],[205,787,248],[205,1342,353],[205,1342,409],[205,1342,466],[205,1342,493],[205,2126,108],[205,2126,16],[205,2126,230],[205,2126,365],[205,2317,412],[205,2317,486],[205,2602,61],[205,2602,15],[206,353,395],[206,1563,170],[206,3128,406],[206,3132,368],[206,3132,434],[206,3802,267],[207,349,329],[207,1244,291],[207,1244,60],[207,1400,404],[207,1838,274],[208,1379,302],[208,1379,393],[208,1958,405],[208,2838,341],[208,3040,221],[208,3054,257],[208,3054,407],[209,867,261],[209,867,360],[209,1742,483],[209,1766,210],[209,1766,261],[209,1766,102],[209,1766,312],[209,1817,325],[210,487,71],[210,1537,377],[210,2261,341],[210,2502,214],[210,2502,137],[210,3055,33],[211,26,228],[211,1073,193],[211,2254,242],[211,2932,84],[211,3381,188],[211,3381,296],[212,257,225],[212,1870,218],[212,3833,239],[212,3833,87],[212,3833,36],[213,1961,8],[213,2955,481],[213,3022,199],[213,3509,61],[213,3808,99],[214,757,395],[214,968,367],[214,968,262],[214,2620,355],[214,2620,293],[215,1602,118],[215,2500,149],[215,2936,239],[215,3058,90],[216,82,283],[216,82,476],[216,583,46],[216,583,258],[216,595,335],[216,1342,353],[216,1342,409],[216,1342,466],[216,1342,493],[216,2604,232],[217,1155,251],[217,2331,228],[217,3124,448],[217,3352,153],[218,3,216],[218,1822,435],[218,1822,415],[218,3412,251],[219,2727,33],[219,2839,68],[219,2839,160],[219,2949,357],[219,3722,355],[219,3833,239],[219,3833,87],[219,3833,36],[220,289,195],[220,831,320],[220,905,481],[220,905,312],[220,2109,410],[220,2358,462],[220,2358,460],[220,3226,348],[221,947,257],[221,947,481],[221,1100,377],[221,1100,195],[221,1100,497],[221,1185,453],[221,1185,410],[221,1185,237],[221,1558,471],[221,1558,391],[221,2908,459],[221,2908,304],[221,3401,231],[221,3401,484],[222,192,289],[222,1313,177],[222,1883,266],[222,1883,336],[222,2238,412],[222,3690,400],[222,3690,477],[223,1069,405],[223,1194,185],[223,3234,317],[223,3234,418],[223,3377,26],[223,3769,103],[223,3773,103],[223,3773,408],[224,1273,487],[224,3307,334],[224,3619,210],[224,3619,299],[225,39,350],[225,321,290],[225,849,363],[225,1778,495],[225,1778,262],[225,1960,477],[226,968,367],[226,968,262],[226,1271,490],[226,1271,165],[226,2626,436],[226,2626,277],[226,2644,145],[227,411,278],[227,755,296],[227,2547,327],[227,2859,242],[228,228,235],[228,228,356],[228,228,83],[228,228,454],[228,2685,235],[228,2805,19],[228,3351,476],[228,3351,236],[228,3872,463],[229,1873,440],[229,2055,476],[229,2231,255],[229,2231,347],[229,2231,402],[229,2231,342],[229,2308,129],[229,2308,386],[229,2308,475],[230,207,115],[230,1781,56],[230,2854,358],[230,2854,203],[230,2897,294],[231,530,48],[231,530,462],[231,530,453],[231,638,348],[231,3857,175],[232,220,487],[232,802,79],[232,1246,416],[232,1246,230],[232,1246,74],[232,3059,496],[232,3388,464],[232,3388,106],[232,3560,279],[232,3560,216],[233,995,411],[233,2017,381],[233,2025,449],[233,2431,215],[234,107,400],[234,1646,375],[234,2182,422],[235,999,3],[235,999,483],[235,2630,370],[235,2831,267],[235,2831,135],[236,299,470],[236,1295,299],[236,1778,495],[236,1778,262],[236,2076,84],[236,2076,319],[237,221,263],[237,323,97],[237,918,393],[237,2028,471],[237,3441,465],[237,3491,420],[237,3491,353],[238,118,91],[238,118,367],[238,139,130],[238,139,339],[238,621,202],[238,1174,240],[238,2345,286],[239,2710,382],[239,2833,261],[239,2833,248],[239,2833,401],[239,3165,97],[239,3165,339],[239,3165,413],[239,3845,276],[239,3876,96],[239,3876,325],[240,861,270],[240,861,299],[240,1373,339],[240,2456,283],[240,2556,291],[241,469,93],[241,469,340],[241,469,331],[241,1054,155],[241,1054,499],[241,1054,75],[241,2428,183],[241,2551,348],[242,254,386],[242,2302,253],[242,2302,275],[242,3206,5],[242,3920,367],[243,1218,359],[243,2061,187],[243,2061,390],[243,2719,491],[243,2719,298],[243,2933,265],[243,2933,214],[243,3614,10],[243,3673,485],[244,499,447],[244,499,263],[244,1347,331],[244,1934,478],[245,1410,1],[245,3735,337],[246,139,130],[246,139,339],[246,535,345],[246,1003,470],[246,1036,197],[246,1756,169],[246,1756,468],[246,3449,295],[246,3449,115],[247,2770,226],[247,3060,482],[247,3981,34],[248,98,447],[248,1444,447],[249,132,372],[249,132,378],[249,365,193],[249,1276,196],[249,2920,260],[249,3256,332],[249,3256,439],[249,3383,466],[250,800,173],[250,800,175],[250,899,352],[250,1097,66],[250,1512,382],[250,1512,471],[250,3523,53],[250,3753,121],[251,108,448],[251,671,289],[251,2299,382],[251,2299,455],[252,69,441],[252,410,348],[252,2032,146],[252,2032,292],[252,2032,114],[252,2092,231],[252,2216,347],[252,2216,93],[253,333,64],[253,333,198],[253,333,432],[253,1076,387],[253,2866,414],[253,3780,317],[254,371,94],[254,839,235],[254,2982,57],[255,1810,219],[255,1810,414],[255,2951,382],[255,2951,424],[255,2951,429],[256,1441,414],[256,1607,405],[256,2590,420],[256,2590,310],[256,2728,482],[256,2728,333],[256,3767,420],[256,3767,487],[257,1175,405],[257,1516,463],[257,1516,17],[257,1630,471],[257,2048,424],[257,3173,384],[257,3201,393],[258,494,486],[258,3937,455],[259,2287,286],[259,3351,476],[259,3351,236],[259,3512,416],[259,3638,437],[260,1376,127],[260,2319,215],[260,2319,350],[260,2319,271],[260,2514,249],[260,2514,395],[261,2271,491],[261,2380,425],[261,3424,256],[261,3424,298],[262,147,87],[262,1648,199],[262,1648,353],[263,105,138],[263,105,305],[263,105,103],[263,1177,365],[263,1624,351],[263,1915,218],[263,2307,460],[264,2590,420],[264,2590,310],[264,2882,30],[264,2882,168],[264,3274,475],[264,3605,363],[265,498,49],[265,498,271],[265,2831,267],[265,2831,135],[265,2986,286],[266,384,127],[266,384,399],[266,384,106],[266,686,366],[266,1131,469],[266,1581,35],[266,1581,254],[266,1953,299],[267,1896,155],[267,1896,469],[267,2602,61],[267,2602,15],[268,218,452],[268,864,369],[268,2302,253],[268,2302,275],[268,2452,376],[268,2893,374],[268,3050,260],[268,3299,282],[269,590,53],[269,590,240],[269,766,119],[269,2293,149],[269,2771,89],[269,2771,403],[269,2771,319],[269,2869,173],[269,2869,442],[269,2892,393],[269,3328,448],[269,3328,386],[270,1508,404],[270,1690,8],[270,1866,35],[270,3558,156],[271,228,235],[271,228,356],[271,228,83],[271,228,454],[271,335,298],[271,335,423],[271,852,79],[271,982,287],[271,982,354],[271,3467,54],[271,3467,78],[272,500,177],[272,705,186],[272,1168,348],[272,2719,491],[272,2719,298],[273,242,360],[273,242,202],[273,242,404],[273,1752,485],[273,2020,305],[273,3847,201],[274,167,286],[274,167,310],[274,167,500],[274,302,165],[274,302,317],[274,2761,88],[274,3155,356],[275,22,366],[275,591,360],[275,1904,158],[275,2278,182],[275,2278,422],[275,2278,280],[275,3369,441],[275,3779,28],[275,3790,140],[276,375,219],[276,375,342],[276,1206,315],[276,3475,21],[277,288,69],[277,288,331],[277,527,32],[277,1398,435],[277,1398,248],[277,2988,440],[277,3185,204],[278,251,413],[278,1329,291],[278,1329,296],[278,1786,385],[278,1786,137],[278,2577,419],[278,2577,487],[278,2652,362],[278,2652,45],[278,3568,66],[278,3568,329],[279,1053,399],[279,1366,498],[279,2384,459],[279,3076,437],[279,3497,364],[279,3944,419],[280,580,467],[280,724,429],[280,724,244],[280,724,432],[280,1616,429],[280,1616,282],[280,2035,94],[281,228,235],[281,228,356],[281,228,83],[281,228,454],[281,632,332],[282,143,290],[282,333,64],[282,333,198],[282,333,432],[282,356,42],[282,356,363],[282,3336,139],[282,3336,366],[283,417,459],[283,683,307],[283,898,109],[283,2833,261],[283,2833,248],[283,2833,401],[284,916,236],[284,916,365],[284,1374,58],[284,1374,62],[284,2300,306],[284,2473,428],[284,2473,129],[284,3107,330],[285,92,287],[285,855,430],[285,1432,36],[285,1755,499],[285,2545,165],[285,2771,89],[285,2771,403],[285,2771,319],[286,2467,317],[286,3309,325],[287,2444,393],[287,3057,146],[287,3057,469],[287,3483,463],[288,1705,145],[288,1705,182],[288,1705,130],[288,1929,345],[288,2262,492],[288,3935,336],[289,234,307],[289,965,359],[289,965,390],[289,965,474],[289,2544,395],[289,3467,54],[289,3467,78],[290,1872,48],[290,1872,218],[290,1872,283],[290,3624,490],[290,3660,241],[291,1251,297],[291,1251,358],[291,1621,456],[291,2042,18],[291,2042,309],[292,956,175],[292,956,127],[292,1565,163],[292,1565,36],[292,2187,442],[292,2324,200],[292,2914,451],[293,324,270],[293,324,246],[293,324,427],[293,662,455],[293,1429,317],[293,2148,310],[293,3092,316],[294,3168,52],[294,3168,200],[294,3235,318],[294,3877,177],[295,78,374],[295,736,56],[295,1900,277],[295,3426,371],[295,3426,170],[295,3426,500],[296,128,193],[297,156,494],[297,342,39],[297,2579,466],[297,2579,414],[297,2592,456],[297,2652,362],[297,2652,45],[297,3045,351],[298,346,399],[298,761,476],[298,1071,242],[298,1386,381],[300,307,305],[300,900,322],[300,900,441],[300,900,299],[300,943,478],[300,947,257],[300,947,481],[300,955,350],[300,2129,258],[300,2854,358],[300,2854,203],[300,3969,428],[301,937,389],[301,937,209],[301,3481,30],[301,3481,54],[301,3481,67],[302,1363,311],[302,1700,50],[303,373,421],[303,824,301],[303,824,334],[303,1491,206],[303,1491,205],[303,1491,368],[303,2989,320],[303,3313,450],[303,3966,315],[303,3966,327],[303,3966,348],[303,3966,449],[304,372,332],[304,2279,213],[304,2860,4],[304,2860,478],[305,917,368],[305,3481,30],[305,3481,54],[305,3481,67],[306,1181,478],[306,1266,313],[306,1901,313],[306,2412,457],[306,2548,318],[306,3841,337],[307,1641,434],[307,1641,495],[307,1743,153],[307,2039,288],[307,2509,262],[308,1540,387],[308,1540,282],[308,1736,488],[308,1972,338],[308,3091,289],[309,543,299],[309,543,296],[309,569,245],[309,569,334],[309,647,391],[309,818,92],[309,818,444],[309,1128,383],[309,3195,122],[309,3195,314],[310,392,190],[310,392,368],[310,1072,495],[310,1072,137],[310,1086,445],[310,1714,456],[310,2923,485],[311,1460,214],[311,2750,150],[311,2750,386],[311,2858,444],[311,3278,69],[311,3415,398],[311,3861,435],[312,384,127],[312,384,399],[312,384,106],[312,442,189],[312,644,345],[312,1516,463],[312,1516,17],[313,3204,379],[314,1678,313],[314,1826,162],[314,1826,446],[314,1974,241],[314,1974,455],[315,1466,431],[315,1466,362],[315,1805,397],[315,1805,192],[315,2030,77],[316,308,312],[316,308,333],[316,308,375],[316,524,244],[316,929,386],[316,1739,122],[316,3122,379],[316,3195,122],[316,3195,314],[317,2812,232],[317,3279,394],[318,148,109],[318,1241,460],[318,1606,214],[319,571,398],[319,2753,499],[320,19,282],[320,308,312],[320,308,333],[320,308,375],[320,2651,352],[320,2651,107],[320,3252,14],[321,129,24],[321,129,110],[321,499,447],[321,499,263],[321,2015,483],[321,2228,349],[321,2260,463],[322,1040,193],[322,1122,274],[322,1122,354],[322,2434,328],[323,130,343],[323,922,161],[323,922,369],[323,2702,151],[323,2702,121],[323,3730,116],[324,676,387],[324,681,396],[324,681,168],[324,1185,453],[324,1185,410],[324,1185,237],[324,1605,396],[324,2687,387],[324,2751,286],[324,2984,464],[325,721,102],[325,3466,415],[325,3966,315],[325,3966,327],[325,3966,348],[325,3966,449],[326,41,261],[326,780,2],[326,2343,418],[326,2343,209],[327,786,372],[327,2672,490],[327,3209,132],[327,3209,238],[328,3371,322],[329,167,286],[329,167,310],[329,167,500],[329,803,78],[329,1876,471],[329,3788,64],[330,749,444],[330,1780,428],[330,1780,427],[330,2067,120],[330,2067,349],[330,2067,314],[330,2624,408],[330,3326,65],[331,377,318],[331,727,117],[332,1550,457],[332,1550,474],[332,3260,471],[332,3549,417],[332,3549,254],[333,530,48],[333,530,462],[333,530,453],[333,738,343],[333,902,411],[333,1861,485],[334,704,381],[334,704,472],[334,3261,93],[334,3552,252],[335,224,25],[335,224,259],[335,382,106],[335,382,129],[336,208,147],[336,208,434],[336,208,40],[336,208,130],[336,756,434],[336,773,406],[336,1305,329],[336,2490,223],[336,2490,426],[336,2490,464],[336,2490,124],[337,389,47],[337,389,61],[337,389,366],[337,1106,466],[337,1319,83],[337,1319,399],[338,91,66],[338,546,438],[338,2042,18],[338,2042,309],[338,3220,361],[338,3736,151],[338,3786,373],[338,3786,176],[338,3786,380],[339,2124,342],[339,3995,82],[339,3995,260],[340,879,54],[340,2231,255],[340,2231,347],[340,2231,402],[340,2231,342],[340,2874,245],[341,1837,152],[341,1837,29],[341,2661,228],[341,3132,368],[341,3132,434],[341,3384,484],[342,332,375],[342,457,359],[342,2078,475],[343,275,427],[343,1823,394],[343,2350,90],[343,2350,51],[343,3238,352],[343,3238,299],[344,1116,106],[344,1288,364],[344,1470,341],[344,1470,457],[344,1470,133],[344,3440,44],[344,3729,119],[345,1592,413],[345,3537,168],[345,3702,281],[345,3702,403],[345,3702,45],[345,3702,68],[346,867,261],[346,867,360],[346,982,287],[346,982,354],[346,1205,413],[346,2137,340],[346,2137,396],[346,2231,255],[346,2231,347],[346,2231,402],[346,2231,342],[346,3811,44],[347,3932,108],[348,878,226],[348,878,370],[348,878,474],[349,159,410],[349,713,287],[349,1075,492],[349,1075,280],[349,2406,427],[349,2406,454],[349,2406,88],[349,3052,475],[350,356,42],[350,356,363],[350,3238,352],[350,3238,299],[350,3701,9],[351,517,111],[351,517,376],[351,1134,475],[351,1589,69],[351,1881,445],[351,1881,303],[351,1881,390],[351,2166,57],[352,695,481],[352,1471,159],[352,1471,392],[352,2220,473],[352,3487,24],[353,3069,403],[353,3301,80],[354,200,418],[354,200,472],[354,523,369],[354,523,375],[354,2712,419],[354,2712,113],[355,573,254],[356,1955,58],[356,1955,37],[356,2974,272],[356,3531,477],[356,3531,341],[357,704,381],[357,704,472],[357,2744,144],[357,3231,255],[357,3231,152],[357,3595,347],[357,3595,225],[358,887,63],[359,916,236],[359,916,365],[359,2236,417],[359,2251,483],[360,906,180],[360,935,454],[360,2972,454],[360,3113,406],[360,3113,353],[361,572,364],[361,572,432],[361,1322,498],[361,1427,374],[361,3572,400],[361,3572,414],[362,967,489],[362,2234,379],[363,324,270],[363,324,246],[363,324,427],[363,1759,361],[363,2406,427],[363,2406,454],[363,2406,88],[363,3586,388],[364,3831,51],[364,3854,31],[365,361,201],[365,361,342],[365,1244,291],[365,1244,60],[366,987,248],[366,2003,377],[366,2003,430],[366,3288,497],[367,2142,293],[367,2142,60],[367,2489,83],[368,1657,199],[368,1657,465],[368,1657,139],[368,2951,382],[368,2951,424],[368,2951,429],[369,748,418],[369,1223,247],[369,1290,385],[370,1681,469],[370,2134,498],[370,2579,466],[370,2579,414],[370,2728,482],[370,2728,333],[370,3479,399],[371,1539,482],[371,1539,233],[371,2113,404],[371,2562,463],[371,2594,452],[372,608,495],[372,608,269],[372,1485,456],[372,2759,443],[372,3470,440],[373,590,53],[373,590,240],[373,1512,382],[373,1512,471],[373,1796,431],[373,3054,257],[373,3054,407],[374,1710,469],[374,2343,418],[374,2343,209],[374,3143,455],[374,3143,419],[375,2529,24],[376,208,147],[376,208,434],[376,208,40],[376,208,130],[376,880,415],[377,33,74],[377,3256,332],[377,3256,439],[378,1339,486],[378,1339,444],[378,2282,344],[378,2282,63],[378,2282,20],[378,3432,458],[379,2481,141],[379,3879,423],[379,3879,140],[379,3879,316],[380,2535,344],[380,2785,423],[380,2785,226],[381,1994,241],[381,2833,261],[381,2833,248],[381,2833,401],[381,3926,264],[382,2817,100],[382,3491,420],[382,3491,353],[383,1916,461],[383,1935,461],[383,3608,479],[383,3674,147],[384,231,7],[384,231,142],[384,1133,484],[384,1258,393],[384,3275,354],[385,847,399],[385,1793,488],[385,2951,382],[385,2951,424],[385,2951,429],[385,3496,400],[385,3496,73],[386,3900,499],[387,1696,381],[387,2606,14],[387,3543,465],[388,1138,184],[388,1138,367],[388,1138,433],[388,2032,146],[388,2032,292],[388,2032,114],[388,2226,479],[389,1185,453],[389,1185,410],[389,1185,237],[389,1883,266],[389,1883,336],[389,2494,378],[389,2494,428],[389,2645,217],[389,2645,209],[389,3016,136],[389,3102,43],[390,1550,457],[390,1550,474],[390,2235,19],[390,3196,436],[391,539,88],[391,3472,317],[391,3731,28],[391,3731,211],[391,3731,377],[392,132,372],[392,132,378],[392,231,7],[392,231,142],[392,1166,480],[392,2052,281],[392,2052,305],[394,877,420],[394,1307,433],[394,1307,494],[394,1422,421],[394,1780,428],[394,1780,427],[394,3797,445],[395,247,313],[395,396,444],[395,513,117],[396,2490,223],[396,2490,426],[396,2490,464],[396,2490,124],[397,212,398],[397,212,449],[397,413,409],[397,413,459],[397,498,49],[397,498,271],[397,2713,490],[397,3486,116],[397,3486,399],[398,469,93],[398,469,340],[398,469,331],[398,1616,429],[398,1616,282],[399,868,166],[400,663,40],[400,3883,13],[401,770,297],[401,1573,131],[401,1573,332],[401,1573,463],[401,2154,443],[401,2299,382],[401,2299,455],[402,235,429],[402,793,72],[402,793,439],[402,793,350],[402,2321,490],[402,2656,459],[403,458,358],[403,1599,452],[404,100,380],[404,100,492],[404,1179,383],[405,518,6],[406,3170,462],[406,3399,474],[407,93,156],[407,93,417],[407,93,252],[407,1056,438],[407,2080,422],[407,2080,125],[408,994,167],[408,1307,433],[408,1307,494],[408,1969,450],[408,2980,485],[409,1257,426],[409,2180,425],[409,3293,315],[409,3726,425],[410,83,222],[410,83,480],[410,665,480],[410,2358,462],[410,2358,460],[411,752,294],[411,2541,94],[411,3011,156],[411,3316,146],[412,311,446],[412,1617,467],[412,2683,436],[412,3026,461],[412,3243,458],[413,280,463],[413,280,294],[413,1963,191],[413,1963,231],[414,812,353],[414,1415,362],[414,3709,139],[414,3709,448],[415,402,14],[415,428,488],[415,919,358],[416,351,355],[416,351,444],[416,3066,357],[417,1016,479],[417,1436,113],[417,1436,335],[417,2184,456],[418,412,66],[419,672,455],[420,397,494],[420,3297,259],[420,3668,431],[420,3975,404],[421,1331,479],[421,2024,70],[422,619,431],[422,619,20],[422,1325,431],[422,1865,424],[422,1865,118],[423,617,460],[423,3517,42],[423,3517,481],[424,404,62],[424,404,476],[424,988,288],[424,988,365],[424,999,3],[424,999,483],[424,2953,476],[425,87,176],[425,87,253],[425,952,222],[425,1660,380],[425,1660,465],[425,2593,426],[425,3021,265],[426,934,59],[426,934,281],[426,1231,465],[426,3218,276],[426,3277,188],[426,3277,410],[427,18,301],[427,3123,37],[427,3123,243],[427,3123,124],[427,3123,193],[428,1382,189],[428,1760,96],[428,1760,495],[428,1760,112],[428,1970,1],[428,3496,400],[428,3496,73],[429,1315,440],[429,1342,353],[429,1342,409],[429,1342,466],[429,1342,493],[429,3135,433],[429,3913,498],[430,1272,468],[430,1272,190],[430,1371,193],[430,3057,146],[430,3057,469],[430,3175,498],[431,1581,35],[431,1581,254],[431,3954,270],[432,345,390],[432,3329,224],[432,3329,482],[432,3337,469],[432,3602,56],[433,301,77],[433,1005,114],[433,2466,219],[433,2466,371],[433,2466,446],[433,3534,442],[434,414,284],[434,414,262],[434,2137,340],[434,2137,396],[434,2709,229],[435,1220,178],[435,1705,145],[435,1705,182],[435,1705,130],[435,3567,276],[436,105,138],[436,105,305],[436,105,103],[436,910,131],[436,2079,195],[436,3809,72],[437,931,37],[437,931,336],[437,2282,344],[437,2282,63],[437,2282,20],[437,3822,268],[438,414,284],[438,414,262],[438,1835,301],[438,2483,409],[438,2933,265],[438,2933,214],[439,467,74],[439,1993,265],[439,1993,448],[439,1993,452],[439,2373,156],[440,660,387],[440,660,446],[440,1100,377],[440,1100,195],[440,1100,497],[440,3489,231],[441,934,59],[441,934,281],[441,2045,148],[441,2045,34],[442,292,488],[442,792,361],[442,1767,488],[442,3311,388],[442,3320,453],[443,534,473],[443,2249,477],[443,2249,494],[443,3143,455],[443,3143,419],[444,1993,265],[444,1993,448],[444,1993,452],[444,3164,185],[445,866,284],[445,2189,492],[445,2244,486],[446,873,59],[446,873,499],[446,873,328],[446,1906,169],[447,2080,422],[447,2080,125],[447,2660,76],[448,2999,104],[449,225,401],[449,2967,224],[450,1019,75],[450,3634,347],[450,3634,173],[450,3634,302],[451,1148,402],[451,1148,2],[451,2628,203],[451,2863,491],[452,3575,100],[453,131,496],[453,2008,479],[453,2442,472],[453,3986,460],[454,3761,74],[455,3755,253],[457,488,10],[457,488,113],[457,2053,100],[457,2053,265],[457,2410,184],[457,3090,355],[457,3090,272],[458,884,479],[458,1757,235],[458,1757,178],[458,2009,486],[458,2127,306],[458,2783,477],[459,701,274],[459,865,125],[459,865,187],[459,865,104],[459,3821,291],[460,300,500],[461,1541,264],[461,1541,144],[461,3090,355],[461,3090,272],[462,2771,89],[462,2771,403],[462,2771,319],[462,3654,212],[463,818,92],[463,818,444],[464,167,286],[464,167,310],[464,167,500],[464,340,500],[464,3423,408],[464,3423,500],[465,2326,213],[465,2326,163],[465,2326,489],[465,3818,334],[466,3291,470],[466,3695,76],[466,3695,498],[466,3695,357],[467,949,55],[467,949,468],[467,1896,155],[467,1896,469],[468,865,125],[468,865,187],[468,865,104],[468,3572,400],[468,3572,414],[469,197,177],[469,1212,246],[470,1250,184],[470,1250,396],[470,2708,482],[470,3322,276],[470,3322,497],[470,3322,312],[472,1314,91],[472,3566,491],[472,3566,138],[473,1216,398],[473,1500,488],[473,2794,162],[474,764,292],[474,764,201],[474,2249,477],[474,2249,494],[474,3229,409],[476,3858,301],[477,200,418],[477,200,472],[477,2382,48],[478,889,491],[478,2663,234],[478,3436,302],[480,495,73],[480,1339,486],[480,1339,444],[480,1952,17],[480,2737,80],[481,3084,229],[481,3273,116],[481,3273,357],[482,48,500],[482,1159,498],[483,1321,109],[483,1321,373],[483,2886,85],[483,2886,488],[484,860,493],[484,1252,493],[484,1398,435],[484,1398,248],[484,2514,249],[484,2514,395],[485,1618,203],[485,3698,362],[485,3698,41],[486,3547,495],[487,2880,248],[489,375,219],[489,375,342],[489,1170,159],[489,1289,121],[490,2051,327],[490,2051,80],[490,3002,153],[490,3002,6],[491,1176,188],[491,1176,113],[491,1519,43],[491,1519,207],[491,3633,388],[492,629,138],[492,1559,255],[492,1881,445],[492,1881,303],[492,1881,390],[493,3539,358],[493,3910,233],[494,181,373],[494,189,278],[494,189,390],[494,2132,144],[495,1591,461],[496,1573,131],[496,1573,332],[496,1573,463],[496,2351,460],[496,2351,410],[496,2517,135],[497,434,215],[497,434,498],[497,473,349],[497,3239,355],[499,2549,55],[499,2888,112],[500,724,429],[500,724,244],[500,724,432]];

jitters = [20000,100000,20000,10000,20000,10000,20000,2000,10000,10000,100000,10000,10000,20000,20000,10000,20000,20000,20000,20000,10000,20000,10000,10000,20000,10000,10000,10000,20000,20000,10000,100000,10000,10000,20000,20000,100000,100000,100000,10000,100000,20000,20000,10000,10000,100000,100000,20000,20000,100000,20000,20000,10000,20000,10000,100000,20000,20000,10000,100000,20000,20000,20000,10000,1000,20000,100000,10000,20000,20000,20000,20000,20000,1000,20000,20000,50000,20000,20000,100000,100000,20000,10000,2000,1000,100000,20000,20000,20000,20000,1000,50000,2000,100000,5000,10000,20000,100000,20000,100000,100000,10000,100000,10000,10000,20000,20000,2000,100000,100000,100000,100000,20000,100000,1000,100000,20000,20000,10000,20000,20000,100000,10000,5000,20000,10000,10000,20000,20000,10000,100000,100000,20000,10000,10000,100000,20000,100000,20000,10000,20000,2000,20000,20000,20000,100000,10000,10000,10000,20000,100000,10000,5000,10000,100000,10000,100000,20000,10000,100000,100000,10000,1000,20000,10000,10000,20000,100000,20000,100000,10000,10000,50000,10000,10000,100000,100000,10000,10000,20000,10000,10000,1000,10000,10000,10000,100000,20000,10000,20000,50000,20000,10000,100000,100000,50000,10000,50000,10000,10000,20000,20000,10000,20000,50000,10000,20000,2000,100000,2000,20000,20000,100000,10000,10000,20000,10000,10000,10000,100000,2000,10000,2000,20000,10000,20000,20000,10000,10000,50000,20000,20000,10000,10000,10000,20000,2000,10000,10000,20000,10000,20000,10000,100000,20000,20000,100000,100000,10000,100000,10000,100000,10000,10000,10000,10000,2000,10000,10000,10000,100000,20000,100000,10000,10000,20000,10000,20000,20000,100000,10000,100000,100000,10000,20000,20000,1000,20000,20000,20000,10000,20000,20000,100000,20000,10000,20000,20000,10000,20000,10000,100000,10000,100000,20000,20000,10000,10000,20000,100000,20000,1000,100000,2000,100000,100000,10000,50000,10000,10000,1000,20000,100000,10000,20000,20000,10000,100000,20000,100000,100000,1000,10000,5000,10000,10000,100000,1000,20000,100000,100000,10000,10000,20000,20000,50000,20000,10000,20000,10000,2000,10000,10000,20000,20000,20000,100000,100000,100000,100000,10000,100000,20000,20000,10000,10000,100000,10000,10000,20000,20000,100000,10000,20000,100000,20000,10000,10000,20000,20000,20000,10000,10000,20000,10000,10000,2000,10000,100000,20000,100000,10000,10000,2000,20000,20000,5000,10000,100000,10000,100000,100000,2000,10000,10000,5000,20000,20000,20000,20000,10000,20000,20000,100000,2000,100000,10000,100000,50000,100000,10000,10000,20000,10000,10000,10000,10000,20000,20000,10000,10000,10000,100000,10000,50000,50000,10000,100000,20000,20000,10000,20000,10000,50000,1000,10000,20000,10000,20000,10000,100000,100000,10000,10000,10000,10000,100000,10000,10000,100000,100000,20000,100000,20000,10000,10000,100000,10000,20000,100000,10000,100000,20000,5000,50000,20000,20000,20000,20000,20000,2000,100000,100000,100000,10000,10000,10000,100000,10000,100000,100000,20000,100000,2000,100000,10000,20000,100000,100000,20000,100000,100000,2000,100000,10000,1000,20000,20000,20000,5000];

