NumChains = 50;
NumResources = 3;
NumRunnablesInChains = 286;
MemoryBoundOnResource = 1048576;
UtilizationBoundOnResource = 100;

numberOfTasksinChain = [7,13,7,13,11,13,13,9,11,7,11,11,7,13,9,13,9,13,11,7,7,11,9,13,11,11,9,13,13,11,7,13,13,9,7,13,13,7,13,13,13,7,9,11,13,9,11,11,7,7];

runnablesInChains = [158,359,492,61,106,182,293,56,165,39,337,271,321,236,498,264,49,37,90,270,185,447,205,452,483,474,68,499,35,164,207,388,427,102,384,458,146,481,159,279,234,499,466,385,455,136,340,160,134,246,330,494,463,248,375,474,127,284,201,139,51,491,289,392,288,125,182,78,219,491,85,309,426,479,92,424,153,5,381,422,499,441,24,493,164,82,284,249,6,273,293,330,256,382,300,142,69,117,322,67,97,174,273,245,276,478,227,324,452,120,474,361,258,475,76,494,454,385,343,294,138,405,128,184,128,32,392,436,191,188,477,334,243,397,312,74,492,411,355,183,113,241,216,374,243,44,79,131,19,206,311,467,111,148,24,70,292,319,223,351,93,380,224,288,370,28,47,428,287,173,222,166,115,454,184,261,255,48,61,15,113,500,310,171,132,49,437,195,83,429,23,253,55,49,52,169,95,36,87,306,279,342,248,108,119,471,257,466,238,96,155,434,405,28,93,274,27,450,473,209,329,467,306,129,449,179,319,14,16,407,120,281,413,100,467,36,111,87,129,431,229,39,187,199,386,27,51,494,237,320,311,306,449,189,462,294,293,442,454,365,337,349,227,427,127,402,146,268,193,324,452,247,411,171,341,354,317,241,308,337,226,436,402,372,484,223];

ProcessingTimesOfMessages = [[1,1,1,1,1,1,1],[1,1,1,1,1,1,1,1,1,1,1,1],[1,1,1,1,1,1,1,1,1,1,1],[1,1,1,1,1,1,1,1,1,1,1,1],[1,1,1,1,1,1,1,1],[1,1,1,1,1,1,1],[1,1,1,1,1,1,1,1,1,1],[1,1,1,1,1,1,1],[1,1,1,1,1,1,1,1,1],[1,1,1,1,1,1],[1,1,1,1,1,1],[1,1,1,1,1,1,1,1,1],[1,1,1,1,1,1,1,1,1,1],[1,1,1,1,1,1,1,1,1,1,1,1],[1,1,1,1,1,1,1,1,1,1,1,1,1,1,1],[1,1,1,1,1],[1,1,1,1,1,1,1,1,1],[1,1,1,1,1,1,1,1,1,1],[1,1,1,1,1,1,1,1,1,1],[1,1,1,1,1,1,1,1,1,1],[1,1,1,1,1,1,1,1,1],[1,1,1,1,1,1,1,1,1,1],[1,1,1,1,1,1,1,1,1],[1,1,1,1,1],[1,1,1,1,1,1,1,1,1],[1,1,1,1,1,1,1,1],[1,1,1,1,1,1,1],[1,1,1,1,1,1,1,1,1,1,1,1],[1,1,1,1,1,1,1,1,1],[1,1,1,1,1,1,1],[1,1,1,1,1,1,1,1,1,1,1],[1,1,1,1,1,1,1,1,1,1,1],[1,1,1,1,1,1,1],[1,1,1,1,1,1,1,1,1,1],[1,1,1,1,1,1,1,1],[1,1,1,1,1,1,1,1],[1,1,1,1,1,1,1,1],[1,1,1,1,1,1],[1,1,1,1,1,1,1,1,1],[1,1,1,1,1,1,1,1,1,1,1],[1,1,1,1,1,1,1,1,1,1,1,1],[1,1,1,1,1,1,1],[1,1,1,1,1,1,1,1,1,1,1],[1,1,1,1,1,1,1,1,1,1],[1,1,1,1,1],[1,1,1,1,1,1,1,1,1,1],[1,1,1,1,1],[1,1,1,1,1,1,1,1,1],[1,1,1,1,1,1,1,1,1,1],[1,1,1,1,1,1,1,1,1],[1,1,1,1,1,1],[1,1,1,1,1,1,1,1],[1,1,1,1,1,1,1,1,1,1,1,1,1],[1,1,1,1],[1,1,1,1,1,1,1,1,1,1,1],[1,1,1,1,1,1,1,1],[1,1,1,1,1,1,1],[1,1,1,1,1,1,1,1,1,1],[1,1,1,1,1,1],[1,1,1,1,1,1,1,1,1,1,1,1,1,1],[1,1,1,1,1,1,1,1,1,1],[1,1,1,1,1,1,1,1,1,1,1,1,1,1,1],[1,1,1,1,1,1,1,1,1,1,1,1,1],[1,1,1,1,1,1,1,1,1,1,1,1],[1,1],[1,1,1,1,1,1,1,1,1,1,1,1,1],[1,1,1,1,1,1],[1,1,1,1,1],[1,1,1],[1,1,1,1,1,1,1,1],[1,1,1,1,1,1,1,1,1],[1,1,1,1,1,1,1,1,1,1,1,1,1],[1,1,1,1,1,1,1,1,1],[1,1,1,1,1,1,1,1,1,1,1],[1,1,1,1,1],[1,1,1,1,1,1,1],[1,1,1,1,1,1],[1,1,1,1,1,1,1,1,1,1],[1,1,1,1,1,1,1],[1,1,1,1,1,1,1,1,1,1],[1,1,1,1,1,1,1,1,1,1],[1,1,1,1,1,1,1,1],[1,1,1,1,1,1,1,1],[1,1,1,1,1,1,1,1],[1,1,1,1,1,1,1,1,1,1],[1,1,1,1,1,1,1,1,1,1,1],[1,1,1,1,1,1,1],[1,1,1,1,1,1,1,1,1,1,1,1,1,1],[1,1,1,1,1],[1,1,1,1,1,1],[1,1,1,1,1,1,1,1,1,1],[1,1,1,1,1,1,1,1,1,1,1,1,1],[1,1,1,1,1,1,1,1,1,1,1],[1,1,1,1,1,1,1,1,1,1],[1,1,1,1,1,1,1,1,1,1,1,1,1,1],[1,1,1,1,1,1],[1,1,1,1,1,1,1],[1,1,1,1,1,1,1,1,1,1,1],[1,1,1,1,1,1],[1,1,1,1],[1,1,1,1,1,1,1,1],[1,1,1,1,1],[1,1,1,1,1,1,1,1,1,1],[1,1,1,1,1,1,1,1,1],[1,1,1,1,1,1,1,1],[1,1,1,1,1,1,1,1],[1,1,1,1,1,1,1,1,1,1],[1,1,1,1,1,1,1,1,1],[1,1,1,1,1,1,1,1,1,1,1,1],[1,1,1,1,1,1,1,1,1,1,1,1,1],[1,1,1,1,1,1],[1,1,1,1,1,1],[1,1,1,1,1],[1,1,1,1,1,1,1,1,1,1,1,1,1,1,1,1],[1,1,1,1,1,1,1,1,1,1,1,1],[1,1,1,1,1,1,1],[1,1,1,1,1,1,1,1,1,1],[1,1,1,1,1,1,1,1,1,1],[1,1,1,1,1,1,1],[1,1,1,1,1],[1,1,1,1,1,1,1,1,1,1,1,1],[1,1,1,1,1,1,1,1,1,1,1,1],[1,1,1,1,1,1,1,1],[1,1,1,1,1,1,1,1],[1,1,1,1,1,1,1,1],[1,1,1,1,1,1,1,1,1,1],[1,1,1,1,1,1,1],[1,1,1,1,1,1,1,1],[1,1,1,1,1,1,1],[1,1,1,1,1],[1,1,1,1,1,1],[1,1,1,1,1,1,1,1],[1,1,1,1,1,1,1],[1,1,1,1,1],[1,1,1,1,1,1,1,1,1],[1,1,1,1,1],[1,1,1,1,1,1,1,1,1,1,1,1],[1,1,1,1,1,1,1],[1,1,1,1,1,1,1,1,1],[1,1,1],[1,1,1,1,1],[1,1,1,1,1,1,1,1,1,1],[1,1,1,1,1,1,1,1],[1,1,1,1,1,1,1,1,1,1],[1,1,1,1,1,1,1,1,1],[1,1,1,1,1,1],[1,1,1,1,1,1,1,1,1,1,1],[1,1,1,1,1,1,1,1,1,1,1,1,1],[1,1,1,1,1,1,1],[1,1,1,1,1],[1,1,1,1,1,1,1,1,1,1,1,1],[1,1,1,1,1,1,1,1,1,1],[1,1,1,1,1,1,1,1,1],[1,1,1,1,1,1,1,1,1],[1,1,1,1,1,1,1,1,1,1],[1,1,1,1,1,1,1],[1,1,1,1,1,1,1,1],[1,1,1,1,1,1,1,1,1,1],[1,1,1,1,1,1,1,1,1,1,1,1],[1,1,1,1,1,1,1,1,1,1,1,1,1,1,1,1],[1,1,1,1,1,1,1,1,1,1,1,1,1,1],[1,1,1,1,1,1],[1,1,1,1,1,1,1,1,1,1],[1,1,1,1,1,1,1,1],[1,1,1,1,1,1,1,1,1],[1,1,1,1,1,1,1,1,1],[1,1,1,1,1],[1,1,1,1,1,1,1],[1,1,1,1,1,1,1,1,1,1,1,1,1],[1,1,1,1,1,1,1,1,1],[1,1,1,1,1,1,1],[1,1,1,1,1,1,1,1,1,1,1,1,1,1,1],[1,1,1,1,1,1],[1,1,1,1,1,1,1,1,1,1,1],[1,1,1,1,1,1,1],[1,1,1,1,1,1],[1,1,1,1,1,1,1,1,1,1,1,1,1],[1,1,1,1,1,1,1,1,1],[1,1,1,1,1,1,1,1,1,1,1],[1,1,1,1,1,1],[1,1,1,1,1,1,1,1,1],[1,1,1,1,1],[1,1,1,1,1,1],[1,1,1,1],[1,1,1,1,1,1,1,1,1],[1,1,1,1],[1,1,1,1,1,1,1,1,1,1],[1,1,1,1,1,1,1],[1,1,1,1,1],[1,1,1,1],[1,1,1,1,1,1,1,1],[1,1,1,1,1,1,1,1,1,1,1,1],[1,1,1,1,1,1,1,1,1,1,1,1,1],[1,1,1,1,1,1,1,1,1],[1,1,1,1,1,1],[1,1,1,1,1,1,1,1,1,1],[1,1,1,1,1,1],[1,1,1,1,1],[1,1,1,1,1,1],[1,1,1,1,1,1,1],[1,1,1,1,1],[1,1,1,1,1,1,1,1,1,1,1,1,1,1],[1,1,1,1],[1,1,1,1,1,1,1,1,1,1,1,1],[1,1,1,1,1,1,1,1],[1,1,1,1,1,1,1,1,1,1],[1,1,1,1,1,1,1,1,1,1,1],[1,1,1,1,1,1,1,1,1,1,1],[1,1,1,1,1,1,1,1],[1,1,1,1,1],[1,1,1,1,1],[1,1,1,1,1,1],[1,1,1,1,1,1,1,1,1],[1,1,1,1,1,1],[1,1,1],[1,1,1,1,1,1,1,1,1,1,1],[1,1,1,1,1,1,1,1,1,1],[1,1,1,1,1,1,1,1,1,1],[1,1,1,1,1,1,1,1,1],[1,1,1,1,1,1,1],[1,1,1,1,1,1,1,1,1],[1,1,1,1,1],[1,1,1,1],[1,1,1,1,1,1,1,1,1,1,1],[1,1,1,1,1,1,1,1],[1,1,1,1,1,1,1,1,1,1,1,1],[1,1,1,1],[1,1,1,1,1,1,1,1],[1,1,1,1,1,1,1,1,1],[1,1,1,1,1,1,1,1,1,1],[1,1,1,1],[1,1,1,1,1,1,1,1,1,1],[1,1,1,1,1,1,1,1],[1,1,1,1,1,1,1,1],[1,1,1,1,1,1,1,1,1,1,1],[1,1,1],[1,1],[1,1,1,1,1,1],[1,1,1,1,1],[1,1,1,1,1,1,1,1,1,1],[1,1,1,1,1],[1,1,1,1,1,1,1,1,1],[1,1,1,1,1],[1,1,1,1,1,1,1,1],[1,1,1,1,1,1],[1,1,1,1,1,1],[1,1,1,1],[1,1,1,1,1],[1,1,1,1,1,1],[1,1,1,1,1,1,1],[1,1,1],[1,1,1,1,1,1,1,1,1],[1,1,1,1,1,1],[1,1,1,1,1,1,1,1,1],[1,1,1,1,1],[1,1,1,1,1],[1,1,1,1,1,1,1],[1,1,1,1,1,1,1,1],[1,1,1,1,1,1,1],[1,1,1,1,1,1,1],[1,1,1,1,1],[1,1,1,1,1,1,1],[1,1,1,1,1,1],[1,1,1,1,1],[1,1,1,1,1,1,1,1],[1,1,1,1,1,1,1,1],[1,1,1],[1,1,1,1,1],[1,1,1,1,1,1,1,1,1],[1,1,1,1,1,1,1,1],[1,1,1,1,1,1],[1,1,1,1,1,1,1],[1,1,1,1,1,1,1],[1,1,1,1,1,1,1,1,1],[1,1,1,1,1,1,1,1,1],[1,1,1,1,1,1,1,1,1,1,1,1,1,1,1],[1,1,1,1,1],[1,1,1,1],[1,1,1,1,1,1,1,1],[1,1,1,1,1,1],[1,1,1],[1,1],[1,1,1,1,1,1,1],[1,1,1,1,1,1,1],[1,1,1,1,1,1,1,1,1,1],[1,1,1,1,1],[1,1],[1,1,1,1],[1,1,1,1,1,1,1],[1,1,1],[1,1,1,1,1,1],[1,1,1,1,1,1,1,1,1],[1,1,1,1,1,1],[1,1,1,1,1,1,1,1],[1,1,1,1,1,1,1],[1,1],[1,1,1,1,1,1,1,1],[1,1,1,1,1,1,1,1,1],[1,1,1,1,1,1,1,1],[1,1,1,1,1,1,1,1,1],[1,1,1,1,1],[1,1,1,1,1],[1,1,1],[1,1,1,1,1,1,1,1,1,1,1,1,1,1],[1,1,1,1],[1,1,1,1,1,1,1],[1,1,1,1,1,1],[1,1,1,1],[1,1,1],[1,1,1,1],[1,1],[1,1,1,1,1,1],[1,1,1,1,1,1,1,1],[1,1,1,1,1,1,1,1],[1,1,1,1,1,1,1],[1,1,1,1,1,1,1,1,1],[1,1,1,1],[1,1,1,1,1,1,1,1,1,1,1,1,1],[1,1,1,1],[1,1,1,1,1,1,1,1,1,1],[1,1,1],[1,1,1,1,1],[1,1],[1,1,1,1,1,1,1],[1,1],[1,1,1],[1,1],[1,1,1,1,1,1],[1,1,1,1,1,1,1,1],[1,1,1,1,1],[1,1,1,1,1,1,1],[],[1,1,1,1],[1,1,1,1,1],[1,1,1,1],[1,1,1,1,1,1],[1,1,1,1,1],[1,1,1,1],[1,1,1,1,1],[1,1,1,1,1,1,1],[1,1,1,1,1,1,1,1,1],[1,1,1,1,1,1],[1,1,1,1,1,1],[1,1,1,1,1,1],[1,1,1,1,1,1,1,1,1,1],[1,1,1,1,1,1,1,1,1,1,1],[1,1,1,1,1,1,1,1,1],[1,1,1,1],[1,1,1,1,1,1,1,1,1,1,1],[1,1,1,1,1,1,1],[1,1,1,1,1,1,1,1,1,1,1],[1,1,1,1,1,1],[1,1,1,1,1,1,1],[1,1,1,1,1,1,1],[1,1,1,1,1,1,1],[1,1,1,1],[1,1,1,1],[1,1,1,1,1,1,1,1,1],[1,1,1,1],[1,1,1,1,1,1,1,1,1,1,1],[1,1,1],[1,1,1,1,1,1,1,1],[1,1,1,1,1,1,1],[1,1,1,1,1,1,1,1,1,1,1],[1,1,1,1],[1,1,1,1,1,1,1,1,1,1],[1,1,1,1,1,1,1,1,1,1,1],[1,1,1,1,1,1,1,1,1,1,1,1,1,1,1],[1,1,1,1,1,1,1,1,1],[1,1,1,1,1,1,1,1],[1],[1,1,1,1,1,1,1,1,1,1,1,1,1,1,1],[1,1,1],[1,1,1,1,1,1,1],[1,1,1,1,1,1],[1,1],[1,1,1,1,1,1,1,1,1],[1],[1,1,1,1],[1,1,1,1,1,1],[1,1,1,1,1,1,1,1,1],[1,1,1],[1,1,1,1],[1,1,1],[1],[1,1,1,1,1,1,1,1],[1,1,1,1,1,1],[1],[1,1,1],[1,1,1,1,1,1],[1,1,1,1,1,1],[1,1,1,1,1,1],[1,1,1,1,1,1],[1,1,1,1,1,1,1],[1,1,1,1,1],[1,1,1,1,1],[1,1,1,1,1,1,1,1],[1],[1,1,1,1,1,1],[1,1,1,1,1,1,1],[1,1,1],[1,1,1,1],[1,1,1,1,1],[1,1,1],[1,1,1],[1,1,1],[1,1,1,1,1,1,1,1,1,1,1],[1,1,1,1,1,1],[1,1],[1,1,1,1,1,1,1],[1,1,1,1,1,1,1],[1,1],[1,1,1,1,1,1,1,1,1],[1,1,1],[1,1,1,1,1],[1,1,1],[1,1,1,1],[1,1,1,1,1],[1,1,1,1],[1,1,1,1,1,1],[1,1,1,1,1,1],[1,1,1],[1,1,1,1,1],[1,1,1,1,1,1,1,1],[1,1,1,1],[1,1,1],[1,1,1],[1,1],[1,1,1],[1,1,1,1],[1,1,1],[1,1],[1,1,1,1,1,1,1],[1,1,1,1,1],[1,1],[1,1,1,1,1],[1,1,1,1,1],[1],[1,1,1],[1,1,1,1],[1,1,1,1,1,1],[1,1,1,1,1],[1,1,1],[1],[1,1,1,1,1,1],[1],[1,1],[1,1,1,1,1,1,1,1,1,1,1,1],[1,1,1],[1,1],[1,1,1,1,1,1],[1,1,1,1],[1,1,1,1,1,1],[1,1,1,1,1,1,1,1],[1,1,1,1],[1,1],[],[1,1,1,1,1],[1,1,1,1,1],[1,1,1,1],[1,1,1,1,1,1,1,1,1,1],[1,1],[1],[1,1,1,1],[1,1,1],[1,1,1,1],[1,1,1,1,1,1,1,1,1,1],[1,1,1,1,1],[1,1,1,1,1,1],[1,1],[1,1,1],[1,1],[1,1,1,1],[1,1,1],[1,1],[1,1],[1,1,1,1,1],[1,1,1,1,1],[1,1,1,1,1],[1,1,1,1,1],[1],[1,1,1,1,1,1],[1,1,1],[1,1],[1,1],[1,1,1,1],[1],[1,1,1,1],[1,1],[],[1,1,1,1],[1,1,1,1,1,1,1,1],[1,1,1,1,1],[1,1,1],[1,1,1,1,1,1,1],[1,1,1],[1,1,1,1,1,1],[],[1],[1,1,1,1,1,1]];

processingTimesRunnables = [5,6,4,5,5,5,2,5,6,5,6,6,3,6,3,6,7,3,6,6,6,5,5,5,6,4,4,3,5,5,5,4,4,5,5,4,5,3,5,6,5,6,5,2,5,6,5,4,5,4,6,6,5,3,5,6,5,2,4,6,2,4,4,7,6,2,4,5,5,5,5,6,6,2,6,6,6,2,4,5,6,4,4,5,6,3,4,5,5,5,4,4,5,5,5,2,4,4,2,5,5,5,3,4,6,5,5,5,5,3,6,6,5,6,4,3,5,5,3,4,6,5,4,5,5,4,6,4,4,4,5,5,5,4,3,6,5,4,3,5,5,6,4,4,6,5,4,4,6,2,2,5,4,6,6,6,5,4,5,5,6,3,3,6,5,5,5,6,5,4,6,5,4,5,4,2,5,7,6,3,6,5,3,6,5,4,2,5,5,6,6,3,2,4,7,5,6,3,5,6,3,3,5,6,5,6,2,4,3,4,5,4,4,5,6,6,5,6,4,5,3,2,6,4,5,5,6,7,6,3,5,4,5,4,5,5,5,5,3,6,5,5,5,4,5,5,5,5,7,4,5,5,5,6,5,3,3,5,6,6,4,4,4,3,7,3,7,7,4,4,6,3,4,6,6,2,5,6,5,6,6,6,4,7,5,5,5,5,6,5,5,5,6,6,5,4,4,7,6,5,6,5,5,4,5,2,3,6,4,3,4,6,7,7,6,5,3,2,5,5,5,3,7,2,4,3,5,4,6,6,4,4,7,7,5,5,5,4,5,6,4,6,2,5,4,3,2,6,4,5,6,6,4,6,7,5,5,5,5,4,5,4,5,6,4,3,6,3,7,3,5,5,5,5,7,5,5,4,5,6,5,6,3,6,6,2,5,5,6,5,4,6,6,4,7,5,5,5,5,4,6,3,6,5,5,6,5,6,4,6,3,5,3,2,6,4,5,5,5,5,3,5,5,5,2,4,6,5,6,6,6,5,3,3,6,6,5,4,3,5,4,6,5,2,6,6,3,4,6,5,5,5,6,2,5,7,4,5,5,3,4,6,4,2,5,3,3,3,7,7,5,4,5,6,3,5,6,4,5,5,4,5,6,5,5,3,5,5,4,5,5,6,4,7,5,4,5,6,5,3];

periods = [20000,10000,10000,20000,10000,20000,10000,10000,10000,20000,20000,20000,20000,100000,50000,100000,2000,10000,1000,10000,20000,10000,10000,100000,20000,100000,20000,20000,20000,10000,2000,20000,10000,100000,100000,1000,10000,10000,20000,20000,10000,10000,100000,5000,100000,100000,20000,50000,10000,20000,20000,10000,10000,10000,10000,20000,2000,20000,20000,100000,50000,100000,10000,20000,20000,10000,20000,100000,10000,100000,10000,20000,20000,5000,20000,20000,10000,20000,5000,100000,20000,20000,10000,100000,20000,20000,1000,100000,100000,10000,100000,10000,20000,20000,1000,20000,20000,20000,20000,1000,20000,100000,20000,100000,20000,20000,20000,100000,10000,100000,1000,10000,50000,100000,10000,20000,20000,100000,100000,100000,20000,100000,10000,10000,20000,100000,100000,20000,1000,10000,5000,10000,10000,20000,2000,20000,10000,20000,20000,10000,10000,10000,100000,10000,100000,100000,10000,100000,10000,10000,10000,10000,10000,20000,20000,100000,10000,50000,100000,20000,10000,10000,100000,100000,20000,10000,100000,20000,10000,100000,50000,20000,10000,20000,100000,20000,2000,100000,100000,20000,10000,20000,50000,20000,10000,100000,20000,5000,1000,20000,20000,10000,100000,20000,10000,10000,10000,100000,20000,20000,20000,10000,100000,100000,100000,1000,100000,100000,1000,100000,20000,10000,10000,20000,20000,5000,10000,10000,20000,10000,100000,10000,100000,20000,20000,20000,100000,20000,20000,100000,20000,20000,10000,100000,10000,100000,1000,20000,10000,100000,50000,10000,5000,10000,20000,20000,100000,100000,20000,10000,20000,20000,10000,10000,20000,10000,100000,100000,10000,20000,20000,10000,100000,10000,100000,10000,5000,100000,20000,10000,100000,10000,20000,20000,10000,100000,100000,20000,100000,10000,100000,10000,20000,20000,10000,10000,10000,20000,20000,10000,20000,100000,20000,20000,100000,20000,10000,10000,10000,10000,2000,10000,10000,10000,10000,1000,20000,20000,20000,50000,1000,5000,100000,100000,20000,20000,50000,20000,100000,1000,100000,20000,10000,100000,10000,10000,20000,2000,1000,20000,1000,20000,20000,5000,10000,100000,20000,10000,20000,20000,50000,100000,20000,10000,100000,20000,10000,20000,100000,20000,100000,10000,20000,50000,50000,20000,10000,100000,50000,100000,100000,10000,20000,20000,20000,10000,100000,10000,20000,20000,10000,100000,100000,5000,100000,100000,10000,10000,10000,20000,10000,10000,100000,100000,20000,20000,10000,100000,10000,20000,10000,20000,10000,10000,10000,20000,5000,10000,20000,50000,10000,100000,20000,20000,20000,100000,100000,20000,100000,10000,50000,20000,1000,10000,10000,2000,10000,100000,20000,20000,20000,10000,20000,10000,20000,20000,100000,10000,10000,100000,20000,2000,10000,20000,10000,20000,10000,20000,20000,100000,100000,20000,10000,10000,20000,20000,10000,20000,1000,20000,20000,100000,20000,20000,20000,10000,20000,100000,20000,10000,10000,20000,20000,20000,10000,20000,1000,100000,10000,20000,100000,10000,1000,100000,100000,10000,5000,100000,10000,10000,100000,20000,100000,100000,10000,10000,10000,10000,100000,20000,20000,50000,100000,20000,20000,10000,10000,100000,100000,50000];

communicationTimeForOrderCriticalMessages = [1,1,1,1,1,1,1,1,1,1,1,1,1,1,1,1,1,1,1,1,1,1,1,1,1,1,1,1,1,1,1,1,1,1,1,1,1,1,1,1,1,1,1,1,1,1,1,1,1,1,1,1,1,1,1,1,1,1,1,1,1,1,1,1,1,1,1,1,1,1,1,1,1,1,1,1,1,1,1,1,1,1,1,1,1,1,1,1,1,1,1,1,1,1,1,1,1,1,1,1,1,1,1,1,1,1,1,1,1,1,1,1,1,1,1,1,1,1,1,1,1,1,1,1,1,1,1,1,1,1,1,1,1,1,1,1,1,1,1,1,1,1,1,1,1,1,1,1,1,1,1,1,1,1,1,1,1,1,1,1,1,1,1,1,1,1,1,1,1,1,1,1,1,1,1,1,1,1,1,1,1,1,1,1,1,1,1,1,1,1,1,1,1,1,1,1,1,1,1,1,1,1,1,1,1,1,1,1,1,1,1,1,1,1,1,1,1,1,1,1,1,1,1,1,1,1,1,1,1,1,1,1,1,1,1,1];

sizeOfRunnables = [1,1,1,1,1,1,1,1,1,1,1,1,1,1,1,1,1,1,1,1,1,1,1,1,1,1,1,1,1,1,1,1,1,1,1,1,1,1,1,1,1,1,1,1,1,1,1,1,1,1,1,1,1,1,1,1,1,1,1,1,1,1,1,1,1,1,1,1,1,1,1,1,1,1,1,1,1,1,1,1,1,1,1,1,1,1,1,1,1,1,1,1,1,1,1,1,1,1,1,1,1,1,1,1,1,1,1,1,1,1,1,1,1,1,1,1,1,1,1,1,1,1,1,1,1,1,1,1,1,1,1,1,1,1,1,1,1,1,1,1,1,1,1,1,1,1,1,1,1,1,1,1,1,1,1,1,1,1,1,1,1,1,1,1,1,1,1,1,1,1,1,1,1,1,1,1,1,1,1,1,1,1,1,1,1,1,1,1,1,1,1,1,1,1,1,1,1,1,1,1,1,1,1,1,1,1,1,1,1,1,1,1,1,1,1,1,1,1,1,1,1,1,1,1,1,1,1,1,1,1,1,1,1,1,1,1,1,1,1,1,1,1,1,1,1,1,1,1,1,1,1,1,1,1,1,1,1,1,1,1,1,1,1,1,1,1,1,1,1,1,1,1,1,1,1,1,1,1,1,1,1,1,1,1,1,1,1,1,1,1,1,1,1,1,1,1,1,1,1,1,1,1,1,1,1,1,1,1,1,1,1,1,1,1,1,1,1,1,1,1,1,1,1,1,1,1,1,1,1,1,1,1,1,1,1,1,1,1,1,1,1,1,1,1,1,1,1,1,1,1,1,1,1,1,1,1,1,1,1,1,1,1,1,1,1,1,1,1,1,1,1,1,1,1,1,1,1,1,1,1,1,1,1,1,1,1,1,1,1,1,1,1,1,1,1,1,1,1,1,1,1,1,1,1,1,1,1,1,1,1,1,1,1,1,1,1,1,1,1,1,1,1,1,1,1,1,1,1,1,1,1,1,1,1,1,1,1,1,1,1,1,1,1,1,1,1,1,1,1,1,1,1,1,1,1,1,1,1,1,1,1,1,1,1,1,1,1,1,1,1,1,1,1,1,1,1,1,1,1,1,1,1,1,1,1,1,1,1,1,1,1,1,1,1,1,1,1,1,1,1];

SenderLabelReceiverOrderCriticalChains = [[158,2935,0,0,359],[359,2239,0,0,492],[492,3958,0,0,61],[106,1248,0,0,182],[182,2410,0,0,293],[293,1889,0,0,56],[56,872,0,0,165],[165,636,0,0,39],[39,681,0,0,337],[271,401,0,0,321],[321,1747,0,0,236],[236,2649,0,0,498],[264,3003,0,0,49],[49,3298,0,0,37],[37,1793,0,0,90],[90,3397,0,0,270],[270,3522,0,0,185],[185,970,0,0,447],[205,3990,0,0,452],[452,1610,0,0,483],[483,1681,0,0,474],[474,1243,0,0,68],[68,3332,0,0,499],[35,260,0,0,164],[164,2935,0,0,207],[207,73,0,0,388],[388,2999,0,0,427],[427,3400,0,0,102],[102,3449,0,0,384],[458,3791,0,0,146],[146,53,0,0,481],[481,1522,0,0,159],[159,1984,0,0,279],[279,2604,0,0,234],[234,3958,0,0,499],[466,1939,0,0,385],[385,755,0,0,455],[455,3848,0,0,136],[136,392,0,0,340],[160,3346,0,0,134],[134,2000,0,0,246],[246,3527,0,0,330],[330,938,0,0,494],[494,3143,3897,0,463],[248,937,0,0,375],[375,422,0,0,474],[474,2656,0,0,127],[284,1893,0,0,201],[201,2637,0,0,139],[139,2971,0,0,51],[51,2622,0,0,491],[491,3328,0,0,289],[392,1384,0,0,288],[288,515,0,0,125],[125,2256,0,0,182],[182,629,0,0,78],[78,3792,0,0,219],[491,1749,0,0,85],[85,154,0,0,309],[309,2372,0,0,426],[479,2283,0,0,92],[92,3915,0,0,424],[424,1486,0,0,153],[153,3346,0,0,5],[5,253,3527,0,381],[381,393,0,0,422],[499,3167,0,0,441],[441,450,0,0,24],[24,830,0,0,493],[493,3331,0,0,164],[82,3779,0,0,284],[284,3162,0,0,249],[249,2791,0,0,6],[6,1822,0,0,273],[273,3683,0,0,293],[293,486,0,0,330],[256,3153,0,0,382],[382,1206,0,0,300],[300,1460,0,0,142],[142,1476,0,0,69],[117,427,0,0,322],[322,943,0,0,67],[67,3061,0,0,97],[97,1937,3385,0,174],[174,978,0,0,273],[273,3402,0,0,245],[276,1293,0,0,478],[478,2661,0,0,227],[227,596,0,0,324],[324,2764,3194,0,452],[452,16,0,0,120],[474,3853,0,0,361],[361,2964,0,0,258],[258,3103,0,0,475],[76,1888,0,0,494],[494,2535,0,0,454],[454,2064,0,0,385],[343,3926,0,0,294],[294,422,0,0,138],[138,2511,0,0,405],[405,2972,0,0,128],[128,3006,0,0,184],[128,3394,0,0,32],[32,882,0,0,392],[392,1946,0,0,436],[436,569,0,0,191],[188,2345,0,0,477],[477,3476,0,0,334],[334,513,0,0,243],[243,2672,0,0,397],[397,185,2311,0,312],[312,1014,0,0,74],[492,2966,0,0,411],[411,1611,0,0,355],[355,3035,0,0,183],[183,1879,0,0,113],[113,2038,0,0,241],[216,2208,0,0,374],[374,1108,0,0,243],[243,413,868,0,44],[44,1737,0,0,79],[79,3008,0,0,131],[19,1295,0,0,206],[206,2778,0,0,311],[311,181,0,0,467],[467,390,0,0,111],[148,3010,0,0,24],[24,26,0,0,70],[70,2283,0,0,292],[292,449,0,0,319],[319,1721,0,0,223],[223,3656,0,0,351],[93,3038,0,0,380],[380,3736,0,0,224],[224,1725,0,0,288],[288,2631,0,0,370],[370,2409,0,0,28],[28,1019,0,0,47],[428,3221,0,0,287],[287,3913,0,0,173],[173,1649,0,0,222],[222,3664,0,0,166],[166,327,0,0,115],[454,925,0,0,184],[184,466,0,0,261],[261,3108,0,0,255],[48,1176,1286,0,61],[61,3887,0,0,15],[15,291,1395,1530,113],[113,3662,0,0,500],[500,97,0,0,310],[310,1581,0,0,171],[132,713,0,0,49],[49,2941,0,0,437],[437,3839,0,0,195],[195,3501,0,0,83],[83,1771,0,0,429],[429,1142,0,0,23],[253,1464,0,0,55],[55,3981,0,0,49],[49,2282,0,0,52],[52,109,0,0,169],[95,3357,0,0,36],[36,1881,0,0,87],[87,1874,0,0,306],[279,1326,0,0,342],[342,943,0,0,248],[248,3035,0,0,108],[108,2576,0,0,119],[119,2206,0,0,471],[471,1826,0,0,257],[466,1889,0,0,238],[238,1559,0,0,96],[96,2982,0,0,155],[155,2890,0,0,434],[434,342,0,0,405],[405,266,0,0,28],[93,434,0,0,274],[274,3402,0,0,27],[27,3497,0,0,450],[473,477,0,0,209],[209,320,3824,0,329],[329,1811,0,0,467],[467,3968,0,0,306],[306,1491,0,0,129],[129,1125,0,0,449],[179,3058,0,0,319],[319,2875,0,0,14],[14,1360,1811,0,16],[16,2118,0,0,407],[407,2199,0,0,120],[120,607,0,0,281],[413,2453,0,0,100],[100,3005,0,0,467],[467,1839,0,0,36],[36,2301,0,0,111],[111,23,0,0,87],[87,2142,0,0,129],[431,3434,0,0,229],[229,1486,0,0,39],[39,371,3478,0,187],[199,409,0,0,386],[386,2621,0,0,27],[27,2570,0,0,51],[51,1859,0,0,494],[237,3588,0,0,320],[320,664,0,0,311],[311,3480,0,0,306],[306,2338,0,0,449],[449,712,0,0,189],[462,1299,0,0,294],[294,1539,0,0,293],[293,1354,0,0,442],[442,3478,0,0,454],[454,1415,0,0,365],[365,3862,0,0,337],[349,2854,0,0,227],[227,1272,0,0,427],[427,1642,0,0,127],[127,2911,0,0,402],[146,3309,0,0,268],[268,1179,0,0,193],[193,3700,0,0,324],[324,2764,3194,0,452],[452,1782,0,0,247],[411,2657,0,0,171],[171,427,0,0,341],[341,3569,3699,0,354],[354,3230,0,0,317],[317,821,0,0,241],[308,3269,0,0,337],[337,1503,0,0,226],[226,3329,0,0,436],[402,1731,0,0,372],[372,3340,0,0,484],[484,3645,0,0,223]];

SenderLabelReceiverNonOrderCriticalChains = [[1,1792,346],[1,1891,389],[1,1891,232],[1,1891,347],[1,2726,427],[1,2726,246],[1,3648,4],[2,441,251],[2,441,401],[2,736,3],[2,929,387],[2,1795,260],[2,1858,69],[2,1913,219],[2,1913,459],[2,1913,402],[2,2951,217],[2,2951,328],[2,2951,394],[3,992,271],[3,992,26],[3,1306,237],[3,1306,130],[3,1306,246],[3,1553,444],[3,1800,496],[3,1975,389],[3,1975,119],[3,2024,343],[3,3493,7],[4,1042,363],[4,1119,10],[4,1872,456],[4,1875,424],[4,1875,251],[4,2013,182],[4,2013,24],[4,2171,489],[4,2171,119],[4,2171,69],[4,3726,159],[4,3726,89],[5,253,441],[5,253,381],[5,919,8],[5,2140,290],[5,2695,171],[5,3527,33],[5,3527,330],[5,3527,381],[6,1264,5],[6,1264,464],[6,1513,162],[6,1513,176],[6,1822,273],[6,2019,10],[6,2978,434],[7,806,11],[7,1355,458],[7,1355,141],[7,2013,182],[7,2013,24],[7,2146,418],[7,2891,8],[7,2926,233],[7,3750,65],[7,3895,313],[8,1,51],[8,1,290],[8,1,421],[8,90,9],[8,90,436],[8,1568,332],[8,2841,112],[9,1204,233],[9,1501,393],[9,1501,241],[9,1501,385],[9,1859,494],[9,1859,38],[9,3574,39],[9,3749,416],[9,3749,420],[10,373,11],[10,779,75],[10,1898,332],[10,1898,322],[10,2394,492],[10,2503,107],[11,1057,170],[11,1285,122],[11,1285,231],[11,3113,12],[11,3331,310],[11,3331,164],[12,263,38],[12,1420,25],[12,1420,77],[12,1512,303],[12,1512,206],[12,1512,284],[12,3600,186],[12,3801,264],[12,3801,113],[13,903,123],[13,903,166],[13,903,239],[13,903,373],[13,1046,313],[13,1212,232],[13,1212,240],[13,1212,21],[13,1557,29],[13,2465,340],[14,616,193],[14,753,236],[14,1001,486],[14,1001,480],[14,1001,498],[14,1360,16],[14,1794,281],[14,1811,384],[14,1811,467],[14,1811,17],[14,1811,16],[14,3291,232],[15,155,268],[15,291,113],[15,291,251],[15,291,9],[15,1123,19],[15,1395,113],[15,1395,349],[15,1530,113],[15,1530,491],[15,1530,373],[15,1621,247],[15,1621,489],[15,1621,241],[15,1621,13],[15,2223,493],[16,350,278],[16,1186,156],[16,1399,440],[16,2118,407],[16,3219,26],[17,175,328],[17,175,469],[17,1084,31],[17,1269,233],[17,1269,8],[17,2416,57],[17,2763,328],[17,3182,261],[17,3877,270],[18,122,286],[18,1207,12],[18,2315,330],[18,2479,22],[18,2568,301],[18,2604,234],[18,2604,325],[18,3379,185],[18,3569,354],[18,3569,389],[19,457,446],[19,457,413],[19,457,136],[19,1295,206],[19,1661,99],[19,1661,189],[19,1661,487],[19,2006,187],[19,2006,36],[19,2981,229],[20,528,475],[20,593,203],[20,676,77],[20,676,365],[20,676,432],[20,693,382],[20,2351,268],[20,2351,424],[20,3070,324],[20,3070,463],[21,72,93],[21,72,381],[21,290,304],[21,658,82],[21,658,416],[21,767,426],[21,1570,167],[21,3616,28],[21,3616,66],[22,915,214],[22,915,291],[22,1236,343],[22,1688,33],[22,3163,201],[22,3210,182],[22,3210,476],[22,3259,297],[22,3679,306],[22,3679,215],[23,393,142],[23,393,422],[23,765,11],[23,944,41],[23,2131,112],[23,2131,290],[23,2131,389],[23,3860,63],[23,3951,272],[24,26,70],[24,830,493],[24,830,245],[24,1741,65],[24,3267,34],[25,1374,222],[25,3143,87],[25,3143,463],[25,3190,8],[25,3340,29],[25,3340,484],[25,3340,435],[25,3491,451],[25,3765,181],[26,412,45],[26,883,211],[26,883,210],[26,1033,58],[26,1033,265],[26,1127,186],[26,2359,84],[26,3859,35],[27,164,93],[27,738,220],[27,738,391],[27,2570,51],[27,3475,86],[27,3497,450],[27,3947,287],[28,847,250],[28,847,470],[28,1019,47],[28,2293,195],[28,2293,378],[28,2311,356],[28,2311,39],[28,2311,476],[28,2311,312],[28,2311,371],[28,2470,149],[28,3071,190],[29,893,273],[29,1578,249],[29,2171,489],[29,2171,119],[29,2171,69],[29,2676,47],[29,3800,273],[29,3800,298],[29,3917,300],[30,660,143],[30,1157,38],[30,1157,332],[30,1638,309],[30,1702,120],[30,2739,409],[30,3060,84],[31,575,120],[31,575,405],[31,1229,135],[31,1229,198],[31,1604,495],[31,1604,401],[31,2770,135],[31,3025,57],[31,3723,388],[31,3816,48],[31,3816,111],[32,315,332],[32,854,96],[32,882,175],[32,882,392],[32,2012,429],[32,2281,48],[32,2281,58],[32,2281,145],[32,3293,448],[32,3756,148],[32,3756,183],[33,324,476],[33,712,341],[33,712,189],[33,1203,262],[33,1246,52],[33,1246,414],[33,3733,452],[34,809,26],[34,809,423],[34,1333,357],[34,1333,144],[34,1614,353],[34,1614,125],[34,1614,198],[34,2176,35],[34,2690,108],[34,2708,158],[35,260,164],[35,260,498],[35,570,231],[35,570,70],[35,2234,255],[35,2234,377],[35,2750,45],[35,3959,289],[36,749,331],[36,749,274],[36,1881,87],[36,2301,111],[36,2788,129],[36,2788,475],[36,2788,278],[36,3464,83],[37,72,93],[37,72,381],[37,952,85],[37,1793,90],[37,1803,236],[37,2806,53],[37,2966,411],[37,2966,322],[38,1387,45],[38,1460,236],[38,1460,142],[38,2450,55],[38,2955,43],[38,3925,337],[39,371,187],[39,681,337],[39,3008,131],[39,3008,150],[39,3253,40],[39,3478,457],[39,3478,78],[39,3478,243],[39,3478,454],[40,431,375],[40,727,130],[40,727,350],[40,727,347],[40,2381,351],[40,2474,153],[40,2474,50],[40,2474,58],[40,2474,323],[40,2889,59],[40,2889,351],[41,510,302],[41,1646,311],[41,1787,266],[41,1787,402],[41,1787,213],[41,2278,25],[41,2738,212],[41,2848,272],[41,2848,468],[41,3884,53],[41,3884,356],[41,3884,491],[42,367,267],[42,367,54],[42,555,487],[42,2129,493],[42,2129,282],[42,3012,440],[42,3387,150],[43,1512,303],[43,1512,206],[43,1512,284],[43,2169,234],[43,2169,314],[43,2590,94],[43,2590,46],[43,2759,46],[43,2759,120],[43,3486,118],[43,3486,426],[44,103,374],[44,103,484],[44,413,243],[44,1737,79],[44,2719,473],[44,3074,267],[44,3101,1],[44,3101,267],[44,3867,490],[44,3867,361],[45,931,265],[45,1138,473],[45,2694,13],[45,2874,46],[45,3931,493],[46,203,373],[46,620,100],[46,620,327],[46,820,258],[46,1770,40],[46,2259,430],[46,2259,327],[46,3270,264],[46,3270,73],[46,3270,68],[47,359,200],[47,1021,51],[47,1208,245],[47,2248,227],[47,3861,65],[48,1176,61],[48,1286,61],[48,2103,168],[48,2141,75],[48,3009,411],[48,3714,183],[48,3714,293],[48,3997,205],[48,3997,307],[49,622,222],[49,1521,405],[49,1521,75],[49,2282,52],[49,2941,437],[49,3298,386],[49,3298,127],[49,3298,252],[49,3298,37],[49,3789,100],[50,1378,455],[50,1530,113],[50,1530,491],[50,1530,373],[50,3783,5],[50,3783,459],[50,3804,278],[50,3887,288],[50,3887,15],[51,608,397],[51,1859,494],[51,1859,38],[51,2622,491],[51,2889,59],[51,2889,351],[52,109,169],[52,847,250],[52,847,470],[52,1351,282],[52,1599,398],[52,1693,73],[52,1693,69],[52,2227,484],[53,73,217],[53,73,388],[53,889,422],[53,889,54],[53,889,255],[53,1596,472],[53,1596,50],[53,1840,233],[53,2488,237],[53,3897,417],[53,3897,305],[53,3897,463],[53,3897,494],[54,149,334],[54,1115,230],[54,1115,165],[54,1344,125],[55,94,176],[55,94,213],[55,190,288],[55,2031,388],[55,2031,181],[55,2393,259],[55,2984,66],[55,2984,71],[55,3924,246],[55,3981,49],[55,3981,301],[56,188,311],[56,872,165],[56,1083,101],[56,1372,450],[56,1825,72],[56,2272,371],[56,3515,3],[56,3806,65],[57,634,135],[57,1625,9],[57,2293,195],[57,2293,378],[57,2494,108],[57,2494,71],[57,3489,177],[58,520,308],[58,1350,76],[58,2632,494],[58,2632,278],[58,2632,439],[58,2878,337],[58,2878,487],[58,3985,142],[58,3985,222],[58,3985,455],[59,887,149],[59,887,75],[59,2491,489],[59,3132,267],[59,3132,449],[59,3691,186],[60,250,89],[60,268,119],[60,268,327],[60,268,495],[60,312,91],[60,886,409],[60,2064,59],[60,2064,400],[60,2064,279],[60,2064,385],[60,2609,460],[60,2962,108],[60,3994,40],[60,3994,323],[61,119,118],[61,119,124],[61,951,35],[61,951,171],[61,1936,24],[61,2250,289],[61,2250,168],[61,2731,355],[61,3887,288],[61,3887,15],[62,268,119],[62,268,327],[62,268,495],[62,286,419],[62,286,146],[62,969,306],[62,969,186],[62,969,265],[62,3199,44],[62,3612,38],[62,3612,88],[62,3766,84],[62,3832,127],[62,3849,412],[62,3849,478],[63,896,335],[63,896,140],[63,896,147],[63,1199,404],[63,1199,140],[63,1199,321],[63,1513,162],[63,1513,176],[63,3041,81],[63,3300,414],[63,3300,288],[63,3300,433],[63,3636,418],[64,962,429],[64,1004,440],[64,1004,248],[64,1096,82],[64,2596,90],[64,2596,237],[64,2672,397],[64,2672,75],[64,3099,82],[64,3303,21],[64,3303,101],[64,3652,397],[65,3972,76],[65,3972,309],[66,560,144],[66,560,457],[66,1832,472],[66,1913,219],[66,1913,459],[66,1913,402],[66,2208,374],[66,2208,498],[66,2208,335],[66,2344,332],[66,2900,178],[66,2900,280],[66,3381,494],[67,1281,103],[67,2166,75],[67,2172,98],[67,2510,158],[67,2797,94],[67,3061,97],[68,1712,287],[68,2241,376],[68,2651,154],[68,3115,80],[68,3332,499],[69,651,133],[69,2581,474],[69,3507,179],[70,96,367],[70,141,80],[70,1055,109],[70,1055,377],[70,1055,58],[70,2283,92],[70,2283,292],[70,3323,282],[71,738,220],[71,738,391],[71,853,357],[71,896,335],[71,896,140],[71,896,147],[71,2354,393],[71,2354,444],[71,2423,361],[72,142,184],[72,523,273],[72,523,438],[72,1546,360],[72,1546,16],[72,2041,86],[72,2244,480],[72,2244,165],[72,2937,74],[72,2937,108],[72,3232,20],[72,3534,156],[72,3534,228],[73,649,400],[73,649,451],[73,1188,220],[73,1188,209],[73,1559,96],[73,1559,318],[73,2288,416],[73,2288,322],[73,3243,81],[74,435,71],[74,1939,388],[74,1939,385],[74,2938,188],[74,3013,268],[74,3013,243],[74,3050,79],[74,3478,457],[74,3478,78],[74,3478,243],[74,3478,454],[75,242,9],[75,923,99],[75,3884,53],[75,3884,356],[75,3884,491],[76,283,253],[76,407,499],[76,1888,494],[76,1888,339],[76,2809,488],[76,2809,174],[76,2809,170],[77,301,325],[77,301,425],[77,1010,272],[77,2813,237],[77,2813,317],[77,3551,90],[78,569,370],[78,569,191],[78,2143,118],[78,2143,106],[78,2187,446],[78,2187,184],[78,3792,214],[78,3792,457],[78,3792,97],[78,3792,219],[79,175,328],[79,175,469],[79,1514,217],[79,2817,164],[79,3008,131],[79,3008,150],[79,3422,179],[80,422,197],[80,422,138],[80,422,474],[80,492,302],[80,492,114],[80,1144,76],[80,1144,426],[80,1227,376],[80,1767,120],[80,2654,32],[81,641,181],[81,1676,221],[81,1676,104],[81,2788,129],[81,2788,475],[81,2788,278],[81,2909,456],[81,2909,136],[81,3227,45],[81,3227,283],[82,1606,86],[82,2576,329],[82,2576,136],[82,2576,119],[82,2713,462],[82,2713,247],[82,2849,96],[82,3779,284],[83,942,80],[83,1771,429],[83,2441,297],[83,2792,112],[83,2824,123],[83,3313,153],[83,3313,97],[83,3313,191],[84,84,345],[84,764,147],[84,2180,305],[84,2180,376],[84,3421,197],[84,3739,89],[84,3756,148],[84,3756,183],[85,105,54],[85,154,309],[85,154,391],[85,1667,361],[85,2443,116],[85,2443,366],[85,2602,365],[85,3342,403],[85,3342,305],[85,3342,446],[86,21,289],[86,21,406],[86,410,238],[86,866,128],[86,1271,94],[86,3897,417],[86,3897,305],[86,3897,463],[86,3897,494],[86,3992,27],[86,3992,288],[87,79,14],[87,1414,95],[87,1874,306],[87,2142,129],[87,2937,74],[87,2937,108],[87,3271,237],[88,145,107],[88,749,331],[88,749,274],[88,1681,496],[88,1681,474],[88,1906,118],[88,2401,139],[88,2401,327],[88,2453,100],[88,2453,223],[88,2759,46],[88,2759,120],[88,2807,465],[88,2807,358],[89,63,37],[89,1975,389],[89,1975,119],[89,3231,223],[89,3242,178],[90,2435,341],[90,2435,259],[90,3168,92],[90,3374,332],[90,3397,270],[90,3954,329],[91,430,104],[91,430,455],[91,1614,353],[91,1614,125],[91,1614,198],[91,1836,300],[91,2679,411],[91,2679,344],[91,3726,159],[91,3726,89],[92,1055,109],[92,1055,377],[92,1055,58],[92,1120,318],[92,2199,297],[92,2199,120],[92,2964,258],[92,2964,378],[92,3792,214],[92,3792,457],[92,3792,97],[92,3792,219],[92,3915,424],[93,346,139],[93,346,423],[93,434,274],[93,434,382],[93,725,125],[93,775,445],[93,2863,187],[93,3038,380],[93,3038,433],[93,3069,101],[93,3069,238],[94,600,197],[94,1932,98],[94,1932,485],[94,1932,366],[94,2057,225],[94,2057,116],[94,2910,244],[94,2910,381],[94,3415,77],[94,3439,328],[95,314,474],[95,314,314],[95,803,281],[95,819,327],[95,1126,176],[95,1126,329],[95,1126,77],[95,1221,100],[95,2138,237],[95,2138,316],[95,3357,21],[95,3357,36],[95,3937,100],[95,3937,348],[96,1111,165],[96,1598,309],[96,2249,255],[96,2728,189],[96,2728,460],[96,2982,155],[97,82,136],[97,1937,174],[97,1950,260],[97,2440,11],[97,2440,296],[97,3385,174],[97,3385,365],[98,723,340],[98,1309,101],[98,2632,494],[98,2632,278],[98,2632,439],[98,3241,231],[98,3270,264],[98,3270,73],[98,3270,68],[98,3463,116],[98,3463,102],[99,265,146],[99,595,420],[99,2022,105],[99,2395,167],[99,3398,490],[99,3398,386],[100,1612,70],[100,2553,111],[100,3005,467],[100,3427,129],[101,388,231],[101,2205,359],[101,3298,386],[101,3298,127],[101,3298,252],[101,3298,37],[101,3392,303],[101,3982,117],[102,533,126],[102,1152,110],[102,2314,240],[102,3171,54],[102,3449,384],[103,1542,411],[103,1542,284],[103,2057,225],[103,2057,116],[103,2164,481],[103,2882,425],[103,3316,53],[103,3458,215],[103,3688,268],[103,3688,2],[104,677,114],[104,1535,378],[104,1535,360],[104,2165,478],[104,2401,139],[104,2401,327],[104,3582,221],[104,3610,251],[104,3912,269],[105,791,267],[105,1375,188],[105,2002,252],[105,2092,421],[105,3036,330],[105,3144,419],[105,3536,139],[105,3697,332],[106,162,90],[106,1248,182],[106,1924,470],[106,2798,132],[106,2798,376],[106,3043,261],[106,3176,464],[106,3176,231],[107,386,223],[107,386,298],[107,620,100],[107,620,327],[107,1977,157],[107,2928,470],[107,3198,62],[107,3198,460],[107,3463,116],[107,3463,102],[108,680,498],[108,1242,68],[108,1242,122],[108,1726,36],[108,1726,396],[108,1726,106],[108,2576,329],[108,2576,136],[108,2576,119],[109,914,212],[109,1168,460],[109,1501,393],[109,1501,241],[109,1501,385],[109,2212,152],[109,2965,417],[109,3056,403],[109,3056,266],[109,3120,1],[109,3664,166],[109,3664,486],[110,119,118],[110,119,124],[110,1179,193],[110,1179,335],[110,1229,135],[110,1229,198],[110,1380,379],[110,2720,143],[110,2788,129],[110,2788,475],[110,2788,278],[110,3703,375],[110,3823,474],[111,23,87],[111,969,306],[111,969,186],[111,969,265],[111,2685,449],[111,3737,419],[112,1106,398],[112,1106,400],[112,2271,338],[112,2368,253],[112,2583,391],[112,2686,130],[113,1724,16],[113,2038,10],[113,2038,241],[113,3365,35],[113,3662,500],[114,123,210],[114,123,355],[114,123,392],[114,123,433],[114,334,222],[114,1001,486],[114,1001,480],[114,1001,498],[114,1621,247],[114,1621,489],[114,1621,241],[114,1621,13],[114,2104,126],[114,2104,342],[114,2206,134],[114,2206,471],[115,358,387],[115,727,130],[115,727,350],[115,727,347],[115,893,273],[115,1438,285],[115,1438,235],[115,1438,385],[115,2953,454],[115,3117,298],[115,3137,202],[115,3299,242],[116,176,463],[116,291,113],[116,291,251],[116,291,9],[116,1016,231],[116,2988,283],[116,3218,174],[117,360,284],[117,427,341],[117,427,322],[117,580,131],[117,580,385],[117,1085,123],[117,1340,232],[117,3622,147],[117,3746,330],[117,3746,390],[118,993,463],[118,993,447],[118,1601,83],[118,2281,48],[118,2281,58],[118,2281,145],[118,2408,295],[118,2408,263],[118,3549,457],[118,3549,67],[119,187,461],[119,612,361],[119,1105,258],[119,1105,163],[119,2206,134],[119,2206,471],[119,2712,167],[120,607,281],[120,751,384],[120,751,484],[120,1285,122],[120,1285,231],[121,257,200],[121,457,446],[121,457,413],[121,457,136],[121,760,385],[121,1264,5],[121,1264,464],[121,2377,396],[121,2377,190],[121,3154,337],[121,3549,457],[121,3549,67],[122,553,414],[122,2085,450],[122,2085,185],[122,2087,474],[122,2357,294],[122,2357,355],[122,3287,227],[122,3627,483],[122,3627,459],[122,3627,402],[122,3688,268],[122,3688,2],[123,68,137],[123,523,273],[123,523,438],[123,1891,389],[123,1891,232],[123,1891,347],[123,2633,159],[123,3216,279],[124,451,166],[124,782,183],[124,1787,266],[124,1787,402],[124,1787,213],[124,2839,189],[124,2839,472],[124,3249,486],[125,1104,310],[125,2256,182],[125,2596,90],[125,2596,237],[125,2632,494],[125,2632,278],[125,2632,439],[125,3643,134],[126,825,203],[126,825,425],[126,2007,349],[126,2007,208],[126,2007,265],[126,2117,331],[126,2243,384],[126,2951,217],[126,2951,328],[126,2951,394],[127,751,384],[127,751,484],[127,2106,409],[127,2911,387],[127,2911,402],[127,3827,419],[127,3827,458],[128,2727,226],[128,2727,462],[128,2749,420],[128,2905,140],[128,3006,184],[128,3384,256],[128,3394,32],[128,3802,315],[129,951,35],[129,951,171],[129,1125,449],[129,3101,1],[129,3101,267],[129,3972,76],[129,3972,309],[130,1405,429],[130,1471,126],[130,1594,141],[130,2098,129],[130,2346,1],[131,844,216],[131,938,494],[131,938,42],[131,938,207],[131,2160,123],[131,3757,85],[132,298,140],[132,713,49],[132,1383,344],[132,2412,195],[132,2828,289],[132,2828,383],[132,3158,204],[132,3894,79],[133,235,296],[133,235,173],[133,631,117],[133,737,146],[133,2052,162],[133,2255,263],[133,2573,487],[134,936,199],[134,2000,246],[134,2843,412],[134,3623,363],[134,3632,132],[135,59,416],[135,2288,416],[135,2288,322],[135,2408,295],[135,2408,263],[135,2951,217],[135,2951,328],[135,2951,394],[135,3166,416],[136,392,340],[136,392,454],[136,1335,224],[136,2761,201],[136,3786,182],[137,256,175],[137,256,212],[137,1041,482],[137,1743,111],[137,1743,254],[137,2180,305],[137,2180,376],[137,2210,399],[137,2210,322],[137,2910,244],[137,2910,381],[137,3564,490],[138,253,441],[138,253,381],[138,456,342],[138,759,140],[138,1540,186],[138,1711,403],[138,2511,405],[139,1126,176],[139,1126,329],[139,1126,77],[139,1205,246],[139,2357,294],[139,2357,355],[139,2721,390],[139,2971,440],[139,2971,51],[140,1267,485],[140,1319,144],[140,2120,192],[141,1011,454],[141,2113,213],[141,2556,157],[141,3038,380],[141,3038,433],[142,1107,47],[142,1333,357],[142,1333,144],[142,1476,69],[142,2124,412],[142,2124,414],[142,2124,485],[142,2124,469],[142,3800,273],[142,3800,298],[143,186,167],[143,773,481],[143,1342,180],[143,1689,203],[143,2404,481],[143,3700,324],[143,3700,489],[143,3836,468],[144,1030,206],[144,1082,325],[144,1811,384],[144,1811,467],[144,1811,17],[144,1811,16],[144,2302,1],[144,2302,382],[144,2776,217],[144,2776,436],[145,62,418],[145,1780,163],[145,3149,333],[145,3149,236],[145,3149,429],[145,3456,351],[145,3611,236],[145,3754,269],[145,3754,73],[146,53,481],[146,843,198],[146,843,263],[146,2086,6],[146,3268,20],[146,3309,268],[147,603,152],[147,903,123],[147,903,166],[147,903,239],[147,903,373],[147,988,305],[147,988,251],[147,1631,145],[147,3340,29],[147,3340,484],[147,3340,435],[148,642,318],[148,642,210],[148,954,377],[148,954,246],[148,1306,237],[148,1306,130],[148,1306,246],[148,1377,74],[148,1377,156],[148,2848,272],[148,2848,468],[148,3010,24],[148,3173,321],[149,491,344],[149,921,439],[149,921,357],[149,3391,54],[149,3391,114],[149,3583,60],[149,3908,73],[150,521,326],[150,678,151],[150,1630,415],[150,2947,134],[150,2947,326],[151,403,182],[151,403,465],[151,516,152],[151,647,497],[151,647,280],[151,824,156],[151,1151,192],[151,1580,428],[151,1838,486],[151,3699,247],[151,3699,290],[151,3699,354],[152,1419,154],[152,1920,393],[152,2311,356],[152,2311,39],[152,2311,476],[152,2311,312],[152,2311,371],[152,2317,352],[152,2699,480],[152,3251,220],[153,590,297],[153,2184,282],[153,3300,414],[153,3300,288],[153,3300,433],[153,3346,134],[153,3346,5],[153,3346,423],[153,3718,496],[154,1200,201],[154,1678,438],[154,1678,211],[154,1678,344],[154,2369,141],[154,2967,497],[154,2967,203],[154,3024,236],[154,3087,316],[155,1469,191],[155,1970,346],[155,2100,17],[155,2163,278],[155,2232,463],[155,2232,251],[155,2232,224],[155,2890,434],[155,2918,461],[155,3888,190],[156,1355,458],[156,1355,141],[156,1877,43],[156,1877,160],[156,2187,446],[156,2187,184],[156,3352,249],[157,98,363],[157,285,303],[157,1438,285],[157,1438,235],[157,1438,385],[157,1542,411],[157,1542,284],[157,3347,481],[158,219,19],[158,219,190],[158,219,338],[158,219,167],[158,649,400],[158,649,451],[158,2388,310],[158,2935,207],[158,2935,359],[158,3905,341],[159,219,19],[159,219,190],[159,219,338],[159,219,167],[159,1984,279],[159,2254,321],[159,3530,201],[159,3792,214],[159,3792,457],[159,3792,97],[159,3792,219],[159,3996,232],[160,327,115],[160,327,288],[160,327,321],[160,642,318],[160,642,210],[160,924,365],[160,1325,261],[160,1325,144],[160,1495,208],[160,1495,320],[160,1721,223],[160,1721,267],[160,3346,134],[160,3346,5],[160,3346,423],[160,3879,168],[161,487,424],[161,904,121],[161,1115,230],[161,1115,165],[161,1358,256],[161,1358,482],[161,1596,472],[161,1596,50],[161,1610,270],[161,1610,483],[161,1891,389],[161,1891,232],[161,1891,347],[161,2477,256],[162,1170,209],[162,1544,199],[162,2959,382],[162,3270,264],[162,3270,73],[162,3270,68],[163,33,344],[163,33,404],[163,991,131],[163,994,375],[163,1748,326],[163,1787,266],[163,1787,402],[163,1787,213],[163,1837,112],[163,1837,214],[164,1012,63],[164,1048,449],[164,1048,425],[164,1496,203],[164,2034,422],[164,2043,281],[164,2935,207],[164,2935,359],[165,636,39],[165,667,226],[165,882,175],[165,882,392],[165,1017,403],[165,1017,161],[165,3313,153],[165,3313,97],[165,3313,191],[166,327,115],[166,327,288],[166,327,321],[166,986,272],[166,986,67],[166,1146,300],[166,2240,422],[166,3503,212],[166,3503,259],[167,156,287],[167,156,389],[167,1897,205],[167,2449,468],[167,2449,500],[168,639,30],[168,1220,184],[168,1413,239],[168,2234,255],[168,2234,377],[168,3867,490],[168,3867,361],[169,267,99],[169,437,287],[169,437,213],[169,532,469],[169,1072,282],[169,1652,460],[169,1652,376],[169,1678,438],[169,1678,211],[169,1678,344],[169,2085,450],[169,2085,185],[169,2421,379],[170,343,336],[170,343,456],[170,417,186],[170,1004,440],[170,1004,248],[170,1837,112],[170,1837,214],[170,2082,452],[170,3246,481],[171,427,341],[171,427,322],[171,839,359],[171,1616,214],[171,1772,383],[171,1772,317],[171,3668,359],[172,1116,471],[172,1116,131],[172,1173,302],[172,1255,378],[172,1255,59],[172,1255,222],[172,1269,233],[172,1269,8],[172,1289,435],[172,1726,36],[172,1726,396],[172,1726,106],[172,2133,330],[172,2133,336],[172,3401,126],[173,310,228],[173,1302,436],[173,1649,222],[173,1696,371],[173,3538,291],[173,3628,396],[174,978,432],[174,978,273],[174,1212,232],[174,1212,240],[174,1212,21],[174,1719,193],[174,2064,59],[174,2064,400],[174,2064,279],[174,2064,385],[174,3420,170],[175,1157,38],[175,1157,332],[175,1653,234],[175,3070,324],[175,3070,463],[175,3844,493],[175,3988,264],[176,1456,301],[176,1456,420],[176,1962,241],[176,2495,423],[176,3388,153],[176,3426,494],[177,676,77],[177,676,365],[177,676,432],[177,1095,452],[177,1095,301],[177,1456,301],[177,1456,420],[177,1877,43],[177,1877,160],[177,2079,23],[177,3557,221],[177,3749,416],[177,3749,420],[178,671,198],[178,1033,58],[178,1033,265],[178,1478,384],[178,2133,330],[178,2133,336],[178,2727,226],[178,2727,462],[178,3279,290],[179,981,248],[179,981,185],[179,1993,176],[179,2131,112],[179,2131,290],[179,2131,389],[179,2586,140],[179,3039,214],[179,3058,319],[179,3210,182],[179,3210,476],[180,656,399],[180,905,190],[180,1189,394],[180,1413,239],[180,2653,296],[180,3741,194],[181,94,176],[181,94,213],[181,239,373],[181,664,242],[181,664,311],[181,1875,424],[181,1875,251],[181,3257,437],[181,3845,339],[182,629,78],[182,2410,293],[182,3527,33],[182,3527,330],[182,3527,381],[183,75,492],[183,75,388],[183,1571,175],[183,1879,113],[183,3065,137],[183,3262,252],[184,341,189],[184,466,261],[184,3534,156],[184,3534,228],[185,113,196],[185,123,210],[185,123,355],[185,123,392],[185,123,433],[185,970,447],[185,1834,485],[185,1834,409],[185,2059,354],[186,1212,232],[186,1212,240],[186,1212,21],[186,1448,64],[187,599,426],[187,1706,439],[187,2053,295],[187,2053,231],[187,2060,332],[187,3478,457],[187,3478,78],[187,3478,243],[187,3478,454],[187,3670,340],[188,301,325],[188,301,425],[188,857,262],[188,1590,308],[188,2345,477],[188,3661,214],[188,3787,312],[189,108,311],[189,1495,208],[189,1495,320],[189,3119,149],[189,3119,435],[190,1002,224],[190,1166,392],[190,1821,245],[190,2387,357],[191,123,210],[191,123,355],[191,123,392],[191,123,433],[191,1489,52],[191,1558,442],[191,2502,404],[191,3440,408],[192,757,242],[192,1393,469],[192,1953,65],[192,1953,227],[192,2728,189],[192,2728,460],[192,2832,1],[192,2832,378],[192,3502,287],[192,3502,197],[192,3502,357],[192,3961,338],[193,403,182],[193,403,465],[193,2228,435],[193,2228,245],[193,2228,380],[193,2228,133],[193,2713,462],[193,2713,247],[193,3490,307],[193,3700,324],[193,3700,489],[193,3849,412],[193,3849,478],[194,580,131],[194,580,385],[194,825,203],[194,825,425],[194,1338,390],[194,2462,200],[194,3714,183],[194,3714,293],[194,3967,214],[195,486,330],[195,486,399],[195,1044,253],[195,1091,430],[195,2549,371],[195,3501,83],[196,418,323],[196,848,278],[196,1029,250],[196,1365,290],[196,1501,393],[196,1501,241],[196,1501,385],[196,1532,489],[196,2386,323],[196,3320,488],[197,442,218],[197,442,442],[197,452,498],[197,717,275],[197,3192,435],[197,3977,417],[198,946,277],[198,2362,369],[198,3123,199],[198,3325,292],[198,3970,384],[199,173,225],[199,173,275],[199,409,386],[199,497,79],[199,497,410],[199,2544,249],[200,817,81],[200,817,238],[200,1086,253],[200,1158,229],[200,2667,271],[200,2669,204],[200,2669,323],[201,291,113],[201,291,251],[201,291,9],[201,1996,157],[201,2637,139],[202,11,213],[202,439,229],[202,439,362],[202,684,363],[202,1199,404],[202,1199,140],[202,1199,321],[202,2124,412],[202,2124,414],[202,2124,485],[202,2124,469],[202,2784,453],[202,2916,216],[202,3079,287],[203,783,142],[203,1994,321],[203,2857,484],[203,2957,210],[204,322,15],[204,1095,452],[204,1095,301],[204,2151,247],[204,2726,427],[204,2726,246],[204,3699,247],[204,3699,290],[204,3699,354],[204,3706,244],[204,3706,338],[204,3938,244],[205,2129,493],[205,2129,282],[205,3053,189],[205,3149,333],[205,3149,236],[205,3149,429],[205,3906,295],[205,3990,452],[206,1306,237],[206,1306,130],[206,1306,246],[206,2308,237],[206,2778,311],[206,2801,449],[206,3402,27],[206,3402,329],[206,3402,336],[206,3402,245],[207,73,217],[207,73,388],[207,594,257],[207,843,198],[207,843,263],[207,2520,177],[207,2520,281],[207,3186,395],[207,3942,116],[207,3942,331],[207,3942,453],[208,679,496],[208,1293,462],[208,1293,478],[208,1468,328],[208,2659,250],[208,3402,27],[208,3402,329],[208,3402,336],[208,3402,245],[208,3745,379],[208,3745,478],[209,320,329],[209,1325,261],[209,1325,144],[209,2049,320],[209,2564,215],[209,3824,329],[209,3827,419],[209,3827,458],[210,365,336],[210,902,286],[210,1296,446],[210,1296,311],[210,2835,199],[211,501,178],[211,831,323],[211,1070,463],[211,1933,353],[211,3109,466],[212,492,302],[212,492,114],[212,511,233],[212,2963,377],[212,3801,264],[212,3801,113],[213,328,362],[213,2316,264],[213,2316,438],[213,2338,330],[213,2338,449],[213,2338,460],[213,3985,142],[213,3985,222],[213,3985,455],[214,3226,457],[214,3226,374],[214,3298,386],[214,3298,127],[214,3298,252],[214,3298,37],[215,2183,350],[215,3542,436],[215,3930,450],[216,85,102],[216,85,312],[216,85,340],[216,367,267],[216,367,54],[216,1015,317],[216,1015,385],[216,1079,312],[216,2208,374],[216,2208,498],[216,2208,335],[217,705,168],[217,1310,235],[217,2679,411],[217,2679,344],[217,3298,386],[217,3298,127],[217,3298,252],[217,3298,37],[217,3634,215],[217,3634,443],[218,632,443],[218,983,335],[218,1246,52],[218,1246,414],[218,2590,94],[218,2590,46],[218,3198,62],[218,3198,460],[218,3514,414],[218,3562,290],[219,460,470],[219,1015,317],[219,1015,385],[219,2337,346],[219,2338,330],[219,2338,449],[219,2338,460],[219,2986,264],[219,3617,332],[220,183,362],[220,1768,316],[220,1781,443],[220,2615,394],[220,2663,447],[220,3503,212],[220,3503,259],[221,1300,162],[221,1331,305],[221,1678,438],[221,1678,211],[221,1678,344],[221,2820,97],[221,2820,410],[221,3226,457],[221,3226,374],[222,1932,98],[222,1932,485],[222,1932,366],[222,3664,166],[222,3664,486],[223,1876,124],[223,3069,101],[223,3069,238],[223,3656,351],[224,546,296],[224,546,470],[224,1105,258],[224,1105,163],[224,1725,288],[224,2124,412],[224,2124,414],[224,2124,485],[224,2124,469],[224,3108,386],[224,3108,255],[225,2173,260],[225,2984,66],[225,2984,71],[225,3385,174],[225,3385,365],[225,3696,369],[225,3803,483],[225,3903,269],[226,512,308],[226,1290,145],[226,1888,494],[226,1888,339],[226,2474,153],[226,2474,50],[226,2474,58],[226,2474,323],[226,3203,384],[226,3203,211],[226,3329,408],[226,3329,436],[227,596,324],[227,1272,427],[227,1656,276],[227,2054,33],[228,442,218],[228,442,442],[228,503,434],[228,973,470],[228,2209,274],[228,2558,249],[228,2828,289],[228,2828,383],[229,1,51],[229,1,290],[229,1,421],[229,28,327],[229,500,283],[229,1377,74],[229,1377,156],[229,1486,153],[229,1486,39],[230,21,289],[230,21,406],[230,274,406],[230,1288,361],[230,2831,468],[230,2831,473],[230,3476,271],[230,3476,334],[230,3476,403],[230,3705,388],[231,2232,463],[231,2232,251],[231,2232,224],[231,2862,491],[232,772,333],[232,772,334],[232,1055,109],[232,1055,377],[232,1055,58],[232,1602,445],[232,1621,247],[232,1621,489],[232,1621,241],[232,1621,13],[233,2239,270],[233,2239,492],[233,2239,383],[233,2696,390],[233,2992,352],[233,2992,343],[233,3408,338],[233,3408,147],[234,153,465],[234,2545,441],[234,2766,218],[234,3333,225],[234,3407,398],[234,3958,248],[234,3958,499],[234,3958,61],[235,300,228],[235,336,444],[235,662,402],[235,903,123],[235,903,166],[235,903,239],[235,903,373],[235,1640,460],[235,1640,488],[235,1898,332],[235,1898,322],[236,165,281],[236,165,430],[236,2649,498],[237,2923,230],[237,3588,320],[238,1178,350],[238,1559,96],[238,1559,318],[238,1842,409],[238,2037,296],[238,2037,373],[239,282,380],[239,683,395],[239,948,387],[239,3590,410],[239,3665,313],[240,401,78],[240,401,321],[240,1116,471],[240,1116,131],[240,1969,103],[240,2351,268],[240,2351,424],[240,2500,277],[240,3027,276],[240,3993,441],[241,591,69],[241,1038,18],[241,2354,393],[241,2354,444],[241,2517,23],[242,514,475],[242,514,408],[242,694,338],[242,1738,371],[242,2813,237],[242,2813,317],[242,3195,42],[242,3195,303],[242,3991,496],[243,868,44],[243,1382,121],[243,2672,397],[243,2672,75],[243,3308,154],[244,581,476],[244,1067,299],[244,1077,325],[244,1106,398],[244,1106,400],[244,3416,265],[244,3416,470],[244,3601,256],[245,823,319],[245,823,408],[245,2392,450],[245,2971,440],[245,2971,51],[245,3808,493],[246,915,214],[246,915,291],[246,3134,434],[246,3527,33],[246,3527,330],[246,3527,381],[247,706,130],[247,2348,251],[247,2361,466],[247,2361,248],[248,937,375],[248,3035,183],[248,3035,108],[248,3616,28],[248,3616,66],[249,386,223],[249,386,298],[249,650,63],[249,650,91],[249,2791,6],[249,3466,299],[250,954,377],[250,954,246],[250,2089,421],[250,2629,315],[250,2897,180],[250,3083,490],[250,3083,331],[251,1521,405],[251,1521,75],[251,3578,434],[252,150,194],[252,150,383],[252,869,353],[252,2809,488],[252,2809,174],[252,2809,170],[252,3227,45],[252,3227,283],[252,3546,92],[253,1464,55],[253,1714,378],[253,2494,108],[253,2494,71],[253,2947,134],[253,2947,326],[254,106,319],[254,252,205],[254,344,414],[254,479,186],[254,479,464],[254,2880,280],[254,3083,490],[254,3083,331],[254,3414,282],[255,364,325],[255,833,285],[255,2322,293],[255,3711,348],[255,3711,473],[256,496,406],[256,1857,417],[256,1857,464],[256,1980,371],[256,3153,382],[257,60,271],[257,1472,482],[257,2296,441],[257,2829,388],[257,3125,484],[257,3125,319],[257,3233,42],[258,2648,30],[258,2758,409],[258,3081,466],[258,3081,372],[258,3103,475],[258,3784,483],[258,3981,49],[258,3981,301],[259,1531,184],[259,1556,435],[259,2358,65],[259,2358,96],[259,2580,216],[259,2776,217],[259,2776,436],[260,20,283],[260,237,307],[260,390,261],[260,390,294],[260,390,111],[260,1796,445],[260,2418,438],[261,2031,388],[261,2031,181],[261,2132,262],[261,3108,386],[261,3108,255],[262,128,270],[262,159,300],[262,770,255],[262,830,493],[262,830,245],[262,1266,497],[262,1914,437],[263,326,299],[263,1854,471],[263,3119,149],[263,3119,435],[263,3221,287],[263,3221,424],[264,3003,49],[264,3357,21],[264,3357,36],[264,3630,78],[264,3630,438],[265,814,69],[265,903,123],[265,903,166],[265,903,239],[265,903,373],[265,2353,456],[265,2353,277],[265,3728,268],[266,969,306],[266,969,186],[266,969,265],[266,1049,364],[266,1428,455],[266,2112,422],[266,3254,282],[266,3373,422],[267,462,397],[267,1637,374],[267,3484,295],[268,441,251],[268,441,401],[268,1179,193],[268,1179,335],[268,1987,472],[269,615,264],[269,992,271],[269,992,26],[269,1358,256],[269,1358,482],[269,1576,307],[269,3865,412],[269,3936,453],[269,3936,492],[270,2353,456],[270,2353,277],[270,3026,368],[270,3522,185],[270,3897,417],[270,3897,305],[270,3897,463],[270,3897,494],[271,401,78],[271,401,321],[271,1834,485],[271,1834,409],[271,3654,367],[271,3709,336],[272,1535,378],[272,1535,360],[272,1651,486],[272,1952,215],[272,2371,305],[272,3745,379],[272,3745,478],[273,575,120],[273,575,405],[273,3402,27],[273,3402,329],[273,3402,336],[273,3402,245],[273,3683,293],[274,10,431],[274,1092,124],[274,1760,364],[274,2134,446],[274,3078,307],[274,3402,27],[274,3402,329],[274,3402,336],[274,3402,245],[275,103,374],[275,103,484],[275,965,343],[275,2455,13],[275,2516,127],[275,2809,488],[275,2809,174],[275,2809,170],[275,3380,138],[276,327,115],[276,327,288],[276,327,321],[276,557,78],[276,1293,462],[276,1293,478],[276,1751,410],[276,2064,59],[276,2064,400],[276,2064,279],[276,2064,385],[276,2259,430],[276,2259,327],[276,3936,453],[276,3936,492],[277,70,499],[277,148,406],[277,2607,476],[277,3345,222],[277,3581,133],[278,3897,417],[278,3897,305],[278,3897,463],[278,3897,494],[279,438,383],[279,873,238],[279,1326,342],[279,1726,36],[279,1726,396],[279,1726,106],[279,2604,234],[279,2604,325],[280,152,382],[280,2490,443],[280,2992,352],[280,2992,343],[280,3706,244],[280,3706,338],[281,2053,295],[281,2053,231],[281,3034,166],[282,1942,247],[282,1942,431],[283,434,274],[283,434,382],[283,2138,237],[283,2138,316],[283,2725,357],[283,2866,319],[283,2866,482],[284,235,296],[284,235,173],[284,479,186],[284,479,464],[284,1893,201],[284,2912,294],[284,3162,249],[285,838,391],[285,1627,316],[285,1627,317],[285,1798,19],[285,1942,247],[285,1942,431],[285,2669,204],[285,2669,323],[285,2881,382],[285,3655,496],[286,1385,479],[286,1742,287],[286,1885,393],[286,2600,381],[286,3573,485],[287,3913,173],[287,3913,379],[288,515,125],[288,515,259],[288,515,489],[288,2631,370],[289,938,494],[289,938,42],[289,938,207],[289,1188,220],[289,1188,209],[289,3751,392],[289,3751,440],[290,107,359],[290,107,37],[290,731,447],[291,240,390],[291,2025,266],[291,2210,399],[291,2210,322],[291,3033,466],[291,3496,212],[292,314,474],[292,314,314],[292,449,319],[292,756,468],[292,1652,460],[292,1652,376],[292,2378,349],[292,3634,215],[292,3634,443],[293,486,330],[293,486,399],[293,1354,442],[293,1889,56],[293,1889,238],[293,2077,89],[294,422,197],[294,422,138],[294,422,474],[294,1257,458],[294,1512,303],[294,1512,206],[294,1512,284],[294,1539,293],[295,163,347],[295,1438,285],[295,1438,235],[295,1438,385],[295,1635,393],[295,1635,450],[295,3311,11],[296,398,442],[296,1233,359],[297,495,323],[297,2169,234],[297,2169,314],[297,2458,278],[297,2911,387],[297,2911,402],[297,3863,447],[297,3863,302],[298,485,394],[298,485,401],[298,1031,429],[298,1183,476],[298,3419,415],[298,3502,287],[298,3502,197],[298,3502,357],[298,3576,428],[299,570,231],[299,570,70],[299,1546,360],[299,1546,16],[299,1896,476],[299,2104,126],[299,2104,342],[299,2777,496],[300,1457,106],[300,1457,497],[300,1460,236],[300,1460,142],[300,1614,353],[300,1614,125],[300,1614,198],[300,2661,148],[300,2661,227],[301,469,416],[301,2838,325],[301,2838,167],[301,3029,163],[301,3277,98],[302,602,57],[302,859,490],[302,2309,428],[302,3129,465],[302,3258,497],[303,1682,352],[303,1895,355],[303,3188,435],[304,58,283],[304,215,465],[304,1063,335],[304,1574,415],[304,2124,412],[304,2124,414],[304,2124,485],[304,2124,469],[304,3149,333],[304,3149,236],[304,3149,429],[304,3416,265],[304,3416,470],[304,3829,488],[305,2007,349],[305,2007,208],[305,2007,265],[305,2601,34],[306,1242,68],[306,1242,122],[306,1491,129],[306,2338,330],[306,2338,449],[306,2338,460],[306,3821,51],[307,673,333],[307,1505,431],[307,3568,149],[307,3568,275],[307,3568,326],[307,3759,282],[308,876,309],[308,2270,315],[308,3269,337],[308,3558,439],[309,494,327],[309,1573,423],[309,2372,426],[310,1581,171],[310,1908,91],[310,2677,76],[310,3729,317],[311,181,467],[311,3480,306],[312,185,397],[312,1014,74],[312,1426,334],[312,1457,106],[312,1457,497],[312,2592,350],[313,687,367],[313,1548,250],[313,2131,112],[313,2131,290],[313,2131,389],[313,2588,489],[313,3751,392],[313,3751,440],[314,22,461],[314,727,130],[314,727,350],[314,727,347],[314,1582,367],[314,2532,471],[314,3631,498],[314,3814,484],[315,1463,286],[315,1788,20],[315,2236,364],[315,2361,466],[315,2361,248],[315,3417,431],[315,3984,380],[316,369,311],[316,2048,81],[316,2048,438],[316,2316,264],[316,2316,438],[316,2820,97],[316,2820,410],[316,3937,100],[316,3937,348],[317,461,162],[317,821,241],[317,821,252],[317,910,77],[318,1,51],[318,1,290],[318,1,421],[318,1407,385],[318,2228,435],[318,2228,245],[318,2228,380],[318,2228,133],[318,2232,463],[318,2232,251],[318,2232,224],[318,2858,356],[318,3193,373],[319,1721,223],[319,1721,267],[319,2705,402],[319,2875,14],[320,173,225],[320,173,275],[320,366,395],[320,664,242],[320,664,311],[320,1661,99],[320,1661,189],[320,1661,487],[320,3775,239],[320,3775,409],[321,75,492],[321,75,388],[321,1747,236],[322,197,453],[322,943,67],[322,943,248],[322,3364,405],[322,3364,24],[323,2289,366],[323,3594,131],[324,981,248],[324,981,185],[324,2764,452],[324,2793,473],[324,2793,438],[324,3194,452],[324,3793,427],[325,2454,43],[325,2487,446],[326,2909,456],[326,2909,136],[326,3028,394],[327,582,280],[327,1669,339],[328,658,82],[328,658,416],[328,1224,5],[328,2531,91],[328,2531,138],[328,3200,432],[329,1811,384],[329,1811,467],[329,1811,17],[329,1811,16],[329,2748,449],[329,3942,116],[329,3942,331],[329,3942,453],[330,938,494],[330,938,42],[330,938,207],[330,2435,341],[330,2435,259],[331,574,339],[331,2411,260],[331,3110,413],[331,3502,287],[331,3502,197],[331,3502,357],[331,3856,413],[333,1093,439],[333,2599,230],[333,3272,30],[333,3941,206],[334,513,243],[334,655,374],[334,927,455],[334,1444,271],[334,3349,208],[335,817,81],[335,817,238],[335,1234,476],[335,2119,333],[336,1395,113],[336,1395,349],[336,3692,356],[336,3884,53],[336,3884,356],[336,3884,491],[337,1503,226],[337,2143,118],[337,2143,106],[337,2520,177],[337,2520,281],[338,150,194],[338,150,383],[338,1791,371],[338,1958,278],[339,789,141],[339,789,491],[339,1965,376],[339,1967,411],[339,2380,356],[340,740,421],[340,1418,439],[340,1913,219],[340,1913,459],[340,1913,402],[340,2775,477],[340,2775,358],[341,1676,221],[341,1676,104],[341,1835,355],[341,3411,296],[341,3569,354],[341,3569,389],[341,3699,247],[341,3699,290],[341,3699,354],[342,31,173],[342,943,67],[342,943,248],[342,1341,141],[342,2149,216],[342,2757,12],[343,428,89],[343,789,141],[343,789,491],[343,2102,8],[343,2434,22],[343,3926,294],[344,390,261],[344,390,294],[344,390,111],[344,497,79],[344,497,410],[344,1851,395],[345,357,407],[345,524,361],[345,815,373],[345,1128,468],[345,1330,375],[345,2007,349],[345,2007,208],[345,2007,265],[345,3451,407],[345,3675,453],[346,81,434],[346,515,125],[346,515,259],[346,515,489],[346,1397,33],[346,2956,445],[346,3056,403],[346,3056,266],[346,3342,403],[346,3342,305],[346,3342,446],[347,168,488],[347,1043,50],[347,1255,378],[347,1255,59],[347,1255,222],[347,1304,257],[347,2624,368],[347,3303,21],[347,3303,101],[348,227,368],[348,682,442],[348,2285,399],[348,2356,396],[349,439,229],[349,439,362],[349,1992,481],[349,2798,132],[349,2798,376],[349,2854,479],[349,2854,227],[349,2967,497],[349,2967,203],[349,3775,239],[349,3775,409],[350,236,425],[350,971,462],[350,2447,386],[350,2793,473],[350,2793,438],[350,3746,330],[350,3746,390],[351,219,19],[351,219,190],[351,219,338],[351,219,167],[351,1932,98],[351,1932,485],[351,1932,366],[351,2008,468],[351,2037,296],[351,2037,373],[351,2360,458],[352,85,102],[352,85,312],[352,85,340],[352,1907,378],[352,2836,470],[352,3676,135],[353,90,9],[353,90,436],[353,1536,299],[353,1635,393],[353,1635,450],[353,2275,369],[353,3955,404],[354,234,43],[354,1687,102],[354,2623,400],[354,2787,492],[354,2838,325],[354,2838,167],[354,3230,317],[355,1345,500],[355,1811,384],[355,1811,467],[355,1811,17],[355,1811,16],[355,3035,183],[355,3035,108],[356,1144,76],[356,1144,426],[356,2261,440],[356,2364,490],[357,823,319],[357,823,408],[357,2485,480],[357,3131,29],[358,332,13],[358,921,439],[358,921,357],[358,1274,498],[358,1371,471],[358,3627,483],[358,3627,459],[358,3627,402],[358,3724,406],[359,2239,270],[359,2239,492],[359,2239,383],[359,2277,358],[360,165,281],[360,165,430],[360,1184,348],[360,2228,435],[360,2228,245],[360,2228,380],[360,2228,133],[360,2527,409],[360,2904,388],[360,2936,471],[360,3180,475],[361,2964,258],[361,2964,378],[361,3353,394],[362,476,398],[362,1386,421],[362,2443,116],[362,2443,366],[362,2550,486],[362,3013,268],[362,3013,243],[362,3057,398],[363,772,333],[363,772,334],[363,1398,379],[363,3016,370],[363,3090,412],[363,3532,459],[363,3532,464],[364,650,63],[364,650,91],[364,1627,316],[364,1627,317],[364,2332,426],[364,2332,461],[364,2377,396],[364,2377,190],[364,2680,404],[364,3630,78],[364,3630,438],[365,647,497],[365,647,280],[365,3359,464],[365,3862,337],[366,156,287],[366,156,389],[366,888,158],[366,889,422],[366,889,54],[366,889,255],[366,3238,456],[366,3486,118],[366,3486,426],[366,3650,443],[367,986,272],[367,986,67],[367,2097,415],[367,2250,289],[367,2250,168],[367,3472,428],[367,3472,483],[367,3472,348],[367,3985,142],[367,3985,222],[367,3985,455],[368,430,104],[368,430,455],[368,485,394],[368,485,401],[368,1686,428],[368,2311,356],[368,2311,39],[368,2311,476],[368,2311,312],[368,2311,371],[368,2854,479],[368,2854,227],[368,3472,428],[368,3472,483],[368,3472,348],[369,515,125],[369,515,259],[369,515,489],[369,1154,156],[369,1772,383],[369,1772,317],[369,1797,417],[369,3329,408],[369,3329,436],[370,286,419],[370,286,146],[370,1978,451],[370,2409,28],[370,2807,465],[370,2807,358],[370,3081,466],[370,3081,372],[371,200,437],[372,988,305],[372,988,251],[372,1255,378],[372,1255,59],[372,1255,222],[372,2311,356],[372,2311,39],[372,2311,476],[372,2311,312],[372,2311,371],[372,2390,443],[372,3340,29],[372,3340,484],[372,3340,435],[372,3952,499],[373,2239,270],[373,2239,492],[373,2239,383],[374,1108,243],[374,3391,54],[374,3391,114],[374,3816,48],[374,3816,111],[374,3863,447],[374,3863,302],[375,370,430],[375,422,197],[375,422,138],[375,422,474],[375,2872,291],[375,2932,65],[376,630,440],[376,2662,483],[377,1147,175],[377,2006,187],[377,2006,36],[377,2048,81],[377,2048,438],[377,3169,223],[377,3169,485],[377,3994,40],[377,3994,323],[378,2432,207],[379,550,437],[379,1577,373],[379,3505,398],[379,3826,414],[380,536,423],[380,993,463],[380,993,447],[380,1352,399],[380,3736,224],[380,3916,466],[381,85,102],[381,85,312],[381,85,340],[381,219,19],[381,219,190],[381,219,338],[381,219,167],[381,393,142],[381,393,422],[382,809,26],[382,809,423],[382,1206,300],[383,2171,489],[383,2171,119],[383,2171,69],[383,2907,406],[384,1953,65],[384,1953,227],[384,3263,387],[385,755,455],[386,2621,27],[386,3476,271],[386,3476,334],[386,3476,403],[386,3568,149],[386,3568,275],[386,3568,326],[386,3761,400],[387,1001,486],[387,1001,480],[387,1001,498],[387,2484,398],[387,2879,477],[387,3904,428],[388,2999,427],[389,277,301],[389,2870,433],[389,2930,488],[390,1493,2],[390,3266,442],[390,3346,134],[390,3346,5],[390,3346,423],[390,3606,70],[391,77,487],[391,1515,428],[391,2319,82],[391,2589,499],[391,3169,223],[391,3169,485],[392,1384,288],[392,1946,436],[392,3342,403],[392,3342,305],[392,3342,446],[392,3405,403],[393,1562,12],[393,1562,401],[393,1816,221],[393,2775,477],[393,2775,358],[393,3933,444],[394,46,292],[394,123,210],[394,123,355],[394,123,392],[394,123,433],[394,2332,426],[394,2332,461],[395,3300,414],[395,3300,288],[395,3300,433],[395,3772,401],[395,3943,396],[396,346,139],[396,346,423],[396,483,451],[396,483,463],[396,2522,450],[397,243,443],[397,875,320],[397,2311,356],[397,2311,39],[397,2311,476],[397,2311,312],[397,2311,371],[397,3448,448],[398,3245,472],[399,1586,68],[399,3465,324],[399,3833,419],[399,3942,116],[399,3942,331],[399,3942,453],[400,821,241],[400,821,252],[400,2312,372],[400,2474,153],[400,2474,50],[400,2474,58],[400,2474,323],[401,214,444],[401,1481,443],[401,2681,25],[402,88,309],[402,1731,372],[402,2358,65],[402,2358,96],[403,990,447],[403,1126,176],[403,1126,329],[403,1126,77],[403,3459,404],[404,2186,490],[404,2780,235],[404,3983,450],[405,266,28],[405,2972,128],[405,2998,352],[406,204,412],[406,3040,158],[406,3121,418],[407,268,119],[407,268,327],[407,268,495],[407,342,427],[407,342,405],[407,619,322],[407,1692,418],[407,2199,297],[407,2199,120],[407,3992,27],[407,3992,288],[408,392,340],[408,392,454],[408,2247,445],[408,3176,464],[408,3176,231],[408,3206,344],[409,107,359],[409,107,37],[410,249,437],[410,1654,479],[410,2050,432],[410,2228,435],[410,2228,245],[410,2228,380],[410,2228,133],[411,1611,466],[411,1611,355],[411,1938,34],[411,2657,171],[411,3472,428],[411,3472,483],[411,3472,348],[412,1226,489],[412,1447,410],[413,415,191],[413,1048,449],[413,1048,425],[413,2030,433],[413,2453,100],[413,2453,223],[413,2587,188],[413,3132,267],[413,3132,449],[414,889,422],[414,889,54],[414,889,255],[415,260,164],[415,260,498],[415,870,348],[415,2528,76],[415,3830,479],[416,1566,432],[416,1777,172],[416,2781,356],[417,2080,444],[417,3364,405],[417,3364,24],[417,3740,479],[418,1451,481],[418,2480,4],[418,3181,430],[418,3195,42],[418,3195,303],[419,2090,499],[419,2866,319],[419,2866,482],[419,3760,466],[420,231,326],[420,311,254],[420,572,472],[420,2900,178],[420,2900,280],[420,3457,41],[421,2028,157],[421,3608,57],[421,3913,173],[421,3913,379],[421,3997,205],[421,3997,307],[422,1192,219],[422,3203,384],[422,3203,211],[423,139,431],[423,1296,446],[423,1296,311],[423,3398,490],[423,3398,386],[424,1486,153],[424,1486,39],[424,2038,10],[424,2038,241],[424,3468,261],[424,3958,248],[424,3958,499],[424,3958,61],[425,284,442],[425,345,444],[425,734,415],[425,3842,263],[426,177,383],[426,2094,352],[426,3045,477],[427,1642,127],[427,3400,102],[427,3874,6],[428,3221,287],[428,3221,424],[429,652,107],[429,1142,23],[429,1846,281],[430,66,478],[430,883,211],[430,883,210],[430,3695,211],[431,3434,229],[431,3708,438],[431,3900,462],[432,126,210],[432,1047,422],[433,343,336],[433,343,456],[433,1530,113],[433,1530,491],[433,1530,373],[433,3125,484],[433,3125,319],[434,342,427],[434,342,405],[434,457,446],[434,457,413],[434,457,136],[435,1665,336],[435,2328,6],[436,256,175],[436,256,212],[436,569,370],[436,569,191],[436,2640,54],[437,1199,404],[437,1199,140],[437,1199,321],[437,1462,10],[437,3839,195],[438,1847,263],[439,531,482],[439,3612,38],[439,3612,88],[440,676,77],[440,676,365],[440,676,432],[440,3473,194],[441,450,24],[441,795,495],[441,2208,374],[441,2208,498],[441,2208,335],[441,2647,458],[442,1298,448],[442,3478,457],[442,3478,78],[442,3478,243],[442,3478,454],[443,2576,329],[443,2576,136],[443,2576,119],[444,786,456],[445,1668,462],[445,2886,150],[445,3792,214],[445,3792,457],[445,3792,97],[445,3792,219],[446,2496,457],[447,974,480],[447,1321,498],[448,483,451],[448,483,463],[448,1705,305],[448,1857,417],[448,1857,464],[448,2505,487],[448,2505,482],[448,3627,483],[448,3627,459],[448,3627,402],[448,3799,42],[448,3799,457],[449,712,341],[449,712,189],[449,1502,180],[450,1017,403],[450,1017,161],[451,83,457],[451,546,296],[451,546,470],[451,560,144],[451,560,457],[451,1025,459],[452,16,120],[452,1610,270],[452,1610,483],[452,1782,247],[453,1611,466],[453,1611,355],[453,2066,485],[453,2201,495],[453,3532,459],[453,3532,464],[454,154,309],[454,154,391],[454,925,184],[454,1415,365],[454,2064,59],[454,2064,400],[454,2064,279],[454,2064,385],[455,1432,313],[455,3408,338],[455,3408,147],[455,3848,136],[456,3715,199],[456,3898,488],[458,614,280],[458,1790,432],[458,3679,306],[458,3679,215],[458,3791,146],[459,514,475],[459,514,408],[459,2185,491],[459,2297,31],[459,2297,303],[460,2302,1],[460,2302,382],[460,2531,91],[460,2531,138],[461,1231,365],[461,1640,460],[461,1640,488],[461,1661,99],[461,1661,189],[461,1661,487],[461,2029,469],[461,3313,153],[461,3313,97],[461,3313,191],[462,5,464],[462,1299,294],[463,2266,477],[464,586,326],[464,896,335],[464,896,140],[464,896,147],[465,1230,40],[465,2540,59],[465,2977,333],[466,1889,56],[466,1889,238],[466,1939,388],[466,1939,385],[467,390,261],[467,390,294],[467,390,111],[467,1839,36],[467,2099,473],[467,2831,468],[467,2831,473],[467,3711,348],[467,3711,473],[467,3968,306],[468,1743,111],[468,1743,254],[468,3568,149],[468,3568,275],[468,3568,326],[469,704,205],[469,1305,459],[469,1621,247],[469,1621,489],[469,1621,241],[469,1621,13],[470,437,287],[470,437,213],[471,1718,326],[471,1826,257],[471,3559,124],[472,348,277],[472,1892,446],[473,477,209],[473,2745,396],[473,2745,99],[473,3818,490],[474,1243,68],[474,2656,127],[474,3853,361],[475,1759,71],[475,2723,483],[476,3754,269],[476,3754,73],[477,246,395],[477,2856,215],[477,3476,271],[477,3476,334],[477,3476,403],[478,1161,369],[478,1381,195],[478,2661,148],[478,2661,227],[478,2987,150],[479,1251,65],[479,1313,487],[479,2283,92],[479,2283,292],[479,3626,486],[480,1562,12],[480,1562,401],[480,2505,487],[480,2505,482],[480,2711,475],[481,1522,159],[482,1420,25],[482,1420,77],[482,2297,31],[482,2297,303],[482,2839,189],[482,2839,472],[483,841,370],[483,1681,496],[483,1681,474],[484,1198,289],[484,3645,223],[485,2547,200],[485,3738,308],[486,1604,495],[486,1604,401],[486,2878,337],[486,2878,487],[487,377,430],[488,979,47],[488,2281,48],[488,2281,58],[488,2281,145],[489,2440,11],[489,2440,296],[491,887,149],[491,887,75],[491,1749,85],[491,3328,289],[492,1693,73],[492,1693,69],[492,2415,19],[492,2966,411],[492,2966,322],[492,3958,248],[492,3958,499],[492,3958,61],[493,1618,59],[493,3331,310],[493,3331,164],[493,3799,42],[493,3799,457],[494,2535,454],[494,3143,87],[494,3143,463],[495,33,344],[495,33,404],[495,978,432],[495,978,273],[495,3450,325],[495,3783,5],[495,3783,459],[496,1929,201],[496,2745,396],[496,2745,99],[497,56,376],[497,2244,480],[497,2244,165],[497,2449,468],[497,2449,500],[497,3717,431],[499,3167,441],[500,97,310],[500,867,419],[500,1197,286],[500,1629,457],[500,2832,1],[500,2832,378]];

jitters = [20000,10000,10000,20000,10000,20000,10000,10000,10000,20000,20000,20000,20000,100000,50000,100000,2000,10000,1000,10000,20000,10000,10000,100000,20000,100000,20000,20000,20000,10000,2000,20000,10000,100000,100000,1000,10000,10000,20000,20000,10000,10000,100000,5000,100000,100000,20000,50000,10000,20000,20000,10000,10000,10000,10000,20000,2000,20000,20000,100000,50000,100000,10000,20000,20000,10000,20000,100000,10000,100000,10000,20000,20000,5000,20000,20000,10000,20000,5000,100000,20000,20000,10000,100000,20000,20000,1000,100000,100000,10000,100000,10000,20000,20000,1000,20000,20000,20000,20000,1000,20000,100000,20000,100000,20000,20000,20000,100000,10000,100000,1000,10000,50000,100000,10000,20000,20000,100000,100000,100000,20000,100000,10000,10000,20000,100000,100000,20000,1000,10000,5000,10000,10000,20000,2000,20000,10000,20000,20000,10000,10000,10000,100000,10000,100000,100000,10000,100000,10000,10000,10000,10000,10000,20000,20000,100000,10000,50000,100000,20000,10000,10000,100000,100000,20000,10000,100000,20000,10000,100000,50000,20000,10000,20000,100000,20000,2000,100000,100000,20000,10000,20000,50000,20000,10000,100000,20000,5000,1000,20000,20000,10000,100000,20000,10000,10000,10000,100000,20000,20000,20000,10000,100000,100000,100000,1000,100000,100000,1000,100000,20000,10000,10000,20000,20000,5000,10000,10000,20000,10000,100000,10000,100000,20000,20000,20000,100000,20000,20000,100000,20000,20000,10000,100000,10000,100000,1000,20000,10000,100000,50000,10000,5000,10000,20000,20000,100000,100000,20000,10000,20000,20000,10000,10000,20000,10000,100000,100000,10000,20000,20000,10000,100000,10000,100000,10000,5000,100000,20000,10000,100000,10000,20000,20000,10000,100000,100000,20000,100000,10000,100000,10000,20000,20000,10000,10000,10000,20000,20000,10000,20000,100000,20000,20000,100000,20000,10000,10000,10000,10000,2000,10000,10000,10000,10000,1000,20000,20000,20000,50000,1000,5000,100000,100000,20000,20000,50000,20000,100000,1000,100000,20000,10000,100000,10000,10000,20000,2000,1000,20000,1000,20000,20000,5000,10000,100000,20000,10000,20000,20000,50000,100000,20000,10000,100000,20000,10000,20000,100000,20000,100000,10000,20000,50000,50000,20000,10000,100000,50000,100000,100000,10000,20000,20000,20000,10000,100000,10000,20000,20000,10000,100000,100000,5000,100000,100000,10000,10000,10000,20000,10000,10000,100000,100000,20000,20000,10000,100000,10000,20000,10000,20000,10000,10000,10000,20000,5000,10000,20000,50000,10000,100000,20000,20000,20000,100000,100000,20000,100000,10000,50000,20000,1000,10000,10000,2000,10000,100000,20000,20000,20000,10000,20000,10000,20000,20000,100000,10000,10000,100000,20000,2000,10000,20000,10000,20000,10000,20000,20000,100000,100000,20000,10000,10000,20000,20000,10000,20000,1000,20000,20000,100000,20000,20000,20000,10000,20000,100000,20000,10000,10000,20000,20000,20000,10000,20000,1000,100000,10000,20000,100000,10000,1000,100000,100000,10000,5000,100000,10000,10000,100000,20000,100000,100000,10000,10000,10000,10000,100000,20000,20000,50000,100000,20000,20000,10000,10000,100000,100000,50000];

