NumChains = 50;
NumResources = 3;
NumRunnablesInChains = 202;
MemoryBoundOnResource = 1048576;
UtilizationBoundOnResource = 100;

numberOfTasksinChain = [9,9,5,7,9,5,7,5,7,7,9,7,9,7,7,9,5,7,9,7,5,7,7,9,5,9,7,9,7,9,7,7,7,5,5,7,5,5,7,5,7,7,9,9,5,7,7,7,7,9];

runnablesInChains = [54,391,402,139,407,38,486,437,100,34,482,24,453,331,429,366,115,183,239,89,346,449,67,274,207,484,389,429,80,311,45,222,253,66,345,147,350,130,9,7,297,429,113,421,226,65,28,162,411,196,53,487,115,75,283,289,441,299,1,182,242,396,279,143,346,33,172,468,89,227,408,133,478,115,340,241,310,484,202,146,168,164,265,399,250,5,192,443,197,385,329,135,119,276,189,13,121,99,198,216,52,87,264,371,88,329,195,74,142,131,221,432,46,346,302,481,386,12,15,178,155,500,191,48,59,493,393,263,172,112,413,6,30,268,473,71,14,187,387,146,180,417,125,295,242,179,379,229,54,422,76,144,297,149,12,477,176,254,269,279,105,295,457,168,106,144,459,80,364,50,275,473,215,360,298,307,467,46,370,71,415,224,491,439,313,300,156,370,129,64,494,274,450,489,135,230,125,83,372,384,437,19];

ProcessingTimesOfMessages = [[1,1,1,1,1,1,1],[1,1,1,1,1],[1,1,1,1,1,1],[1,1,1,1,1,1,1,1,1,1,1,1],[1,1,1,1,1],[1,1,1,1,1,1],[1,1,1,1,1,1,1,1,1,1],[1,1,2,1,1],[1,1],[1,1,1,1,1,1,1,1,1,1,1],[1,1,1,1,1,1,1,1],[1,1,1,1],[1,1,1,1,1,1,1],[2,2,1,1,1,1,1],[1,1,1,1,1,1],[2,1,1,1,1,1,1,1,1,1],[1,1,1,1,1,1,1,1,1,1,1],[1,1,1,1,1,1,1,1,1],[1,1,1,1,1,1,1,1],[1,1,1,1,1,1,1,1,1,1,1,1],[1,1,1,1],[1,1,1,1,1,1,1,1,1,1,1,1,1,1],[1,1],[1,1,1,1,1,1],[1,1,1,1,2],[1,1,1,1,1,1,1],[1,1,1,1,1,1],[1,1,1,1,1,1,1,1,1],[1,1,1,1,1,1,1],[1,1,1,1,1,1],[1,1,1,1],[1,1,1,1,1],[1,1,1,1,1,1,1,1],[1,1,1,1,1,1,1,1,1],[1,1,1,1,1,1,1,1,1,1],[1,1,1,1,1,1,1,1],[1,1,1,1],[1,1,1,1,1,1,1,1],[1,1,1,1,1,1,1,1,1,1,1,1,1],[1,1,1,1,1,1],[1,1,1,1,1,1],[1,1,1,1,1,1,1,1,1,1,1,1],[1,1,1,1,1,1],[1,1,1,1,1,1],[1,2,2,1,1,1,1,1,1,1],[1,1,1,1,1,1,1,1],[1,1,1,1,1,1,1,1,1],[1,1,1,1,1,1,1,1,1,1],[1,1,1,1,1,1,1,1,1,1],[1,1,1,1,1,1,1,1,1,1,1],[1,1,1,1,1,1,1,1,1,1,1],[1,1,1,1,1,1,1],[1,1,1,1,1,1,1,1],[1,1,1,1,1],[1,1,1,1,1],[1,1,1,1,1,1],[1,1,1,1,1,1,1],[1,1,1,1],[1,1,1,1,1],[1,1,1,1,1,1,1,1,1,1],[1,1,1,1,1,1,1],[1,1,1,1,1],[1,1,1,1,1,1,1,1,1,1,1,1],[1,1,1,1,1,1,1,1],[1,1,1,1,1,1,1,1,1,1,1],[1,1,1,1,1,1,1,1],[1,1,1,1,1,1,1,1],[1,1,1,1,1,1,1],[1,1,1,1,1,1,1,1],[1,1,1],[1,1,1,1],[1,1,1,1,1,1,1,1,1,1],[1,1],[1,1,1,1,1,1],[1,1,1,1,1,1,1,1,1,1,1],[1,1,1,1,1,1,1],[1,1,1,1,1,1,1],[1,1,1,1,1,1,1],[1,1,1,1,1,1],[1,1,1,1,1,1],[1,1,1,1,1,1,1,1],[1,1,1,1,1,1,1],[1,1,1,1,1,1,1,1],[1,1,1,1,1],[1,1,1,1,1,1],[1,2,2,1,1,1,1],[1,1,1,1,1,1,1,1,1,1],[1,1,1,1,1,1,1],[1,1,1,1,1,1,1,1,1,1],[1,1,1,1,1,1],[1,1,1,1,1,1,1,1,1],[1,2,1,1],[1,1,1,1,1],[1,1,1,1,1,1,1,1,1,1],[1,1],[1,1,1,1,1,1,1,1,1,1],[1,1,1,1,1,1,1],[1,1,1,1,1,1,1,1],[1,1,1,1,1],[1,1,1,1,1,1],[1,1,1,1,1,1,1,1,1],[1,1,1,1,1,1,1,1,1],[1,1,1,1],[1,1,1,1,1,1],[1,1,1,1,1,1,1],[1,1,1,1,1,1,1,1,1],[1,1,1,1,1,1,1,1,1,1],[1,1,1,1,1,1],[1,1,1,1,1,1,1,1,1,1,1],[1,1,1,1,1],[1,1,1,1,1],[1,1,1,1,1,1,1,1,1,1,1],[1,1,1],[1,1],[1,1,1],[1,1,1,1,1,1],[1,1,1,1,1],[1,1,1,1],[1,1,1,1,1,1],[1,1,1,1,1,1,1,1,1,1,1,1,1,1,1,1,1,1],[1,1,1,1,1,1],[1,1,1,1,1,1,1,1],[1,1,1,1,1,1,1,1,1,1,1,1,1,1],[1,1,1,1,1,1,1,1,1],[1,1,1,1,1],[1,1,1,1,1,1,1,1,1],[1,1],[1,1,1,1,1,1],[1,1,1,1,1,1,1,1],[1,1,1],[1,1,1,1,1,1,1],[1,1,1,1,1,1,1,1],[1,1,1,1,1,1,1,1],[1,1,1,1],[1,1,1,1,1,1],[1,1,1,1,1,1,1,1,1,1,1],[1,1,1],[1,1,1,1,1,1,1,1,1,1,1,1],[1,1,1,1,1,1,1],[2,1,1,1,1,1,1],[1,1,1,1,1,1,1,1,1,1,1],[1,1,1,1,1],[1,1,1,1,1,1,1,1,1,1],[1,1,1,1,1],[1,1,1,1,1,1,1],[1,1,1,1,1,1,1,1,1,1,1],[1,1,1,1,1,1,1],[1,1,1,1,1,1],[1,1,1,1,1,1],[1,1,1,1,1,1,1,1],[1,1,1,1,1,1,1,1,1],[1,1,1,1,1,1,1,1],[1,1,1,1,1,1],[1,1,1,1,1,1,1],[1,1,1,1,1,1,1],[1,1,1,1,1],[1,1,1,1,1],[1,1,1,1,1,1],[1,1,1,1,1,1,1,1,1],[1,1,1,1,1,1,1,1,1,1,1,1,1],[1,1,1,1,1,1,1],[1,1,1,1,1,1],[1,1,1,1,1,1,1,1,1,1],[1,1,1,1,1,1,1,1],[2,2,1,1,1,1],[1,1,1,1,1,1,1,1,1],[1,1,1],[1,1,1,1,1],[1,1,1,1,1,1,1,1,1,1,1,1],[1,1,1,1,1,1,1,1,1,1],[1,1,1,1,1,1,1],[1,1,1,1,1],[1,1,1,1,1],[1,1,1,1,1,1,1,1,1,1,1,1],[1,1,1,1,1,1],[1,1,1,1,1,1,1],[1,1,1,1,1,1,1,1],[1,1,1],[1,1,1,1,1,1,1,1,1,1,1],[1,1,1,1,1,1],[2,1,1,1,1,1,1,1],[1,1,1,1,1,1],[1,1,1,1,1,1,1],[1,1,1,1,1,1,1,1,1,1,1],[1,1,1,1],[1,1,1,1,1,1],[1,1,1,1,1],[1,1,1,1,1,1,1,1,1,1],[1,1,1,1,1,1,1],[1,1,1,1,1,1],[1,1,1,1,1,1,1,1],[1,1,1,1,1,1],[1,1,1,1,1,1,1,1],[1,1,1,1],[1,1,1,1,1,1,1],[1,1,1,1,1],[1,1,1,1,1,1,1,1,1],[1,1,1,1,1,1,1,1],[1,1,1,1,1,1,1],[1,1,1,1,1,1],[1,1,1,1,1,1,1,1,1,1,1,1],[1,1,1,1,1,1,1,1,1,1],[1,1,1,1,1],[1,1,1,1,1,1,1,1],[1,1,1,1,1,1],[1,1,1,1,1,2],[1,1,1,1],[1,1,1],[1,1,1,1,1,1,1,1],[1,1,1,1,1,1,1,1,1,1],[1,1,1,1,1,1,1],[1,1,1,1,1],[1,2],[1,1,1,1,1],[1,1,1,1],[1,1,1,1,1,1,1],[1,1,1,2,1],[1,1,1,1,1,1,1,1,1],[1,1,1,1],[1,1,1,1],[1,1,1,1,1],[1,1,1],[1,1,1,1,1,1,1,1,1,1],[1,1,1,1,1,1,1,1,1],[1,1,1,1,1],[1,1,1,1,1,1,1,1],[1,1,1,1],[],[1,1,1,1,1,1,1,1],[1,1,1],[1,1,1,1,1,1],[1,1,1,1,1,1,1],[2,1,1],[1,1,1,1,1,1,1,1,1,1,1],[1,1,1,1,1,1],[1,1,1,1,1,1,1,1,1,1],[1,1,2,2,1,1],[1,1,1,1],[1,1,1,1,1,1],[1,1,1,1],[1,1,1,1,1,1],[1,1,1,1,1,1],[1,1,1,1,1,1,1,1,1,1],[1,1,1,1,1],[1,1,1,1,1,1,1],[1,1,1,1,1,1,1,1,1],[1,1,1,1],[1,1,1,1],[1,1,1],[1,1,1,1,1,1,1,1,1,1],[1,1,1,1,1,1],[1,1,1,1,1],[1,1,1,1,1,1,1,1],[1,1],[1,1,1,1,1,1,1],[1,1,1,1,1,1,1,1,1,1],[1,1,1,1,1,1,1],[1,1,1],[1,1,1,1,1,1,1,1,1,1,1],[1,1,1,1,1],[1,1,1,1],[2,2,1,1,1,1,1,1],[1],[1,1,1,1,1,1],[1,1,1,1,1,1],[1,1,1,1,1,1],[1,1,1,1,1,1,1],[1,1,1,1,1,1,1,1,1,1],[1,1,1,1,1,1,1,1,1,1,1],[1,1,1,1,1,1,1,1,1,1,1,1,1,1],[1,1,1],[1,1,1,1,1,1,1,1,1],[1,1,1,1,1],[1,1,1,1,1,1],[1,1,1,1,1],[1,1,1,1,1],[1,1,1,1,1,1,1,1],[1],[1,1,1,1,1,1,1,1,1],[1,1,1,1,1,1],[1,1,1,1,1],[1,1,1,1,1,1,1],[1,1,1,1,1,1,1,1],[],[1,1,1,1],[1,1,1,1,1,1],[1,1,1,1,1,1,1,1,1,1,1],[1,1,1,1,1,1,1,1,1],[1,1,1],[1,1,1,1,1,1,1,1],[1,1,1,1,1,1],[1],[1,1,1,1,1,1],[1],[1,1,1,1,1],[1,1,1,1,1],[1,1,1,1,1],[1,1,1],[1,1,1],[1,1,1],[1,1,1,1],[1,1,1,1,1,1,1,1],[1,1,1,1],[1,1],[1,1,1,1,1],[1,1,1,1,1,1,1],[1,1,1,1,1,1,1,1],[1,1],[1,1,1,1],[1,1,1,1,1],[1,1,1,1,1,1],[1,1,1,1,1],[1,1,1,1,1,1,1],[1,1,1,1,1,1,1,1,1],[1,1,1,1,1],[1,1,1,1,1],[1,1,1,1,1,1],[1,2],[1,1,1,1,1,1],[1,1,1],[1,1,1,1,1,1,1,1],[1,1,1,1,1],[1,1],[1,1,1,1,1,1,1,1],[1,1,1,1,1,1,1],[1,1,2,1,1],[1,1,1],[1,1,1,1,1],[1,1],[1,1,1,1,1,1,1,1,1],[1,1,1],[1,1,1,1,1,1],[1],[1,1],[1,1,1],[1,1,1,1,1],[1,1,1,1,1,1,1,1],[1,1,1,1,1,1,1],[1,1,1,1,1,1,1,1],[1,1],[1,1],[1,1,1],[1,1,1,1,1,1,1,1],[1,1,1,1,2],[1,1,1,1,1,1],[1,1,1,1,1,1],[1,1,1,1,1,1,1],[1,1,1,1],[1,1],[1,1,1,1,1],[1,1,1],[1,1,1,1,1,1,1,1,1,1],[1,1,1,1,1],[1,1,1,1],[1,1,1],[1,1],[1,1,1,1,1,1,1,1,1],[1,1,1,1],[1,1,1],[1,1,1,1,1,1,1,1],[1,1,1,1,1,1,1],[1,1,1,1],[1,1,1,1,1],[1,1,1,1,1,1,1],[1,1,1,1,1,1],[1,1,1,1],[1,1],[1,1,1,1],[1,1],[1,1,1,1,1],[1,1,1],[1,1,1],[1,1,1,1,1,1,1,1],[1,1,1,1,1,1,1,1,1,1,1,1],[1],[],[1,1,1,1,1,1,1,1],[1,1,1,1],[1,1,1,1,1],[1,1,1,1,1],[1,1,1,1],[1,1,1,1,1],[1,1],[1,1,1,1,1,1,1,1],[1,1,1,1,1,1,1],[1,1,1,1,1],[1,1,1,1,1,1],[],[1,1,1],[1],[1,1,1,1,1],[1,1,1,1,1,1,1],[1,1,1,1,1],[1,1,1,1,1,1],[1,1,1,1,1,1,1],[1,1],[1],[1,1],[1],[1,1,1,1,1,1],[1,1,1,1],[1,1,1,1,1],[1,1,1,1,1,1,1,1],[1,1,1,1,1,1],[1],[1,1,1,1,1],[],[1,1,1,1,1,1,1],[1,1,1],[1,1,1,1,1,1],[1],[1,1,1,1,1,1],[1,1],[1,1,1,1],[],[1,1,1,1,1,1,1],[1,1,1,1,1,1,1],[1,1,1,1,1],[1,1],[1,1],[1,1,1,1],[1],[1,1,1,1],[1,1,1,1,1,1,1,1],[1,1,1],[1,1,1,1,1,1,1],[1,1,1,1,1,1],[1,1,1],[1,1,1],[1,1,1,1,1],[1,1,1,1,1,1,1,1],[1,1,1,1,1,1],[1,1,1],[1,1,1,1,1],[1,1],[],[1,1,1,1,1,1,1],[1,1,1,1,1,1,1],[1,1,1],[],[1,1,1,1,1],[1,1,1,1,1],[1,1,1,1,1,1],[1],[1,1,1,1,1,1,1],[1,1],[1,1,1,1,1,1,1,1,1,1,1,1],[1,1,1],[1,1,1,1,1,1,1],[1],[1,1,1],[],[1],[1],[1,1,1],[],[1,1,1,1],[1,1,1,1,2],[1],[1,1,1,1],[1,1],[1,1,1,1,1],[1,1,1],[1,1,1,1],[1,1,1,1,1],[1,1,1,1],[1,1],[1,1,1,1,1,1],[],[1,1],[1,1],[1,1],[1,1],[1,1,1,1,1,1],[1],[],[1,1,1,1,1],[1,1,1],[1],[1],[1,1,1,1],[1,1,1,1],[1],[1,1,1],[1,1],[1],[1,1,1,1],[1,1],[1,1,1,1],[1,1,1,1,1],[1,1,1],[1],[1,1,1,1],[1,1,1,1],[1,1,1,1],[1],[1,1,1,1,1,1],[1,1,1,1,1,1,1,1],[1,1],[2,1,1]];

processingTimesRunnables = [10,11,16,15,15,13,10,16,8,11,8,11,12,11,14,14,10,15,12,11,11,9,7,15,13,10,11,10,11,11,13,12,14,12,14,12,8,14,11,10,10,4,13,14,13,13,14,13,16,11,15,5,11,14,8,10,14,11,16,9,13,5,6,10,5,5,15,5,12,13,11,7,15,16,16,12,11,7,16,15,13,12,6,12,10,13,12,11,16,12,10,12,8,12,14,13,6,14,12,8,6,13,9,10,10,13,8,6,6,15,9,10,13,16,16,5,10,11,10,13,6,13,12,12,5,10,9,12,13,13,15,11,5,11,16,12,11,7,11,6,12,8,13,16,12,11,14,14,11,12,6,12,13,12,8,8,8,13,13,13,8,6,6,13,14,14,4,8,11,12,16,11,16,12,12,6,11,12,13,6,7,14,13,7,11,6,13,11,17,15,13,11,12,10,16,10,7,10,10,12,10,15,15,10,14,12,5,12,11,8,6,7,13,12,8,13,12,13,6,11,7,10,8,5,10,10,11,13,12,12,5,11,15,9,12,9,11,11,13,10,16,6,7,10,12,16,13,7,11,12,13,13,11,11,12,13,12,15,12,11,13,8,10,16,9,13,6,13,10,16,15,13,10,12,10,11,7,8,9,5,12,6,11,10,14,12,10,14,7,9,12,12,13,13,13,12,10,9,13,8,10,5,6,6,10,11,11,16,5,13,8,12,5,13,13,6,7,10,13,11,9,6,5,13,11,12,4,12,12,15,13,14,15,11,8,5,11,6,11,6,12,11,12,11,13,11,5,4,6,7,6,8,12,6,12,13,8,8,8,7,7,13,11,12,10,12,12,15,12,11,14,13,12,12,6,14,12,5,10,10,16,12,13,7,17,15,16,17,12,13,13,10,12,11,14,7,11,15,13,15,10,15,5,6,11,14,14,12,11,10,8,11,10,13,13,12,16,13,11,10,5,12,7,12,13,11,9,15,13,6,11,8,9,12,13,12,6,14,10,5,11,11,16,5,12,11,13,9,15,4,12,12,11,8,7,7,6,12,13,16,12,12,15,13,15,6,11,13,12,8,15,12,12,5,15,13,12,10,8,14,11,13,5,15,8,8,12,15,12,11,11,10,16,17,12,15,11,12,11,10];

periods = [10000,50000,50000,20000,100000,100000,1000,50000,1000,100000,2000,20000,20000,10000,20000,20000,20000,10000,20000,10000,20000,20000,50000,10000,10000,10000,20000,20000,10000,100000,20000,10000,100000,20000,20000,20000,20000,20000,20000,20000,100000,10000,100000,10000,10000,100000,5000,20000,100000,10000,2000,10000,10000,100000,10000,100000,10000,20000,20000,20000,100000,2000,2000,100000,20000,10000,100000,20000,100000,100000,10000,20000,100000,20000,10000,10000,10000,10000,20000,10000,5000,100000,20000,20000,20000,1000,10000,10000,100000,20000,10000,5000,20000,20000,5000,10000,20000,1000,20000,20000,10000,20000,1000,1000,10000,10000,20000,20000,20000,10000,20000,100000,10000,5000,10000,10000,10000,50000,10000,20000,20000,2000,100000,10000,10000,100000,10000,50000,10000,1000,20000,1000,10000,20000,10000,20000,10000,100000,100000,100000,1000,20000,100000,10000,10000,10000,10000,2000,20000,20000,20000,20000,100000,100000,20000,10000,20000,10000,2000,20000,100000,20000,10000,10000,10000,20000,10000,10000,20000,10000,20000,100000,100000,50000,20000,20000,20000,20000,10000,10000,10000,10000,100000,50000,100000,100000,10000,100000,20000,20000,20000,100000,1000,20000,10000,10000,100000,20000,50000,50000,100000,10000,2000,20000,20000,20000,100000,2000,20000,100000,100000,20000,20000,20000,10000,10000,10000,10000,20000,10000,20000,10000,100000,20000,10000,10000,100000,20000,100000,10000,100000,10000,100000,10000,20000,20000,10000,50000,100000,10000,10000,10000,20000,1000,2000,10000,1000,50000,100000,100000,20000,20000,10000,100000,20000,100000,20000,20000,20000,100000,100000,50000,100000,10000,10000,20000,100000,10000,100000,100000,20000,10000,20000,100000,10000,10000,10000,10000,100000,100000,10000,20000,20000,20000,1000,100000,10000,10000,20000,10000,5000,50000,10000,10000,10000,10000,10000,100000,20000,10000,100000,100000,10000,2000,20000,2000,100000,20000,100000,10000,10000,20000,20000,20000,20000,10000,20000,10000,20000,100000,100000,10000,10000,20000,10000,100000,5000,20000,10000,20000,10000,10000,1000,10000,5000,20000,10000,20000,10000,10000,20000,10000,50000,20000,10000,100000,20000,20000,10000,1000,100000,20000,20000,10000,100000,10000,100000,20000,20000,100000,10000,10000,100000,10000,20000,10000,20000,10000,10000,10000,10000,20000,20000,20000,20000,50000,100000,10000,10000,20000,100000,100000,20000,20000,100000,20000,10000,20000,10000,100000,100000,20000,100000,20000,100000,10000,20000,1000,100000,20000,100000,100000,10000,10000,100000,100000,100000,10000,100000,100000,20000,100000,100000,10000,10000,100000,10000,100000,20000,5000,10000,100000,20000,100000,10000,10000,10000,20000,10000,2000,20000,100000,100000,100000,20000,100000,20000,20000,20000,10000,20000,20000,100000,10000,1000,20000,100000,2000,100000,100000,10000,100000,10000,20000,50000,20000,10000,100000,10000,100000,10000,100000,100000,10000,10000,10000,100000,100000,100000,100000,10000,20000,10000,20000,10000,100000,20000,10000,20000,20000,100000,10000,100000,10000,100000,20000,10000,20000,10000,10000,20000,20000,100000,100000,10000,20000,100000,10000,2000,20000];

communicationTimeForOrderCriticalMessages = [1,1,1,1,1,1,1,1,1,1,1,1,1,1,1,1,1,1,1,1,1,1,1,1,1,1,1,1,1,1,1,1,1,1,1,1,1,1,1,1,1,1,1,1,1,1,1,1,1,1,1,1,1,1,1,1,1,1,1,1,1,1,1,1,1,1,1,1,1,1,1,1,1,1,1,1,1,1,1,1,1,1,1,1,1,1,1,1,1,1,1,1,1,1,1,1,1,1,1,1,1,1,1,1,1,1,1,1,1,1,1,1,1,1,1,1,1,1,1,1,1,1,1,1,1,1,1,1,1,1,1,1,1,1,1,1,1,1,1,1,1,1,1,1,1,1,1,1,1,1,1,1];

sizeOfRunnables = [993,1075,1535,1410,1433,1300,903,1563,783,1065,705,1100,1125,1088,1318,1305,963,1475,1155,1038,1030,858,645,1498,1290,943,1090,960,1095,1023,1240,1188,1400,1118,1318,1193,788,1308,1003,993,983,383,1258,1340,1300,1263,1305,1225,1513,1098,1420,473,1095,1373,748,953,1355,1035,1563,803,1225,465,588,943,415,490,1415,428,1118,1220,1045,663,1420,1560,1528,1188,1028,663,1588,1498,1230,1158,505,1125,960,1293,1105,1028,1578,1193,955,1160,720,1110,1328,1233,575,1333,1118,750,593,1203,810,918,975,1255,728,535,515,1415,818,938,1248,1573,1540,428,910,1053,985,1240,565,1245,1160,1125,450,970,843,1185,1248,1285,1433,1058,488,1013,1550,1140,1083,615,1075,565,1110,735,1238,1583,1183,1005,1383,1345,1043,1125,528,1165,1238,1125,775,720,745,1293,1248,1270,783,503,513,1238,1305,1305,378,730,1068,1193,1523,1058,1593,1188,1183,585,1098,1143,1285,520,663,1340,1238,603,1045,505,1255,1013,1615,1465,1263,1083,1150,948,1513,925,675,938,915,1110,938,1405,1410,933,1383,1135,465,1173,1045,798,525,633,1298,1140,750,1275,1160,1235,588,1060,655,998,735,428,970,953,1038,1225,1120,1103,458,1098,1490,900,1158,835,1085,1090,1225,978,1545,600,663,963,1143,1530,1298,603,1065,1128,1275,1225,1058,1065,1143,1205,1103,1420,1105,1073,1215,730,975,1530,828,1298,560,1225,925,1523,1448,1255,970,1138,960,1035,668,743,858,458,1195,555,1038,985,1318,1120,948,1305,608,845,1113,1173,1230,1268,1220,1148,988,820,1238,745,960,468,548,565,945,1038,1005,1513,490,1290,793,1183,453,1285,1240,570,660,985,1258,1083,865,593,458,1248,1053,1118,383,1193,1120,1458,1285,1398,1465,1083,733,465,1080,580,1030,505,1118,1080,1148,1005,1248,1030,498,375,533,698,565,783,1135,548,1195,1248,775,705,738,685,645,1293,1098,1193,960,1135,1128,1448,1133,1058,1305,1290,1120,1108,533,1305,1183,420,970,990,1573,1128,1240,683,1615,1438,1573,1605,1148,1260,1223,913,1193,1030,1335,683,1058,1475,1285,1490,963,1415,490,505,1045,1400,1398,1195,1030,970,745,1020,970,1275,1233,1135,1578,1245,1023,910,488,1193,678,1173,1230,1073,833,1425,1258,595,1008,775,840,1163,1215,1155,563,1313,1000,463,1035,1073,1540,495,1120,1098,1268,818,1430,383,1110,1178,1088,783,663,698,548,1120,1293,1528,1143,1110,1465,1270,1470,598,1095,1275,1155,775,1433,1198,1148,438,1443,1260,1180,998,780,1303,1043,1203,498,1458,715,788,1133,1470,1200,1005,1083,963,1560,1620,1133,1475,1073,1113,1028,955];

SenderLabelReceiverOrderCriticalChains = [[54,2686,0,0,391],[391,869,0,0,402],[402,997,0,0,139],[139,3854,0,0,407],[38,176,0,0,486],[486,3424,0,0,437],[437,400,0,0,100],[100,882,0,0,34],[482,235,0,0,24],[24,874,0,0,453],[331,1105,0,0,429],[429,27,0,0,366],[366,1551,0,0,115],[183,889,0,0,239],[239,22,0,0,89],[89,396,0,0,346],[346,2977,0,0,449],[67,1020,0,0,274],[274,1170,0,0,207],[484,2513,0,0,389],[389,525,0,0,429],[429,3148,0,0,80],[311,3908,0,0,45],[45,2139,0,0,222],[253,668,0,0,66],[66,2313,0,0,345],[345,3094,0,0,147],[350,2034,0,0,130],[130,1794,0,0,9],[9,2945,3420,0,7],[297,49,0,0,429],[429,2562,0,0,113],[113,2338,0,0,421],[421,3861,0,0,226],[65,1833,1847,0,28],[28,1847,0,0,162],[162,487,0,0,411],[196,1305,0,0,53],[53,112,0,0,487],[487,2183,0,0,115],[115,3455,0,0,75],[283,28,0,0,289],[289,2199,0,0,441],[441,3822,0,0,299],[1,1580,0,0,182],[182,2509,0,0,242],[242,1462,0,0,396],[279,3248,0,0,143],[143,921,0,0,346],[346,2133,0,0,33],[33,2046,0,0,172],[468,396,1682,0,89],[89,121,0,0,227],[408,1383,0,0,133],[133,1834,0,0,478],[478,3104,0,0,115],[340,2534,0,0,241],[241,2095,0,0,310],[310,930,0,0,484],[484,184,0,0,202],[146,159,0,0,168],[168,223,0,0,164],[164,749,0,0,265],[399,1249,0,0,250],[250,1122,0,0,5],[192,1355,3651,0,443],[443,1555,0,0,197],[197,771,0,0,385],[329,2272,0,0,135],[135,1143,0,0,119],[119,3919,0,0,276],[189,1608,0,0,13],[13,339,0,0,121],[121,2397,0,0,99],[99,3461,0,0,198],[216,3380,0,0,52],[52,2342,0,0,87],[264,1633,0,0,371],[371,863,0,0,88],[88,1897,0,0,329],[329,3402,0,0,195],[74,3380,0,0,142],[142,1279,0,0,131],[131,1030,0,0,221],[432,177,0,0,46],[46,3380,0,0,346],[346,2126,0,0,302],[302,3887,0,0,481],[386,633,0,0,12],[12,633,1039,0,15],[15,1820,0,0,178],[155,1723,0,0,500],[500,3577,0,0,191],[191,1033,0,0,48],[48,987,0,0,59],[493,466,0,0,393],[393,2727,0,0,263],[263,741,0,0,172],[112,263,0,0,413],[413,3761,0,0,6],[6,3778,0,0,30],[268,951,0,0,473],[473,3058,0,0,71],[71,3131,0,0,14],[187,581,0,0,387],[387,450,0,0,146],[180,514,0,0,417],[417,2486,0,0,125],[295,2424,0,0,242],[242,1189,0,0,179],[179,769,0,0,379],[229,2544,0,0,54],[54,1078,0,0,422],[76,1752,0,0,144],[144,2435,0,0,297],[149,3115,0,0,12],[12,2941,0,0,477],[477,2596,0,0,176],[254,1440,0,0,269],[269,2861,0,0,279],[105,2255,0,0,295],[295,193,0,0,457],[457,2886,0,0,168],[106,3665,0,0,144],[144,231,0,0,459],[459,2257,0,0,80],[364,1605,0,0,50],[50,1077,0,0,275],[275,2878,0,0,473],[473,519,0,0,215],[360,2109,0,0,298],[298,877,0,0,307],[307,542,0,0,467],[467,767,0,0,46],[370,611,0,0,71],[71,2068,0,0,415],[224,1960,0,0,491],[491,1004,0,0,439],[439,756,0,0,313],[300,3484,0,0,156],[156,1837,0,0,370],[370,3688,0,0,129],[64,595,0,0,494],[494,3145,0,0,274],[274,564,0,0,450],[489,125,0,0,135],[135,2693,0,0,230],[230,2086,0,0,125],[83,29,0,0,372],[372,2473,0,0,384],[384,2705,0,0,437],[437,283,0,0,19]];

SenderLabelReceiverNonOrderCriticalChains = [[1,197,194],[1,197,111],[1,1580,182],[1,1580,422],[1,1580,490],[1,2251,158],[1,3231,265],[2,854,327],[2,1973,401],[2,2542,3],[2,3914,336],[2,3914,73],[3,257,8],[3,401,294],[3,401,118],[3,1649,184],[3,2638,238],[3,3976,21],[4,372,318],[4,852,469],[4,852,421],[4,1051,5],[4,1051,315],[4,2405,131],[4,2784,206],[4,3055,339],[4,3705,12],[4,3705,466],[4,3770,400],[4,3770,149],[5,297,6],[5,2648,302],[5,2818,197],[5,2924,351],[5,2924,417],[6,464,470],[6,672,10],[6,672,233],[6,3550,260],[6,3550,334],[6,3778,30],[7,971,285],[7,1422,156],[7,1422,348],[7,1422,381],[7,1936,210],[7,1936,419],[7,3420,9],[7,3783,488],[7,3887,285],[7,3887,481],[8,975,376],[8,975,452],[8,1816,23],[8,1908,199],[8,2567,248],[9,1620,177],[9,2945,7],[10,847,251],[10,1428,269],[10,1428,195],[10,1432,67],[10,1447,30],[10,1447,358],[10,1660,301],[10,1880,90],[10,2045,357],[10,2045,358],[10,2045,262],[11,221,363],[11,221,334],[11,3134,299],[11,3134,51],[11,3346,7],[11,3346,494],[11,3769,218],[11,3897,350],[12,234,13],[12,705,167],[12,1039,15],[12,2941,477],[13,339,121],[13,1623,134],[13,2138,271],[13,2824,1],[13,3037,312],[13,3627,15],[13,3627,155],[14,974,343],[14,974,180],[14,1324,24],[14,1596,6],[14,1661,483],[14,1661,346],[14,1764,430],[15,633,341],[15,633,12],[15,1662,47],[15,1820,178],[15,1843,319],[15,3009,16],[16,129,28],[16,598,185],[16,598,301],[16,598,38],[16,1521,263],[16,1890,284],[16,2376,64],[16,2792,66],[16,2792,17],[16,3040,29],[17,753,37],[17,753,444],[17,753,373],[17,1067,238],[17,1514,101],[17,1514,471],[17,1645,84],[17,1876,39],[17,2330,452],[17,3915,374],[17,3915,213],[18,447,113],[18,1055,158],[18,1055,332],[18,1806,24],[18,2544,54],[18,2544,323],[18,2544,410],[18,2894,119],[18,2894,183],[19,753,37],[19,753,444],[19,753,373],[19,1062,150],[19,1628,411],[19,2903,212],[19,3437,348],[19,3437,22],[20,154,371],[20,396,117],[20,396,346],[20,396,468],[20,400,100],[20,400,191],[20,932,376],[20,932,30],[20,1312,44],[20,1763,24],[20,3749,320],[20,3749,328],[21,181,111],[21,181,323],[21,1518,486],[21,3448,32],[22,211,257],[22,525,38],[22,525,429],[22,804,110],[22,804,284],[22,804,237],[22,836,206],[22,836,427],[22,836,435],[22,1116,206],[22,1839,58],[22,1839,375],[22,3486,242],[22,3486,166],[23,2369,127],[23,2583,292],[24,874,366],[24,874,453],[24,3497,235],[24,3497,80],[24,3732,231],[24,3732,32],[25,662,379],[25,928,26],[25,1056,334],[25,3088,156],[25,3331,80],[26,419,225],[26,2155,463],[26,2321,105],[26,2502,32],[26,2750,488],[26,2750,399],[26,3429,378],[27,1059,183],[27,1070,178],[27,1402,31],[27,2264,348],[27,3234,71],[27,3767,111],[28,414,213],[28,414,175],[28,1680,248],[28,1680,289],[28,1847,115],[28,1847,162],[28,2314,189],[28,2740,100],[28,3243,32],[29,44,121],[29,787,135],[29,2587,76],[29,3780,32],[29,3780,179],[29,3814,227],[29,3814,482],[30,1004,157],[30,1004,439],[30,1538,495],[30,1538,43],[30,2814,45],[30,2814,261],[31,2494,299],[31,3155,37],[31,3358,356],[31,3838,367],[32,684,471],[32,684,78],[32,2236,91],[32,2504,466],[32,2504,187],[33,233,320],[33,324,19],[33,1297,41],[33,1297,307],[33,1297,473],[33,2046,172],[33,2471,194],[33,3805,115],[34,60,58],[34,761,319],[34,949,495],[34,949,319],[34,2665,228],[34,3248,392],[34,3248,143],[34,3248,144],[34,3366,84],[35,64,90],[35,753,37],[35,753,444],[35,753,373],[35,1898,413],[35,1898,9],[35,2129,37],[35,2129,432],[35,2863,252],[35,3985,137],[36,615,40],[36,1117,85],[36,1536,477],[36,1536,406],[36,2728,288],[36,3406,341],[36,3451,74],[36,3451,204],[37,480,135],[37,889,228],[37,889,239],[37,1851,437],[38,176,486],[38,264,305],[38,1287,74],[38,2185,419],[38,2185,297],[38,3690,213],[38,3906,55],[38,3906,396],[39,921,346],[39,921,121],[39,921,73],[39,1752,144],[39,1752,58],[39,1752,61],[39,1811,375],[39,1811,143],[39,3057,9],[39,3509,289],[39,3633,317],[39,3633,469],[39,3939,85],[40,246,209],[40,246,210],[40,246,114],[40,1433,333],[40,2164,455],[40,3904,289],[41,550,408],[41,1107,130],[41,1469,185],[41,1990,406],[41,2455,43],[41,3706,74],[42,162,187],[42,162,118],[42,474,143],[42,474,386],[42,474,451],[42,1250,436],[42,1250,145],[42,1498,156],[42,1498,75],[42,1920,127],[42,1920,187],[42,3922,295],[43,548,186],[43,985,154],[43,2135,416],[43,2647,49],[43,2864,95],[43,2864,253],[44,345,279],[44,837,83],[44,837,166],[44,2870,66],[44,3544,329],[44,3682,90],[45,859,125],[45,1586,50],[45,1586,331],[45,2129,37],[45,2129,432],[45,2139,368],[45,2139,222],[45,2139,276],[45,3188,84],[45,3188,180],[46,760,345],[46,936,69],[46,3380,52],[46,3380,142],[46,3380,346],[46,3902,400],[46,3902,69],[46,3902,333],[47,178,291],[47,1087,95],[47,1633,335],[47,1633,371],[47,2208,5],[47,2208,81],[47,2463,291],[47,2900,95],[47,3699,95],[48,174,399],[48,174,497],[48,610,300],[48,610,453],[48,987,59],[48,2044,235],[48,2240,335],[48,3439,65],[48,3943,231],[48,3943,258],[49,1061,409],[49,1294,54],[49,1297,41],[49,1297,307],[49,1297,473],[49,3671,438],[49,3700,61],[49,3700,142],[49,3700,461],[49,3912,181],[50,25,23],[50,25,215],[50,25,329],[50,660,55],[50,1077,275],[50,1077,21],[50,1799,332],[50,1874,299],[50,1874,208],[50,3325,466],[50,3325,54],[51,270,245],[51,1075,148],[51,1631,62],[51,1797,397],[51,1797,62],[51,2484,1],[51,3094,290],[51,3094,480],[51,3094,147],[51,3772,304],[51,3772,472],[52,549,189],[52,549,295],[52,2342,54],[52,2342,87],[52,3520,106],[52,3788,463],[52,3965,53],[53,112,188],[53,112,487],[53,163,180],[53,771,385],[53,771,76],[53,1782,23],[53,1782,278],[53,3858,408],[54,1078,422],[54,2686,364],[54,2686,391],[54,2780,260],[54,3090,57],[55,369,295],[55,1974,105],[55,3196,137],[55,3235,110],[55,3604,219],[56,427,74],[56,2469,9],[56,2512,70],[56,2629,61],[56,3455,127],[56,3455,75],[57,666,76],[57,1714,21],[57,1920,127],[57,1920,187],[57,2406,370],[57,2990,351],[57,3666,15],[58,367,155],[58,2213,476],[58,3220,386],[58,3472,147],[59,280,399],[59,1206,53],[59,1796,367],[59,1818,380],[59,3017,72],[60,1134,491],[60,1700,323],[60,2506,271],[60,2506,448],[60,2506,308],[60,3026,74],[60,3026,30],[60,3093,236],[60,3501,142],[60,3501,46],[61,716,84],[61,716,190],[61,856,70],[61,856,108],[61,1580,182],[61,1580,422],[61,1580,490],[62,818,277],[62,818,370],[62,1668,130],[62,3069,304],[62,3072,430],[63,155,239],[63,197,194],[63,197,111],[63,229,304],[63,229,491],[63,1562,208],[63,1874,299],[63,1874,208],[63,2711,122],[63,2763,208],[63,3421,289],[63,3421,466],[64,595,494],[64,595,498],[64,2232,405],[64,2232,228],[64,3202,82],[64,3357,422],[64,3394,382],[64,3646,69],[65,1823,372],[65,1833,244],[65,1833,28],[65,1847,115],[65,1847,162],[65,2030,162],[65,2030,360],[65,3661,367],[65,3661,107],[65,3915,374],[65,3915,213],[66,388,30],[66,388,219],[66,388,331],[66,2105,349],[66,2105,461],[66,2313,479],[66,2313,345],[66,2917,79],[67,489,420],[67,489,467],[67,1020,274],[67,2541,73],[67,2541,117],[67,2541,158],[67,2983,390],[67,3765,159],[68,218,73],[68,1098,289],[68,2128,450],[68,2437,308],[68,2593,3],[68,2593,412],[68,3256,191],[69,544,416],[69,921,346],[69,921,121],[69,921,73],[69,2421,192],[69,3178,355],[69,3178,5],[69,3207,180],[70,2497,280],[70,2938,452],[70,3519,328],[71,561,86],[71,2068,415],[71,3131,14],[71,3711,77],[72,1372,271],[72,1583,218],[72,1583,98],[72,1583,306],[72,1583,345],[72,2172,266],[72,2950,264],[72,2950,300],[72,2950,236],[72,3477,227],[73,323,307],[73,553,463],[74,1488,83],[74,1488,484],[74,2073,83],[74,3380,52],[74,3380,142],[74,3380,346],[75,818,277],[75,818,370],[75,836,206],[75,836,427],[75,836,435],[75,1428,269],[75,1428,195],[75,2027,396],[75,2541,73],[75,2541,117],[75,2541,158],[76,156,87],[76,156,472],[76,341,261],[76,1751,174],[76,1752,144],[76,1752,58],[76,1752,61],[77,344,421],[77,417,278],[77,426,276],[77,1222,106],[77,1367,443],[77,3722,96],[77,3722,326],[78,425,429],[78,1191,282],[78,1191,155],[78,1416,387],[78,2162,499],[78,2389,110],[78,2827,446],[79,336,134],[79,489,420],[79,489,467],[79,1785,441],[79,2831,317],[79,2831,483],[80,25,23],[80,25,215],[80,25,329],[80,1976,216],[80,2372,220],[80,2723,125],[81,190,92],[81,1440,269],[81,1440,92],[81,3118,114],[81,3118,252],[81,3195,152],[81,3195,420],[81,3898,327],[82,354,207],[82,354,480],[82,1398,351],[82,2341,483],[82,2680,494],[82,2748,156],[82,3599,172],[83,29,263],[83,29,372],[83,278,284],[83,278,392],[83,278,305],[83,1704,108],[83,3140,356],[83,3786,90],[84,1800,56],[84,3119,289],[84,3351,97],[84,3511,149],[84,3511,223],[85,3236,102],[85,3236,489],[85,3497,235],[85,3497,80],[85,3627,15],[85,3627,155],[86,1119,247],[86,1586,50],[86,1586,331],[86,1627,103],[86,3559,244],[86,3580,104],[86,3831,398],[87,183,334],[87,183,369],[87,384,259],[87,384,474],[87,904,271],[87,1139,486],[87,1139,272],[87,1139,207],[87,1474,144],[87,3214,219],[88,1897,329],[88,1897,435],[88,2756,441],[88,3092,475],[88,3225,113],[88,3418,320],[88,3872,489],[89,121,227],[89,268,31],[89,396,117],[89,396,346],[89,396,468],[89,589,140],[89,589,426],[89,589,207],[89,2215,2],[89,2946,309],[90,501,496],[90,1682,446],[90,1682,338],[90,1682,89],[90,2383,93],[90,2930,94],[91,2320,294],[91,2505,266],[91,2845,253],[91,2845,331],[91,3065,454],[91,3065,120],[91,3065,389],[91,3146,329],[91,3687,475],[92,33,327],[92,2381,327],[92,2864,95],[92,2864,253],[93,278,284],[93,278,392],[93,278,305],[93,434,195],[93,2880,245],[94,96,375],[94,1231,79],[94,1231,97],[94,1498,156],[94,1498,75],[94,2005,212],[94,2111,157],[94,2896,237],[94,3156,189],[94,3156,457],[95,421,327],[95,903,335],[96,67,274],[96,1391,461],[96,1391,148],[96,1583,218],[96,1583,98],[96,1583,306],[96,1583,345],[96,2367,101],[96,2367,456],[96,3502,124],[97,739,394],[97,1010,215],[97,2227,429],[97,3166,486],[97,3591,100],[97,3958,312],[97,3958,62],[98,1483,470],[98,1576,132],[98,1837,291],[98,1837,370],[98,1837,103],[98,2052,104],[98,2052,243],[98,2540,497],[99,1873,328],[99,1873,371],[99,2059,228],[99,2731,178],[99,3461,198],[100,622,488],[100,622,228],[100,751,320],[100,882,34],[100,2409,134],[100,2724,81],[101,2867,132],[101,3354,263],[101,3415,129],[101,3451,74],[101,3451,204],[101,3617,320],[101,3617,414],[101,3780,32],[101,3780,179],[102,286,309],[102,286,497],[102,541,440],[102,601,474],[102,2612,183],[102,3118,114],[102,3118,252],[102,3193,288],[102,3586,349],[103,24,247],[103,24,484],[103,3189,398],[103,3717,488],[104,2716,349],[104,2783,244],[104,3467,466],[104,3902,400],[104,3902,69],[104,3902,333],[105,2255,295],[105,3268,73],[105,3486,242],[105,3486,166],[105,3645,396],[105,3645,265],[105,3683,115],[106,148,425],[106,148,497],[106,804,110],[106,804,284],[106,804,237],[106,1453,35],[106,3209,222],[106,3665,144],[106,3665,251],[107,585,127],[107,585,481],[107,1630,367],[107,2571,109],[107,2796,349],[107,2950,264],[107,2950,300],[107,2950,236],[107,3508,456],[107,3558,192],[108,919,196],[108,992,113],[108,992,20],[108,1341,430],[108,3126,356],[108,3126,267],[109,156,87],[109,156,472],[109,1122,5],[109,1122,232],[109,1122,439],[109,2222,280],[109,2326,175],[109,2326,474],[109,2558,273],[109,3843,462],[109,3843,263],[110,451,473],[110,1426,109],[110,2950,264],[110,2950,300],[110,2950,236],[111,1,153],[111,1,198],[111,2506,271],[111,2506,448],[111,2506,308],[112,263,413],[112,281,161],[112,474,143],[112,474,386],[112,474,451],[112,1782,23],[112,1782,278],[112,1793,436],[112,2910,154],[112,2911,190],[112,2911,68],[113,1395,148],[113,2087,158],[113,2338,421],[114,59,260],[114,1724,335],[115,745,215],[115,3455,127],[115,3455,75],[116,252,145],[116,733,337],[116,1335,334],[116,2825,453],[116,2909,93],[116,2909,133],[117,721,379],[117,2394,459],[117,2869,167],[117,3030,220],[117,3802,182],[118,53,86],[118,86,292],[118,713,238],[118,1685,128],[119,483,396],[119,2817,440],[119,2909,93],[119,2909,133],[119,3754,212],[119,3919,276],[120,183,334],[120,183,369],[120,237,134],[120,237,464],[120,266,324],[120,568,151],[120,568,165],[120,568,160],[120,568,409],[120,845,397],[120,845,411],[120,1508,273],[120,1508,348],[120,1508,281],[120,1508,389],[120,1784,252],[120,1784,492],[120,1784,342],[121,2397,356],[121,2397,99],[121,2510,353],[121,3712,178],[121,3833,136],[121,3833,323],[122,667,430],[122,1391,461],[122,1391,148],[122,2041,78],[122,2499,425],[122,2904,390],[122,3333,314],[122,3333,208],[123,568,151],[123,568,165],[123,568,160],[123,568,409],[123,1211,414],[123,1583,218],[123,1583,98],[123,1583,306],[123,1583,345],[123,1734,281],[123,3320,376],[123,3320,143],[123,3617,320],[123,3617,414],[124,1003,167],[124,2618,92],[124,2618,425],[124,2733,226],[124,2765,296],[124,2897,316],[124,2897,215],[124,3259,294],[124,3905,168],[125,1695,389],[125,2978,316],[125,2978,354],[125,2978,249],[125,3947,137],[126,1202,459],[126,1285,235],[126,1285,139],[126,1913,399],[126,2096,279],[126,2110,436],[126,2601,186],[126,2912,347],[126,2912,138],[127,629,407],[127,641,165],[128,875,292],[128,1736,284],[128,2467,248],[128,2811,292],[128,3772,304],[128,3772,472],[129,684,471],[129,684,78],[129,2130,111],[129,2840,368],[129,2924,351],[129,2924,417],[129,3164,331],[129,3554,147],[130,1794,9],[130,1833,244],[130,1833,28],[131,1030,221],[131,1179,217],[131,1179,471],[131,1650,439],[131,2618,92],[131,2618,425],[131,3001,73],[132,279,229],[132,279,475],[132,353,354],[132,353,81],[132,1315,285],[132,1821,154],[132,1821,187],[132,3696,141],[133,253,225],[133,279,229],[133,279,475],[133,1510,426],[133,1834,478],[133,2313,479],[133,2313,345],[133,2854,167],[134,868,142],[134,1893,238],[134,1941,116],[134,1941,249],[135,1143,119],[135,1356,281],[135,1356,172],[135,2693,230],[135,2844,311],[135,2844,362],[136,396,117],[136,396,346],[136,396,468],[136,1139,486],[136,1139,272],[136,1139,207],[136,1872,173],[136,2901,440],[136,2901,384],[136,2901,423],[136,3185,284],[137,2125,318],[137,2125,332],[137,2600,64],[138,92,399],[138,522,99],[138,696,428],[138,696,493],[138,836,206],[138,836,427],[138,836,435],[138,849,355],[138,1223,460],[138,1223,93],[138,1545,428],[138,1545,472],[139,77,405],[139,1766,76],[139,3290,153],[139,3635,316],[139,3635,318],[139,3635,363],[139,3854,407],[140,671,204],[140,1984,223],[140,2049,390],[140,2049,246],[140,2081,363],[140,3843,462],[140,3843,263],[141,1007,95],[141,1639,58],[141,1721,369],[141,1721,380],[141,1721,25],[141,1721,197],[141,2894,119],[141,2894,183],[141,2951,247],[141,3386,247],[141,3400,472],[142,622,488],[142,622,228],[142,1279,131],[142,1279,249],[142,2202,14],[143,568,151],[143,568,165],[143,568,160],[143,568,409],[143,921,346],[143,921,121],[143,921,73],[143,1523,478],[143,3013,254],[143,3013,258],[144,231,459],[144,2282,298],[144,2435,472],[144,2435,297],[144,2848,182],[145,1017,325],[145,2346,388],[145,2386,163],[145,2527,65],[145,2527,159],[145,2918,433],[145,2918,170],[146,159,168],[146,568,151],[146,568,165],[146,568,160],[146,568,409],[146,682,310],[146,3403,415],[146,3564,395],[146,3801,242],[146,3863,440],[146,3863,156],[147,181,111],[147,181,323],[147,528,70],[147,528,310],[147,1656,348],[147,2849,386],[147,2849,475],[148,307,209],[148,1511,208],[148,1738,240],[148,2527,65],[148,2527,159],[148,2657,203],[149,1861,372],[149,2426,71],[149,3115,12],[149,3115,19],[149,3156,189],[149,3156,457],[150,283,19],[150,283,211],[150,391,309],[150,1365,442],[150,1396,468],[150,1396,263],[150,2399,171],[150,3598,255],[151,549,189],[151,549,295],[151,624,168],[151,1840,8],[151,2356,367],[151,2531,305],[151,2688,153],[151,3992,152],[151,3992,185],[152,1338,284],[152,1831,424],[152,1831,175],[152,1831,21],[152,2513,489],[152,2513,389],[152,2722,492],[152,3971,278],[153,734,302],[153,898,241],[153,898,478],[153,2598,450],[153,2776,305],[153,3981,254],[154,8,157],[154,625,11],[154,2396,161],[154,3346,7],[154,3346,494],[154,3953,12],[154,3953,221],[155,598,185],[155,598,301],[155,598,38],[155,1103,258],[155,1723,500],[155,3342,367],[155,3342,264],[156,1837,291],[156,1837,370],[156,1837,103],[156,3618,388],[156,3618,203],[157,1692,145],[157,2702,228],[157,3442,485],[157,3442,23],[157,3977,42],[158,844,176],[158,844,195],[158,1491,85],[158,2996,167],[158,3550,260],[158,3550,334],[159,251,111],[159,595,494],[159,595,498],[159,1161,304],[159,1583,218],[159,1583,98],[159,1583,306],[159,1583,345],[159,3944,304],[160,201,389],[160,201,194],[160,201,405],[160,431,317],[160,431,322],[160,431,213],[160,706,220],[160,712,266],[160,1540,175],[160,2153,214],[160,2153,318],[160,3026,74],[160,3026,30],[161,309,210],[161,330,171],[161,1693,402],[161,1789,261],[161,2814,45],[161,2814,261],[161,3205,298],[162,398,67],[162,487,411],[162,2441,308],[162,3466,313],[162,3466,123],[162,3593,92],[163,844,176],[163,844,195],[163,1327,103],[163,2105,349],[163,2105,461],[163,2597,454],[163,2597,336],[163,2643,362],[163,3042,397],[163,3042,300],[164,162,187],[164,162,118],[164,293,293],[164,749,265],[164,2125,318],[164,2125,332],[164,2617,98],[164,2958,226],[165,1295,240],[165,1295,459],[165,1821,154],[165,1821,187],[165,3705,12],[165,3705,466],[166,246,209],[166,246,210],[166,246,114],[166,415,456],[166,930,423],[166,930,484],[166,1659,454],[166,1659,187],[166,1659,214],[167,212,328],[167,212,451],[167,1519,225],[168,223,164],[168,1224,489],[168,2897,316],[168,2897,215],[168,3827,473],[169,300,378],[169,716,84],[169,716,190],[169,820,91],[169,820,264],[169,1460,119],[169,1790,176],[169,1790,373],[169,2516,219],[169,2516,263],[169,2516,113],[169,2965,437],[170,1077,275],[170,1077,21],[170,1531,332],[170,2049,390],[170,2049,246],[170,2113,130],[170,2358,130],[170,2596,388],[170,2596,176],[170,2743,290],[171,718,488],[171,1863,318],[171,1863,401],[171,1863,484],[171,3029,341],[171,3688,480],[171,3688,129],[172,210,452],[172,210,467],[172,654,491],[172,654,336],[172,3281,207],[173,2745,469],[173,2781,253],[173,2781,79],[173,3515,434],[173,3920,286],[174,165,200],[174,1484,318],[174,1484,452],[174,1484,114],[174,1484,217],[174,2456,331],[174,2972,376],[174,2977,449],[174,2977,61],[174,2977,376],[174,3007,199],[174,3369,435],[175,24,247],[175,24,484],[175,2704,324],[175,3466,313],[175,3466,123],[175,3798,444],[176,1108,258],[176,1404,194],[176,1659,454],[176,1659,187],[176,1659,214],[176,2961,184],[176,3390,332],[177,290,338],[177,1790,176],[177,1790,373],[177,3142,312],[177,3468,224],[177,3565,254],[177,3618,388],[177,3618,203],[178,862,57],[178,1947,189],[178,1994,438],[179,177,46],[179,177,217],[179,350,342],[179,769,379],[179,769,464],[179,831,171],[179,1484,318],[179,1484,452],[179,1484,114],[179,1484,217],[179,2635,368],[180,414,213],[180,414,175],[180,514,417],[180,1380,329],[180,2843,390],[180,2843,222],[181,134,359],[181,242,230],[181,325,459],[181,1484,318],[181,1484,452],[181,1484,114],[181,1484,217],[181,2205,455],[182,73,149],[182,73,241],[182,73,446],[182,2509,242],[182,2764,297],[182,2947,271],[183,889,228],[183,889,239],[183,2036,297],[183,2036,401],[183,2758,198],[183,3219,396],[183,3219,436],[184,85,155],[184,85,233],[184,1703,199],[184,2418,444],[184,2418,185],[184,2620,213],[184,2742,449],[184,2742,360],[184,2978,316],[184,2978,354],[184,2978,249],[185,941,443],[185,1128,165],[185,2131,192],[185,2953,298],[186,589,140],[186,589,426],[186,589,207],[186,781,254],[186,1320,267],[186,1696,227],[187,502,231],[187,581,387],[187,3700,61],[187,3700,142],[187,3700,461],[188,431,317],[188,431,322],[188,431,213],[188,1037,66],[188,1037,378],[188,1259,442],[188,2038,301],[188,2628,285],[188,3966,499],[188,3966,149],[189,1139,486],[189,1139,272],[189,1139,207],[189,1608,13],[189,1742,18],[189,3421,289],[189,3421,466],[190,1140,130],[190,2322,283],[190,2533,251],[190,3641,118],[190,3645,396],[190,3645,265],[191,388,30],[191,388,219],[191,388,331],[191,1033,48],[191,1435,436],[191,1435,110],[191,2296,317],[191,2296,137],[192,703,407],[192,1355,443],[192,2662,249],[192,3651,443],[192,3722,96],[192,3722,326],[193,2021,108],[193,2069,244],[193,2495,247],[193,2521,285],[193,2749,414],[193,3082,96],[193,3249,333],[193,3894,350],[194,1760,239],[194,3134,299],[194,3134,51],[194,3588,456],[195,1214,198],[195,1721,369],[195,1721,380],[195,1721,25],[195,1721,197],[195,2217,466],[195,2217,23],[196,834,457],[196,956,322],[196,1093,323],[196,1305,53],[196,3739,409],[197,201,389],[197,201,194],[197,201,405],[197,299,233],[197,771,385],[197,771,76],[197,1285,235],[197,1285,139],[197,3935,230],[198,702,319],[198,1641,85],[198,1641,117],[198,1682,446],[198,1682,338],[198,1682,89],[198,3501,142],[198,3501,46],[199,272,335],[199,272,358],[199,926,248],[199,1728,200],[199,1728,491],[199,3027,191],[199,3506,200],[200,497,337],[200,1711,410],[200,2423,186],[200,2454,460],[200,2454,248],[200,3308,231],[201,182,381],[201,628,311],[201,628,493],[201,1812,433],[201,2115,377],[201,2115,246],[201,2199,413],[201,2199,441],[201,2199,40],[201,3710,260],[201,3833,136],[201,3833,323],[202,1102,379],[202,1302,465],[202,1302,237],[202,2525,322],[202,2992,355],[202,2992,402],[202,3065,454],[202,3065,120],[202,3065,389],[202,3766,405],[203,179,448],[203,2253,363],[203,2254,137],[203,2254,411],[203,3078,306],[204,274,435],[204,967,375],[204,1508,273],[204,1508,348],[204,1508,281],[204,1508,389],[204,2180,280],[204,2660,445],[205,63,140],[205,294,463],[205,1029,214],[205,2287,340],[205,2403,394],[205,3763,273],[206,554,314],[206,1600,477],[206,1602,392],[206,3619,357],[206,3619,334],[206,3933,312],[207,140,250],[207,757,227],[207,2843,390],[207,2843,222],[208,186,306],[208,690,211],[208,3397,309],[209,845,397],[209,845,411],[209,1313,373],[209,2750,488],[209,2750,399],[209,3190,266],[209,3822,431],[209,3822,299],[210,2171,349],[210,2912,347],[210,2912,138],[210,3065,454],[210,3065,120],[210,3065,389],[210,3653,232],[210,3653,271],[210,3814,227],[210,3814,482],[211,85,155],[211,85,233],[211,1016,291],[211,1212,106],[211,1504,340],[211,3045,49],[211,3045,494],[212,229,304],[212,229,491],[212,1982,376],[212,1982,255],[212,3264,428],[213,3622,26],[213,3670,366],[214,164,453],[214,500,477],[214,3499,367],[214,3734,487],[214,3886,255],[215,214,492],[215,825,315],[215,923,282],[215,923,355],[216,769,379],[216,769,464],[216,976,300],[216,3050,194],[216,3380,52],[216,3380,142],[216,3380,346],[217,449,431],[217,1477,353],[217,1477,220],[217,2186,323],[217,3534,459],[218,192,46],[218,2042,243],[218,2057,205],[218,2524,240],[218,2686,364],[218,2686,391],[218,2977,449],[218,2977,61],[218,2977,376],[219,453,230],[219,3068,456],[219,3068,111],[219,3625,299],[220,58,409],[220,366,240],[220,3238,35],[220,3404,322],[221,1146,373],[221,1410,358],[221,2190,354],[221,2445,488],[221,2445,211],[222,221,363],[222,221,334],[222,578,370],[223,584,103],[223,820,91],[223,820,264],[223,852,469],[223,852,421],[223,1152,383],[223,1478,52],[223,1478,329],[223,2593,3],[223,2593,412],[224,120,405],[224,1153,283],[224,1672,308],[224,1960,491],[224,2490,236],[224,2490,364],[224,3665,144],[224,3665,251],[224,3789,305],[225,1182,173],[225,1333,383],[225,2959,292],[225,3115,12],[225,3115,19],[226,1641,85],[226,1641,117],[226,2139,368],[226,2139,222],[226,2139,276],[226,3292,414],[226,3661,367],[226,3661,107],[227,1931,233],[227,3152,167],[227,3188,84],[227,3188,180],[229,152,233],[229,1541,162],[229,2544,54],[229,2544,323],[229,2544,410],[229,2936,261],[229,3127,476],[229,3776,280],[230,2086,125],[230,2860,482],[230,3255,37],[231,488,202],[231,644,72],[231,1661,483],[231,1661,346],[231,3868,419],[231,3868,493],[232,201,389],[232,201,194],[232,201,405],[232,2123,275],[232,3109,268],[232,3109,390],[232,3764,451],[233,543,267],[233,3925,440],[233,3925,127],[234,600,246],[234,874,366],[234,874,453],[234,906,254],[234,1863,318],[234,1863,401],[234,1863,484],[234,2640,171],[234,2640,222],[234,2753,278],[234,3039,377],[235,101,347],[235,2045,357],[235,2045,358],[235,2045,262],[235,3128,423],[235,3601,491],[236,704,478],[236,704,488],[236,704,222],[236,785,41],[236,785,364],[236,785,486],[236,1718,299],[236,2219,441],[236,3013,254],[236,3013,258],[237,614,278],[237,759,265],[237,1295,240],[237,1295,459],[237,1830,484],[237,2696,301],[238,672,10],[238,672,233],[238,1621,60],[238,2588,98],[239,22,89],[239,923,282],[239,923,355],[239,1339,268],[239,2577,270],[239,2725,328],[240,2393,265],[240,2845,253],[240,2845,331],[240,3163,405],[241,628,311],[241,628,493],[241,1001,444],[241,2095,281],[241,2095,310],[241,3514,444],[242,1189,179],[242,1462,396],[242,2644,313],[242,2644,496],[242,3732,231],[242,3732,32],[243,686,137],[243,2003,475],[243,2506,271],[243,2506,448],[243,2506,308],[243,2557,88],[243,3528,419],[243,3528,433],[243,3914,336],[243,3914,73],[244,1172,333],[244,1529,213],[244,2147,333],[244,2490,236],[244,2490,364],[245,837,83],[245,837,166],[245,1268,249],[245,1509,304],[245,1579,181],[245,1850,401],[245,3368,240],[246,278,284],[246,278,392],[246,278,305],[246,408,276],[246,728,341],[246,728,478],[246,1408,403],[246,1408,205],[246,2760,303],[247,828,333],[247,3333,314],[247,3333,208],[247,3864,398],[248,1477,353],[248,1477,220],[248,2339,284],[248,2339,493],[249,31,383],[249,811,398],[249,1694,425],[250,210,452],[250,210,467],[250,1122,5],[250,1122,232],[250,1122,439],[250,2566,407],[250,3126,356],[250,3126,267],[250,3925,440],[250,3925,127],[251,654,491],[251,654,336],[251,754,333],[251,1298,467],[251,1489,428],[251,3337,252],[252,199,182],[252,1195,216],[252,2239,437],[252,3062,500],[252,3062,14],[253,25,23],[253,25,215],[253,25,329],[253,668,66],[253,1279,131],[253,1279,249],[253,2873,322],[253,3656,487],[254,1440,269],[254,1440,92],[255,539,432],[255,916,330],[255,1063,435],[255,1169,308],[255,3265,340],[255,3265,442],[255,3265,420],[256,858,225],[256,1231,79],[256,1231,97],[256,1394,401],[256,2014,450],[256,2115,377],[256,2115,246],[256,2876,422],[256,2918,433],[256,2918,170],[257,1229,383],[257,2663,365],[257,2684,359],[257,3031,282],[257,3653,232],[257,3653,271],[257,3686,411],[258,2188,273],[258,2781,253],[258,2781,79],[259,704,478],[259,704,488],[259,704,222],[259,1878,500],[259,2183,368],[259,2183,115],[259,2196,282],[259,2640,171],[259,2640,222],[259,3275,353],[259,3498,341],[260,3279,95],[260,3749,320],[260,3749,328],[260,3818,483],[260,3818,424],[261,1601,321],[261,2462,75],[261,3239,346],[261,3968,190],[262,974,343],[262,974,180],[262,1310,382],[262,1593,292],[262,1879,44],[262,1879,420],[262,1879,112],[262,1912,343],[263,741,172],[264,1388,311],[264,1633,335],[264,1633,371],[264,2007,303],[264,3729,278],[264,3784,484],[265,73,149],[265,73,241],[265,73,446],[265,2901,440],[265,2901,384],[265,2901,423],[266,272,335],[266,272,358],[266,515,422],[266,515,233],[266,1584,339],[266,1584,265],[267,71,9],[267,478,450],[267,953,136],[267,953,386],[267,2544,54],[267,2544,323],[267,2544,410],[268,29,263],[268,29,372],[268,951,473],[268,1223,460],[268,1223,93],[268,3668,136],[268,3668,126],[268,3668,300],[268,3818,483],[268,3818,424],[269,1408,403],[269,1408,205],[269,2165,286],[269,2199,413],[269,2199,441],[269,2199,40],[269,2516,219],[269,2516,263],[269,2516,113],[269,2861,279],[269,3409,42],[270,168,455],[270,474,143],[270,474,386],[270,474,451],[270,1508,273],[270,1508,348],[270,1508,281],[270,1508,389],[270,2792,66],[270,2792,17],[270,2992,355],[270,2992,402],[270,3176,434],[270,3294,390],[271,75,324],[271,2296,317],[271,2296,137],[272,717,378],[272,953,136],[272,953,386],[272,1105,294],[272,1105,429],[272,1517,345],[272,2667,310],[272,2791,278],[272,3695,294],[273,725,234],[273,1959,25],[273,2365,369],[273,2365,383],[273,3054,340],[274,1,153],[274,1,198],[274,564,450],[274,1170,207],[274,3167,399],[274,3335,294],[275,349,496],[275,1488,83],[275,1488,484],[275,2878,473],[275,3589,379],[276,2078,228],[276,3483,356],[276,3635,316],[276,3635,318],[276,3635,363],[277,1109,345],[277,1536,477],[277,1536,406],[277,2045,357],[277,2045,358],[277,2045,262],[277,2698,461],[277,3584,303],[278,2875,219],[279,73,149],[279,73,241],[279,73,446],[279,1479,402],[279,2263,463],[279,3248,392],[279,3248,143],[279,3248,144],[279,3549,362],[280,2012,450],[280,2295,467],[280,3062,500],[280,3062,14],[280,3434,203],[280,3434,446],[281,260,228],[281,260,2],[281,2429,290],[281,3060,27],[281,3060,377],[282,2367,101],[282,2367,456],[282,3342,367],[282,3342,264],[282,3583,390],[282,3708,262],[282,3708,388],[283,28,289],[283,894,114],[283,1495,276],[283,2095,281],[283,2095,310],[283,2254,137],[283,2254,411],[283,3895,173],[285,14,165],[285,835,128],[285,2052,104],[285,2052,243],[286,1178,469],[286,1819,449],[286,1898,413],[286,1898,9],[286,3247,23],[286,3510,298],[287,589,140],[287,589,426],[287,589,207],[287,1508,273],[287,1508,348],[287,1508,281],[287,1508,389],[287,1873,328],[287,1873,371],[287,2375,132],[287,3203,260],[288,450,146],[288,450,451],[288,450,489],[288,596,258],[288,2153,214],[288,2153,318],[288,3021,293],[288,3021,1],[288,3900,317],[289,2199,413],[289,2199,441],[289,2199,40],[290,388,30],[290,388,219],[290,388,331],[290,1156,296],[290,3265,340],[290,3265,442],[290,3265,420],[290,3435,376],[291,1311,327],[291,3265,340],[291,3265,442],[291,3265,420],[291,3578,159],[291,3657,232],[292,1058,77],[293,872,336],[293,872,379],[293,959,356],[293,2401,359],[293,3958,312],[293,3958,62],[294,560,380],[295,193,457],[295,2036,297],[295,2036,401],[295,2424,242],[295,2564,296],[296,1435,436],[296,1435,110],[296,2304,455],[296,3045,49],[296,3045,494],[297,49,429],[297,1255,415],[297,1825,221],[297,3042,397],[297,3042,300],[298,203,2],[298,327,72],[298,877,307],[299,1811,375],[299,1811,143],[299,3639,342],[300,1522,320],[300,2082,40],[300,3484,156],[301,358,59],[301,968,326],[301,1804,195],[301,2622,222],[302,1957,321],[302,2030,162],[302,2030,360],[302,3129,494],[302,3129,164],[302,3781,212],[302,3887,285],[302,3887,481],[303,1894,349],[303,2379,414],[303,2856,371],[303,3413,403],[304,864,448],[304,1467,470],[305,1442,388],[305,1442,29],[305,1447,30],[305,1447,358],[305,2604,440],[306,467,369],[306,467,448],[306,901,250],[306,2342,54],[306,2342,87],[306,2911,190],[306,2911,68],[307,542,467],[307,2487,309],[307,2639,498],[307,2639,460],[307,2639,447],[307,2901,440],[307,2901,384],[307,2901,423],[308,1884,423],[308,2450,140],[309,198,296],[309,1879,44],[309,1879,420],[309,1879,112],[310,387,326],[310,930,423],[310,930,484],[310,1025,410],[310,1456,351],[311,122,122],[311,1368,267],[311,1422,156],[311,1422,348],[311,1422,381],[311,3908,45],[312,723,6],[312,1179,217],[312,1179,471],[312,2098,340],[312,2098,275],[313,384,259],[313,384,474],[313,2185,419],[313,2185,297],[313,3442,485],[313,3442,23],[313,3491,319],[314,773,123],[314,804,110],[314,804,284],[314,804,237],[314,1118,471],[314,2582,18],[314,3367,387],[314,3408,454],[314,3408,469],[315,205,475],[315,1314,352],[315,1442,388],[315,1442,29],[315,1989,344],[316,2418,444],[316,2418,185],[316,3277,479],[316,3277,464],[316,3701,378],[317,2139,368],[317,2139,222],[317,2139,276],[317,3741,456],[317,3906,55],[317,3906,396],[318,3634,221],[318,3797,43],[319,1784,252],[319,1784,492],[319,1784,342],[319,2507,196],[319,2507,266],[319,3086,365],[320,730,321],[320,3060,27],[320,3060,377],[321,237,134],[321,237,464],[321,2233,391],[321,3071,449],[321,3077,393],[321,3077,444],[321,3109,268],[321,3109,390],[322,577,31],[322,577,492],[322,577,369],[322,1187,389],[322,2633,203],[323,145,361],[323,2999,499],[324,275,347],[324,1037,66],[324,1037,378],[324,1055,158],[324,1055,332],[324,2440,341],[324,2440,446],[324,3560,294],[325,960,330],[325,1478,52],[325,1478,329],[325,2040,416],[325,2229,404],[325,2810,403],[325,3237,284],[326,841,118],[326,2025,399],[326,2378,393],[326,2454,460],[326,2454,248],[327,2143,226],[327,2232,405],[327,2232,228],[328,911,445],[328,1863,318],[328,1863,401],[328,1863,484],[328,2345,196],[329,2272,135],[329,3402,195],[330,17,358],[330,2978,316],[330,2978,354],[330,2978,249],[330,3223,405],[330,3471,388],[330,3471,33],[330,3868,419],[330,3868,493],[331,938,482],[331,1105,294],[331,1105,429],[332,450,146],[332,450,451],[332,450,489],[332,728,341],[332,728,478],[332,1280,212],[333,3016,445],[334,830,201],[334,881,465],[335,3032,36],[335,3330,79],[335,3432,125],[336,112,188],[336,112,487],[336,640,415],[336,3077,393],[336,3077,444],[337,1487,360],[337,1545,428],[337,1545,472],[337,1721,369],[337,1721,380],[337,1721,25],[337,1721,197],[337,3512,428],[338,688,388],[338,1144,446],[338,1839,58],[338,1839,375],[338,2445,488],[338,2445,211],[338,3470,486],[339,1546,425],[339,2104,362],[339,2397,356],[339,2397,99],[339,2481,404],[339,3241,453],[339,3863,440],[339,3863,156],[340,2534,241],[340,2956,177],[341,1120,419],[341,3969,400],[342,857,309],[342,1400,476],[342,2576,166],[343,1008,447],[343,1857,492],[343,1982,376],[343,1982,255],[343,2706,376],[343,3314,150],[343,3320,376],[343,3320,143],[344,3,384],[344,248,380],[344,821,352],[344,1770,496],[344,3321,375],[345,577,31],[345,577,492],[345,577,369],[345,3094,290],[345,3094,480],[345,3094,147],[346,2126,302],[346,2133,33],[346,2133,423],[346,2977,449],[346,2977,61],[346,2977,376],[347,1297,41],[347,1297,307],[347,1297,473],[347,1328,438],[347,2159,105],[347,3228,400],[347,3978,217],[348,1897,329],[348,1897,435],[348,3465,410],[348,3638,392],[349,2877,11],[349,3504,357],[350,1992,398],[350,2034,130],[350,2507,196],[350,2507,266],[350,2692,398],[351,1902,385],[351,2570,359],[351,3480,472],[352,515,422],[352,515,233],[352,557,397],[352,1752,144],[352,1752,58],[352,1752,61],[352,2573,275],[352,2573,481],[352,3168,183],[352,3669,365],[353,983,496],[353,1728,200],[353,1728,491],[353,3703,388],[353,3881,316],[354,610,300],[354,610,453],[354,1648,361],[354,2230,473],[355,1330,316],[355,2268,481],[355,3469,116],[356,3165,459],[356,3748,479],[357,291,436],[357,1422,156],[357,1422,348],[357,1422,381],[357,3021,293],[357,3021,1],[357,3236,102],[357,3236,489],[357,3812,486],[358,528,70],[358,528,310],[358,2802,372],[358,3735,468],[359,21,427],[359,1397,375],[359,1418,25],[360,397,99],[360,785,41],[360,785,364],[360,785,486],[360,865,450],[360,872,336],[360,872,379],[360,2109,298],[361,1101,365],[361,1598,463],[361,2365,369],[361,2365,383],[361,2659,426],[361,3953,12],[361,3953,221],[362,76,461],[362,109,56],[362,204,451],[362,1754,262],[363,763,169],[363,1250,436],[363,1250,145],[363,2274,104],[363,3596,163],[364,467,369],[364,467,448],[364,1605,50],[364,2163,258],[364,2163,427],[364,3943,231],[364,3943,258],[365,1245,431],[365,1389,381],[365,3662,479],[365,3902,400],[365,3902,69],[365,3902,333],[366,1054,455],[366,1233,415],[366,1551,115],[366,1560,436],[367,585,127],[367,585,481],[368,2238,453],[368,3180,99],[368,3180,415],[368,3288,485],[369,3524,464],[369,3913,495],[370,611,71],[370,1903,139],[370,2720,254],[370,3688,480],[370,3688,129],[371,863,88],[371,3246,495],[371,3495,453],[372,943,216],[372,1497,438],[372,2473,384],[373,354,207],[373,354,480],[373,577,31],[373,577,492],[373,577,369],[373,783,395],[373,3756,498],[373,3756,492],[374,1451,479],[374,1936,210],[374,1936,419],[374,2133,33],[374,2133,423],[374,2849,386],[374,2849,475],[374,3496,397],[374,3668,136],[374,3668,126],[374,3668,300],[374,3995,387],[375,3752,397],[377,1363,385],[377,2687,462],[377,2812,96],[377,2812,181],[377,3175,286],[377,3175,315],[377,3594,458],[377,3594,290],[378,2890,465],[378,3219,396],[378,3219,436],[378,3819,56],[379,785,41],[379,785,364],[379,785,486],[379,3178,355],[379,3178,5],[380,696,428],[380,696,493],[380,3277,479],[380,3277,464],[380,3664,383],[381,111,402],[381,118,406],[381,1461,407],[381,3375,110],[382,1940,422],[382,2214,432],[382,2797,403],[382,3286,452],[382,3725,293],[383,3619,357],[383,3619,334],[384,317,229],[384,1837,291],[384,1837,370],[384,1837,103],[384,2597,454],[384,2597,336],[384,2705,437],[384,3694,479],[385,174,399],[385,174,497],[385,1634,93],[385,2968,412],[385,2968,442],[385,3291,468],[385,3546,418],[386,633,341],[386,633,12],[386,992,113],[386,992,20],[386,2884,45],[387,450,146],[387,450,451],[387,450,489],[387,3159,411],[387,3511,149],[387,3511,223],[389,525,38],[389,525,429],[389,2206,70],[390,2944,407],[391,114,444],[391,303,62],[391,869,402],[391,1617,470],[391,2732,469],[392,534,454],[392,1512,456],[392,1512,432],[392,2727,263],[392,2727,18],[392,3756,498],[392,3756,492],[393,1049,467],[393,2624,483],[393,2727,263],[393,2727,18],[393,3301,404],[394,873,485],[394,873,441],[394,1036,55],[394,2694,173],[394,2826,454],[394,3217,165],[395,36,481],[395,1559,277],[395,2501,481],[395,2573,275],[395,2573,481],[395,3125,418],[395,3283,407],[396,437,417],[396,2058,445],[397,2391,442],[398,1438,420],[398,1503,303],[399,1249,250],[400,90,92],[400,401,294],[400,401,118],[400,1543,287],[400,2217,466],[400,2217,23],[401,1362,178],[401,3038,342],[401,3180,99],[401,3180,415],[402,188,494],[402,997,139],[402,2639,498],[402,2639,460],[402,2639,447],[403,1484,318],[403,1484,452],[403,1484,114],[403,1484,217],[403,2163,258],[403,2163,427],[403,2759,415],[403,3099,490],[404,1085,421],[404,1538,495],[404,1538,43],[404,2433,440],[404,3888,457],[404,3979,426],[405,3199,37],[406,282,387],[406,1584,339],[406,1584,265],[406,2500,34],[406,3626,418],[408,1302,465],[408,1302,237],[408,1383,133],[408,1683,2],[408,2639,498],[408,2639,460],[408,2639,447],[409,360,93],[409,3528,419],[409,3528,433],[410,975,376],[410,975,452],[410,1831,424],[410,1831,175],[410,1831,21],[410,2373,413],[411,1041,439],[412,436,476],[412,594,411],[412,939,127],[412,1632,413],[412,3129,494],[412,3129,164],[413,2063,416],[413,3761,6],[414,1801,11],[414,2031,60],[414,3068,456],[414,3068,111],[416,259,485],[416,1854,433],[416,2339,284],[416,2339,493],[416,3700,61],[416,3700,142],[416,3700,461],[417,48,457],[417,148,425],[417,148,497],[417,2486,125],[417,2504,466],[417,2504,187],[417,2788,474],[418,1096,469],[418,1347,350],[418,2804,354],[418,3300,490],[418,3932,114],[419,1337,498],[419,3272,288],[420,438,350],[420,3004,461],[421,3459,3],[421,3770,400],[421,3770,149],[421,3861,226],[422,1544,452],[423,6,435],[423,2541,73],[423,2541,117],[423,2541,158],[424,212,328],[424,212,451],[424,1879,44],[424,1879,420],[424,1879,112],[424,2173,311],[424,3414,268],[424,3675,485],[425,950,21],[425,3471,388],[425,3471,33],[426,286,309],[426,286,497],[426,1680,248],[426,1680,289],[426,3195,152],[426,3195,420],[426,3727,61],[427,1580,182],[427,1580,422],[427,1580,490],[427,2156,495],[427,3569,485],[427,3785,394],[428,746,103],[428,2074,366],[428,3285,241],[429,27,366],[429,2562,113],[429,3148,80],[430,510,8],[430,931,147],[430,2511,134],[430,2812,96],[430,2812,181],[431,1659,454],[431,1659,187],[431,1659,214],[431,2440,341],[431,2440,446],[431,2668,337],[431,3175,286],[431,3175,315],[432,177,46],[432,177,217],[432,1490,230],[432,3339,128],[432,3633,317],[432,3633,469],[433,196,460],[433,796,462],[433,1582,31],[434,104,344],[434,1325,476],[434,1494,463],[434,1642,458],[434,1945,248],[435,7,82],[435,3425,70],[437,283,19],[437,283,211],[437,400,100],[437,400,191],[437,598,185],[437,598,301],[437,598,38],[438,246,209],[438,246,210],[438,246,114],[438,2326,175],[438,2326,474],[438,2968,412],[438,2968,442],[439,756,313],[439,1449,496],[439,2634,415],[441,260,228],[441,260,2],[441,679,114],[441,3822,431],[441,3822,299],[442,547,434],[442,2831,317],[442,2831,483],[442,3434,203],[442,3434,446],[443,523,52],[443,1555,197],[443,2331,1],[443,2331,326],[443,3708,262],[443,3708,388],[444,2197,409],[445,1191,282],[445,1191,155],[445,1917,355],[445,2208,5],[445,2208,81],[445,2435,472],[445,2435,297],[446,2644,313],[446,2644,496],[447,431,317],[447,431,322],[447,431,213],[447,704,478],[447,704,488],[447,704,222],[447,873,485],[447,873,441],[447,2560,476],[447,2844,311],[447,2844,362],[447,3936,483],[448,582,499],[448,1374,499],[448,3516,166],[449,132,470],[449,1784,252],[449,1784,492],[449,1784,342],[449,3408,454],[449,3408,469],[449,3860,493],[450,382,232],[451,1160,186],[451,2508,209],[451,3937,67],[453,3114,131],[454,157,480],[455,1396,468],[455,1396,263],[455,2529,408],[457,1006,465],[457,1512,456],[457,1512,432],[457,2886,168],[458,1563,462],[458,1846,462],[458,2022,469],[458,2585,468],[458,3378,121],[459,2257,80],[460,1577,476],[460,3419,27],[460,3437,348],[460,3437,22],[461,3325,466],[461,3325,54],[462,3242,361],[462,3635,316],[462,3635,318],[462,3635,363],[462,3946,287],[463,3094,290],[463,3094,480],[463,3094,147],[464,743,188],[464,1514,101],[464,1514,471],[464,2787,487],[465,898,241],[465,898,478],[465,1606,471],[465,3389,487],[465,3579,495],[466,883,36],[466,3248,392],[466,3248,143],[466,3248,144],[467,767,46],[467,2108,338],[468,1682,446],[468,1682,338],[468,1682,89],[468,2516,219],[468,2516,263],[468,2516,113],[470,486,359],[470,918,408],[471,1772,490],[471,2518,482],[472,765,409],[472,978,500],[473,519,215],[473,3058,71],[474,1941,116],[474,1941,249],[474,2098,340],[474,2098,275],[474,2331,1],[474,2331,326],[475,1866,482],[477,2596,388],[477,2596,176],[477,2742,449],[477,2742,360],[477,2799,24],[478,3104,115],[478,3145,274],[478,3145,204],[479,701,480],[480,3850,496],[481,1122,5],[481,1122,232],[481,1122,439],[481,3410,104],[482,235,24],[482,932,376],[482,932,30],[482,3091,85],[483,3581,375],[484,184,202],[484,2513,489],[484,2513,389],[485,1165,40],[485,2414,420],[486,3424,437],[487,1051,5],[487,1051,315],[487,2183,368],[487,2183,115],[488,3594,458],[488,3594,290],[489,125,135],[489,228,108],[489,1797,397],[489,1797,62],[490,856,70],[490,856,108],[490,949,495],[490,949,319],[490,1386,8],[491,1004,157],[491,1004,439],[491,3842,172],[492,3533,29],[493,353,354],[493,353,81],[493,466,393],[493,2112,480],[494,1356,281],[494,1356,172],[494,3145,274],[494,3145,204],[495,1831,424],[495,1831,175],[495,1831,21],[495,3738,59],[496,2032,471],[497,1168,257],[497,1446,423],[497,1721,369],[497,1721,380],[497,1721,25],[497,1721,197],[498,147,68],[498,3668,136],[498,3668,126],[498,3668,300],[498,3966,499],[498,3966,149],[498,3992,152],[498,3992,185],[499,2319,157],[499,3595,44],[500,2332,497],[500,2809,116],[500,3577,191]];

jitters = [10000,50000,50000,20000,100000,100000,1000,50000,1000,100000,2000,20000,20000,10000,20000,20000,20000,10000,20000,10000,20000,20000,50000,10000,10000,10000,20000,20000,10000,100000,20000,10000,100000,20000,20000,20000,20000,20000,20000,20000,100000,10000,100000,10000,10000,100000,5000,20000,100000,10000,2000,10000,10000,100000,10000,100000,10000,20000,20000,20000,100000,2000,2000,100000,20000,10000,100000,20000,100000,100000,10000,20000,100000,20000,10000,10000,10000,10000,20000,10000,5000,100000,20000,20000,20000,1000,10000,10000,100000,20000,10000,5000,20000,20000,5000,10000,20000,1000,20000,20000,10000,20000,1000,1000,10000,10000,20000,20000,20000,10000,20000,100000,10000,5000,10000,10000,10000,50000,10000,20000,20000,2000,100000,10000,10000,100000,10000,50000,10000,1000,20000,1000,10000,20000,10000,20000,10000,100000,100000,100000,1000,20000,100000,10000,10000,10000,10000,2000,20000,20000,20000,20000,100000,100000,20000,10000,20000,10000,2000,20000,100000,20000,10000,10000,10000,20000,10000,10000,20000,10000,20000,100000,100000,50000,20000,20000,20000,20000,10000,10000,10000,10000,100000,50000,100000,100000,10000,100000,20000,20000,20000,100000,1000,20000,10000,10000,100000,20000,50000,50000,100000,10000,2000,20000,20000,20000,100000,2000,20000,100000,100000,20000,20000,20000,10000,10000,10000,10000,20000,10000,20000,10000,100000,20000,10000,10000,100000,20000,100000,10000,100000,10000,100000,10000,20000,20000,10000,50000,100000,10000,10000,10000,20000,1000,2000,10000,1000,50000,100000,100000,20000,20000,10000,100000,20000,100000,20000,20000,20000,100000,100000,50000,100000,10000,10000,20000,100000,10000,100000,100000,20000,10000,20000,100000,10000,10000,10000,10000,100000,100000,10000,20000,20000,20000,1000,100000,10000,10000,20000,10000,5000,50000,10000,10000,10000,10000,10000,100000,20000,10000,100000,100000,10000,2000,20000,2000,100000,20000,100000,10000,10000,20000,20000,20000,20000,10000,20000,10000,20000,100000,100000,10000,10000,20000,10000,100000,5000,20000,10000,20000,10000,10000,1000,10000,5000,20000,10000,20000,10000,10000,20000,10000,50000,20000,10000,100000,20000,20000,10000,1000,100000,20000,20000,10000,100000,10000,100000,20000,20000,100000,10000,10000,100000,10000,20000,10000,20000,10000,10000,10000,10000,20000,20000,20000,20000,50000,100000,10000,10000,20000,100000,100000,20000,20000,100000,20000,10000,20000,10000,100000,100000,20000,100000,20000,100000,10000,20000,1000,100000,20000,100000,100000,10000,10000,100000,100000,100000,10000,100000,100000,20000,100000,100000,10000,10000,100000,10000,100000,20000,5000,10000,100000,20000,100000,10000,10000,10000,20000,10000,2000,20000,100000,100000,100000,20000,100000,20000,20000,20000,10000,20000,20000,100000,10000,1000,20000,100000,2000,100000,100000,10000,100000,10000,20000,50000,20000,10000,100000,10000,100000,10000,100000,100000,10000,10000,10000,100000,100000,100000,100000,10000,20000,10000,20000,10000,100000,20000,10000,20000,20000,100000,10000,100000,10000,100000,20000,10000,20000,10000,10000,20000,20000,100000,100000,10000,20000,100000,10000,2000,20000];

