NumChains = 50;
NumResources = 3;
NumRunnablesInChains = 277;
MemoryBoundOnResource = 1048576;
UtilizationBoundOnResource = 100;

numberOfTasksinChain = [13,13,9,7,13,13,11,9,7,7,11,11,9,11,9,7,9,9,13,13,13,7,7,11,11,7,11,9,13,11,13,7,13,11,7,11,7,9,9,13,9,7,9,13,11,7,9,13,9,13];

runnablesInChains = [67,58,61,415,194,461,347,481,418,313,329,148,167,176,96,56,419,90,487,73,417,448,403,62,339,271,471,211,379,150,458,42,324,128,210,21,74,78,90,326,308,487,339,429,199,259,183,294,262,213,305,328,465,110,468,48,119,24,454,336,6,472,372,21,138,281,187,151,251,198,191,86,23,263,9,211,222,392,10,442,76,332,299,88,131,388,90,278,444,120,435,381,473,122,234,399,100,14,280,231,455,318,427,436,387,367,232,217,29,6,200,27,142,342,249,376,289,244,240,336,232,202,244,287,68,200,237,224,46,344,317,96,25,493,124,260,135,437,204,98,99,296,126,172,137,40,264,52,350,68,139,254,367,105,490,452,449,210,65,375,194,47,496,226,183,80,181,230,182,140,287,100,195,216,243,284,275,268,236,498,245,389,34,69,425,230,193,4,463,219,414,393,287,139,174,450,294,46,88,326,380,430,370,283,116,31,294,211,171,181,92,183,326,335,161,302,115,130,63,271,359,170,193,416,213,50,383,197,499,475,437,338,269,163,9,90,161,63,149,385,276,330,171,23,75,140,402,186,273,277,498,245,180,164,59,428,235,227,450,294,218,466,406,380,171,116,268,404,337,20,369,188,132,466,163,25,170];

ProcessingTimesOfMessages = [[1,1,1,1,1,1,1,1,1,1],[1,1,1,1,1,1,1,1,1,1],[1,1,1,1,1],[1,1,1,1,1,1],[1,1,1,1,1,1],[1,1,1,1,1,1,1,1,1],[1,1,1,1,1,1,1,1,1,1],[1,1,1,1],[1,1,1,1,1,1,1,1],[1,1,1,1,2,1],[1,1,1,1,1,1,1,1,1],[1,1,1,1,1,1,1],[1,1,1,1,1,1,1,1,1],[1,1,1,1,1,1],[1,1,1,1,1,1,1,1,1,1,1,1],[1,1,1,1,1,1,1,1,1,1,1,1],[1,1,1,1,1,2],[1,1,1],[1,1,1,1,1,1,1,1,1],[1,1,1,1,1,1,1],[1,1,1,1,1,1],[1,1,1,1,1,1,1,1],[1,1,1,1,1,1,1],[1,1,1,1],[1,1,1,1,1,1],[1,2,1,1,1,1,1,1,1],[1,1,1,1,1,1],[1,1,1,1,1,1,1,1],[1,1,2,1,1,1,1,1],[1,1,1,1,1,1,1,1,1],[1,1,1,1,1,1,1,1],[1,1,1,1,1,1,1,1,1],[1,1,1,1,1,1,1],[1,1,1,1,1,1,1,1,1],[1,1,1,1,1,1,1],[1,1,1,1,1,1,2,2],[1,1,1,1,1,1,1,1,1],[1,1,1,1,1,1,1],[1,1,1,1,1,1,1,1,1],[1,1,1,1,1,1,1],[1,1,1,1,1,1,1],[1,1,1,1,1,1,1,1,1,1,1],[1,1,1,1,1,1],[1,1,1,1,1,1,1],[1,1,1,1,1,1,1,1,1],[1,1,1,1,1,1,1],[1,1,1,1,1,1,1,1,1,1,1],[1,1,1,1,1,1,1,1],[1,1,1,1,1],[1,1,1,1,1],[1,1,1,1,1,1],[1,1,1,1,1,1,1],[1,1,1,1,1,1,1,1],[1,1,1,1,1,1,1,1,1],[1,1,1,1,1,1,1],[1,1,1,1,1],[1,1,1],[1,1,1,1,1,1,1,1,1,1],[1,1,1,1,1,1,1],[1,1,1,1],[1,1,1,1,1,1],[1,1,1,1,1,1,1,1],[1,1,1,1,1,1],[2,2,2,1,1,1],[1,1,1,1,1,1,1,1],[1,1,1,1,1,1,1,1,1,1],[1,1,1,1,1,1,1,1],[1,1,1,1,1,1,1,1,1,1],[1,1,1,1,1,1,1],[1,1,1,1,1,1,1,1,1],[1,1,1,1,1,1,1,1,1,1],[1,1,1,1,1,1],[1,1,1,1,1,1,1],[1,1],[1,1,1,1,1,1,2,2,1,1],[1,1,1,1,1,1],[1,1,1,1,1],[1,1,1,1,1,1,1],[1,1,1,1,1,1,1,1,1],[1,1,1,1,1,1],[1,1,1,1,1,1,1,1,1,1],[1,1,1,1,1,1],[1,1,1,1,1,1],[1,1,2,1,1,1,1,1],[1,1,1,1,1,1,1,1,1,1],[1,2,1,1,1,1],[1,1,1,2,2,1,1,1,1,1,1],[1,1,1,1,1,1],[1,1,1,1],[1,1,1,1,1],[1,1,1,1],[1,1,1,1,1,1,1,1,1],[1,1,1,1,1],[1,1,1,1,1,1,1,1],[1,1,1,1,1],[1,1,1,1,1,1,1,1,1],[1,1,1,2,2,2,1,1,1,2,2,1],[1,1,1,1,1,1],[1,1,1,1,1,1,1,1],[1,1,1,1,1,1],[1,1,1,1,1,1,1,1,1,1,1],[1,1,1,1,1,1,1,1,1],[1,1,1,1,1,1,1,1,1,1],[1,1,1,1,1,1],[1,1,1,1],[1,1,1,1,1,1,1,1,1,1,1],[1,1,1,1,1,1,1,1],[1,1,1,1,1,1,1,1,1],[1,1,1,1,1,1,1],[1,1,1,1,1,1,1],[1,1,1,1],[1,1,1,1,1,1],[1,1,1,1,1,2,2],[1,1,1,1,1,1],[1,1,1,1,1],[1,1,1,1,1,1,1,1,1],[1,1,1,1,2,1,1,1],[1,1,1],[1,1,1,1,1,1,1,1,1],[1,1,1,1,1,1],[1,1,1,1,1,1,1,1,1,1,1,1],[1,1,1,1,1,1,1],[1,1,1,1,1,1,1,1,1],[1,1,1,1],[1,1,1,1,1,1,1,1],[1,1,1,1,1,1,1,1,1],[1,1,1,1,1,1,1],[1,1,1,1,1],[1,1,1,1,1,1,1,1,1],[1,1,1,1,1],[1,1,1,1,1,1,1,1,1],[1,1,1,1,1,1],[2,1,1,1,1],[1,1,1,1,1,1,1,1],[1,1,1,1],[1,1,1,1,1],[1,1,1],[1,1,1,1,1,1,1,1],[1,1,1,1,1,1,1,1,1],[1,1,1,1,1],[1,1,1,1,1,1,1,1,1,1,1,1],[1,1,1,1,1],[1,1,1,1,1,1,1,2,2,1],[1,1,1,2,1,1],[1,1,1,1,1,1],[1,1,1,1,1,1],[1,1,1,1,1,1,1,1],[1,1,1,1,1,1,1],[1,1,1,1,1,1,1,1,1,2],[1,1,1,1,1],[1,1,1,1,1,1,1,1,1,1,2],[1,1,1,1,1,1],[1,1,1,1,1,1,1,1,1,1,1],[1,1,1,1,1,1,1,1,1],[1,1,1,1,1],[1,1,1,1,1,1],[1,1,1],[1,1,1,1,1,1],[1,1],[1,1,1,1,1,1,1],[1,1,1,1,1,1],[1,1,1],[1,1,1,1,1],[1,1,1],[1,1,1,1,1,1,1],[1,1,1,1,1,1,1,1,1,1,1,1,1,1],[1,1,1,1,1,1,1,1,1,1,1,1,1],[1,1,1,1,1,1,1,1,1,1],[1,1],[1,2,1,1,1,1],[1],[1,1,1,1,1,1,1,1],[1,2,1,1],[1,1,1,1],[1,1],[1,1,1,1,1,1,1,1],[1,1,1,1,1,1,1,1,1,1],[1,1,1,1,1,1,1,1],[1,1],[1,1,1,1,1],[1],[1,1,1,1,1,1,1,1],[1,1,1,1,1,1],[1,1,1,1,1,1,1,1],[1,1,1,1,1,1,1],[1,1,1,1,1,1],[1,1,1,1,1,1,1,1,1],[1,1,1,1],[1,1,1,1,1],[1,1,1,1,1,1,1],[1,1,1,1,1,1,1,1,1,1],[1,1,1],[1,1,1,1,1,1],[1,1,1,1,1,1,1],[1,1,1,1],[1,1,1,1,1,1,1],[1,1,1,1,1,1],[1,1,1],[1,1,1,1,1,1,1,1,1],[1,2,2,2,1,1,1,1],[1,1,1,1,1,1],[1,1,1,1,1,1],[1,1,1,1,1,1,1,1,1],[1,1,1,1,1],[1,1,1,1,1],[1,1,1,1,1,1,1,1],[1,1,1,1,1,1],[1,1,1,1,1],[1,1,1,1,1,1,1],[1,1,1,1,1,1,1,1,1,1],[1,1,1,1,1],[1,1,1,1,1,1,1,1],[1,1,1,1],[1,1],[1,1,1],[1,1,1,1,1,1,1,1,1],[1,1,1],[1,1,1,1,1],[1,1,1,1,1,1,1],[1,1,1,1],[1,1,1,1,1],[1,1,1,1,1,1,1],[1,1,1,1,1,1,1],[1,1,1,1,1,1,1],[1,1],[1,1,1,1,1,1,1,1,1],[1,1,1,1],[1,1,1,1,1,1,1],[1,1,1,1,1,1,1],[1,1,1,1,1,1,1],[1,1,1],[1,1,1,1],[1,1],[1,1,1,1,1,1,1,1],[1,1,1,1,1,1,1,1,1],[1,1,1,1,1,1,1],[1,1,1,1,1,1],[1,1,1,1],[1,1,1,1,1,1,1,1,1,1,1,1],[1,2,2,1],[1,1,1,1,1,1],[1,1,1,1],[1,1,1,1,1,1,1,1,1],[1,1,1],[1,1,1,1,1,1],[1,1,1,1,1,1,1,1],[1,1,1],[1,1,1,1,1],[1,1,1,1],[1,1,1,1,1,1,1,1,1],[1,1,1],[1,1,1,1],[1,1,1,1,1,1,1,1],[1,1,1,1,1,1],[1,1,1,1,1,1,1,1,1,1],[1,1,1,1],[1,1,1,1,1,1,1,1],[1,1,1],[1,1,1,1,1,1],[1,1,1,1,1,1,1,1],[1,1,1,1],[1,1,1,1,1,1,1],[1,1,1,1,1],[1],[1,1,1,1],[1,1,1,1,1,1,1,1,1,1],[1,1,1,1,1,1,1],[1,1,1,1],[1,1,1,1,1,1,1],[1,1,1,1],[1,1,1,1,1,1],[1,1,1,1,1,1,1,1,1],[1,1,1,1],[1,1,1,1,1,1,1],[1,1,1,1,1,1,1,1],[1,1,1,1,1],[1,1,1,1,1,1],[1,1,1,1,1,1,1],[1,1,1,1,1,1,1,1],[1,1,1,1,1,1],[1,1,1,1,1,1,1,1,1,1],[1,1,1,1,1,1,1,1,1],[1,1,1,1,1,1],[1,1,1,1,1,1,1,1,1,1,1,1,1],[1,1,1,1],[1,1,1,1,1,1,1,1],[1,1,1,1,1,1,1],[1,1,1,1,1,1,1,1],[1,1],[1,1,1],[1,1,1,1,1,1,1,1,1,1],[1,1,1,1,1,1,1],[1,1,1,1],[1,1,1,1],[1,1,1,1,1,1,1],[1,1,1],[1,1,1,1,1,1,1,1],[1,1,1,1,1,1],[1,1,1,1],[1,1,1,1,1,1,1],[1,1,1,1,1,1,1],[1,1,1,1,1,1,1],[1,1,1,1,1,1],[1,1],[1,1,1,1,1],[1,1,1,1,1,1,1],[1,1,1,1,1,1,1],[1,1,1,1,1,1,1],[1,1],[1,1,1,1,1],[1,1,1,1,1],[1,1,1,1,1],[1,1],[1,1,1],[1,1,1,1,1,1,1,1,1],[],[1,1,1,1,1,1,1,1,1],[1,1,1,1,1,1],[1,1],[1,1,1,1,1,1,1,1],[1,1,1,1],[1,1,1,1,1,1,1],[1,1,1,1,1,1],[1,1,1,1,1,1,1,1],[1,1,1,1,1],[1,1,1],[1,1,1,1,1,1,1],[1,2,1,1,1,1],[1,1,1,1,1,1,1],[1,1,1,1,1],[1,1,1,1,1,1],[1,1,1,1,1,1,1,1],[1,1,1,1,1,1],[1,1,1,1,1,1],[1,1,1,1,1,1,1],[1,1,1,1,1,1,1],[1,1,1,1,1],[1,1,1,1,1,1,1],[1,1,1,1],[1,1,1,1,1],[1,1,1,1],[1,1,1,1,1,1,1],[1,1,1,1,1,1,1],[1,1,1,1,1,1],[1,1,1,1],[1,1,1,1],[1,1,1,1,1,1,1],[1,1,1,1,1,1,1],[1,1,1],[1,1,1,1,1],[1,1,1],[1,1,1],[1,1,1,1,1,1,1],[1,1,1,1],[1,1,1,1,1,1,1,1],[1,1],[1,1],[1,1,1,1,1,1,1,1],[1,1,1,1,1,1,1,1],[1],[1,1,1,1,1,1],[1,1],[1,1,1],[1,1,1,1,1,1],[1,1],[1,1,1,1,1,1,1],[1,1,1],[],[1,1,1,1],[1,1,1],[1,1,1,1,1,1,1],[1,1,1,1,1,1,1,1,1],[1,1,1,1,1,1],[1],[1,1,1,1],[1,1,1,1,1,1],[1,1,1,1,1,1,1,1],[1,1,1],[1,1,1,1,1,1,1,1],[1,1,1],[1,1,1,1,1,1,1],[1],[1,1],[1,1],[1,1,1],[1,1,1,1,1,1,1],[1,1,1,1,1,1,1],[1,1,1],[1,1,1,1,1,1,1,1,1,1,1,1],[1,1,1,1,1],[1,1,1,1,1,1,1,1,1],[1,1,1,1,1],[1,1,1,1,1,1,1],[1,1,1,1,1,1,1],[1,1,1],[1,1,1],[1,1,1],[1,1,1,1,1,1],[1],[1,1,1,1,1],[1,1,1],[1,1],[1,1,1,1,1,1],[1,1,1,1,1,1],[1,1,1,1,1],[1,1,1,1],[1,1,1,1],[1,1,1,1,1,1,1],[1,1,1,1],[1,1,1,1,1],[],[1,1],[1,1,1,1,1],[1],[1,1,1,1,1],[1,1],[1,1,1,1,1,1,1],[1,1,1,1,1,1],[1,1,1,1,1,1],[1],[1,1,1],[1,1,1,1,1],[],[1,1],[1],[1,1],[1,1,1],[1,1,1,1],[1,1,1,1,1,1],[1,1,1,1],[1,1,1,1,1],[1],[1,1,1,1,1],[1,1,1,1],[1,1,1,1,1],[1,1,1,1],[1],[1],[1,1,1],[],[1,1,1],[1,1,1,1],[1,1,1],[1,1,1],[1,1,1,1],[1],[1,1,1,1,1,1,1,1],[1,1,1],[1,1,1,1],[1,1,1,1,1,1],[1],[1],[1,1,1,1],[1,1,1,1],[1,1],[1,1,1,1,1,1,1],[1,1,1,1],[1,1,1,1,1,1],[1,1],[1,1,1,1],[1,1,1,1],[1,1,1],[1],[1,1,1,1],[1],[1,1],[1,1,1,1,1],[1,1,1,1],[1,1,1,1],[1],[1,1,1,1,1,1,1],[1,1],[1,1,1,1,1],[1],[1,1,1],[],[1,1,1,1,1],[1,1,1,1,1,1,1],[1,1,1,1,1,1,1,1,1,1,1],[1],[1,1],[1,1,1,1],[1],[1,1,1,1,1,1],[2,2,2],[1,1,1,1,1,1],[1],[1,1,1,1],[1,1,1,1,1],[1,1,1],[1,1,1],[1,1,1],[1],[1,1,1,1,1],[1],[1,1,1,1],[1],[1,1,1,1,1],[1,1],[1,1,1]];

processingTimesRunnables = [12,10,14,13,11,17,10,11,11,12,13,5,6,14,10,13,13,13,13,11,6,13,13,8,12,13,12,12,13,13,16,14,13,10,12,11,6,9,14,13,13,11,13,7,13,13,13,10,15,6,13,13,13,12,9,10,7,7,9,9,13,15,13,12,9,13,11,9,13,11,10,15,10,13,16,12,12,8,8,7,7,13,12,8,13,14,10,16,13,10,4,8,6,10,13,11,8,12,13,13,11,8,7,11,13,14,8,15,6,13,7,15,13,13,5,14,7,13,9,7,12,7,9,13,12,6,13,15,5,10,5,10,5,11,6,9,13,10,6,13,13,14,12,12,12,8,12,9,13,5,9,10,11,10,4,10,8,14,10,15,13,11,14,12,12,12,11,13,9,10,10,13,12,13,12,7,10,12,10,9,13,5,13,11,13,6,13,15,4,8,14,10,12,11,13,5,10,16,7,13,9,12,12,15,9,4,9,14,8,12,13,10,7,10,11,13,12,4,10,5,13,14,12,16,7,10,12,6,16,17,13,12,9,6,16,11,13,15,13,11,6,6,6,10,5,13,9,14,12,15,7,13,12,4,10,12,13,8,12,16,10,14,12,14,7,9,9,11,4,8,11,10,6,11,14,6,9,14,17,17,10,10,16,9,11,14,6,11,16,11,6,12,9,4,11,6,12,4,13,16,14,10,10,11,13,13,12,13,14,8,7,11,13,12,6,12,12,13,11,6,16,6,12,9,9,14,10,11,6,6,12,8,7,13,7,11,14,16,14,15,11,7,11,11,12,5,14,10,10,6,17,14,13,11,10,13,10,9,12,12,9,14,12,11,5,10,11,10,10,10,15,12,5,12,10,14,12,8,10,11,10,12,13,14,15,11,13,16,8,13,12,8,11,11,13,15,12,6,9,7,12,7,14,10,12,12,12,5,11,16,12,5,7,12,5,12,13,13,11,13,9,15,7,12,4,13,12,9,12,10,10,9,7,13,7,9,12,14,14,12,15,10,13,13,12,10,10,5,9,9,15,11,12,8,10,11,15,9,10,12,11,13,7,5,14,9,16,4,6,12,11,8,13,11,13,10,12,12,12,11,10,13,8,12,15,11,11,12,14,11,12,13,13,10,9,7,14,8,10,11];

periods = [20000,10000,20000,10000,20000,10000,20000,5000,100000,100000,10000,100000,20000,10000,10000,10000,10000,10000,100000,50000,20000,20000,10000,10000,100000,20000,10000,5000,10000,10000,100000,20000,10000,1000,10000,100000,100000,100000,10000,5000,10000,20000,10000,100000,20000,100000,100000,20000,20000,10000,20000,5000,10000,10000,10000,100000,10000,20000,20000,10000,20000,100000,100000,20000,20000,20000,20000,10000,1000,100000,100000,20000,20000,20000,10000,100000,20000,100000,10000,100000,10000,20000,20000,10000,10000,10000,100000,100000,10000,100000,10000,100000,20000,20000,100000,100000,10000,20000,20000,10000,100000,10000,10000,20000,10000,100000,10000,10000,10000,20000,20000,100000,20000,20000,100000,50000,10000,20000,10000,10000,1000,10000,100000,20000,10000,20000,20000,20000,10000,100000,100000,100000,100000,20000,20000,20000,5000,20000,10000,10000,20000,10000,20000,10000,10000,10000,10000,20000,100000,100000,20000,100000,2000,20000,1000,10000,100000,100000,10000,20000,100000,20000,100000,20000,20000,10000,20000,10000,100000,100000,100000,5000,20000,10000,10000,20000,5000,20000,10000,1000,100000,10000,100000,10000,10000,10000,20000,100000,20000,20000,10000,10000,10000,20000,10000,20000,20000,10000,100000,10000,10000,10000,10000,20000,100000,20000,2000,100000,20000,20000,100000,20000,10000,10000,10000,10000,10000,100000,10000,20000,10000,100000,50000,100000,20000,100000,20000,2000,10000,10000,10000,10000,100000,10000,20000,1000,10000,100000,20000,10000,10000,20000,50000,10000,1000,20000,20000,20000,10000,20000,10000,10000,20000,10000,20000,20000,20000,10000,100000,20000,20000,10000,100000,5000,20000,100000,10000,50000,100000,20000,100000,20000,10000,50000,50000,100000,1000,100000,100000,10000,20000,20000,50000,50000,10000,2000,10000,20000,10000,100000,20000,2000,100000,100000,50000,20000,20000,10000,100000,10000,100000,100000,100000,20000,10000,10000,20000,100000,100000,2000,100000,100000,20000,10000,100000,100000,100000,10000,100000,50000,20000,10000,20000,20000,20000,100000,10000,10000,20000,100000,10000,100000,100000,20000,100000,10000,50000,100000,100000,10000,10000,10000,10000,100000,20000,100000,20000,100000,10000,5000,10000,10000,20000,20000,20000,20000,50000,100000,100000,10000,20000,10000,10000,20000,100000,5000,10000,100000,100000,50000,10000,20000,20000,2000,20000,10000,100000,100000,100000,100000,10000,10000,10000,10000,100000,10000,10000,100000,1000,10000,20000,100000,10000,10000,20000,10000,100000,10000,10000,10000,20000,10000,20000,50000,20000,100000,2000,20000,100000,20000,20000,2000,1000,10000,20000,10000,20000,20000,100000,10000,5000,10000,20000,1000,1000,10000,10000,20000,100000,50000,100000,100000,100000,20000,10000,10000,20000,20000,20000,10000,20000,100000,100000,10000,1000,10000,10000,20000,20000,100000,20000,20000,20000,10000,10000,20000,20000,20000,20000,2000,20000,20000,10000,20000,20000,100000,100000,20000,20000,5000,100000,10000,10000,20000,20000,20000,10000,20000,20000,20000,20000,10000,100000,20000,20000,20000,100000,1000,1000,20000,10000,50000,20000,100000,20000,100000,20000,1000,20000,50000];

communicationTimeForOrderCriticalMessages = [1,1,1,1,1,1,1,1,1,1,1,1,1,1,1,1,1,1,1,1,1,1,1,1,1,1,1,1,1,1,1,1,1,1,1,1,1,1,1,1,1,1,1,1,1,1,1,1,1,1,1,1,1,1,1,1,1,1,1,1,1,1,1,1,1,1,1,1,1,1,1,1,1,1,1,1,1,1,1,1,1,1,1,1,1,1,1,1,1,1,1,1,1,1,1,1,1,1,1,1,1,1,1,2,1,1,1,1,1,1,1,1,1,1,1,1,1,1,1,1,1,1,1,1,1,1,1,1,1,1,1,1,1,1,1,1,1,1,1,1,1,1,1,1,1,1,1,1,1,1,1,1,1,1,1,1,1,1,1,1,1,1,1,1,1,1,1,1,1,1,1,1,1,1,1,1,1,1,1,1,1,1,1,1,1,1,1,1,1,1,1,1,1,1,1,1,1,1,1,1,1,1,1,1,1,1,1,1,1,1,1,1,1,1,1,1,1,1,1,1,1,1,1,1,1,1,1];

sizeOfRunnables = [1178,983,1308,1230,1073,1610,1000,1098,1030,1120,1248,488,588,1355,938,1210,1275,1248,1283,1053,540,1278,1225,735,1133,1285,1193,1158,1285,1210,1563,1340,1208,998,1183,1058,538,858,1308,1270,1300,1008,1210,695,1285,1300,1293,983,1470,555,1230,1215,1215,1163,890,983,653,650,820,870,1283,1415,1285,1110,830,1280,1085,873,1278,1020,990,1433,1000,1270,1513,1155,1148,760,760,625,660,1268,1103,768,1238,1388,953,1600,1225,983,375,788,570,983,1230,1095,715,1145,1253,1270,1090,798,630,1028,1248,1333,715,1410,570,1275,618,1430,1203,1255,458,1328,630,1268,833,685,1173,660,880,1235,1170,565,1275,1425,468,965,483,953,413,1053,543,885,1203,993,595,1253,1203,1305,1110,1180,1165,788,1180,858,1208,483,820,990,1045,908,385,963,795,1305,955,1498,1253,1058,1305,1140,1188,1158,1068,1298,858,960,993,1298,1170,1225,1200,645,978,1200,983,808,1238,478,1203,1068,1235,565,1253,1425,398,743,1303,998,1173,1058,1210,465,970,1523,693,1225,878,1148,1140,1470,850,400,810,1318,748,1108,1270,923,660,945,1023,1263,1150,393,940,445,1290,1378,1150,1530,625,975,1125,533,1578,1610,1283,1128,895,528,1593,1050,1230,1470,1215,1020,570,555,593,985,408,1263,848,1393,1158,1443,698,1278,1133,385,978,1118,1275,775,1195,1508,955,1368,1170,1308,618,813,815,1073,375,728,1058,998,565,1035,1333,580,880,1313,1620,1620,968,968,1583,835,1005,1393,588,1053,1588,1095,535,1193,878,393,1020,588,1158,378,1298,1545,1318,955,988,1030,1230,1230,1135,1223,1340,728,640,1058,1260,1120,595,1133,1135,1278,1073,565,1528,548,1193,810,878,1345,960,1023,535,580,1150,775,683,1215,650,1058,1393,1540,1305,1410,1075,670,1080,1075,1158,443,1305,968,978,528,1620,1328,1203,1028,975,1293,953,803,1113,1150,843,1328,1163,1075,405,975,1065,908,953,970,1475,1158,453,1135,970,1308,1133,743,940,1015,938,1148,1260,1345,1480,1073,1298,1563,758,1233,1173,715,1008,1020,1248,1443,1163,550,833,675,1173,610,1308,970,1150,1155,1170,413,1090,1508,1178,465,603,1128,460,1138,1285,1293,1050,1225,815,1420,673,1188,398,1258,1105,863,1163,990,948,820,640,1285,660,820,1118,1308,1305,1185,1425,975,1290,1278,1103,955,963,495,895,825,1480,1065,1120,790,998,1073,1463,813,1000,1155,1098,1203,683,430,1360,830,1563,378,533,1160,1043,708,1230,1045,1248,948,1158,1140,1198,1040,998,1278,718,1120,1410,1005,1015,1163,1373,1008,1188,1245,1278,948,810,645,1318,798,985,1083];

SenderLabelReceiverOrderCriticalChains = [[67,2369,0,0,58],[58,3368,0,0,61],[61,791,0,0,415],[415,482,0,0,194],[194,3645,0,0,461],[461,2156,0,0,347],[481,932,0,0,418],[418,3875,0,0,313],[313,3428,0,0,329],[329,2042,0,0,148],[148,3256,0,0,167],[167,2164,0,0,176],[96,144,0,0,56],[56,2278,0,0,419],[419,2619,0,0,90],[90,1022,0,0,487],[73,1715,0,0,417],[417,1954,0,0,448],[448,1657,0,0,403],[62,1700,0,0,339],[339,3600,0,0,271],[271,107,0,0,471],[471,293,0,0,211],[211,444,0,0,379],[379,3588,0,0,150],[458,1446,0,0,42],[42,2921,0,0,324],[324,3914,0,0,128],[128,2796,0,0,210],[210,1792,0,0,21],[21,3213,0,0,74],[78,2479,0,0,90],[90,1529,0,0,326],[326,3010,0,0,308],[308,420,0,0,487],[487,335,0,0,339],[429,2764,0,0,199],[199,3237,0,0,259],[259,967,0,0,183],[183,3621,0,0,294],[262,3410,0,0,213],[213,2185,0,0,305],[305,434,0,0,328],[465,357,3209,0,110],[110,1652,0,0,468],[468,957,0,0,48],[119,25,1817,0,24],[24,1862,0,0,454],[454,2382,0,0,336],[336,3058,0,0,6],[6,1792,0,0,472],[372,595,0,0,21],[21,1649,0,0,138],[138,204,0,0,281],[281,1857,0,0,187],[187,567,0,0,151],[251,741,0,0,198],[198,2890,0,0,191],[191,783,0,0,86],[86,2856,0,0,23],[263,3235,0,0,9],[9,1976,0,0,211],[211,334,0,0,222],[222,3090,0,0,392],[392,1366,0,0,10],[442,219,0,0,76],[76,1061,0,0,332],[332,2534,0,0,299],[299,371,0,0,88],[131,2278,0,0,388],[388,181,0,0,90],[90,348,0,0,278],[444,499,0,0,120],[120,3480,0,0,435],[435,102,0,0,381],[381,412,0,0,473],[122,420,0,0,234],[234,1371,0,0,399],[399,3269,0,0,100],[100,443,0,0,14],[280,1519,0,0,231],[231,1063,0,0,455],[455,2879,0,0,318],[318,3640,0,0,427],[427,1736,0,0,436],[436,1323,0,0,387],[367,3148,3912,0,232],[232,2423,0,0,217],[217,1120,0,0,29],[29,27,0,0,6],[6,1569,0,0,200],[200,3825,0,0,27],[142,1775,0,0,342],[342,184,0,0,249],[249,2072,0,0,376],[376,3155,0,0,289],[289,1846,0,0,244],[244,2210,0,0,240],[336,3336,0,0,232],[232,1199,3148,0,202],[202,2016,0,0,244],[287,3866,0,0,68],[68,3038,0,0,200],[200,1438,0,0,237],[224,1514,0,0,46],[46,2620,0,0,344],[344,3541,0,0,317],[317,2042,0,0,96],[96,1319,0,0,25],[493,2308,0,0,124],[124,111,0,0,260],[260,2440,0,0,135],[135,3517,0,0,437],[437,762,0,0,204],[98,2018,0,0,99],[99,3399,0,0,296],[296,3244,0,0,126],[172,26,3031,0,137],[137,1734,0,0,40],[40,1185,2318,2613,264],[264,3484,0,0,52],[52,929,0,0,350],[68,3490,0,0,139],[139,1113,0,0,254],[254,1913,0,0,367],[367,1041,0,0,105],[490,3866,0,0,452],[452,3981,0,0,449],[449,727,0,0,210],[210,1456,0,0,65],[65,1815,0,0,375],[375,1713,0,0,194],[47,2417,0,0,496],[496,3934,0,0,226],[226,2587,0,0,183],[183,2954,0,0,80],[80,3843,0,0,181],[230,3168,0,0,182],[182,1044,0,0,140],[140,152,0,0,287],[287,533,0,0,100],[100,506,0,0,195],[195,940,0,0,216],[243,3210,0,0,284],[284,3820,0,0,275],[275,2439,3684,0,268],[236,1713,0,0,498],[498,1026,3293,0,245],[245,3319,0,0,389],[389,3820,0,0,34],[34,1876,2735,0,69],[69,2357,0,0,425],[230,3668,0,0,193],[193,1030,0,0,4],[4,373,0,0,463],[463,3340,0,0,219],[219,2317,0,0,414],[393,1206,0,0,287],[287,152,395,0,139],[139,2581,0,0,174],[450,1744,3442,0,294],[294,3831,0,0,46],[46,1948,0,0,88],[88,3773,0,0,326],[326,2944,0,0,380],[430,3723,0,0,370],[370,2564,0,0,283],[283,2885,0,0,116],[31,2331,0,0,294],[294,2473,0,0,211],[211,3591,0,0,171],[171,2643,0,0,181],[92,2610,0,0,183],[183,779,0,0,326],[326,79,0,0,335],[335,3932,0,0,161],[302,842,0,0,115],[115,3829,0,0,130],[130,3969,0,0,63],[63,2166,0,0,271],[271,1177,0,0,359],[359,337,0,0,170],[193,1750,0,0,416],[416,3194,0,0,213],[213,925,0,0,50],[50,1123,0,0,383],[197,1101,0,0,499],[499,3540,0,0,475],[475,2234,0,0,437],[338,2517,0,0,269],[269,627,0,0,163],[163,1329,0,0,9],[9,3423,0,0,90],[161,914,0,0,63],[63,1071,0,0,149],[149,2096,0,0,385],[385,2312,0,0,276],[276,3232,0,0,330],[330,657,0,0,171],[23,3170,0,0,75],[75,3615,0,0,140],[140,2337,0,0,402],[402,1706,0,0,186],[186,2171,0,0,273],[277,3399,0,0,498],[498,1026,3293,0,245],[245,793,0,0,180],[164,1984,0,0,59],[59,2591,0,0,428],[428,3991,0,0,235],[235,1404,0,0,227],[450,1744,3442,0,294],[294,3164,0,0,218],[218,2594,0,0,466],[466,1877,0,0,406],[406,631,0,0,380],[380,3890,0,0,171],[116,1141,3746,0,268],[268,1666,0,0,404],[404,2098,0,0,337],[337,3827,0,0,20],[369,2620,0,0,188],[188,209,0,0,132],[132,3420,0,0,466],[466,3511,0,0,163],[163,1579,0,0,25],[25,1319,2591,0,170]];

SenderLabelReceiverNonOrderCriticalChains = [[1,283,5],[1,1662,235],[1,1677,271],[1,1677,397],[1,1963,124],[1,1963,347],[1,2531,193],[1,3555,367],[1,3555,3],[1,3956,439],[2,1676,298],[2,1676,360],[2,2021,298],[2,2021,4],[2,2121,374],[2,2528,153],[2,2896,406],[2,3127,192],[2,3127,219],[2,3127,155],[3,2778,152],[3,3431,332],[3,3520,352],[3,3520,5],[3,3672,437],[4,373,463],[4,439,426],[4,903,18],[4,2879,318],[4,2879,6],[4,3712,280],[5,128,224],[5,128,304],[5,2962,408],[5,3052,7],[5,3844,497],[5,3903,431],[6,1200,124],[6,1200,11],[6,1569,200],[6,1569,190],[6,1792,472],[6,1792,21],[6,1907,457],[6,1907,443],[6,3192,427],[7,1873,495],[7,2661,60],[7,2661,266],[7,3127,192],[7,3127,219],[7,3127,155],[7,3212,454],[7,3539,225],[7,3715,336],[7,3720,22],[8,913,366],[8,2281,131],[8,2366,137],[8,3576,28],[9,841,56],[9,1836,441],[9,1836,10],[9,1976,211],[9,1976,85],[9,3423,482],[9,3423,90],[9,3423,164],[10,156,311],[10,549,92],[10,549,393],[10,808,53],[10,2652,471],[10,3671,12],[11,779,326],[11,779,280],[11,803,50],[11,1060,446],[11,3217,314],[11,3217,380],[11,3590,14],[11,3938,382],[11,3938,304],[12,520,337],[12,520,363],[12,1511,25],[12,2242,254],[12,3810,47],[12,3810,483],[12,3810,96],[13,123,64],[13,991,248],[13,991,75],[13,1264,64],[13,2762,299],[13,2888,63],[13,2888,195],[13,2966,26],[13,3612,397],[14,198,258],[14,1944,412],[14,1944,122],[14,2748,16],[14,3150,127],[14,3885,259],[15,444,379],[15,444,440],[15,604,263],[15,998,356],[15,998,293],[15,1205,126],[15,2009,132],[15,2009,230],[15,2744,318],[15,3753,17],[15,3809,368],[15,3809,249],[16,750,262],[16,750,296],[16,2143,226],[16,2550,474],[16,2550,411],[16,3138,24],[16,3138,324],[16,3138,356],[16,3288,186],[16,3468,229],[16,3468,438],[16,3762,175],[17,1327,27],[17,1363,120],[17,2415,74],[17,2415,250],[17,2415,82],[17,3151,201],[18,1,221],[18,3603,53],[18,3656,24],[19,353,25],[19,492,475],[19,1632,201],[19,1632,326],[19,1632,315],[19,1731,161],[19,1869,259],[19,2582,431],[19,3404,383],[20,183,268],[20,818,388],[20,818,433],[20,818,415],[20,1051,399],[20,3085,61],[20,3085,178],[21,1381,124],[21,1649,138],[21,2523,22],[21,2523,160],[21,3213,74],[21,3895,453],[22,657,171],[22,657,165],[22,1976,211],[22,1976,85],[22,2124,32],[22,2574,320],[22,2837,229],[22,2837,190],[23,199,285],[23,199,169],[23,374,33],[23,505,473],[23,881,373],[23,1802,100],[23,3170,75],[24,1776,285],[24,1776,401],[24,1862,454],[24,2691,62],[25,2299,309],[25,2299,36],[25,2591,428],[25,2591,170],[25,3486,174],[25,3486,302],[26,509,42],[26,796,451],[26,1092,122],[26,1110,316],[26,2415,74],[26,2415,250],[26,2415,82],[26,2431,113],[26,2702,67],[27,1434,420],[27,2139,333],[27,2139,435],[27,3905,408],[27,3905,424],[27,3905,396],[28,10,258],[28,10,309],[28,201,36],[28,201,142],[28,201,426],[28,1289,181],[28,1289,55],[28,2082,172],[29,27,6],[29,1924,457],[29,1986,446],[29,2150,414],[29,2499,311],[29,2520,33],[29,2520,9],[29,3315,81],[30,544,207],[30,1969,95],[30,2540,499],[30,3074,144],[30,3074,409],[30,3295,142],[30,3332,445],[30,3332,140],[30,3482,179],[31,1449,409],[31,1716,440],[31,2331,294],[31,3510,293],[31,3666,397],[31,3830,308],[31,3871,282],[31,3871,392],[32,1309,109],[32,1309,325],[32,1554,51],[32,2525,484],[32,2719,395],[32,3099,135],[32,3099,345],[32,3646,415],[32,3646,56],[33,413,159],[33,1710,57],[33,3118,285],[33,3446,382],[33,3446,291],[33,3495,399],[33,3518,416],[34,502,413],[34,673,27],[34,950,164],[34,950,358],[34,1805,49],[34,1852,35],[34,1876,69],[34,1876,410],[34,2735,69],[35,713,57],[35,713,464],[35,1214,423],[35,2098,245],[35,2098,337],[35,3486,174],[35,3486,302],[36,1368,158],[36,1442,339],[36,2325,316],[36,2325,124],[36,3085,61],[36,3085,178],[36,3529,37],[36,3529,112],[37,566,278],[37,1874,259],[37,1874,281],[37,2710,44],[37,3023,57],[37,3580,296],[37,3651,351],[37,3651,269],[37,3651,496],[38,128,224],[38,128,304],[38,725,49],[38,982,64],[38,3276,335],[38,3276,60],[38,3930,192],[39,392,41],[39,1236,54],[39,1780,188],[39,1954,447],[39,1954,448],[39,1954,225],[39,3033,177],[39,3270,318],[39,3556,390],[40,612,52],[40,1185,264],[40,2318,264],[40,2318,464],[40,2613,264],[40,2660,350],[40,3624,172],[41,603,273],[41,1324,189],[41,1324,424],[41,1404,147],[41,1404,227],[41,3187,87],[41,3466,37],[42,1776,285],[42,1776,401],[42,2183,45],[42,2837,229],[42,2837,190],[42,2921,324],[42,3423,482],[42,3423,90],[42,3423,164],[42,3732,389],[42,3732,136],[43,983,226],[43,1154,178],[43,1975,497],[43,2002,447],[43,2002,306],[43,3768,89],[44,1299,464],[44,1677,271],[44,1677,397],[44,2239,494],[44,3113,172],[44,3515,259],[44,3814,47],[45,345,12],[45,345,48],[45,541,246],[45,541,225],[45,548,357],[45,548,307],[45,1063,371],[45,1063,455],[45,2832,57],[46,1833,265],[46,1833,387],[46,1938,78],[46,1948,88],[46,2061,411],[46,2620,344],[46,2620,188],[47,419,303],[47,419,364],[47,831,215],[47,831,466],[47,2120,390],[47,2120,238],[47,2120,455],[47,2417,214],[47,2417,496],[47,3623,452],[47,3623,123],[48,462,51],[48,462,140],[48,1147,74],[48,1147,252],[48,2282,118],[48,2409,128],[48,3600,20],[48,3600,271],[49,87,411],[49,1398,59],[49,2215,62],[49,2926,31],[49,3543,448],[50,1123,383],[50,1752,384],[50,2695,104],[50,3446,382],[50,3446,291],[51,797,90],[51,1419,59],[51,2662,164],[51,2662,301],[51,2708,192],[51,3214,228],[52,328,137],[52,488,83],[52,929,350],[52,929,441],[52,1113,397],[52,1113,254],[52,1113,339],[53,1143,68],[53,1143,452],[53,2126,459],[53,2444,214],[53,2444,338],[53,3207,429],[53,3207,222],[53,3207,85],[54,375,314],[54,375,460],[54,737,249],[54,737,455],[54,753,99],[54,753,55],[54,907,105],[54,1384,215],[54,3440,482],[55,152,139],[55,152,287],[55,567,327],[55,567,151],[55,1016,254],[55,1485,251],[55,3707,79],[56,1895,71],[56,2278,240],[56,2278,388],[56,2278,419],[56,2982,245],[57,1233,60],[57,2488,76],[57,2771,414],[58,816,299],[58,1072,300],[58,1072,72],[58,2071,80],[58,2838,83],[58,3368,61],[58,3524,79],[58,3524,157],[58,3524,462],[58,3524,342],[59,1781,110],[59,2135,489],[59,2361,119],[59,2361,313],[59,2361,223],[59,2591,428],[59,2591,170],[60,836,289],[60,2775,73],[60,3053,436],[60,3920,142],[61,32,270],[61,94,440],[61,791,415],[61,2854,438],[61,2854,104],[61,3534,312],[62,1401,157],[62,1700,339],[62,1889,218],[62,2227,357],[62,2227,115],[62,3189,304],[62,3189,251],[62,3613,263],[63,870,420],[63,870,27],[63,1071,149],[63,1794,157],[63,1794,20],[63,2166,271],[64,1438,231],[64,1438,237],[64,1438,399],[64,1444,332],[64,2557,187],[64,3918,225],[65,403,74],[65,403,212],[65,496,32],[65,496,82],[65,1815,375],[65,2188,485],[65,3247,80],[65,3995,24],[66,490,109],[66,490,171],[66,490,418],[66,1179,225],[66,1179,162],[66,1954,447],[66,1954,448],[66,1954,225],[66,2297,111],[66,3132,144],[67,204,72],[67,204,281],[67,1318,110],[67,2369,58],[67,2584,346],[67,2618,143],[67,3702,480],[67,3713,35],[68,1050,252],[68,1050,56],[68,2306,179],[68,3038,424],[68,3038,200],[68,3114,86],[68,3490,105],[68,3490,139],[68,3550,229],[68,3550,74],[69,500,129],[69,500,277],[69,1531,194],[69,2357,425],[69,3647,412],[69,3647,235],[69,3687,121],[70,294,285],[70,1294,80],[70,1836,441],[70,1836,10],[70,1903,392],[70,2788,157],[70,3861,428],[70,3861,446],[70,3861,145],[71,501,360],[71,501,171],[71,1246,374],[71,1246,92],[71,1468,50],[71,1593,76],[71,1844,330],[71,3217,314],[71,3217,380],[71,3432,162],[72,456,475],[72,998,356],[72,998,293],[72,1430,151],[72,3135,118],[72,3135,378],[73,166,334],[73,1660,77],[73,1660,129],[73,1715,417],[73,2012,460],[73,2012,77],[73,2545,408],[74,197,113],[74,3359,43],[75,397,402],[75,490,109],[75,490,171],[75,490,418],[75,663,8],[75,663,91],[75,1312,478],[75,1312,293],[75,2196,385],[75,3615,140],[76,636,179],[76,636,290],[76,1061,332],[76,1466,78],[76,2433,243],[76,2433,466],[77,125,323],[77,1126,114],[77,1666,103],[77,1666,404],[77,3470,477],[78,475,148],[78,475,161],[78,1690,112],[78,1772,101],[78,2479,90],[78,3063,379],[78,3496,66],[79,1212,174],[79,1212,426],[79,1712,412],[79,1712,297],[79,1925,495],[79,1925,244],[79,2732,43],[79,2732,91],[79,3491,89],[80,1082,263],[80,1472,87],[80,1472,197],[80,2866,467],[80,3843,351],[80,3843,181],[81,241,475],[81,445,48],[81,1623,412],[81,1623,341],[81,2798,13],[81,3225,214],[81,3651,351],[81,3651,269],[81,3651,496],[81,3701,349],[82,30,468],[82,268,162],[82,1870,314],[82,1870,205],[82,1870,453],[82,2688,250],[83,451,98],[83,1699,251],[83,2008,372],[83,2175,111],[83,3520,352],[83,3520,5],[84,345,12],[84,345,48],[84,2407,119],[84,2501,142],[84,2501,159],[84,3128,356],[84,3163,97],[84,3965,352],[85,85,258],[85,1604,175],[85,1604,285],[85,1604,374],[85,1925,495],[85,1925,244],[85,1967,146],[85,2444,214],[85,2444,338],[85,3251,117],[86,1667,489],[86,1941,463],[86,2856,23],[86,3802,96],[86,3802,107],[86,3817,458],[87,254,290],[87,914,63],[87,914,150],[87,1312,478],[87,1312,293],[87,1407,362],[87,1407,480],[87,1407,293],[87,3509,95],[87,3509,483],[87,3509,370],[88,748,328],[88,1002,95],[88,1027,162],[88,1178,214],[88,1178,236],[88,3773,326],[89,55,186],[89,1285,488],[89,2626,265],[89,3553,173],[90,348,19],[90,348,278],[90,348,495],[90,1022,487],[90,1529,326],[91,1641,340],[91,1833,265],[91,1833,387],[91,2107,219],[92,15,313],[92,594,181],[92,594,296],[92,594,497],[92,908,296],[92,2009,132],[92,2009,230],[92,2610,44],[92,2610,183],[93,855,261],[93,1605,129],[93,2099,401],[93,2550,474],[93,2550,411],[94,411,225],[94,696,325],[94,1216,411],[94,1508,480],[94,2081,208],[94,2173,114],[94,3193,493],[94,3193,2],[95,120,205],[95,827,181],[95,1611,375],[95,1611,303],[95,3989,131],[96,144,56],[96,144,301],[96,395,139],[96,395,199],[96,1319,25],[96,1319,493],[96,1319,339],[96,2203,152],[96,2203,324],[97,1289,181],[97,1289,55],[97,1310,175],[97,1438,231],[97,1438,237],[97,1438,399],[97,3148,367],[97,3148,202],[97,3148,232],[97,3529,37],[97,3529,112],[97,3795,52],[98,203,135],[98,2018,99],[98,3207,429],[98,3207,222],[98,3207,85],[98,3958,361],[99,1798,204],[99,1798,238],[99,1799,104],[99,1799,230],[99,3090,18],[99,3090,392],[99,3399,296],[99,3399,498],[100,443,14],[100,500,129],[100,500,277],[100,506,195],[100,758,159],[100,758,261],[101,697,98],[101,1870,314],[101,1870,205],[101,1870,453],[101,2317,410],[101,2317,414],[101,2317,169],[101,2580,448],[101,2580,181],[101,2820,301],[101,3916,82],[102,928,232],[102,1321,416],[102,1660,77],[102,1660,129],[102,1811,351],[102,2318,264],[102,2318,464],[102,2978,122],[102,3035,466],[103,760,352],[103,760,45],[103,1672,489],[103,1672,368],[103,1672,127],[103,2056,198],[103,2474,192],[103,3373,141],[103,3373,201],[103,3500,321],[104,133,118],[104,252,355],[104,2737,411],[104,3647,412],[104,3647,235],[104,3708,206],[105,592,496],[105,939,423],[105,3439,410],[105,3665,156],[106,192,160],[106,192,208],[106,1375,388],[106,1483,262],[106,1632,201],[106,1632,326],[106,1632,315],[106,1790,45],[106,1790,470],[106,2523,22],[106,2523,160],[107,46,110],[107,838,383],[107,1080,293],[107,1212,174],[107,1212,426],[107,1219,432],[107,1431,406],[107,1692,94],[108,201,36],[108,201,142],[108,201,426],[108,433,202],[108,1334,427],[108,2014,174],[108,3271,475],[108,3271,278],[108,3808,193],[109,2361,119],[109,2361,313],[109,2361,223],[109,2936,297],[109,2956,463],[109,3566,402],[109,3566,117],[110,357,465],[110,701,256],[110,701,84],[110,1652,468],[110,1652,456],[110,2824,138],[110,2824,151],[111,311,385],[111,311,348],[111,2597,468],[111,3660,230],[112,440,91],[112,737,249],[112,737,455],[112,1583,290],[112,1726,116],[112,2924,386],[113,267,324],[113,339,417],[113,1930,141],[113,1930,380],[113,2307,244],[113,2705,362],[113,2705,342],[114,1200,124],[114,1200,11],[114,1966,97],[114,3383,126],[114,3384,297],[114,3498,242],[115,393,149],[115,2501,142],[115,2501,159],[115,3434,222],[115,3829,130],[116,851,53],[116,1141,268],[116,2415,74],[116,2415,250],[116,2415,82],[116,3509,95],[116,3509,483],[116,3509,370],[116,3746,268],[117,403,74],[117,403,212],[117,1235,99],[117,1235,331],[117,1879,300],[117,2030,376],[117,2030,203],[117,3003,496],[118,665,438],[118,2644,209],[118,3458,352],[119,25,93],[119,1817,24],[119,1817,290],[119,1973,144],[119,1973,305],[119,1973,347],[119,2294,249],[119,2495,142],[119,3548,145],[120,631,380],[120,631,402],[120,1675,232],[120,2984,128],[120,3480,435],[120,3655,414],[121,182,481],[121,490,109],[121,490,171],[121,490,418],[121,2026,180],[121,2616,445],[121,2616,28],[121,2616,366],[121,2728,326],[121,2728,155],[121,2841,445],[121,3816,413],[122,420,145],[122,420,234],[122,420,487],[122,602,328],[122,1525,444],[122,3109,168],[122,3123,193],[123,1875,428],[123,1875,202],[123,2842,3],[123,3158,196],[123,3344,346],[123,3861,428],[123,3861,446],[123,3861,145],[123,3962,211],[124,111,260],[124,111,374],[124,111,304],[124,2327,162],[125,1386,12],[125,2599,341],[125,2740,141],[125,2794,387],[125,3176,495],[125,3184,156],[125,3468,229],[125,3468,438],[126,102,133],[126,102,381],[126,102,452],[126,2110,492],[126,2110,405],[126,2317,410],[126,2317,414],[126,2317,169],[126,3568,173],[127,250,165],[127,541,246],[127,541,225],[127,731,364],[127,778,233],[127,1542,105],[127,2004,169],[128,925,50],[128,925,247],[128,2796,210],[128,2880,136],[128,3577,434],[129,1407,362],[129,1407,480],[129,1407,293],[129,1559,278],[129,1559,414],[129,2221,191],[129,3141,233],[129,3732,389],[129,3732,136],[130,2214,264],[130,3668,193],[130,3668,150],[130,3851,135],[130,3969,63],[131,1175,39],[131,2278,240],[131,2278,388],[131,2278,419],[131,2728,326],[131,2728,155],[131,2943,317],[131,3130,218],[131,3130,73],[132,676,124],[132,676,429],[132,1165,133],[132,2203,152],[132,2203,324],[132,3420,466],[133,883,113],[133,1298,233],[133,2153,308],[133,2468,290],[133,3029,466],[134,714,253],[134,1290,237],[134,1293,18],[134,2259,449],[134,2259,495],[134,2365,355],[134,3373,141],[134,3373,201],[135,2045,207],[135,3517,437],[135,3899,136],[135,3899,398],[136,945,413],[136,945,451],[136,1142,260],[136,2872,102],[136,3794,195],[137,303,234],[137,1734,40],[137,3031,172],[138,204,72],[138,204,281],[138,462,51],[138,462,140],[138,1594,226],[138,1704,487],[138,2108,206],[138,2176,453],[139,690,147],[139,1113,397],[139,1113,254],[139,1113,339],[139,2155,93],[139,2581,174],[139,2581,413],[139,3689,252],[139,3689,308],[140,152,139],[140,152,287],[140,578,166],[140,798,64],[140,2337,402],[141,594,181],[141,594,296],[141,594,497],[141,2908,196],[141,3138,24],[141,3138,324],[141,3138,356],[141,3524,79],[141,3524,157],[141,3524,462],[141,3524,342],[141,3536,25],[142,918,256],[142,918,349],[142,918,179],[142,1775,342],[142,3335,237],[143,540,345],[143,540,448],[143,540,348],[143,1145,398],[143,1145,169],[143,1252,410],[143,1697,103],[143,2178,498],[143,2178,441],[143,2570,337],[144,201,36],[144,201,142],[144,201,426],[144,598,293],[144,715,166],[144,3835,135],[145,279,402],[145,279,462],[145,1223,314],[145,1683,358],[145,1683,464],[145,3081,370],[146,475,148],[146,475,161],[146,1045,422],[146,2170,242],[146,2689,201],[146,3721,198],[147,1247,241],[147,1638,454],[147,1638,99],[147,2840,173],[147,2840,403],[147,3070,289],[147,3334,214],[147,3883,336],[148,340,196],[148,1472,87],[148,1472,197],[148,2781,306],[148,2781,242],[148,3256,474],[148,3256,167],[149,412,431],[149,412,500],[149,412,473],[149,948,221],[149,948,169],[149,1297,157],[149,1297,197],[149,2096,385],[149,2585,316],[149,3716,171],[150,694,333],[150,1875,428],[150,1875,202],[150,1930,141],[150,1930,380],[151,102,133],[151,102,381],[151,102,452],[151,231,306],[151,231,419],[151,231,442],[151,1153,106],[151,1153,247],[151,1564,317],[151,1564,432],[151,1629,57],[152,1579,25],[152,1579,4],[152,2374,158],[152,2635,210],[152,3255,268],[152,3255,14],[153,11,128],[153,11,286],[153,1066,286],[153,1074,374],[153,1074,450],[153,1410,374],[153,2158,323],[153,2158,310],[153,2158,373],[153,2226,412],[153,2456,228],[154,159,291],[154,1324,189],[154,1324,424],[154,2012,460],[154,2012,77],[154,2359,189],[154,2492,483],[154,3978,309],[154,3978,442],[155,62,304],[155,62,488],[155,295,180],[155,1774,17],[155,3024,236],[156,39,185],[156,636,179],[156,636,290],[156,1803,368],[156,2441,444],[156,2441,460],[157,3246,417],[157,3246,457],[157,3922,137],[158,57,170],[158,1680,28],[158,2437,437],[158,2437,371],[158,2752,494],[158,3296,108],[159,3606,344],[159,3606,93],[160,205,438],[160,1416,445],[160,1922,112],[160,2002,447],[160,2002,306],[160,2706,265],[160,3015,336],[161,309,386],[161,914,63],[161,914,150],[161,1475,345],[161,2400,188],[161,3874,316],[162,187,220],[162,919,380],[162,2028,269],[163,1329,9],[163,1579,25],[163,1579,4],[163,1898,432],[163,2754,233],[164,1984,59],[164,2222,18],[164,2556,212],[165,460,303],[165,460,270],[165,616,411],[165,1174,384],[165,1174,425],[165,1474,409],[165,1882,257],[166,91,238],[166,91,291],[166,744,349],[166,744,421],[166,744,199],[166,817,184],[166,3148,367],[166,3148,202],[166,3148,232],[166,3207,429],[166,3207,222],[166,3207,85],[166,3565,472],[166,3565,476],[167,640,220],[167,701,256],[167,701,84],[167,818,388],[167,818,433],[167,818,415],[167,2058,452],[167,2094,242],[167,2094,474],[167,2094,52],[167,2164,382],[167,2164,176],[167,2432,159],[168,178,331],[168,587,260],[168,1153,106],[168,1153,247],[168,1818,214],[168,1818,217],[168,2340,175],[168,3616,350],[168,3616,399],[168,3616,487],[169,1612,238],[169,2593,427],[170,298,279],[170,1018,449],[170,1319,25],[170,1319,493],[170,1319,339],[170,2502,339],[171,2643,181],[172,26,137],[172,26,409],[172,225,470],[172,2616,445],[172,2616,28],[172,2616,366],[172,3697,53],[172,3697,264],[173,338,461],[173,386,485],[173,2611,432],[173,3729,303],[174,637,232],[174,2555,178],[174,2676,273],[174,2989,362],[175,206,240],[175,3250,267],[176,487,116],[176,664,441],[176,723,474],[176,2361,119],[176,2361,313],[176,2361,223],[176,3104,391],[176,3108,152],[177,384,38],[177,744,349],[177,744,421],[177,744,199],[177,2022,111],[177,3253,350],[177,3594,486],[177,3594,264],[177,3619,318],[177,3619,118],[178,915,195],[178,1724,284],[178,2560,476],[178,2560,287],[178,2678,189],[178,3861,428],[178,3861,446],[178,3861,145],[179,782,133],[179,1562,217],[180,826,179],[180,1178,214],[180,1178,236],[180,2020,394],[180,3833,434],[181,1118,276],[182,789,340],[182,1044,140],[182,1435,422],[182,1435,233],[182,2104,440],[182,2947,481],[182,3533,198],[182,3657,416],[183,779,326],[183,779,280],[183,2293,49],[183,2521,3],[183,2954,80],[183,3621,294],[184,122,154],[184,829,398],[184,967,183],[184,967,401],[184,3127,192],[184,3127,219],[184,3127,155],[184,3911,354],[185,192,160],[185,192,208],[185,1114,362],[185,1701,444],[185,2429,256],[185,3320,254],[185,3320,420],[186,1691,382],[186,2171,273],[186,2171,451],[186,3166,240],[186,3555,367],[186,3555,3],[187,147,365],[187,229,453],[187,257,368],[187,257,323],[187,567,327],[187,567,151],[187,1221,375],[187,1221,426],[187,1581,345],[188,209,132],[188,407,368],[188,892,330],[188,1955,278],[189,686,418],[189,1436,327],[189,3689,252],[189,3689,308],[189,3782,256],[190,531,415],[190,1158,475],[190,2216,170],[190,2216,393],[190,2481,457],[190,3646,415],[190,3646,56],[191,783,86],[191,783,77],[191,814,373],[191,1072,300],[191,1072,72],[191,1147,74],[191,1147,252],[191,1604,175],[191,1604,285],[191,1604,374],[192,1824,148],[192,2859,221],[192,3519,292],[193,22,244],[193,22,291],[193,22,430],[193,986,101],[193,1030,4],[193,1750,416],[194,991,248],[194,991,75],[194,1179,225],[194,1179,162],[194,2073,464],[194,3645,461],[194,3682,465],[195,940,216],[195,1031,309],[195,1534,352],[195,2603,482],[196,410,478],[196,670,184],[196,1177,359],[196,1177,451],[196,1420,204],[196,3899,136],[196,3899,398],[197,872,481],[197,987,481],[197,989,304],[197,1101,499],[197,2760,242],[197,3110,96],[198,1169,264],[198,1307,190],[198,2890,191],[199,139,18],[199,1225,109],[199,1225,470],[199,3237,259],[199,3566,402],[199,3566,117],[199,3628,368],[199,3628,247],[199,3628,277],[200,223,250],[200,1438,231],[200,1438,237],[200,1438,399],[200,1886,345],[200,1886,371],[200,3825,27],[200,3886,132],[201,1676,298],[201,1676,360],[201,2271,298],[201,3040,454],[201,3442,294],[201,3442,491],[202,1729,439],[202,1729,451],[202,2016,244],[202,3460,240],[202,3802,96],[202,3802,107],[203,1014,12],[203,1014,420],[203,1443,414],[203,1695,372],[203,1797,455],[203,1797,247],[203,1797,334],[203,3320,254],[203,3320,420],[204,2476,456],[204,2974,457],[204,3628,368],[204,3628,247],[204,3628,277],[205,3654,265],[205,3977,316],[205,3997,363],[205,3997,486],[205,3997,299],[206,1174,384],[206,1174,425],[206,1830,427],[206,1908,356],[206,1908,362],[206,1908,438],[206,3986,270],[206,3986,220],[207,706,159],[207,1057,73],[207,1377,374],[207,2491,228],[207,2696,292],[207,2874,38],[208,148,239],[208,234,30],[208,1224,213],[208,2395,461],[208,2666,486],[209,551,257],[209,1009,325],[209,1783,440],[209,2825,247],[209,3173,126],[209,3173,334],[209,3996,84],[210,1176,40],[210,1176,310],[210,1319,25],[210,1319,493],[210,1319,339],[210,1445,227],[210,1456,354],[210,1456,65],[210,1792,472],[210,1792,21],[211,334,222],[211,444,379],[211,444,440],[211,3591,171],[211,3894,91],[212,41,238],[212,41,280],[212,837,480],[212,2417,214],[212,2417,496],[212,3669,89],[212,3921,469],[212,3921,292],[213,925,50],[213,925,247],[213,1457,276],[213,2185,305],[214,1145,398],[214,1145,169],[215,1248,51],[215,1624,396],[215,1896,189],[216,293,211],[216,293,219],[216,326,435],[216,478,353],[216,478,217],[216,961,217],[216,2677,262],[216,2677,355],[216,3632,212],[217,258,381],[217,394,273],[217,1120,29],[218,676,124],[218,676,429],[218,951,215],[218,2594,466],[218,3121,333],[219,218,415],[219,1083,261],[219,1105,378],[219,1105,473],[219,2317,410],[219,2317,414],[219,2317,169],[220,2101,375],[220,2101,497],[220,2419,354],[220,3521,255],[221,1162,251],[221,1764,396],[221,1886,345],[221,1886,371],[221,2704,351],[222,1008,310],[222,1008,420],[222,1008,461],[222,1213,184],[222,3077,455],[222,3090,18],[222,3090,392],[223,1276,370],[223,1547,283],[223,2122,274],[223,2122,154],[223,2354,499],[223,2929,423],[223,2929,421],[224,387,309],[224,1514,46],[224,1798,204],[224,1798,238],[224,1947,467],[224,2806,396],[224,3452,273],[225,507,79],[225,3811,265],[226,260,223],[226,260,338],[226,818,388],[226,818,433],[226,818,415],[226,2587,11],[226,2587,183],[226,2587,448],[226,3309,248],[227,880,321],[227,880,334],[227,1465,272],[227,3363,493],[228,554,286],[228,1807,407],[228,2313,407],[228,2498,171],[228,2498,405],[228,3742,406],[228,3742,412],[229,784,447],[229,1148,414],[229,2086,363],[229,2086,426],[229,2278,240],[229,2278,388],[229,2278,419],[230,943,360],[230,1176,40],[230,1176,310],[230,1917,400],[230,3168,182],[230,3668,193],[230,3668,150],[231,1063,371],[231,1063,455],[231,1902,420],[232,1199,202],[232,1199,439],[232,2423,320],[232,2423,217],[233,262,382],[233,1230,458],[234,625,383],[234,1283,500],[234,1371,399],[234,1908,356],[234,1908,362],[234,1908,438],[234,2898,481],[234,2987,322],[235,348,19],[235,348,278],[235,348,495],[235,1404,147],[235,1404,227],[235,1973,144],[235,1973,305],[235,1973,347],[235,2250,465],[236,976,144],[236,1360,288],[236,1532,425],[236,1713,498],[236,1713,194],[236,2812,327],[236,3124,488],[237,2086,363],[237,2086,426],[237,2164,382],[237,2164,176],[237,3871,282],[237,3871,392],[238,1129,316],[238,3697,53],[238,3697,264],[238,3834,343],[239,926,452],[239,929,350],[239,929,441],[239,1874,259],[239,1874,281],[239,2158,323],[239,2158,310],[239,2158,373],[239,3820,34],[239,3820,218],[239,3820,275],[239,3820,397],[240,418,499],[240,2705,362],[240,2705,342],[240,2835,341],[241,196,169],[241,1320,360],[241,1855,390],[241,2268,261],[241,3189,304],[241,3189,251],[242,368,248],[242,478,353],[242,478,217],[242,2663,246],[243,1091,235],[243,2423,320],[243,2423,217],[243,2661,60],[243,2661,266],[243,3210,284],[243,3275,164],[243,3417,476],[243,3587,300],[244,1426,165],[244,1915,359],[244,2210,240],[245,793,180],[245,2897,91],[245,3319,389],[245,3628,368],[245,3628,247],[245,3628,277],[246,932,353],[246,932,418],[246,1778,445],[246,2087,252],[246,2793,304],[246,2959,272],[246,3374,488],[246,3374,495],[247,356,205],[247,1303,373],[247,2287,457],[248,1105,378],[248,1105,473],[248,3098,409],[248,3283,477],[248,3737,288],[249,1011,92],[249,1237,391],[249,1679,394],[249,2072,376],[250,918,256],[250,918,349],[250,918,179],[250,1712,412],[250,1712,297],[250,2275,428],[250,2447,407],[250,3246,417],[250,3246,457],[251,635,394],[251,741,198],[251,2899,114],[252,785,258],[252,1388,337],[252,2780,181],[252,3836,386],[253,210,8],[253,831,215],[253,831,466],[253,1199,202],[253,1199,439],[253,1257,24],[253,1551,156],[253,3661,120],[254,459,164],[254,459,213],[254,1913,367],[254,2877,158],[254,3684,268],[254,3684,356],[255,31,248],[255,31,372],[255,1949,237],[255,2101,375],[255,2101,497],[255,2888,63],[255,2888,195],[255,3354,472],[255,3550,229],[255,3550,74],[256,1309,109],[256,1309,325],[256,2304,498],[256,2304,490],[257,1254,484],[257,2119,185],[257,2119,381],[257,2158,323],[257,2158,310],[257,2158,373],[257,2923,200],[257,3240,441],[258,730,292],[258,1124,340],[258,2509,472],[259,967,183],[259,967,401],[259,3130,218],[259,3130,73],[259,3973,468],[259,3973,54],[260,279,402],[260,279,462],[260,880,321],[260,880,334],[260,1739,461],[260,2440,135],[260,3116,382],[260,3116,132],[261,76,401],[261,710,297],[261,2443,305],[261,2443,432],[262,1358,320],[262,1604,175],[262,1604,285],[262,1604,374],[262,3410,213],[262,3634,95],[262,3877,298],[263,526,491],[263,904,369],[263,2551,323],[263,3235,9],[263,3242,335],[264,3484,52],[265,2065,267],[265,2756,157],[265,3193,493],[265,3193,2],[266,480,289],[266,480,205],[266,1189,288],[266,1494,294],[266,1672,489],[266,1672,368],[266,1672,127],[266,1849,500],[266,2180,279],[266,2462,271],[267,564,363],[267,2122,274],[267,2122,154],[267,2346,270],[267,2795,472],[267,3831,70],[267,3831,46],[268,1666,103],[268,1666,404],[268,2439,275],[268,3971,89],[269,257,368],[269,257,323],[269,576,369],[269,627,163],[269,1973,144],[269,1973,305],[269,1973,347],[270,501,360],[270,501,171],[270,2560,476],[270,2560,287],[271,107,471],[271,1177,359],[271,1177,451],[271,1606,346],[271,1606,27],[271,3156,159],[272,1267,451],[272,1672,489],[272,1672,368],[272,1672,127],[272,3501,145],[272,3818,469],[272,3818,420],[272,3938,382],[272,3938,304],[273,1652,468],[273,1652,456],[273,1661,427],[273,2356,349],[274,465,430],[274,783,86],[274,783,77],[274,2156,283],[274,2156,347],[274,2930,38],[274,3011,320],[275,1183,370],[275,2160,404],[275,2546,316],[275,2546,450],[275,3476,295],[275,3618,492],[275,3684,268],[275,3684,356],[276,1997,404],[276,2068,392],[276,2918,494],[276,3232,330],[276,3474,191],[277,1229,424],[277,1707,489],[277,2154,413],[277,3385,389],[277,3399,296],[277,3399,498],[278,805,72],[278,3256,474],[278,3256,167],[278,3524,79],[278,3524,157],[278,3524,462],[278,3524,342],[279,429,315],[279,460,303],[279,460,270],[279,705,432],[279,2997,380],[279,3172,299],[279,3332,445],[279,3332,140],[280,754,150],[280,1519,231],[280,2412,437],[280,3651,351],[280,3651,269],[280,3651,496],[281,22,244],[281,22,291],[281,22,430],[281,623,296],[281,973,479],[281,1857,187],[281,1908,356],[281,1908,362],[281,1908,438],[281,2097,453],[282,348,19],[282,348,278],[282,348,495],[282,470,329],[282,2454,213],[282,3236,465],[282,3238,357],[282,3255,268],[282,3255,14],[283,1606,346],[283,1606,27],[283,2885,116],[283,2945,47],[283,3233,46],[283,3233,227],[284,419,303],[284,419,364],[284,2110,492],[284,2110,405],[284,2436,430],[284,2742,483],[284,2742,295],[284,3505,317],[284,3505,492],[284,3820,34],[284,3820,218],[284,3820,275],[284,3820,397],[285,2437,437],[285,2437,371],[285,2484,314],[285,2883,436],[286,822,86],[286,1322,233],[286,2299,309],[286,2299,36],[286,2539,354],[286,3138,24],[286,3138,324],[286,3138,356],[287,395,139],[287,395,199],[287,533,100],[287,2810,10],[287,3019,206],[287,3866,452],[287,3866,68],[288,594,181],[288,594,296],[288,594,497],[288,1217,401],[288,1559,278],[288,1559,414],[288,2559,361],[288,3907,411],[289,1846,244],[289,3609,130],[290,1239,319],[290,1569,200],[290,1569,190],[291,111,260],[291,111,374],[291,111,304],[291,1843,471],[291,1843,490],[291,2048,307],[291,2048,223],[291,3905,408],[291,3905,424],[291,3905,396],[292,546,407],[292,595,21],[292,595,310],[292,595,402],[292,1341,460],[292,2768,58],[292,2768,70],[293,144,56],[293,144,301],[293,3490,105],[293,3490,139],[294,2473,211],[294,3164,218],[294,3831,70],[294,3831,46],[295,82,492],[295,548,357],[295,548,307],[295,2227,357],[295,2227,115],[295,2592,357],[295,3804,407],[296,2498,171],[296,2498,405],[296,3244,126],[297,331,307],[297,2520,33],[297,2520,9],[297,2610,44],[297,2610,183],[297,3616,350],[297,3616,399],[297,3616,487],[298,559,343],[298,1452,411],[298,2496,367],[298,2496,494],[298,2781,306],[298,2781,242],[299,371,88],[299,1982,319],[299,2325,316],[299,2325,124],[300,517,450],[300,553,134],[300,1191,458],[300,1191,469],[300,3346,400],[300,3818,469],[300,3818,420],[301,1226,493],[301,1226,311],[301,1698,123],[301,1698,2],[301,1698,432],[301,1745,365],[301,2967,319],[302,129,319],[302,842,115],[302,1074,374],[302,1074,450],[302,2197,272],[302,2257,316],[302,2487,492],[303,1432,185],[303,1870,314],[303,1870,205],[303,1870,453],[303,2019,267],[303,2019,251],[304,2739,481],[304,2739,375],[305,48,444],[305,263,396],[305,434,328],[305,1463,463],[305,2934,383],[306,536,321],[306,1735,479],[306,3461,341],[306,3623,452],[306,3623,123],[306,3843,351],[306,3843,181],[307,2249,313],[307,2662,164],[307,2662,301],[307,2675,435],[307,2675,426],[307,3418,459],[307,3418,325],[308,420,145],[308,420,234],[308,420,487],[308,750,262],[308,750,296],[308,3505,317],[308,3505,492],[309,2802,369],[309,3695,319],[310,1711,361],[310,2747,109],[310,3099,135],[310,3099,345],[310,3744,111],[311,124,319],[311,1751,50],[311,1851,467],[311,3791,241],[311,3791,423],[312,2876,378],[312,3058,483],[312,3058,6],[312,3103,388],[312,3309,248],[313,1215,403],[313,3428,329],[314,2285,349],[314,3761,256],[314,3761,400],[315,297,369],[315,974,377],[315,1564,317],[315,1564,432],[315,3074,144],[315,3074,409],[315,3282,433],[315,3784,8],[315,3784,463],[317,747,405],[317,1907,457],[317,1907,443],[317,2042,96],[317,2042,148],[317,3820,34],[317,3820,218],[317,3820,275],[317,3820,397],[318,1317,357],[318,1317,384],[318,2159,384],[318,2441,444],[318,2441,460],[318,3640,427],[319,520,337],[319,520,363],[320,11,128],[320,11,286],[320,337,170],[320,337,331],[320,1698,123],[320,1698,2],[320,1698,432],[320,2256,492],[321,65,76],[321,1476,216],[321,3663,106],[321,3984,464],[322,264,455],[322,1308,115],[322,1621,459],[322,1664,253],[322,2172,384],[322,2824,138],[322,2824,151],[323,2171,273],[323,2171,451],[323,2615,366],[323,2677,262],[323,2677,355],[323,3940,437],[324,540,345],[324,540,448],[324,540,348],[324,1456,354],[324,1456,65],[324,3875,186],[324,3875,313],[324,3914,128],[325,611,423],[325,661,474],[325,1056,146],[325,1611,375],[325,1611,303],[326,79,335],[326,2944,380],[326,3010,308],[327,988,220],[327,988,72],[327,1317,357],[327,1317,384],[327,1588,1],[327,2715,321],[327,3316,363],[328,580,396],[328,1047,422],[328,1261,381],[328,1261,487],[328,1808,378],[328,3674,416],[329,242,456],[329,296,469],[329,2042,96],[329,2042,148],[329,2262,417],[329,2578,221],[329,3679,459],[330,657,171],[330,657,165],[330,1622,137],[330,2264,469],[330,3325,377],[331,40,477],[331,2005,83],[331,2005,500],[331,2119,185],[331,2119,381],[331,3188,63],[332,948,221],[332,948,169],[332,1274,499],[332,1274,418],[332,2534,299],[332,3135,118],[332,3135,378],[332,3743,429],[333,2,433],[333,874,356],[333,1964,175],[333,3173,126],[333,3173,334],[333,3280,74],[334,1008,310],[334,1008,420],[334,1008,461],[334,3578,220],[334,3578,395],[334,3722,330],[335,1796,443],[335,2496,367],[335,2496,494],[335,2724,365],[335,3606,344],[335,3606,93],[335,3932,161],[336,71,3],[336,2616,445],[336,2616,28],[336,2616,366],[336,3058,483],[336,3058,6],[336,3336,232],[337,1791,98],[337,2216,170],[337,2216,393],[337,2963,357],[337,3827,20],[338,105,23],[338,950,164],[338,950,358],[338,1112,66],[338,1818,214],[338,1818,217],[338,2517,269],[339,753,99],[339,753,55],[339,3600,20],[339,3600,271],[340,248,491],[340,1347,22],[340,2270,136],[340,2721,177],[340,3607,390],[341,343,396],[341,3699,362],[341,3809,368],[341,3809,249],[342,184,249],[342,260,223],[342,260,338],[342,1008,310],[342,1008,420],[342,1008,461],[342,1617,277],[343,1117,399],[343,2030,376],[343,2030,203],[343,3557,134],[343,3838,360],[343,3950,436],[343,3950,473],[344,728,227],[344,1048,203],[344,1338,499],[344,2443,305],[344,2443,432],[344,3541,317],[345,2568,434],[345,2854,438],[345,2854,104],[345,3312,438],[346,110,82],[346,311,385],[346,311,348],[346,2647,358],[347,135,403],[347,1102,494],[347,1102,421],[347,1316,415],[347,1683,358],[347,1683,464],[347,3362,459],[348,150,450],[348,610,442],[348,679,490],[348,679,176],[348,691,385],[348,895,365],[348,1804,419],[349,1357,463],[349,2371,493],[349,3045,360],[350,1034,421],[350,1102,494],[350,1102,421],[350,1742,20],[350,3369,290],[351,265,446],[351,1871,454],[351,2330,111],[352,2801,69],[352,3528,496],[352,3638,444],[353,323,482],[353,323,471],[353,1864,434],[353,1946,428],[353,3921,469],[353,3921,292],[353,3998,480],[354,1218,28],[354,1218,451],[354,2596,295],[354,3142,439],[355,503,497],[355,1639,423],[355,2625,476],[355,3524,79],[355,3524,157],[355,3524,462],[355,3524,342],[355,3562,474],[356,2739,481],[356,2739,375],[357,3427,341],[357,3427,430],[358,420,145],[358,420,234],[358,420,487],[358,1638,454],[358,1638,99],[358,2751,239],[358,3742,406],[358,3742,412],[359,337,170],[359,337,331],[359,1843,471],[359,1843,490],[359,2588,385],[359,2674,378],[359,3910,388],[359,3910,485],[360,876,419],[361,100,493],[361,1729,439],[361,1729,451],[361,1733,490],[361,3791,241],[361,3791,423],[362,3973,468],[362,3973,54],[363,1571,143],[363,1571,421],[363,2233,308],[364,199,285],[364,199,169],[364,1068,423],[364,2033,302],[364,2204,338],[364,3694,188],[365,2807,488],[365,3457,368],[366,758,159],[366,758,261],[366,1246,374],[366,1246,92],[366,2057,17],[366,2303,441],[366,2493,472],[367,1041,105],[367,1755,446],[367,3912,232],[369,1702,206],[369,2573,21],[369,2620,344],[369,2620,188],[370,1561,9],[370,2564,283],[370,2834,404],[371,1221,375],[371,1221,426],[371,1817,24],[371,1817,290],[371,1826,463],[371,2025,148],[371,2165,387],[372,595,21],[372,595,310],[372,595,402],[372,744,349],[372,744,421],[372,744,199],[372,1987,490],[372,2433,243],[372,2433,466],[373,713,57],[373,713,464],[373,2929,423],[373,2929,421],[373,3418,459],[373,3418,325],[374,3408,41],[375,1713,498],[375,1713,194],[375,2490,495],[375,3975,377],[376,454,473],[376,2277,446],[376,2549,393],[376,3009,88],[376,3155,289],[376,3792,130],[377,1040,385],[377,1113,397],[377,1113,254],[377,1113,339],[377,2580,448],[377,2580,181],[377,2772,227],[377,2939,406],[378,26,137],[378,26,409],[378,351,429],[379,323,482],[379,323,471],[379,870,420],[379,870,27],[379,947,108],[379,3588,150],[379,3978,309],[379,3978,442],[380,1571,143],[380,1571,421],[380,3890,171],[381,412,431],[381,412,500],[381,412,473],[381,2052,455],[381,3616,350],[381,3616,399],[381,3616,487],[382,497,365],[383,2390,400],[383,3593,274],[384,868,311],[384,3245,449],[385,1623,412],[385,1623,341],[385,2312,276],[386,549,92],[386,549,393],[386,688,477],[386,1450,36],[386,2543,163],[386,2543,231],[386,2602,447],[387,2094,242],[387,2094,474],[387,2094,52],[387,2120,390],[387,2120,238],[387,2120,455],[387,3179,393],[388,181,90],[388,1220,282],[388,1220,55],[389,2581,174],[389,2581,413],[389,3038,424],[389,3038,200],[389,3820,34],[389,3820,218],[389,3820,275],[389,3820,397],[389,3905,408],[389,3905,424],[389,3905,396],[389,3976,424],[390,752,491],[390,1399,361],[390,1860,400],[390,2139,333],[390,2139,435],[391,946,465],[391,946,156],[391,1225,109],[391,1225,470],[391,1256,395],[391,2232,483],[391,2232,431],[391,3095,485],[391,3326,423],[392,142,270],[392,1242,93],[392,1366,10],[392,2732,43],[392,2732,91],[393,111,260],[393,111,374],[393,111,304],[393,1206,287],[393,1573,130],[393,1790,45],[393,1790,470],[394,285,416],[394,2675,435],[394,2675,426],[394,2932,462],[394,3048,440],[394,3445,399],[394,3445,480],[395,1686,283],[395,2494,459],[395,2953,465],[396,1407,362],[396,1407,480],[396,1407,293],[397,1608,467],[397,3761,256],[397,3761,400],[398,514,5],[398,1927,65],[398,2426,205],[398,2478,98],[398,3271,475],[398,3271,278],[399,3269,100],[400,1794,157],[400,1794,20],[400,1797,455],[400,1797,247],[400,1797,334],[401,10,258],[401,10,309],[401,2442,405],[402,1706,186],[402,3641,485],[403,663,8],[403,663,91],[403,1799,104],[403,1799,230],[403,3445,399],[403,3445,480],[404,595,21],[404,595,310],[404,595,402],[404,800,17],[404,2098,245],[404,2098,337],[405,540,345],[405,540,448],[405,540,348],[405,1084,43],[405,1244,424],[406,631,380],[406,631,402],[406,1297,157],[406,1297,197],[407,1944,412],[407,1944,122],[407,2884,473],[407,3982,460],[408,459,164],[408,459,213],[408,946,465],[408,946,156],[408,1876,69],[408,1876,410],[408,3968,465],[409,62,304],[409,62,488],[409,2546,316],[409,2546,450],[410,324,434],[410,1156,439],[410,1218,28],[410,1218,451],[410,2875,384],[412,1963,124],[412,1963,347],[413,1235,99],[413,1235,331],[413,2021,298],[413,2021,4],[413,3080,56],[414,1351,204],[415,482,194],[415,482,482],[415,3997,363],[415,3997,486],[415,3997,299],[416,704,115],[416,3194,213],[417,1143,68],[417,1143,452],[417,1274,499],[417,1274,418],[417,1954,447],[417,1954,448],[417,1954,225],[418,945,413],[418,945,451],[418,1226,493],[418,1226,311],[418,3875,186],[418,3875,313],[419,1488,179],[419,2619,90],[419,2764,343],[419,2764,199],[419,3991,235],[419,3991,433],[420,2774,491],[421,774,470],[421,1271,470],[421,3405,470],[422,485,313],[422,1010,208],[422,2723,440],[422,3786,215],[422,3786,66],[424,1170,425],[424,3129,489],[425,689,41],[426,2232,483],[426,2232,431],[427,1050,252],[427,1050,56],[427,1736,436],[428,404,155],[428,1553,131],[428,3991,235],[428,3991,433],[429,158,334],[429,2764,343],[429,2764,199],[429,3427,341],[429,3427,430],[429,3678,241],[430,92,59],[430,2304,498],[430,2304,490],[430,3723,370],[431,1797,455],[431,1797,247],[431,1797,334],[431,2179,443],[431,2649,180],[432,342,125],[433,231,306],[433,231,419],[433,231,442],[433,1956,467],[433,3444,430],[434,1155,8],[434,2587,11],[434,2587,183],[434,2587,448],[435,42,433],[435,75,118],[435,102,133],[435,102,381],[435,102,452],[436,1323,387],[436,2147,77],[436,2693,312],[436,3117,256],[437,762,204],[438,155,400],[439,794,462],[439,801,486],[439,1493,480],[441,1725,175],[441,3116,382],[441,3116,132],[442,219,76],[442,1286,443],[442,1350,443],[442,2230,395],[443,649,487],[443,1261,381],[443,1261,487],[444,499,120],[444,3950,436],[444,3950,473],[445,2543,163],[445,2543,231],[445,3374,488],[445,3374,495],[446,2450,346],[447,2120,390],[447,2120,238],[447,2120,455],[447,3423,482],[447,3423,90],[447,3423,164],[447,3944,152],[447,3944,482],[448,1657,403],[448,3619,318],[448,3619,118],[449,727,210],[449,2683,481],[449,3565,472],[449,3565,476],[450,31,248],[450,31,372],[450,1362,237],[450,1744,294],[450,3442,294],[450,3442,491],[451,389,168],[452,3981,449],[453,1190,476],[453,1191,458],[453,1191,469],[453,3308,476],[454,2255,313],[454,2382,336],[454,3233,46],[454,3233,227],[455,2879,318],[455,2879,6],[456,6,387],[456,60,497],[456,480,289],[456,480,205],[456,1077,484],[456,2005,83],[456,2005,500],[457,1620,462],[457,2587,11],[457,2587,183],[457,2587,448],[458,1446,42],[458,2094,242],[458,2094,474],[458,2094,52],[458,2324,476],[458,3059,476],[459,2288,150],[459,2320,159],[460,149,397],[460,2048,307],[460,2048,223],[460,2903,209],[461,232,224],[461,2156,283],[461,2156,347],[461,2681,231],[462,1346,60],[462,1435,422],[462,1435,233],[463,3340,219],[464,412,431],[464,412,500],[464,412,473],[464,2766,478],[465,3209,110],[466,1877,406],[466,3511,163],[467,2742,483],[467,2742,295],[467,3810,47],[467,3810,483],[467,3810,96],[468,41,238],[468,41,280],[468,957,48],[468,966,100],[469,746,490],[469,1698,123],[469,1698,2],[469,1698,432],[470,220,173],[471,293,211],[471,293,219],[471,2259,449],[471,2259,495],[471,3786,215],[471,3786,66],[471,3901,146],[472,2235,357],[472,3153,425],[473,22,244],[473,22,291],[473,22,430],[473,1220,282],[473,1220,55],[474,1489,484],[475,2234,437],[475,3784,8],[475,3784,463],[477,482,194],[477,482,482],[477,496,32],[477,496,82],[477,1376,301],[478,231,306],[478,231,419],[478,231,442],[478,375,314],[478,375,460],[478,1549,163],[478,2182,365],[479,1632,201],[479,1632,326],[479,1632,315],[479,1655,342],[479,3594,486],[479,3594,264],[479,3910,388],[479,3910,485],[479,3997,363],[479,3997,486],[479,3997,299],[480,362,155],[481,932,353],[481,932,418],[482,1412,61],[482,3810,47],[482,3810,483],[482,3810,96],[483,3467,487],[484,498,485],[484,679,490],[484,679,176],[484,3509,95],[484,3509,483],[484,3509,370],[485,920,87],[485,2178,498],[485,2178,441],[486,2019,267],[486,2019,251],[486,3148,367],[486,3148,202],[486,3148,232],[486,3704,497],[487,335,339],[488,2141,35],[488,2280,261],[488,2768,58],[488,2768,70],[489,2558,257],[489,2840,173],[489,2840,403],[489,3944,152],[489,3944,482],[490,1730,358],[490,3866,452],[490,3866,68],[491,1161,319],[491,3986,270],[491,3986,220],[492,988,220],[492,988,72],[492,1106,289],[493,2308,124],[494,760,352],[494,760,45],[494,937,231],[494,3578,220],[494,3578,395],[495,2015,117],[496,91,238],[496,91,291],[496,600,500],[496,3934,226],[497,3046,274],[498,918,256],[498,918,349],[498,918,179],[498,1026,245],[498,3293,245],[499,1648,35],[499,3540,475],[500,2265,425],[500,3276,335],[500,3276,60]];

jitters = [20000,10000,20000,10000,20000,10000,20000,5000,100000,100000,10000,100000,20000,10000,10000,10000,10000,10000,100000,50000,20000,20000,10000,10000,100000,20000,10000,5000,10000,10000,100000,20000,10000,1000,10000,100000,100000,100000,10000,5000,10000,20000,10000,100000,20000,100000,100000,20000,20000,10000,20000,5000,10000,10000,10000,100000,10000,20000,20000,10000,20000,100000,100000,20000,20000,20000,20000,10000,1000,100000,100000,20000,20000,20000,10000,100000,20000,100000,10000,100000,10000,20000,20000,10000,10000,10000,100000,100000,10000,100000,10000,100000,20000,20000,100000,100000,10000,20000,20000,10000,100000,10000,10000,20000,10000,100000,10000,10000,10000,20000,20000,100000,20000,20000,100000,50000,10000,20000,10000,10000,1000,10000,100000,20000,10000,20000,20000,20000,10000,100000,100000,100000,100000,20000,20000,20000,5000,20000,10000,10000,20000,10000,20000,10000,10000,10000,10000,20000,100000,100000,20000,100000,2000,20000,1000,10000,100000,100000,10000,20000,100000,20000,100000,20000,20000,10000,20000,10000,100000,100000,100000,5000,20000,10000,10000,20000,5000,20000,10000,1000,100000,10000,100000,10000,10000,10000,20000,100000,20000,20000,10000,10000,10000,20000,10000,20000,20000,10000,100000,10000,10000,10000,10000,20000,100000,20000,2000,100000,20000,20000,100000,20000,10000,10000,10000,10000,10000,100000,10000,20000,10000,100000,50000,100000,20000,100000,20000,2000,10000,10000,10000,10000,100000,10000,20000,1000,10000,100000,20000,10000,10000,20000,50000,10000,1000,20000,20000,20000,10000,20000,10000,10000,20000,10000,20000,20000,20000,10000,100000,20000,20000,10000,100000,5000,20000,100000,10000,50000,100000,20000,100000,20000,10000,50000,50000,100000,1000,100000,100000,10000,20000,20000,50000,50000,10000,2000,10000,20000,10000,100000,20000,2000,100000,100000,50000,20000,20000,10000,100000,10000,100000,100000,100000,20000,10000,10000,20000,100000,100000,2000,100000,100000,20000,10000,100000,100000,100000,10000,100000,50000,20000,10000,20000,20000,20000,100000,10000,10000,20000,100000,10000,100000,100000,20000,100000,10000,50000,100000,100000,10000,10000,10000,10000,100000,20000,100000,20000,100000,10000,5000,10000,10000,20000,20000,20000,20000,50000,100000,100000,10000,20000,10000,10000,20000,100000,5000,10000,100000,100000,50000,10000,20000,20000,2000,20000,10000,100000,100000,100000,100000,10000,10000,10000,10000,100000,10000,10000,100000,1000,10000,20000,100000,10000,10000,20000,10000,100000,10000,10000,10000,20000,10000,20000,50000,20000,100000,2000,20000,100000,20000,20000,2000,1000,10000,20000,10000,20000,20000,100000,10000,5000,10000,20000,1000,1000,10000,10000,20000,100000,50000,100000,100000,100000,20000,10000,10000,20000,20000,20000,10000,20000,100000,100000,10000,1000,10000,10000,20000,20000,100000,20000,20000,20000,10000,10000,20000,20000,20000,20000,2000,20000,20000,10000,20000,20000,100000,100000,20000,20000,5000,100000,10000,10000,20000,20000,20000,10000,20000,20000,20000,20000,10000,100000,20000,20000,20000,100000,1000,1000,20000,10000,50000,20000,100000,20000,100000,20000,1000,20000,50000];

