NumChains = 50;
NumResources = 3;
NumRunnablesInChains = 273;
MemoryBoundOnResource = 1048576;
UtilizationBoundOnResource = 100;

numberOfTasksinChain = [7,9,11,11,7,11,13,7,7,9,9,13,7,11,9,7,7,11,7,11,9,9,7,13,13,7,9,11,11,13,9,7,9,7,11,11,11,11,13,7,9,11,13,11,13,13,13,11,9,11];

runnablesInChains = [188,102,83,35,47,201,53,332,316,444,373,155,380,72,216,41,162,274,299,18,128,157,61,412,347,152,448,219,97,7,147,393,326,485,305,321,215,242,149,198,362,407,79,268,470,205,72,238,133,494,315,335,270,117,221,354,263,22,44,124,170,209,400,391,94,191,271,202,330,93,472,106,261,191,194,497,83,443,40,332,178,457,149,16,40,483,480,75,130,491,392,91,290,371,128,256,132,316,4,96,314,105,253,427,315,64,451,207,20,221,109,371,105,393,89,352,406,96,49,45,368,295,311,46,222,59,52,14,67,171,129,42,134,306,271,142,219,327,438,225,93,186,284,60,345,455,137,133,342,405,13,357,179,477,455,447,253,133,469,299,146,348,359,449,437,93,260,61,184,165,152,181,214,359,176,178,422,194,152,298,173,443,446,290,414,215,49,198,37,52,14,3,67,171,399,221,89,311,204,370,354,456,96,213,407,274,110,50,195,58,452,158,369,359,482,460,422,262,26,87,472,470,319,421,117,286,215,476,15,457,463,9,217,18,282,93,224,54,385,97,377,26,66,159,106,358,425,392,81,485,278,338,15,479,453,176,24,368,187,256,328,383,313,129,287,177,140,199,16,421,479,176,226];

ProcessingTimesOfMessages = [[1,1,1,1,1,1,1],[1,1,1,1,1,1],[1,1,1,1,1,1],[1,1,1,1,1,1,1],[1,1,1,1,1,1,1,1],[1,1,1,1,1,1,1],[1,1,1,1,1,1,1,1,1,1,1,1],[1,1,1,1,1,1],[1,1,1,1,1,1,1,1],[1,1,1,1,1,1,1,1],[1,1,1,1,1],[1,1,1,1,1,1,1,1,1],[1,1,1,1,1,1,1,1,1,1,1],[1,1,1,1],[1,1,1,1,1],[1,1,1,1,1,1],[1,1,1,1,1],[1,1,1,1,1,1],[1,1,1,1,1,1,1,1],[1,1,1,1,1],[1,1,1,1,1,1,2,2],[1,1,1,1,1,1,1,1],[1,1,1,1,1,1,1,1,1,1,1,1],[1,1,1,1,1,1],[1,1,1,1,1,1,1,1,1],[1,1,1,1,1],[1,1,1],[1,1,1,1,1,1,1,1,1,1,1],[1,1,1,1,1,1,1,1],[1,1,1,1,1,1,1],[1,1,1,1,1,1],[1,1,1,1,1,1,1,1,1],[1,1,1,1,1,1,1,1,2,1,1],[1,1,1,1,1],[1,1,1,1,1,1,1],[1,1,1,1,1,1,1],[1,1,1,1,1,1,1,1],[1,1,1,1,1,2,1,1,1,1],[1,1,1,1,1,1],[1,1,1,1,1],[1,1,1,1,1],[2,1,1,1],[1,1,1,1,1,1,1],[1,1,1,1,1,1],[1,1,1,1,1],[1,1,1,1,1,1,1],[1,1,1,1,1,1,1,1,1,1,1],[1,1,1,1,1,1],[1,1,1,1,1,1,1,1],[1,1,1,1,1,1],[1,1,1,1,1,1],[1,1,1,1,1,1],[1,1,1,1,1,1,1],[1,1,1,1,1,1,1,1,1],[1,1,1,1,1,1,1,1,1,1],[1,1,1,1,1,1],[1,1,1,1,1,1,1],[1,1,1,1,1,1],[1,1,1,1,1],[1,1,1,1,1,1,1,1,1,1,1,1,1],[1,1,1,1,1,1],[1,1,1,1,1],[1,1,1,1,1,1,1,1,1],[1,1,1,1,1,1,1,1,1,1,1],[1,1,1,1,1,1,1],[1,1,1,1,1,1,1,1,1,1],[1,1,1],[1,1,1,1,1,1,1,1,1,1,1],[1,1,1,1,1,1,1,1,1,1,1,1],[1,1,1,1,1],[1,1,1],[1,1,1,1,1,1],[1,1,1,1,1,1,1,1],[1,1,1,1,1,1,1,1],[1,1,1,1,1,1],[1,1,1,1],[1,1,1,1,1,1,1,1,1,1],[1,1,1,1,1],[1,1,1,1,1,1,1,1,1,1],[1,1,1,1,1,1],[1,1,1,1,1,1,1,1,1,1],[1,1,1,1,1,1],[1,1,1,1,1,1,1],[1,1,1,1,1,1,1,1,1,1,1],[1,1,1],[1,1,1,1,1],[1,1,1,1,1,1,1,1],[1,1,1,1,1,1,2],[1,1,1,1,1,1,1,1,1],[1,1,1,1],[1,1,1,1,1,1,1],[1,1,1,1,1,1],[1,1,1,1,1],[1,1,1,1,1,1,1],[1,1,1,1,1,1,1,1,1,1,1],[1,1,1,1,1,1,1,1],[1,1,1,1,1,1,1,1],[1,1,1,1,1,1,1,1,1],[1,1,1,1],[1,1,1,1,1,1,1,1,1,1],[1,1,1,1,1,1,1,1,1,1,1,1,1],[1,1,1],[1,1,1,1],[1,1,1,1,1,1,1,1],[1,1,1,1,1],[1,1,1,1,1,1],[1,1,1,1,1,1,1,1,1],[1,1,1,1,1,1,1,1,1,1,1,2,2],[1,1,1,1,1],[1,1,1,1,1],[1,1,1,1],[1,1],[1,1,1,1,1,1,1],[1,1,1,1,1,1,1,1,1],[1,1,1,1,1,1,1,1,1],[1,1,1,1,1,1,1,1],[1,1,1,1],[1,1,1,1,1,1,1,1],[1,1,1,1,1,1,1,1],[1,1,1,1,1],[1,1,1,1,1,1,1,1,1],[1,1,1],[1,1,1,1,1,1,1,1],[1,1,1,1,1,1,1,1,1,1,1],[1,1,1,1,1,1,1],[1,1,1,1,1,1,1,1],[1,1,1,1,1,1,1,1,1],[1,1,1,1,1],[1,1,1,1,1,1],[1,1,1,1,1,1,1,1,1,1,1],[1,1,1,1,1,1,1],[1,1,1,1,1,1,1,1,1,1],[1,1,1],[1,1,1,1,1,1,1],[1,1,1,1,1,1,1,1,1,1,1],[1,1,1,1,1,1],[1,1,1,1,1,1,1,1],[1,1,1],[1],[1,1,1,1,1,1,1,1,1,1,1,2,1],[1,1,1,1,1,1],[1,1,1,1,1,1,1,1,1,1],[1,1,1,1,1,1,1],[1,1,1,1,1,1,1],[1,1,1,1,1,1],[1,1,1],[1,1,1],[1,1,1,1,1,1],[1,1,1,1,1,1,1,1,1,1,1,1,1,1],[1,1,1,1,1,1],[1,1,1,1,1,1,1,1,1,1,1],[1,1,1,1,1],[1,1,1,1,1],[1,1,1,1,1,1],[1,1,1,1,1,1,1,1,1],[1,1,1,1,1,1,1],[1,1,1,1,1,1,1,1,1,1],[1,1,1,1,1,1,1,1,1],[1,1,1,1,1,1],[1,1,1,1,1,1],[1,1,1,1,1],[1,1,1,1,1],[1,1,1,1],[1,1,1,1,1,1],[1,1,1,1,1,1],[1,1,1,1,1,1],[2,2,1,1,1,1,1,1,1,1,1],[1,1,1,1,1,1,1],[1,1,1,1,1,1,1,1],[1,1,1,1,1,1,1,1,1,1],[1,1,1,1,1],[1,1,1,1,1,1,1,1,1],[1,1,1,1,1,1,1],[1,1,1,1,1,1,1,1],[1,1,1,1,1,1,1],[1,1,1,1],[1,1,1,1,1,1,1],[1,1,1,1,1,1,1,1],[1,1,1,1,1,1,1,1,1,1,1],[1,1,1,1,1,1,1,1,1,1],[1,1,1,1,1,1,1,1],[1,1,1],[1,1,1],[1,1,1,1,1,1,1],[1,1],[1,1,1,1,1,1,1,1,1,1],[1,1,1,1,1,1],[1,1,1,1,1,1,1,1,1],[1,1,1,1,1,1,1,1,1],[1,1,1,1,1,1,1,1,1,1],[1,1,1,1,1,1,1,1,1],[1,1,1,1,1,1,1],[1,1,1,1,1,1,1,1,1],[1,1,1,1,1,1],[1,1,1,1,1,1,1,1],[1,1],[1,1,2,1,1,1],[1,1,1],[1,1,1,1,1,1,1],[1,1,1,1],[1,1,1,1,1,1],[1,1,1,1,1,1],[1,1,1,1,1,1,1,1,1,1],[1,1,1,1],[1,1],[1,1,1,1,1,1],[1,1,1,1,1,1,1,1,1,1,1],[1,1,1,1,1],[1,1,1,1,1],[1,1,1,1],[1,1,1,1,1,1],[1,1,1,1,1,1,1,1,1],[1,1,1,1,1],[1,1,1,1,1,1,1,1,1,1,1],[1,1,1,1,1,1,1],[1,1,1],[1,1,1,1,1,1],[1,1,1,1,1,1,1],[1,1],[1,1,1,1,1],[1,1,1,1,1],[1,1,1],[1,1,1,1,1],[1,1,1,1,1,1],[1,1,1,1,1,1,1,1,1,1],[1,1,1,2,1],[1,1,1,1],[1,1,1,1,1],[1,1,1,1,1,1,1,1],[1,1,1,1,1],[1,1,1,1],[1,1,1,1,1,1,1,1,1,1,1,1,1],[1,1,1,1,1,1,1,1],[1,1,1,1,1,1,1,1,1,1,1],[1,1,1,1,1],[1,1,1,1,1,1],[1,1,1,1,1,1],[1,1,1,2,1,1,1,1],[],[1,1,1,1],[1,1,1,1,1,1],[1,1,1,1,1,1,1,1,1,1],[1,1,1,1,1,1,1,1],[1,1,1,1],[1,1,1,1,1,1],[1,1,1,1,1,1,1,1,1,1,1],[1,1,1,1,1,1],[1],[1,1,1,1],[1,1,1,1,1,1],[1,1,1,1,1],[1,1,1],[1,1,1,1,1,1,1,1,1,1,1],[1,1,1,1,1,1,1],[1,1,1,1,1],[1,1,1],[1],[1,1],[1,1,1,1,1,1,1,1],[1,1,1,1,1,1,1],[1,1,1],[1,1,1],[1,1,1,1],[1,1,1,1,1],[1,2,1,1,1,1,1],[1,1,1,1,1,1,1,1,1,1,1],[1,1,1,1,1],[1,1,1,1,1],[1,1,1,1,1],[1,1,1,1,1,1,1],[1,1,1,1],[1,1,1,1,1,1,1,1],[1,1,1,1],[1,1,1,1,1,1,1],[1,1,1,1,1,1],[1,1,1,1,1,1,1,1,1],[1,1,1,1],[1,1,2,1],[1,1,1,1,1,1,1,1],[1,1],[1,1,1,1,1,1,1],[1,1,1,1,1,1,1,1,1,1,1],[1,1,1,1,1,1,1],[1,1,1,1,1,1,1,1],[1,1,1,1],[1,1,1,1,1,1],[1,1,1,1,1,1,1],[1,1,1,1,1,1,1,1,1,1,1,1],[1,2,1,1,1],[1,1,1,1,1,1,1],[1,1,1,1,1,1,1,1],[1,1,1,1,1,1],[1,1,1,1,1,1,1,1],[1,1,1,1],[1,1,1,1,1,1,1,1],[1,1,1,1],[1,1,1,1,1,1],[1,1,1,1],[1,1,1,1,1,1,1],[1,1,1,1,1,1],[1,1,1,1,1,1,1],[1,1,1,1,1],[1,1,1,1,1,1],[1,1,1,1,1,1],[1,1,1,1,1,1,1,1,1,1],[1,1],[1,1],[1,1,1,1,1,1],[1,1,1,2,2],[1,1,1,1,1],[1,1,1,1,1,1,1],[1,1,1,1,1,1,1,1],[1,1,1,1],[1,1,1,1,1,1],[1,1],[1,1],[1],[1,1,1,1,1,1],[1,1,1,1,1,1,1],[1,1],[1,1,1,1,1,1,1,1,1,1,1,1],[1,1,1,1,1,1],[1,1,1],[1,1,1,1,1,1],[1,1,1,1,1],[1,1,1,1,1,1,1],[1,1,1,1],[1,1,1,1],[1,1,1,1,1,1,1],[1,1,1,1,1,1],[1,1,1,1,1],[1,1,1,1,1],[1,1,1,1,1,1,1,1,1,1,1,1],[1,1,1,1,1,1,1,1,1,1],[1,1,1,1,1],[1,1,1,1,1,1,1],[1,1,1,1,1,2,2,1,1],[1,1,1,1,1,1,1,1],[1,1,1],[1,1,1,1,1],[1,1,1,1,1,1,1],[1,1,1,1,1,1,1,1,1],[1,1,1,1,1],[1,1,1,1,1,1],[2,1,1,1,1,1,1],[1,1,1,1],[],[1,1,1,1,1,1,1],[1,1,1,1],[1,1],[1,1,1,1,1,1,1,1,1,1,1],[1,1,1,1],[1],[1,1,1,1,1,1],[1,2,1,1,1,1,1],[1,1,1,1],[1],[1,1,1],[1,1,1,1,1,1],[1,1,1,1,1,1,1,1,1],[1,1,1,1,1,1],[1],[1,1,1,1],[1,1,1,1,1,1],[1,1,1,1,1],[1,1,1,1,1,1],[1],[1,1,1,1,1],[1,1,1,1,1],[1,1,1],[1,1],[1],[1,1],[1,1,1,1,1,1,1],[1,1,1,1],[1,1,1,1,1,1,1],[1,1,1],[1,1,1,1,1,1,1,1],[1,1,1],[1,1,1,1,1,1],[1,1,1],[1,1,1,1,1,1,1,1],[1,1,1,1,1,1,1],[1,1],[1,1,1,1],[1,1,1,1,1],[1,1,1,1],[1,1],[1,1,1,1,1],[1,1,1,1,1,1,1,1],[1,1,1,1,1,1,1],[1,1,1],[1,1,1,1],[1,1,1,1,1,1],[1,1,1,1],[1,1,1,1,1,1],[1,1,1,1,1,1,1,1,1],[1,1,1],[1,1,1],[1],[1,1,1],[1,1,1],[1,1,1,1,1,1,1,1],[1,1,1,1,1],[1,1],[1,1,1,1],[1,1,1],[1,1,1,1,1,1,1,1],[1,1,1,1,1,1],[1,1,1,1,1,1],[1,1,1,1,1,1],[1,1,1,1,1,1,1,1],[1,1,1,1],[1,1,1],[1,1,1,1],[1,1,1,1],[1,1],[1,1],[1],[1,1],[1,1,1,1,1],[1,1,1,1,1,1,1,1,1],[1,1,1,1,1],[1,1],[1,1],[],[1,1,1,1,1,1],[1,1,1,1,1,1,1,1,1],[1,1,1,1,1,1,1,1],[1,1,1,1,1,1],[1,1,1,1,1],[1,1,1,1,1],[1,1],[1,1,1],[1,1],[1,1,1,1,1,1],[1],[1,1],[1,1,1,1],[1,1,1,1,1,1],[1,1,1],[1,1,1,1,1,1],[],[1,1,1],[1,1,1,1,1,1,1],[1,1,1,1,1,1,1,1,1,1],[1,1,1,1],[1],[1,1,1,1,1,1,1,1],[1,1],[1,1,1,1,1,1,1,1,1,1,1],[1,1,1,1],[1,1,1,1,1],[1,1],[1,1,1],[1,1,1,1,1],[1,1,1],[1],[1,1],[1,1,1,1],[1,1],[1,1,1],[2,2,1],[],[1,1,1],[1],[1,1,1,1],[1],[1,1,1],[1,1,1,1],[1,1,1,1,1,1,1],[1,1,1,1],[1,1],[1,1],[1,1],[1,1],[1,1,1,1],[1,1],[1,1],[1],[1,1,1,1,1,1,1],[1,1,1,1,1,1],[1,1,1,1,1],[1,1,1,1],[1,1,1],[],[1,1,1,1,1,1,1],[1,1,1,1],[1,1,1],[1,1,1,1],[1,1,1],[1,1,1],[1,1,1,1],[1,1],[1,1,1,1,1,1],[],[1],[1],[1,1,1,1],[1,1,1]];

processingTimesRunnables = [5,9,12,8,11,13,11,15,13,16,15,13,8,12,17,12,10,6,16,12,5,16,10,10,11,11,13,9,13,13,10,13,13,6,14,12,11,13,8,12,13,14,13,12,9,8,10,12,16,7,7,14,13,14,7,4,8,9,13,8,12,10,12,5,15,12,11,14,15,9,10,10,16,12,12,10,14,12,16,12,6,8,4,13,11,12,14,13,13,15,16,10,12,14,12,10,14,10,11,6,16,12,12,11,10,13,16,11,11,8,13,12,10,13,16,9,9,5,9,10,12,13,13,10,12,12,15,11,4,5,13,7,14,11,16,5,10,9,14,6,7,10,13,14,11,5,8,12,12,15,7,11,16,12,13,8,11,15,10,12,10,10,12,13,17,13,15,13,13,11,7,13,13,16,12,12,12,13,10,9,5,6,7,13,6,11,13,9,13,5,5,9,12,6,13,11,6,5,11,13,14,10,9,13,15,12,12,12,8,10,11,13,12,11,15,11,6,10,5,5,13,6,7,12,15,16,7,15,16,13,11,15,12,13,13,11,15,12,13,12,14,13,8,16,10,11,13,15,11,8,8,11,6,6,16,11,12,13,8,13,8,8,13,11,13,9,12,7,7,13,15,7,16,13,14,12,10,11,8,13,16,12,11,7,13,11,11,16,13,8,12,16,12,8,13,10,13,12,13,12,13,13,12,12,13,8,14,6,10,14,11,14,16,14,13,10,10,14,13,9,15,10,12,13,8,5,7,10,9,10,10,7,10,9,5,14,12,10,10,13,7,11,13,10,12,16,10,13,14,12,9,12,10,15,12,11,15,12,13,13,12,16,13,13,13,13,10,15,9,10,10,10,14,8,8,10,16,10,11,13,11,12,13,15,7,6,16,12,10,6,12,13,16,12,13,10,12,13,12,5,7,10,12,13,9,9,5,13,12,11,13,12,8,13,12,7,12,14,11,16,11,11,13,5,6,10,15,10,13,11,11,8,12,9,10,12,6,13,13,11,12,6,5,11,12,9,13,12,10,11,13,9,12,13,12,11,13,11,10,16,11,11,9,10,14,9,6,13,16,13,6,4,14,12,10,13,13,16,10,10,10,8,13,11,14,13,13,13,12,13,9,6,11,11,5,12,13,10,5,15];

periods = [20000,10000,2000,20000,100000,100000,10000,50000,20000,100000,20000,10000,100000,2000,20000,20000,100000,20000,10000,20000,5000,100000,100000,20000,1000,10000,20000,10000,100000,1000,100000,10000,100000,100000,10000,10000,2000,20000,10000,20000,20000,100000,10000,100000,20000,2000,20000,1000,20000,20000,1000,2000,20000,10000,50000,100000,10000,20000,2000,10000,10000,10000,100000,100000,5000,10000,2000,5000,1000,100000,100000,100000,20000,10000,10000,20000,10000,50000,10000,10000,10000,10000,10000,100000,10000,1000,10000,10000,20000,100000,10000,1000,10000,10000,10000,20000,10000,10000,100000,100000,100000,10000,10000,20000,20000,10000,5000,20000,20000,20000,100000,10000,20000,100000,10000,100000,20000,10000,10000,10000,100000,20000,10000,100000,20000,1000,100000,20000,100000,10000,1000,20000,100000,100000,100000,50000,100000,50000,100000,100000,20000,10000,100000,50000,10000,20000,10000,10000,20000,10000,100000,10000,20000,10000,100000,5000,10000,20000,10000,50000,20000,20000,10000,100000,10000,100000,100000,50000,20000,100000,2000,100000,10000,5000,100000,20000,100000,20000,100000,100000,10000,10000,20000,10000,10000,10000,20000,10000,10000,100000,10000,1000,50000,10000,20000,100000,20000,20000,20000,10000,20000,10000,100000,20000,10000,10000,20000,1000,100000,100000,20000,10000,20000,20000,20000,100000,20000,10000,10000,100000,20000,2000,10000,10000,10000,20000,10000,100000,20000,100000,20000,100000,20000,10000,100000,100000,1000,100000,10000,20000,100000,20000,5000,20000,20000,10000,10000,1000,100000,50000,10000,20000,100000,20000,1000,20000,50000,20000,10000,10000,10000,10000,100000,10000,10000,100000,100000,10000,1000,20000,10000,10000,20000,20000,10000,10000,50000,20000,100000,5000,10000,20000,10000,10000,50000,20000,100000,10000,10000,20000,10000,10000,100000,100000,20000,10000,50000,10000,20000,10000,100000,100000,100000,100000,20000,100000,10000,100000,100000,100000,20000,5000,100000,20000,100000,20000,100000,10000,20000,20000,20000,20000,10000,100000,10000,20000,10000,20000,1000,10000,10000,20000,10000,20000,20000,50000,20000,20000,10000,20000,1000,100000,100000,10000,10000,20000,10000,20000,10000,20000,10000,20000,100000,20000,100000,20000,100000,10000,20000,100000,20000,20000,20000,10000,50000,10000,5000,20000,20000,20000,20000,5000,100000,20000,10000,100000,10000,1000,50000,100000,20000,20000,20000,10000,10000,100000,20000,10000,20000,10000,10000,10000,20000,20000,10000,50000,10000,100000,20000,100000,1000,50000,10000,50000,100000,20000,20000,100000,20000,10000,50000,10000,10000,20000,1000,10000,10000,20000,10000,10000,20000,10000,10000,1000,10000,20000,100000,20000,10000,100000,50000,1000,10000,100000,100000,100000,10000,10000,100000,50000,100000,5000,10000,100000,100000,20000,100000,10000,10000,1000,100000,20000,20000,100000,100000,20000,20000,1000,10000,20000,100000,10000,20000,50000,1000,100000,20000,100000,20000,10000,20000,10000,10000,10000,1000,20000,100000,50000,20000,10000,20000,20000,20000,10000,20000,20000,20000,20000,20000,20000,10000,10000,20000,100000,100000,10000,10000,50000,10000,50000];

communicationTimeForOrderCriticalMessages = [1,1,1,1,1,1,1,1,1,1,1,1,1,1,1,1,1,1,1,1,1,1,1,1,1,1,1,1,1,1,1,1,1,1,1,1,1,1,1,1,1,1,1,1,1,1,1,1,1,1,1,1,1,1,1,1,1,1,1,1,1,1,1,1,1,1,1,1,1,1,1,1,1,1,1,1,1,1,1,1,1,1,1,1,1,1,1,1,1,1,1,1,1,1,1,1,1,1,1,1,1,1,1,1,1,1,2,1,1,1,1,1,1,1,1,1,1,1,1,1,1,1,1,1,1,1,1,1,1,1,1,1,1,1,1,1,1,1,1,1,1,1,1,1,1,1,1,1,1,1,1,1,1,1,1,1,1,1,1,1,1,1,1,1,1,1,1,1,1,1,1,1,1,1,1,1,1,1,1,1,1,1,1,1,1,1,1,2,1,1,1,1,1,1,1,1,1,1,1,1,1,1,1,1,1,1,1,1,1,1,1,1,1,1,1,1,1,1,1,1,1,1,1];

sizeOfRunnables = [450,885,1128,795,1028,1300,1043,1405,1300,1555,1495,1208,783,1155,1605,1173,998,580,1530,1155,480,1550,910,960,1045,1088,1300,900,1253,1240,998,1210,1218,528,1365,1200,1068,1278,713,1148,1215,1305,1253,1170,888,770,915,1158,1535,660,678,1400,1210,1345,655,383,743,818,1253,748,1170,945,1178,490,1465,1135,1038,1398,1438,820,978,938,1523,1155,1138,970,1305,1105,1583,1133,548,780,390,1290,1035,1118,1308,1285,1208,1495,1593,998,1193,1400,1170,910,1308,948,1090,585,1503,1180,1200,1020,955,1275,1573,1088,1088,738,1203,1158,998,1290,1540,840,805,453,833,953,1193,1260,1205,928,1200,1165,1495,1075,393,475,1203,678,1368,1068,1513,483,923,828,1365,513,658,978,1293,1335,1058,495,783,1155,1180,1458,658,1095,1600,1113,1230,783,1020,1405,945,1125,985,998,1113,1225,1610,1223,1438,1210,1258,1050,690,1263,1215,1523,1198,1143,1133,1270,990,825,468,578,668,1215,563,1013,1218,878,1285,450,483,900,1188,585,1270,1050,520,468,1050,1210,1378,918,893,1248,1443,1113,1200,1110,768,963,1015,1263,1160,1030,1495,1053,558,953,430,408,1268,510,698,1110,1470,1513,635,1433,1513,1290,1058,1448,1155,1253,1255,1015,1410,1110,1298,1193,1303,1253,745,1588,943,1030,1275,1415,1098,788,765,1095,585,550,1535,1020,1113,1223,708,1275,753,780,1300,1088,1218,803,1120,690,685,1258,1425,700,1550,1233,1393,1133,933,1030,765,1218,1568,1110,1015,670,1245,1005,1075,1528,1208,745,1148,1518,1178,720,1230,978,1255,1198,1225,1113,1223,1233,1103,1165,1215,783,1340,518,940,1345,1098,1333,1593,1350,1275,985,1000,1308,1285,873,1490,998,1185,1203,760,480,645,968,848,945,938,623,940,840,443,1333,1125,975,993,1225,635,1095,1300,930,1165,1545,978,1233,1383,1165,880,1143,990,1480,1178,1013,1438,1143,1290,1240,1180,1583,1270,1218,1290,1253,905,1433,863,910,953,903,1365,713,758,965,1578,945,1075,1285,1020,1170,1295,1405,630,533,1588,1155,968,570,1150,1255,1508,1165,1248,955,1125,1215,1200,495,670,990,1118,1298,820,810,488,1230,1125,1098,1238,1125,748,1293,1133,630,1193,1388,1053,1550,1030,1068,1248,453,503,985,1453,915,1230,1043,1060,713,1140,835,945,1170,520,1268,1278,1005,1133,533,405,1098,1163,870,1290,1135,968,1075,1245,815,1170,1285,1128,1030,1278,1015,970,1578,1028,1030,865,975,1365,858,533,1290,1573,1210,580,383,1368,1185,915,1230,1248,1550,933,940,985,775,1293,1048,1360,1243,1203,1235,1143,1290,843,570,1045,1053,495,1158,1290,1000,428,1433];

SenderLabelReceiverOrderCriticalChains = [[188,2090,0,0,102],[102,2051,0,0,83],[83,30,0,0,35],[47,2404,0,0,201],[201,3968,0,0,53],[53,397,0,0,332],[332,1271,0,0,316],[444,445,1375,0,373],[373,2213,0,0,155],[155,381,3321,0,380],[380,3384,0,0,72],[72,2612,0,0,216],[41,3227,0,0,162],[162,456,0,0,274],[274,2972,0,0,299],[299,439,0,0,18],[18,723,0,0,128],[157,194,0,0,61],[61,1343,0,0,412],[412,1622,0,0,347],[152,645,0,0,448],[448,410,0,0,219],[219,3614,0,0,97],[97,402,1009,0,7],[7,2336,0,0,147],[393,1886,0,0,326],[326,2562,0,0,485],[485,2853,0,0,305],[305,1415,0,0,321],[321,1112,0,0,215],[215,1918,0,0,242],[149,266,0,0,198],[198,2995,0,0,362],[362,2589,0,0,407],[79,1260,0,0,268],[268,3814,0,0,470],[470,484,0,0,205],[72,2407,0,0,238],[238,2299,0,0,133],[133,3067,0,0,494],[494,1152,0,0,315],[335,602,0,0,270],[270,706,0,0,117],[117,205,0,0,221],[221,1694,0,0,354],[263,1515,0,0,22],[22,269,0,0,44],[44,3470,0,0,124],[124,326,0,0,170],[170,3313,0,0,209],[209,2264,0,0,400],[391,947,0,0,94],[94,653,0,0,191],[191,1681,0,0,271],[202,740,0,0,330],[330,2429,0,0,93],[93,3022,0,0,472],[472,627,0,0,106],[106,1180,0,0,261],[191,182,0,0,194],[194,2927,0,0,497],[497,2526,0,0,83],[83,2929,0,0,443],[40,2478,0,0,332],[332,2063,0,0,178],[178,2984,0,0,457],[149,3767,0,0,16],[16,3258,0,0,40],[40,1749,0,0,483],[480,310,0,0,75],[75,3708,0,0,130],[130,258,0,0,491],[491,2808,0,0,392],[392,2367,0,0,91],[290,1051,0,0,371],[371,3653,0,0,128],[128,201,0,0,256],[132,1495,0,0,316],[316,2309,0,0,4],[4,2916,0,0,96],[96,2732,0,0,314],[314,503,0,0,105],[253,1481,0,0,427],[427,194,0,0,315],[315,3345,0,0,64],[64,3523,0,0,451],[207,136,0,0,20],[20,1701,0,0,221],[221,2142,0,0,109],[109,605,0,0,371],[105,2650,0,0,393],[393,2082,0,0,89],[89,129,0,0,352],[406,1453,0,0,96],[96,2823,0,0,49],[49,1053,0,0,45],[45,2731,0,0,368],[368,2725,0,0,295],[295,1670,0,0,311],[46,3360,0,0,222],[222,1268,2311,0,59],[59,2311,0,0,52],[52,1202,3044,0,14],[14,3169,0,0,67],[67,1730,2937,0,171],[129,884,0,0,42],[42,519,0,0,134],[134,3473,0,0,306],[271,2004,0,0,142],[142,3418,0,0,219],[219,480,0,0,327],[327,1317,0,0,438],[225,787,0,0,93],[93,612,0,0,186],[186,578,0,0,284],[284,2800,0,0,60],[60,3101,0,0,345],[455,3206,0,0,137],[137,961,0,0,133],[133,1674,0,0,342],[342,105,0,0,405],[405,3553,0,0,13],[357,3194,0,0,179],[179,2591,0,0,477],[477,1107,0,0,455],[455,3708,0,0,447],[447,2371,0,0,253],[253,3884,0,0,133],[469,3606,0,0,299],[299,623,0,0,146],[146,2122,0,0,348],[348,3683,0,0,359],[449,1793,0,0,437],[437,1982,0,0,93],[93,643,0,0,260],[61,1999,0,0,184],[184,2774,0,0,165],[165,2245,0,0,152],[152,133,0,0,181],[214,2869,0,0,359],[359,171,0,0,176],[176,124,0,0,178],[422,3462,0,0,194],[194,3200,0,0,152],[152,1955,0,0,298],[298,1993,3033,0,173],[173,2246,2523,0,443],[446,1179,0,0,290],[290,2276,0,0,414],[414,3132,0,0,215],[215,1061,0,0,49],[49,105,3189,0,198],[37,760,2066,0,52],[52,1202,3044,0,14],[14,2931,4000,0,3],[3,570,1144,0,67],[67,1730,2937,0,171],[399,1748,0,0,221],[221,1070,0,0,89],[89,3401,0,0,311],[311,3454,0,0,204],[204,1157,0,0,370],[354,88,0,0,456],[456,905,0,0,96],[96,167,0,0,213],[213,2715,0,0,407],[407,1661,0,0,274],[274,1750,0,0,110],[50,3468,0,0,195],[195,381,0,0,58],[58,2145,3674,0,452],[158,3462,0,0,369],[369,1415,0,0,359],[359,2750,0,0,482],[482,1737,0,0,460],[422,188,0,0,262],[262,114,0,0,26],[26,3617,0,0,87],[87,2150,0,0,472],[472,1400,0,0,470],[319,960,0,0,421],[421,3834,0,0,117],[117,2192,0,0,286],[286,666,0,0,215],[215,3191,0,0,476],[476,1147,0,0,15],[457,830,0,0,463],[463,583,0,0,9],[9,1992,0,0,217],[217,1681,0,0,18],[18,2036,0,0,282],[93,571,0,0,224],[224,867,0,0,54],[54,2760,0,0,385],[385,503,0,0,97],[97,2828,0,0,377],[377,2006,0,0,26],[66,967,0,0,159],[159,368,0,0,106],[106,633,0,0,358],[358,201,0,0,425],[425,1360,0,0,392],[392,1584,0,0,81],[485,80,0,0,278],[278,3185,0,0,338],[338,3204,0,0,15],[15,2717,0,0,479],[479,3805,0,0,453],[453,222,0,0,176],[24,2222,0,0,368],[368,2758,0,0,187],[187,178,0,0,256],[256,883,0,0,328],[328,486,0,0,383],[313,2681,0,0,129],[129,1722,0,0,287],[287,3899,0,0,177],[177,328,1238,0,140],[199,2839,0,0,16],[16,438,0,0,421],[421,1279,0,0,479],[479,2568,0,0,176],[176,2095,3670,0,226]];

SenderLabelReceiverNonOrderCriticalChains = [[1,1205,393],[1,1205,4],[1,2026,423],[1,2539,76],[1,2539,172],[1,2539,252],[1,3153,122],[2,41,12],[2,271,133],[2,770,146],[2,2149,239],[2,3516,44],[2,3516,67],[3,570,67],[3,1144,67],[3,2931,14],[3,2931,138],[3,3128,205],[3,3128,248],[4,249,224],[4,249,346],[4,264,374],[4,684,125],[4,2377,138],[4,2377,9],[4,2916,96],[5,774,6],[5,902,252],[5,1580,377],[5,2198,17],[5,2312,6],[5,2695,230],[5,2695,432],[5,3579,230],[6,931,347],[6,1484,496],[6,2136,14],[6,2136,90],[6,2136,129],[6,3244,272],[6,3244,10],[7,795,418],[7,1009,32],[7,1009,97],[7,1009,255],[7,1750,12],[7,1750,110],[7,1750,163],[7,1775,52],[7,2080,208],[7,2080,364],[7,2336,147],[7,2336,369],[8,691,75],[8,1570,55],[8,2255,285],[8,2938,257],[8,3635,379],[8,3867,277],[9,1419,467],[9,1419,470],[9,1992,217],[9,2288,407],[9,2474,16],[9,2474,59],[9,2898,164],[9,3649,437],[10,1029,165],[10,1029,337],[10,1356,198],[10,1703,11],[10,2188,444],[10,3383,151],[10,3383,330],[10,3907,63],[11,85,350],[11,85,398],[11,838,125],[11,1479,116],[11,2645,20],[12,536,189],[12,536,104],[12,1559,19],[12,2449,347],[12,2449,352],[12,2470,1],[12,2470,6],[12,3179,447],[12,3948,437],[13,595,220],[13,595,463],[13,658,111],[13,658,249],[13,807,22],[13,807,417],[13,2226,461],[13,2226,437],[13,2226,459],[13,2402,84],[13,2914,94],[14,758,46],[14,3169,67],[14,4000,3],[14,4000,498],[15,2717,479],[15,2929,183],[15,2929,443],[15,2929,405],[15,3505,16],[16,438,421],[16,1109,90],[16,1109,20],[16,3258,40],[16,3258,192],[16,3258,221],[17,1016,56],[17,1449,350],[17,1789,56],[17,1901,22],[17,3199,198],[18,723,128],[18,1366,147],[18,1366,209],[18,2036,282],[18,2195,42],[18,2195,27],[19,962,26],[19,1587,369],[19,1689,185],[19,2720,82],[19,2720,72],[19,3436,139],[19,3893,262],[19,3897,257],[20,430,24],[20,1701,338],[20,1701,221],[20,1824,49],[20,3073,44],[21,1104,202],[21,1348,372],[21,2018,273],[21,2018,65],[21,2152,469],[21,3430,492],[21,3763,107],[21,3763,472],[22,269,44],[22,1030,31],[22,1030,464],[22,1222,420],[22,1222,365],[22,3643,117],[22,3643,266],[22,3919,441],[23,1231,29],[23,1644,134],[23,1644,317],[23,1698,432],[23,1861,243],[23,2515,234],[23,2515,315],[23,2707,166],[23,3213,256],[23,3213,417],[23,3609,448],[23,3609,309],[24,793,45],[24,1294,330],[24,2222,368],[24,3023,435],[24,3023,27],[24,3687,456],[25,822,131],[25,1544,48],[25,1777,458],[25,1806,497],[25,2597,378],[25,2974,386],[25,3128,205],[25,3128,248],[25,3855,21],[26,185,145],[26,3386,491],[26,3617,87],[26,3750,45],[26,3750,28],[27,1312,362],[27,1312,187],[27,3251,109],[28,53,72],[28,771,66],[28,771,227],[28,771,427],[28,1008,437],[28,1008,411],[28,1275,5],[28,2069,27],[28,2509,476],[28,2509,61],[28,2509,245],[29,702,33],[29,702,437],[29,1018,33],[29,1389,129],[29,1468,151],[29,3741,220],[29,3741,487],[29,3741,34],[30,482,129],[30,482,364],[30,1756,269],[30,1756,480],[30,1756,18],[30,2106,48],[30,2685,255],[31,2294,438],[31,2452,34],[31,2839,16],[31,2839,301],[31,3076,139],[31,3421,475],[32,2588,410],[32,2660,236],[32,3340,196],[32,3340,91],[32,3878,145],[32,3878,230],[32,3878,312],[32,3887,442],[32,3887,36],[33,1238,166],[33,1238,177],[33,1238,280],[33,1238,264],[33,1591,236],[33,2657,494],[33,2915,8],[33,2915,468],[33,3005,71],[33,3706,400],[33,3706,203],[34,688,44],[34,845,236],[34,1513,477],[34,1679,477],[34,3152,28],[35,626,147],[35,2080,208],[35,2080,364],[35,2380,339],[35,3212,427],[35,3212,433],[35,3995,62],[36,352,29],[36,472,118],[36,1469,159],[36,2513,43],[36,2659,130],[36,2905,39],[36,2982,190],[37,344,108],[37,344,46],[37,760,52],[37,831,46],[37,2066,52],[37,2428,265],[37,3499,199],[37,3648,70],[38,306,262],[38,1119,276],[38,1119,122],[38,2138,489],[38,2138,305],[38,2536,256],[38,3453,369],[38,3453,390],[38,3453,496],[38,3453,41],[39,1007,54],[39,1119,276],[39,1119,122],[39,2060,57],[39,2965,453],[39,3712,437],[40,1209,47],[40,1749,483],[40,2478,50],[40,2478,332],[40,3677,337],[41,1568,204],[41,1957,211],[41,2118,73],[41,2842,53],[41,3227,162],[42,519,134],[42,1320,86],[42,3491,210],[42,3532,196],[43,126,413],[43,126,434],[43,313,60],[43,617,128],[43,2044,400],[43,2044,198],[43,2044,459],[44,671,91],[44,671,323],[44,2764,134],[44,2764,298],[44,2764,328],[44,3470,124],[45,506,389],[45,2731,368],[45,2769,197],[45,3105,150],[45,3105,371],[46,3,171],[46,1233,434],[46,3360,222],[46,3516,44],[46,3516,67],[46,3734,59],[46,3734,183],[47,280,267],[47,1120,346],[47,1237,245],[47,1237,465],[47,1923,68],[47,1923,404],[47,1923,299],[47,1923,128],[47,1990,213],[47,2404,201],[47,2488,141],[48,1578,26],[48,1578,494],[48,2194,86],[48,2284,392],[48,2466,44],[48,2466,484],[49,105,198],[49,105,405],[49,764,199],[49,764,365],[49,1053,45],[49,3176,195],[49,3176,494],[49,3189,198],[50,1032,474],[50,1032,205],[50,1032,442],[50,1032,394],[50,3468,195],[50,3647,158],[51,522,361],[51,817,478],[51,1708,248],[51,2050,307],[51,3472,302],[51,3472,362],[52,1202,14],[52,3044,14],[52,3044,173],[52,3098,17],[52,3098,275],[52,3098,273],[53,397,332],[53,397,185],[53,599,405],[53,1725,109],[53,1849,76],[53,3734,59],[53,3734,183],[54,803,42],[54,803,62],[54,1829,406],[54,2534,148],[54,2534,227],[54,2760,385],[54,3044,14],[54,3044,173],[54,3790,343],[55,1872,160],[55,2136,14],[55,2136,90],[55,2136,129],[55,2248,447],[55,2248,78],[55,2673,395],[55,3014,70],[55,3014,78],[55,3738,250],[56,696,426],[56,2496,461],[56,2496,92],[56,3472,302],[56,3472,362],[56,3765,204],[57,1956,62],[57,2214,329],[57,2349,131],[57,2988,489],[57,2988,153],[57,2988,477],[57,3442,426],[58,611,80],[58,1890,409],[58,2035,146],[58,2145,452],[58,2355,298],[58,3674,452],[59,492,67],[59,2311,222],[59,2311,52],[59,2836,81],[59,3317,339],[60,15,85],[60,15,500],[60,1036,31],[60,1577,438],[60,1577,467],[60,2063,136],[60,2063,239],[60,2063,178],[60,2063,191],[60,3101,287],[60,3101,141],[60,3101,345],[60,3101,457],[61,1333,62],[61,1343,493],[61,1343,412],[61,1999,184],[61,3915,468],[61,3923,98],[62,129,352],[62,129,377],[62,129,391],[62,563,156],[62,1509,102],[63,970,88],[63,1230,463],[63,1645,263],[63,2063,136],[63,2063,239],[63,2063,178],[63,2063,191],[63,2334,90],[63,3329,306],[64,728,200],[64,728,89],[64,1093,3],[64,1093,99],[64,2343,134],[64,2549,98],[64,2785,279],[64,2890,103],[64,2890,341],[64,3523,251],[64,3523,451],[65,241,372],[65,1661,274],[65,1661,174],[65,1923,68],[65,1923,404],[65,1923,299],[65,1923,128],[66,787,470],[66,787,93],[66,787,448],[66,856,247],[66,856,304],[66,943,251],[66,967,159],[66,1940,85],[66,2271,120],[66,2271,177],[67,1730,171],[67,1730,51],[67,2937,171],[68,865,223],[68,2046,52],[68,2509,476],[68,2509,61],[68,2509,245],[68,3101,287],[68,3101,141],[68,3101,345],[68,3101,457],[68,3396,243],[68,3627,76],[69,191,92],[69,523,425],[69,803,42],[69,803,62],[69,1035,458],[69,2216,269],[69,2674,389],[69,2674,433],[69,2674,152],[69,2674,393],[69,2833,86],[69,3197,269],[70,52,357],[70,248,182],[70,485,99],[70,2333,241],[70,2639,196],[71,22,454],[71,1083,111],[71,3785,220],[72,163,143],[72,1059,32],[72,2336,147],[72,2336,369],[72,2407,238],[72,2612,216],[73,224,221],[73,230,104],[73,695,383],[73,935,497],[73,935,85],[73,2161,341],[73,2693,438],[73,2693,109],[74,794,392],[74,1172,357],[74,1553,157],[74,1953,448],[74,2271,120],[74,2271,177],[74,2951,246],[74,3114,157],[75,1944,181],[75,2185,125],[75,2847,338],[75,3346,67],[75,3708,447],[75,3708,130],[76,443,240],[76,2000,256],[76,3643,117],[76,3643,266],[77,30,35],[77,30,79],[77,182,194],[77,182,223],[77,1332,115],[77,1912,242],[77,2505,227],[77,2764,134],[77,2764,298],[77,2764,328],[78,1713,250],[78,2593,138],[78,2607,355],[78,2607,330],[78,2865,80],[79,26,102],[79,1260,268],[79,2825,183],[79,2825,469],[79,2887,93],[79,2887,356],[79,3608,71],[79,3608,80],[79,3774,347],[79,3847,76],[80,371,78],[80,1588,163],[80,1744,284],[80,3049,261],[80,3135,302],[80,3135,455],[81,893,473],[81,893,325],[81,1694,354],[81,1694,137],[81,2601,425],[81,2601,85],[81,2601,90],[81,3288,99],[81,3658,459],[81,3896,323],[82,1300,83],[82,1686,111],[82,1686,336],[82,3555,388],[82,3691,344],[82,3691,252],[83,30,35],[83,30,79],[83,499,112],[83,2929,183],[83,2929,443],[83,2929,405],[83,3946,275],[84,243,139],[84,243,414],[84,1859,386],[84,2200,316],[84,2226,461],[84,2226,437],[84,2226,459],[84,3313,388],[84,3313,278],[84,3313,209],[84,3313,353],[85,294,88],[85,363,378],[85,2385,292],[86,1237,245],[86,1237,465],[86,1832,216],[86,1832,395],[86,2667,41],[87,1770,458],[87,2150,472],[87,2247,102],[87,2451,161],[87,3258,40],[87,3258,192],[87,3258,221],[87,3776,281],[88,226,180],[88,1284,121],[88,1284,387],[88,1750,12],[88,1750,110],[88,1750,163],[88,2130,339],[89,46,210],[89,46,476],[89,129,352],[89,129,377],[89,129,391],[89,1631,71],[89,2415,199],[89,3401,311],[89,3401,493],[90,1043,209],[90,1385,377],[90,1958,308],[90,2275,209],[91,1557,391],[91,1758,85],[91,1758,259],[91,2326,224],[91,3105,150],[91,3105,371],[91,3201,182],[92,427,206],[92,868,226],[92,879,248],[92,1109,90],[92,1109,20],[92,2328,248],[93,571,224],[93,612,186],[93,643,260],[93,643,289],[93,3022,472],[94,212,11],[94,212,471],[94,653,191],[94,1251,186],[94,1344,163],[94,2374,500],[94,2389,318],[95,137,218],[95,1533,102],[95,1533,146],[95,1533,147],[95,1964,200],[95,2474,16],[95,2474,59],[95,3728,377],[95,3740,404],[95,3740,448],[95,3740,463],[96,167,213],[96,167,298],[96,2014,105],[96,2732,115],[96,2732,314],[96,2823,49],[96,2823,175],[96,3155,8],[97,402,7],[97,1916,330],[97,2828,302],[97,2828,377],[97,3578,425],[97,3754,120],[97,3754,347],[97,3754,383],[98,131,223],[98,679,420],[98,728,200],[98,728,89],[98,909,103],[98,1419,467],[98,1419,470],[98,2732,115],[98,2732,314],[99,372,207],[99,975,4],[99,2508,111],[99,3969,219],[100,61,309],[100,61,398],[100,61,419],[100,1357,300],[100,2422,307],[100,2438,360],[100,2854,398],[100,2854,488],[100,3542,114],[100,3601,156],[101,85,350],[101,85,398],[101,136,20],[101,136,228],[101,136,320],[101,445,373],[101,700,105],[101,2714,111],[101,2714,462],[101,2988,489],[101,2988,153],[101,2988,477],[101,3987,454],[102,2051,83],[102,2477,264],[102,3944,70],[103,302,163],[103,3159,145],[103,3283,392],[103,3521,200],[104,250,112],[104,627,173],[104,627,106],[104,1781,399],[104,3213,256],[104,3213,417],[104,3592,452],[104,3592,270],[105,284,478],[105,284,139],[105,1153,182],[105,1399,162],[105,2650,393],[106,633,358],[106,633,499],[106,1180,261],[106,2954,120],[106,3351,112],[106,3851,234],[107,791,121],[107,1114,367],[107,1114,313],[107,3303,312],[107,3727,156],[107,3885,274],[107,3885,295],[107,3885,377],[107,3917,367],[108,941,337],[108,941,113],[108,1263,17],[108,1263,384],[108,1533,102],[108,1533,146],[108,1533,147],[108,2104,372],[108,2890,103],[108,2890,341],[108,2897,307],[108,3763,107],[108,3763,472],[109,97,113],[109,97,499],[109,605,371],[109,2002,274],[109,2002,493],[110,36,117],[110,36,389],[110,1475,482],[110,1983,283],[110,1983,153],[111,2267,372],[111,2823,49],[111,2823,175],[111,3004,107],[112,1819,217],[112,3438,235],[113,178,122],[113,178,256],[113,3002,487],[113,3002,332],[113,3289,485],[113,3301,367],[113,3301,352],[114,199,155],[114,199,371],[114,406,273],[114,1701,338],[114,1701,221],[114,2617,371],[114,2617,127],[114,3331,139],[114,3565,357],[115,199,155],[115,199,371],[115,216,252],[115,3101,287],[115,3101,141],[115,3101,345],[115,3101,457],[115,3350,189],[115,3999,234],[116,58,301],[116,476,315],[116,554,436],[116,554,454],[116,572,405],[116,993,78],[116,1740,1],[116,1746,207],[117,205,221],[117,232,153],[117,2192,286],[117,2220,406],[118,379,477],[118,379,231],[118,379,218],[118,1621,256],[118,2311,222],[118,2311,52],[118,2314,462],[118,3823,449],[119,246,225],[119,2304,487],[119,2304,159],[119,2304,424],[119,2885,24],[119,2885,409],[119,3116,392],[119,3996,375],[120,210,194],[120,1080,316],[120,2543,311],[120,2543,375],[120,3933,413],[121,1923,68],[121,1923,404],[121,1923,299],[121,1923,128],[121,2580,385],[121,2580,84],[121,2638,272],[121,3691,344],[121,3691,252],[122,2387,95],[122,3026,250],[122,3243,130],[123,952,321],[123,1641,244],[123,2136,14],[123,2136,90],[123,2136,129],[123,3098,17],[123,3098,275],[123,3098,273],[124,326,170],[124,848,27],[124,1973,343],[124,1973,462],[124,2063,136],[124,2063,239],[124,2063,178],[124,2063,191],[124,2600,441],[124,3084,38],[124,3084,172],[125,97,113],[125,97,499],[125,500,373],[125,1363,485],[125,1363,467],[125,1363,160],[125,1764,178],[126,916,277],[126,1150,238],[126,1178,353],[126,1178,395],[126,1178,378],[126,2158,450],[126,2280,123],[126,3863,237],[127,234,317],[127,1644,134],[127,1644,317],[127,2138,489],[127,2138,305],[127,2242,1],[127,2758,82],[127,2758,187],[127,3560,112],[128,67,83],[128,201,425],[128,201,256],[128,881,254],[128,2533,141],[129,884,42],[129,1722,287],[129,2470,1],[129,2470,6],[129,3817,133],[129,3817,472],[130,258,491],[130,704,459],[130,704,495],[130,704,298],[130,1546,184],[130,1546,241],[130,2276,247],[130,2276,414],[130,2351,175],[130,2351,65],[130,2351,436],[131,742,401],[131,1168,396],[131,1168,304],[131,2695,230],[131,2695,432],[131,3111,208],[131,3859,424],[132,565,258],[132,1495,316],[132,1726,434],[132,2017,428],[132,2017,425],[132,3477,255],[132,3477,281],[132,3646,349],[132,3775,135],[132,3914,293],[133,555,267],[133,1674,342],[133,3067,494],[134,1335,201],[134,1412,139],[134,1412,430],[134,1985,322],[134,1985,35],[134,3473,306],[134,3473,344],[135,452,139],[135,1533,102],[135,1533,146],[135,1533,147],[135,3041,216],[135,3200,202],[135,3200,152],[135,3477,255],[135,3477,281],[135,3636,384],[135,3636,74],[136,1137,285],[136,1301,228],[136,2377,138],[136,2377,9],[136,2859,396],[136,3145,498],[137,344,108],[137,344,46],[137,961,133],[137,1642,303],[137,1771,300],[137,1941,1],[137,1941,249],[137,3255,190],[138,1835,84],[138,2752,2],[138,2820,379],[139,2558,170],[140,91,240],[140,494,308],[140,494,436],[140,1178,353],[140,1178,395],[140,1178,378],[140,1238,166],[140,1238,177],[140,1238,280],[140,1238,264],[140,2420,73],[140,2433,223],[140,3656,196],[141,733,153],[141,1133,314],[141,1133,286],[141,1290,389],[141,3125,225],[141,3900,306],[142,357,251],[142,708,227],[142,708,308],[142,850,358],[142,1039,218],[142,1039,419],[142,2617,371],[142,2617,127],[142,3418,219],[142,3418,351],[143,1009,32],[143,1009,97],[143,1009,255],[143,1192,271],[143,2230,115],[143,3095,272],[143,3503,468],[144,995,379],[144,1410,277],[144,1930,460],[144,1985,322],[144,1985,35],[144,2094,464],[144,3938,143],[145,196,261],[145,196,496],[145,2146,296],[145,3605,497],[145,3876,367],[145,3876,147],[146,2122,348],[146,2178,370],[146,2889,199],[147,320,313],[147,1314,165],[147,3839,284],[148,197,471],[148,854,289],[148,3411,217],[148,3411,50],[148,3817,133],[148,3817,472],[149,266,385],[149,266,198],[149,379,477],[149,379,231],[149,379,218],[149,1560,422],[149,1560,278],[149,1670,311],[149,1670,300],[149,2023,351],[149,3638,439],[149,3638,197],[149,3767,16],[149,3767,310],[150,1184,164],[150,2744,167],[150,3182,282],[150,3182,297],[150,3752,239],[150,3830,185],[151,656,220],[151,656,434],[151,1466,357],[151,1466,419],[151,1486,86],[151,1486,496],[151,2093,222],[151,2351,175],[151,2351,65],[151,2351,436],[151,3519,427],[152,133,181],[152,645,448],[152,697,40],[152,1955,298],[152,2594,30],[153,689,161],[153,1952,291],[153,1952,363],[153,1952,215],[153,1960,245],[154,1458,110],[154,2125,254],[154,2195,42],[154,2195,27],[154,2961,124],[154,3207,358],[155,381,58],[155,381,228],[155,381,498],[155,1902,251],[155,2182,148],[155,2929,183],[155,2929,443],[155,2929,405],[155,3321,380],[156,2167,372],[156,2384,280],[156,2434,393],[156,2434,372],[156,3300,280],[156,3324,11],[156,3324,296],[157,194,61],[157,194,315],[157,194,419],[157,317,419],[157,412,194],[157,671,91],[157,671,323],[157,1405,469],[157,1405,16],[157,2651,189],[158,1839,181],[158,2325,71],[158,2375,271],[158,2853,244],[158,2853,305],[158,3462,194],[158,3462,369],[158,3462,496],[158,3812,421],[159,368,106],[159,2712,491],[159,3036,472],[159,3337,367],[159,3777,24],[159,3777,202],[160,288,18],[160,766,440],[160,1222,420],[160,1222,365],[160,3554,480],[160,3554,301],[161,1728,188],[161,3228,314],[161,3697,100],[161,3943,244],[161,3943,422],[162,155,323],[162,456,274],[162,456,181],[162,3211,362],[162,3211,206],[163,990,212],[163,1346,262],[163,3857,48],[163,3888,339],[164,945,229],[164,1618,381],[164,1618,444],[164,1801,376],[164,3124,171],[164,3259,43],[165,1486,86],[165,1486,496],[165,2245,152],[165,3211,362],[165,3211,206],[165,3600,270],[166,1855,263],[166,3453,369],[166,3453,390],[166,3453,496],[166,3453,41],[166,3597,183],[167,583,9],[167,583,255],[167,727,347],[167,727,465],[167,1877,353],[167,1877,413],[167,1988,475],[167,1988,259],[167,1988,110],[167,3065,315],[167,3537,203],[168,635,375],[168,736,387],[168,1811,336],[168,1941,1],[168,1941,249],[168,2810,82],[168,3716,208],[169,231,170],[169,273,433],[169,741,381],[169,1065,489],[169,2494,359],[169,3462,194],[169,3462,369],[169,3462,496],[170,2003,210],[170,2356,267],[170,3296,456],[170,3296,249],[170,3313,388],[170,3313,278],[170,3313,209],[170,3313,353],[170,3804,45],[170,3804,135],[171,2880,247],[171,2884,230],[171,2919,222],[171,3589,222],[171,3589,322],[172,65,327],[172,1527,393],[172,1527,357],[172,1527,223],[172,1959,235],[172,1959,364],[172,2927,497],[172,2927,500],[172,3840,439],[173,2098,177],[173,2246,443],[173,2246,75],[173,2523,443],[173,3033,298],[173,3961,300],[173,3961,357],[174,211,243],[174,219,317],[174,656,220],[174,656,434],[174,870,220],[174,3836,280],[174,3876,367],[174,3876,147],[175,267,383],[175,267,488],[175,279,400],[175,1308,356],[175,2764,134],[175,2764,298],[175,2764,328],[176,124,178],[176,2095,226],[176,2584,382],[176,3670,226],[177,328,140],[177,2678,439],[177,2678,119],[177,2984,190],[177,2984,457],[177,2984,267],[177,3713,3],[178,1612,479],[178,2030,197],[178,2984,190],[178,2984,457],[178,2984,267],[178,3741,220],[178,3741,487],[178,3741,34],[179,628,325],[179,1032,474],[179,1032,205],[179,1032,442],[179,1032,394],[179,1366,147],[179,1366,209],[179,1822,373],[179,2591,477],[179,3681,466],[179,3681,39],[180,61,309],[180,61,398],[180,61,419],[180,287,408],[180,454,228],[180,1832,216],[180,1832,395],[180,2142,405],[180,2142,109],[180,3803,306],[181,249,224],[181,249,346],[181,1979,211],[181,3168,165],[181,3168,239],[181,3168,450],[181,3323,357],[181,3323,443],[182,1322,480],[182,1392,353],[182,1392,191],[183,756,319],[183,3297,290],[183,3729,286],[184,992,284],[184,1692,438],[184,1739,332],[184,2774,165],[184,3269,473],[184,4000,3],[184,4000,498],[185,1910,239],[185,3103,240],[186,339,146],[186,578,284],[186,3086,410],[186,3086,414],[186,3086,187],[186,3166,331],[186,3166,397],[186,3443,416],[186,3695,288],[186,3695,488],[187,178,122],[187,178,256],[187,1167,273],[187,2313,258],[187,2831,119],[187,3403,316],[188,702,33],[188,702,437],[188,1029,165],[188,1029,337],[188,1108,468],[188,2090,102],[188,2687,344],[188,3387,424],[188,3620,211],[189,2029,312],[189,2029,397],[189,2202,227],[189,2202,370],[189,2448,167],[189,2448,280],[189,3860,261],[189,3860,380],[189,3916,485],[190,1060,271],[190,1060,77],[190,1429,230],[190,2782,380],[190,2782,439],[190,2782,409],[190,2879,182],[190,3878,145],[190,3878,230],[190,3878,312],[191,182,194],[191,182,223],[191,819,219],[191,1681,271],[191,1681,18],[191,3323,357],[191,3323,443],[191,3553,13],[191,3553,333],[192,24,144],[192,24,424],[192,1047,378],[192,1649,329],[192,2705,168],[192,2798,415],[192,3937,57],[193,28,257],[193,347,401],[193,347,257],[193,705,411],[193,705,294],[193,705,471],[193,1891,277],[193,2323,402],[193,3640,464],[194,1867,246],[194,2626,212],[194,2927,497],[194,2927,500],[194,3200,202],[194,3200,152],[195,381,58],[195,381,228],[195,381,498],[195,835,268],[195,835,335],[195,1373,319],[195,3205,489],[195,3307,240],[196,324,490],[196,3673,306],[197,744,213],[197,744,331],[197,1074,372],[197,1162,201],[197,1162,200],[197,2642,354],[198,2246,443],[198,2246,75],[198,2995,362],[199,153,258],[199,1363,485],[199,1363,467],[199,1363,160],[199,2839,16],[199,2839,301],[199,3779,486],[200,183,333],[200,2791,410],[200,3418,219],[200,3418,351],[201,2911,463],[201,3271,374],[201,3654,314],[201,3870,486],[201,3968,53],[201,3968,58],[202,740,330],[202,1265,212],[202,2854,398],[202,2854,488],[202,3160,266],[202,3160,460],[203,643,260],[203,643,289],[203,801,317],[203,1585,468],[203,1585,398],[203,1585,346],[203,1596,205],[203,1997,370],[203,1997,486],[203,1997,477],[204,1157,370],[204,1704,235],[204,1704,434],[204,3590,103],[205,2515,234],[205,2515,315],[206,847,317],[206,2197,208],[206,2197,473],[206,2197,474],[206,2197,292],[206,3096,351],[207,63,293],[207,63,367],[207,136,20],[207,136,228],[207,136,320],[207,552,13],[207,552,384],[207,1600,356],[207,2531,213],[207,3589,222],[207,3589,322],[208,821,237],[208,1753,415],[208,2850,341],[208,3402,2],[208,3402,248],[209,456,274],[209,456,181],[209,1281,30],[209,2264,400],[209,2817,136],[210,336,368],[210,1536,228],[210,1737,275],[210,1737,460],[211,616,231],[211,735,196],[211,3453,369],[211,3453,390],[211,3453,496],[211,3453,41],[212,1380,296],[212,1380,279],[212,1530,237],[212,1530,348],[212,2170,371],[212,2170,455],[212,2170,123],[212,3849,315],[212,3879,265],[213,1004,219],[213,1312,362],[213,1312,187],[213,2715,407],[213,3365,229],[214,515,242],[214,1988,475],[214,1988,259],[214,1988,110],[214,2429,95],[214,2429,93],[214,2653,258],[214,2869,359],[214,2887,93],[214,2887,356],[214,3142,408],[215,1061,49],[215,1918,43],[215,1918,242],[215,3191,476],[215,3191,497],[215,3458,370],[215,3458,144],[216,457,415],[216,2291,182],[216,3309,307],[217,1681,271],[217,1681,18],[217,3476,249],[217,3744,480],[217,3892,138],[217,3892,285],[218,192,104],[218,1068,161],[218,1795,239],[218,1795,180],[218,2654,262],[218,3971,384],[218,3971,362],[219,480,327],[219,3614,97],[220,710,430],[220,1527,393],[220,1527,357],[220,1527,223],[220,3058,82],[221,1070,89],[221,1694,354],[221,1694,137],[221,2142,405],[221,2142,109],[222,92,11],[222,1268,59],[222,1597,429],[223,487,318],[223,878,316],[223,3885,274],[223,3885,295],[223,3885,377],[224,498,491],[224,867,54],[224,2217,265],[224,2341,401],[224,2341,419],[224,3130,216],[225,334,289],[225,787,470],[225,787,93],[225,787,448],[225,2226,461],[225,2226,437],[225,2226,459],[225,2931,14],[225,2931,138],[225,3494,260],[226,400,485],[226,922,348],[226,2540,388],[226,2573,231],[226,3594,319],[227,1466,357],[227,1466,419],[227,1935,474],[227,3157,261],[228,1756,269],[228,1756,480],[228,1756,18],[228,2834,286],[228,2840,478],[229,378,197],[229,378,231],[229,910,271],[229,1741,273],[229,2754,426],[229,3383,151],[229,3383,330],[229,3736,453],[230,2270,241],[230,3638,439],[230,3638,197],[230,3706,400],[230,3706,203],[231,1514,305],[231,2029,312],[231,2029,397],[231,2767,270],[232,123,362],[232,123,445],[232,243,139],[232,243,414],[232,497,363],[232,497,455],[232,497,491],[232,1062,373],[232,2114,479],[232,2209,463],[232,2861,113],[232,2861,455],[232,3771,302],[233,36,117],[233,36,389],[233,1813,154],[233,1845,340],[233,2395,254],[233,2455,332],[233,2710,374],[233,2710,465],[234,561,300],[234,1009,32],[234,1009,97],[234,1009,255],[234,2197,208],[234,2197,473],[234,2197,474],[234,2197,292],[234,2669,489],[234,3324,11],[234,3324,296],[235,658,111],[235,658,249],[235,2652,138],[235,3659,55],[235,3908,405],[236,1114,367],[236,1114,313],[236,1494,353],[236,2984,190],[236,2984,457],[236,2984,267],[237,624,269],[237,1483,401],[237,2671,210],[237,2671,346],[237,2671,329],[237,3186,336],[238,849,433],[238,849,495],[238,1098,413],[238,2087,241],[238,2299,133],[238,2299,475],[238,3789,126],[238,3883,66],[240,1795,239],[240,1795,180],[240,2472,92],[240,3415,266],[241,134,294],[241,856,247],[241,856,304],[241,2765,274],[241,3411,217],[241,3411,50],[242,204,61],[242,549,303],[242,549,346],[242,2009,185],[242,2543,311],[242,2543,375],[242,3313,388],[242,3313,278],[242,3313,209],[242,3313,353],[243,1274,280],[243,1460,312],[243,3164,113],[243,3301,367],[243,3301,352],[243,3878,145],[243,3878,230],[243,3878,312],[244,108,299],[244,622,335],[244,2583,399],[244,3686,362],[245,292,216],[245,292,172],[245,1193,479],[245,2202,227],[245,2202,370],[245,2935,356],[246,835,268],[246,835,335],[246,1904,264],[246,1904,320],[246,1904,425],[246,1978,248],[246,1978,478],[246,1989,183],[246,3221,236],[246,3523,251],[246,3523,451],[247,908,344],[247,1174,206],[247,1174,260],[247,2608,42],[247,2886,331],[247,3093,395],[248,2781,349],[249,220,444],[249,408,196],[249,408,453],[249,1729,263],[250,2248,447],[250,2248,78],[250,2324,257],[250,2566,404],[250,2566,486],[250,2702,257],[251,604,283],[251,1562,307],[251,1702,420],[251,2725,295],[251,2725,388],[252,2637,495],[252,2637,258],[252,3947,412],[253,614,40],[253,941,337],[253,941,113],[253,1481,427],[253,1566,409],[253,1566,205],[253,1566,331],[253,3023,435],[253,3023,27],[253,3373,435],[253,3884,133],[254,167,213],[254,167,298],[254,1455,334],[254,3069,304],[254,3069,340],[254,3119,295],[254,3359,21],[255,824,458],[255,3740,404],[255,3740,448],[255,3740,463],[255,3913,341],[256,883,328],[256,883,488],[256,2830,145],[257,140,396],[258,387,56],[258,646,369],[259,165,458],[259,448,462],[259,1017,268],[259,1532,459],[259,3191,476],[259,3191,497],[259,3244,272],[259,3244,10],[260,260,87],[260,260,447],[260,765,204],[260,1695,459],[260,1695,142],[260,1972,402],[260,2427,276],[261,1426,276],[261,1441,387],[261,1865,424],[262,114,26],[262,3084,38],[262,3084,172],[263,1362,293],[263,1515,22],[263,2306,182],[263,2730,160],[264,378,197],[264,378,231],[264,514,257],[264,2501,416],[264,3091,320],[265,2300,462],[265,2581,470],[265,3364,211],[265,3453,369],[265,3453,390],[265,3453,496],[265,3453,41],[266,705,411],[266,705,294],[266,705,471],[266,1814,475],[266,2539,76],[266,2539,172],[266,2539,252],[266,3110,48],[266,3258,40],[266,3258,192],[266,3258,221],[267,268,342],[267,1493,400],[267,2147,405],[267,3961,300],[267,3961,357],[268,704,459],[268,704,495],[268,704,298],[268,1347,331],[268,3814,470],[269,1952,291],[269,1952,363],[269,1952,215],[269,2181,450],[269,2292,476],[270,77,239],[270,706,117],[270,2674,389],[270,2674,433],[270,2674,152],[270,2674,393],[270,3680,306],[271,1687,68],[271,2004,142],[271,2478,50],[271,2478,332],[272,160,345],[272,2390,250],[272,3554,480],[272,3554,301],[272,3636,384],[272,3636,74],[272,3862,323],[272,3862,334],[273,2170,371],[273,2170,455],[273,2170,123],[273,2903,350],[274,1750,12],[274,1750,110],[274,1750,163],[274,2601,425],[274,2601,85],[274,2601,90],[274,2972,299],[275,1118,347],[275,1195,486],[275,1263,17],[275,1263,384],[275,2466,44],[275,2466,484],[276,27,464],[276,27,429],[276,1415,359],[276,1415,321],[276,1415,420],[276,1765,292],[276,1983,283],[276,1983,153],[276,3922,395],[277,739,176],[277,1319,402],[277,3024,126],[277,3580,285],[278,1491,297],[278,3185,338],[278,3237,414],[278,3988,480],[279,63,293],[279,63,367],[279,744,213],[279,744,331],[279,1792,310],[279,1792,381],[279,2120,373],[279,3556,468],[280,666,215],[280,666,367],[281,501,412],[281,885,423],[281,905,96],[281,905,369],[281,1959,235],[281,1959,364],[281,2848,114],[282,1831,118],[282,1988,475],[282,1988,259],[282,1988,110],[282,2338,354],[282,2674,389],[282,2674,433],[282,2674,152],[282,2674,393],[282,3730,205],[282,3959,338],[283,27,464],[283,27,429],[283,2017,428],[283,2017,425],[283,2065,192],[283,2856,278],[283,2893,464],[284,2197,208],[284,2197,473],[284,2197,474],[284,2197,292],[284,2800,60],[284,2861,113],[284,2861,455],[284,3233,166],[285,1008,437],[285,1008,411],[285,1169,324],[285,1262,244],[286,342,426],[286,666,215],[286,666,367],[286,771,66],[286,771,227],[286,771,427],[287,1905,435],[287,2166,445],[287,3007,380],[287,3669,302],[287,3767,16],[287,3767,310],[287,3899,177],[288,129,352],[288,129,377],[288,129,391],[288,557,492],[288,1640,443],[288,2448,167],[288,2448,280],[288,2528,325],[288,3313,388],[288,3313,278],[288,3313,209],[288,3313,353],[289,78,292],[289,896,323],[289,1046,30],[289,1782,447],[289,1810,433],[290,1051,371],[290,1060,271],[290,1060,77],[290,2276,247],[290,2276,414],[290,2411,481],[290,3941,57],[291,1747,349],[291,1950,110],[291,2365,307],[291,2924,15],[291,2962,366],[291,3745,76],[291,3980,105],[291,3980,240],[292,1904,264],[292,1904,320],[292,1904,425],[292,2165,417],[292,3012,303],[292,3241,358],[293,397,332],[293,397,185],[293,1133,314],[293,1133,286],[293,2519,353],[293,3135,302],[293,3135,455],[293,3625,328],[294,494,308],[294,494,436],[294,3037,317],[294,3071,461],[295,1670,311],[295,1670,300],[295,1869,326],[295,2223,174],[295,3168,165],[295,3168,239],[295,3168,450],[295,3489,347],[296,1026,56],[296,1132,412],[296,2187,388],[296,2838,333],[297,754,365],[297,1100,308],[297,1349,294],[297,3582,15],[297,3750,45],[297,3750,28],[298,1993,173],[298,2539,76],[298,2539,172],[298,2539,252],[299,439,179],[299,439,18],[299,623,146],[299,1546,184],[299,1546,241],[299,2316,368],[299,2316,375],[300,123,362],[300,123,445],[300,2197,208],[300,2197,473],[300,2197,474],[300,2197,292],[301,1434,206],[301,2553,398],[301,2655,322],[301,2678,439],[301,2678,119],[301,3860,261],[301,3860,380],[302,187,65],[302,187,309],[302,200,418],[302,200,454],[302,2708,353],[303,585,313],[303,1470,380],[303,1470,245],[303,1767,466],[303,2257,154],[303,3060,309],[304,536,189],[304,536,104],[304,591,366],[304,708,227],[304,708,308],[304,3543,309],[305,136,20],[305,136,228],[305,136,320],[305,1415,359],[305,1415,321],[305,1415,420],[305,1527,393],[305,1527,357],[305,1527,223],[305,1803,225],[306,2278,86],[306,2401,386],[307,1220,166],[307,2169,350],[308,1756,269],[308,1756,480],[308,1756,18],[308,1794,40],[308,3777,24],[308,3777,202],[309,278,110],[309,1578,26],[309,1578,494],[309,3001,456],[309,3001,169],[310,892,376],[310,1142,324],[310,2310,468],[310,2310,154],[310,3733,313],[311,1082,320],[311,2782,380],[311,2782,439],[311,2782,409],[311,3454,204],[311,3454,233],[311,3667,456],[312,1032,474],[312,1032,205],[312,1032,442],[312,1032,394],[312,1392,353],[312,1392,191],[312,1492,453],[312,3414,343],[313,291,252],[313,1607,355],[313,2681,129],[313,3112,314],[314,503,97],[314,503,105],[314,1904,264],[314,1904,320],[314,1904,425],[314,2315,255],[315,2368,65],[315,3345,64],[316,2309,4],[316,2770,99],[317,2721,354],[318,1473,349],[318,2637,495],[318,2637,258],[318,3509,204],[318,3971,384],[318,3971,362],[319,260,87],[319,260,447],[319,960,421],[319,1684,60],[319,2535,150],[319,3862,323],[319,3862,334],[320,1443,328],[320,2689,164],[321,552,13],[321,552,384],[321,1112,215],[321,1997,370],[321,1997,486],[321,1997,477],[321,3156,354],[321,3296,456],[321,3296,249],[321,3741,220],[321,3741,487],[321,3741,34],[322,187,65],[322,187,309],[322,1994,483],[322,2305,458],[322,2915,8],[322,2915,468],[323,1205,393],[323,1205,4],[323,1946,310],[324,179,406],[324,871,494],[324,2530,112],[324,2534,148],[324,2534,227],[324,2711,106],[325,40,327],[325,779,162],[325,1537,34],[325,2945,50],[325,3372,364],[326,1250,340],[326,2562,485],[326,2566,404],[326,2566,486],[326,2611,327],[326,2644,426],[326,3108,350],[327,833,358],[327,1317,435],[327,1317,438],[327,3868,344],[328,486,383],[328,1088,428],[328,1117,32],[328,1228,366],[329,347,401],[329,347,257],[329,1556,158],[329,1653,450],[329,2304,487],[329,2304,159],[329,2304,424],[330,1151,433],[330,2044,400],[330,2044,198],[330,2044,459],[330,2429,95],[330,2429,93],[331,554,436],[331,554,454],[331,2449,347],[331,2449,352],[331,3591,203],[332,1271,316],[332,2063,136],[332,2063,239],[332,2063,178],[332,2063,191],[333,1923,68],[333,1923,404],[333,1923,299],[333,1923,128],[333,2601,425],[333,2601,85],[333,2601,90],[333,2674,389],[333,2674,433],[333,2674,152],[333,2674,393],[333,2757,416],[334,266,385],[334,266,198],[334,1585,468],[334,1585,398],[334,1585,346],[334,1660,387],[334,2011,168],[334,2434,393],[334,2434,372],[334,3672,399],[335,354,384],[335,356,352],[335,573,340],[335,602,270],[335,2131,121],[336,213,498],[336,213,484],[336,764,199],[336,764,365],[336,812,10],[336,1077,404],[336,2928,464],[337,2008,474],[337,2008,318],[337,2671,210],[337,2671,346],[337,2671,329],[337,3001,456],[337,3001,169],[337,3083,483],[337,3327,175],[338,1792,310],[338,1792,381],[338,2008,474],[338,2008,318],[338,3020,166],[338,3020,235],[338,3020,399],[338,3204,15],[339,2885,24],[339,2885,409],[339,3038,443],[340,15,85],[340,15,500],[340,511,127],[340,511,407],[340,2473,366],[341,924,38],[341,1446,112],[341,1566,409],[341,1566,205],[341,1566,331],[341,1584,81],[341,1584,231],[342,105,198],[342,105,405],[342,289,445],[342,852,121],[342,852,214],[342,1246,169],[342,1412,139],[342,1412,430],[342,1975,290],[343,1001,233],[343,1606,436],[343,3160,266],[343,3160,460],[343,3934,360],[344,849,433],[344,849,495],[344,2746,416],[344,3754,120],[344,3754,347],[344,3754,383],[345,12,249],[345,2710,374],[345,2710,465],[345,2803,304],[345,3166,331],[345,3166,397],[345,3322,475],[346,846,348],[346,2344,161],[346,2344,2],[346,3074,175],[348,1258,356],[348,2351,175],[348,2351,65],[348,2351,436],[348,3402,2],[348,3402,248],[348,3683,359],[349,88,374],[349,88,456],[349,1315,473],[349,3196,322],[350,1858,426],[350,2386,488],[351,893,473],[351,893,325],[351,1032,474],[351,1032,205],[351,1032,442],[351,1032,394],[351,1337,390],[351,2828,302],[351,2828,377],[351,3892,138],[351,3892,285],[352,1252,426],[352,1284,121],[352,1284,387],[352,3956,368],[353,1255,51],[354,88,374],[354,88,456],[354,2040,499],[354,3754,120],[354,3754,347],[354,3754,383],[355,1324,486],[355,1769,475],[355,2105,386],[355,2344,161],[355,2344,2],[355,3250,366],[355,3250,7],[356,497,363],[356,497,455],[356,497,491],[356,2500,363],[357,3194,179],[358,201,425],[358,201,256],[358,3080,484],[359,171,176],[359,2750,482],[359,2782,380],[359,2782,439],[359,2782,409],[359,3633,418],[360,225,430],[360,650,376],[360,1329,103],[360,2044,400],[360,2044,198],[360,2044,459],[360,2162,427],[360,2162,462],[360,2514,388],[361,365,457],[361,505,407],[361,1306,486],[361,2148,418],[361,3019,381],[361,3985,420],[362,2589,407],[363,200,418],[363,200,454],[363,2845,426],[363,2942,418],[364,194,61],[364,194,315],[364,194,419],[364,748,65],[364,1618,381],[364,1618,444],[365,425,119],[365,808,379],[365,2802,379],[365,3089,431],[365,3822,432],[366,1643,496],[366,3182,282],[366,3182,297],[366,3885,274],[366,3885,295],[366,3885,377],[367,2763,31],[368,2725,295],[368,2725,388],[368,2758,82],[368,2758,187],[368,3320,30],[369,1380,296],[369,1380,279],[369,1415,359],[369,1415,321],[369,1415,420],[370,872,349],[370,3918,136],[370,3994,446],[371,3653,128],[371,3952,239],[372,2352,205],[373,2213,155],[373,3376,162],[374,778,411],[374,2509,476],[374,2509,61],[374,2509,245],[374,3086,410],[374,3086,414],[374,3086,187],[375,213,498],[375,213,484],[375,855,417],[375,2164,422],[376,1174,206],[376,1174,260],[376,1369,3],[376,2350,474],[376,2607,355],[376,2607,330],[376,3482,435],[377,2006,26],[377,3014,70],[377,3014,78],[378,66,118],[378,852,121],[378,852,214],[378,2341,401],[378,2341,419],[378,3168,165],[378,3168,239],[378,3168,450],[379,981,402],[379,1168,396],[379,1168,304],[380,89,153],[380,1238,166],[380,1238,177],[380,1238,280],[380,1238,264],[380,3384,72],[381,1503,385],[381,2414,382],[381,3717,481],[382,483,391],[382,546,394],[382,2825,183],[382,2825,469],[382,3002,487],[382,3002,332],[382,3949,469],[382,3949,381],[383,511,127],[383,511,407],[383,1317,435],[383,1317,438],[383,1598,457],[383,2316,368],[383,2316,375],[384,1044,414],[384,1961,417],[385,503,97],[385,503,105],[385,649,252],[385,1442,450],[386,497,363],[386,497,455],[386,497,491],[386,2320,449],[386,2858,466],[387,196,261],[387,196,496],[387,1696,51],[387,3511,39],[388,3413,263],[388,3770,63],[389,408,196],[389,408,453],[389,767,394],[389,3804,45],[389,3804,135],[390,257,269],[390,1973,343],[390,1973,462],[390,2421,452],[390,2925,403],[390,3086,410],[390,3086,414],[390,3086,187],[391,126,413],[391,126,434],[391,947,50],[391,947,94],[391,1978,248],[391,1978,478],[391,3749,285],[392,1584,81],[392,1584,231],[392,2367,91],[393,1886,326],[393,1918,43],[393,1918,242],[393,2082,89],[394,596,148],[394,715,490],[394,1585,468],[394,1585,398],[394,1585,346],[394,3342,421],[395,17,448],[395,785,444],[395,785,419],[395,2467,420],[396,1758,85],[396,1758,259],[396,2096,402],[396,2413,400],[396,3161,431],[396,3960,363],[397,267,383],[397,267,488],[397,462,423],[397,1298,496],[397,1299,497],[397,1877,353],[397,1877,413],[397,3212,427],[397,3212,433],[398,309,461],[398,3949,469],[398,3949,381],[399,159,317],[399,620,417],[399,1748,221],[400,3363,454],[401,338,123],[401,1914,415],[401,3723,432],[402,1695,459],[402,1695,142],[402,3334,59],[403,2010,399],[403,2162,427],[403,2162,462],[403,2193,14],[403,2228,125],[403,2298,449],[403,2714,111],[403,2714,462],[404,1566,409],[404,1566,205],[404,1566,331],[404,1965,498],[404,3841,464],[405,3553,13],[405,3553,333],[406,1453,96],[406,1464,407],[406,3362,150],[406,3764,202],[407,1198,403],[407,1661,274],[407,1661,174],[408,379,477],[408,379,231],[408,379,218],[408,436,455],[408,807,22],[408,807,417],[408,983,444],[408,2100,444],[409,259,486],[409,2720,82],[409,2720,72],[409,2988,489],[409,2988,153],[409,2988,477],[410,900,448],[410,1039,218],[410,1039,419],[410,3609,448],[410,3609,309],[410,3718,149],[411,284,478],[411,284,139],[411,1049,356],[411,1171,27],[411,1243,431],[411,2756,500],[412,381,58],[412,381,228],[412,381,498],[412,976,499],[412,1622,347],[412,3020,166],[412,3020,235],[412,3020,399],[413,862,27],[413,1093,3],[413,1093,99],[413,2616,480],[414,143,148],[414,491,418],[414,3132,215],[415,386,465],[415,934,465],[415,2361,458],[415,3768,450],[416,2580,385],[416,2580,84],[416,2997,37],[416,3882,294],[417,1242,273],[417,1547,478],[418,883,328],[418,883,488],[419,1134,467],[420,47,50],[420,2737,248],[421,1279,479],[421,3740,404],[421,3740,448],[421,3740,463],[421,3834,117],[422,188,262],[422,2018,273],[422,2018,65],[422,2141,480],[422,3401,311],[422,3401,493],[422,3462,194],[422,3462,369],[422,3462,496],[423,439,179],[423,439,18],[423,3054,320],[423,3538,443],[423,3682,492],[424,103,333],[424,1857,41],[425,1360,392],[425,2888,143],[427,194,61],[427,194,315],[427,194,419],[427,2199,35],[427,3176,195],[427,3176,494],[428,577,471],[428,987,423],[428,2266,493],[428,2804,460],[428,3101,287],[428,3101,141],[428,3101,345],[428,3101,457],[428,3391,446],[429,21,497],[429,595,220],[429,595,463],[429,2693,438],[429,2693,109],[429,2806,294],[429,3887,442],[429,3887,36],[430,300,122],[430,1704,235],[430,1704,434],[430,2908,452],[430,3681,466],[430,3681,39],[431,919,210],[431,1030,31],[431,1030,464],[431,2647,440],[431,3671,440],[432,106,185],[432,277,268],[432,1470,380],[432,1470,245],[432,3657,123],[433,1516,467],[433,3903,438],[434,3256,441],[434,3930,335],[434,3930,466],[435,986,379],[435,2796,441],[436,704,459],[436,704,495],[436,704,298],[436,785,444],[436,785,419],[436,2273,445],[437,1982,93],[438,1115,20],[438,3398,436],[439,533,494],[439,1170,461],[439,3273,461],[439,3326,454],[440,319,279],[440,388,500],[440,834,498],[440,2041,15],[440,3340,196],[440,3340,91],[441,3515,265],[441,3930,335],[441,3930,466],[442,119,62],[442,366,131],[442,687,327],[442,2047,434],[442,3458,370],[442,3458,144],[444,24,144],[444,24,424],[444,1375,373],[445,482,129],[445,482,364],[445,510,482],[445,2815,451],[445,3098,17],[445,3098,275],[445,3098,273],[446,1179,290],[446,1405,469],[446,1405,16],[446,2304,487],[446,2304,159],[446,2304,424],[446,3069,304],[446,3069,340],[446,3592,452],[446,3592,270],[447,2371,253],[447,2518,77],[447,3943,244],[447,3943,422],[448,410,219],[449,787,470],[449,787,93],[449,787,448],[449,1793,437],[449,3020,166],[449,3020,235],[449,3020,399],[449,3484,466],[450,727,347],[450,727,465],[451,935,497],[451,935,85],[451,1476,193],[451,1577,438],[451,1577,467],[451,2170,371],[451,2170,455],[451,2170,123],[451,2184,264],[451,2496,461],[451,2496,92],[452,705,411],[452,705,294],[452,705,471],[452,3819,467],[453,222,176],[453,488,71],[453,2671,210],[453,2671,346],[453,2671,329],[454,1560,422],[454,1560,278],[455,3206,137],[455,3708,447],[455,3708,130],[456,292,216],[456,292,172],[456,905,96],[456,905,369],[456,1551,339],[457,830,463],[457,1289,200],[457,1592,297],[458,1521,109],[459,1325,211],[459,2873,473],[460,1042,469],[460,1162,201],[460,1162,200],[460,2110,345],[461,403,122],[461,3222,280],[462,1003,499],[462,1530,237],[462,1530,348],[463,583,9],[463,583,255],[463,1825,466],[465,713,101],[465,2299,133],[465,2299,475],[466,2894,409],[467,212,11],[467,212,471],[467,549,303],[467,549,346],[468,2425,206],[469,3250,366],[469,3250,7],[469,3606,299],[470,484,205],[470,1363,485],[470,1363,467],[470,1363,160],[471,61,309],[471,61,398],[471,61,419],[471,1178,353],[471,1178,395],[471,1178,378],[471,2243,476],[472,627,173],[472,627,106],[472,1400,470],[472,3011,6],[473,1924,496],[473,3853,474],[474,3980,105],[474,3980,240],[475,115,185],[475,2620,296],[476,1147,15],[476,2527,488],[477,1107,455],[477,1952,291],[477,1952,363],[477,1952,215],[478,1388,498],[478,1816,318],[479,2568,176],[479,3805,453],[480,310,75],[481,1997,370],[481,1997,486],[481,1997,477],[481,2302,489],[481,3316,485],[481,3504,29],[481,3739,490],[482,619,488],[482,1187,160],[482,1686,111],[482,1686,336],[482,1737,275],[482,1737,460],[483,46,210],[483,46,476],[483,1932,275],[483,2318,43],[483,2675,310],[484,45,492],[484,1945,258],[484,2191,155],[484,3966,492],[485,80,278],[485,2853,244],[485,2853,305],[487,771,66],[487,771,227],[487,771,427],[487,2572,490],[487,3616,490],[487,3695,288],[487,3695,488],[488,1238,166],[488,1238,177],[488,1238,280],[488,1238,264],[489,1730,171],[489,1730,51],[489,3701,339],[490,1343,493],[490,1343,412],[490,2002,274],[490,2002,493],[491,1081,311],[491,1633,195],[491,2808,392],[492,2203,38],[492,3454,204],[492,3454,233],[493,321,88],[493,1272,193],[493,3608,71],[493,3608,80],[494,1152,315],[494,1650,429],[495,1497,460],[495,2310,468],[495,2310,154],[495,3428,361],[495,3473,306],[495,3473,344],[497,2526,83],[498,1625,441],[499,947,50],[499,947,94],[499,2077,329],[499,3856,466],[500,633,358],[500,633,499],[500,964,340]];

jitters = [20000,10000,2000,20000,100000,100000,10000,50000,20000,100000,20000,10000,100000,2000,20000,20000,100000,20000,10000,20000,5000,100000,100000,20000,1000,10000,20000,10000,100000,1000,100000,10000,100000,100000,10000,10000,2000,20000,10000,20000,20000,100000,10000,100000,20000,2000,20000,1000,20000,20000,1000,2000,20000,10000,50000,100000,10000,20000,2000,10000,10000,10000,100000,100000,5000,10000,2000,5000,1000,100000,100000,100000,20000,10000,10000,20000,10000,50000,10000,10000,10000,10000,10000,100000,10000,1000,10000,10000,20000,100000,10000,1000,10000,10000,10000,20000,10000,10000,100000,100000,100000,10000,10000,20000,20000,10000,5000,20000,20000,20000,100000,10000,20000,100000,10000,100000,20000,10000,10000,10000,100000,20000,10000,100000,20000,1000,100000,20000,100000,10000,1000,20000,100000,100000,100000,50000,100000,50000,100000,100000,20000,10000,100000,50000,10000,20000,10000,10000,20000,10000,100000,10000,20000,10000,100000,5000,10000,20000,10000,50000,20000,20000,10000,100000,10000,100000,100000,50000,20000,100000,2000,100000,10000,5000,100000,20000,100000,20000,100000,100000,10000,10000,20000,10000,10000,10000,20000,10000,10000,100000,10000,1000,50000,10000,20000,100000,20000,20000,20000,10000,20000,10000,100000,20000,10000,10000,20000,1000,100000,100000,20000,10000,20000,20000,20000,100000,20000,10000,10000,100000,20000,2000,10000,10000,10000,20000,10000,100000,20000,100000,20000,100000,20000,10000,100000,100000,1000,100000,10000,20000,100000,20000,5000,20000,20000,10000,10000,1000,100000,50000,10000,20000,100000,20000,1000,20000,50000,20000,10000,10000,10000,10000,100000,10000,10000,100000,100000,10000,1000,20000,10000,10000,20000,20000,10000,10000,50000,20000,100000,5000,10000,20000,10000,10000,50000,20000,100000,10000,10000,20000,10000,10000,100000,100000,20000,10000,50000,10000,20000,10000,100000,100000,100000,100000,20000,100000,10000,100000,100000,100000,20000,5000,100000,20000,100000,20000,100000,10000,20000,20000,20000,20000,10000,100000,10000,20000,10000,20000,1000,10000,10000,20000,10000,20000,20000,50000,20000,20000,10000,20000,1000,100000,100000,10000,10000,20000,10000,20000,10000,20000,10000,20000,100000,20000,100000,20000,100000,10000,20000,100000,20000,20000,20000,10000,50000,10000,5000,20000,20000,20000,20000,5000,100000,20000,10000,100000,10000,1000,50000,100000,20000,20000,20000,10000,10000,100000,20000,10000,20000,10000,10000,10000,20000,20000,10000,50000,10000,100000,20000,100000,1000,50000,10000,50000,100000,20000,20000,100000,20000,10000,50000,10000,10000,20000,1000,10000,10000,20000,10000,10000,20000,10000,10000,1000,10000,20000,100000,20000,10000,100000,50000,1000,10000,100000,100000,100000,10000,10000,100000,50000,100000,5000,10000,100000,100000,20000,100000,10000,10000,1000,100000,20000,20000,100000,100000,20000,20000,1000,10000,20000,100000,10000,20000,50000,1000,100000,20000,100000,20000,10000,20000,10000,10000,10000,1000,20000,100000,50000,20000,10000,20000,20000,20000,10000,20000,20000,20000,20000,20000,20000,10000,10000,20000,100000,100000,10000,10000,50000,10000,50000];

