NumChains = 50;
NumResources = 3;
NumRunnablesInChains = 277;
MemoryBoundOnResource = 1048576;
UtilizationBoundOnResource = 100;

numberOfTasksinChain = [13,11,13,13,11,11,11,11,9,11,7,7,7,13,9,9,11,7,9,13,7,7,7,13,13,11,13,13,7,7,11,11,11,11,7,13,11,11,9,13,9,9,7,13,7,11,7,7,9,13];

runnablesInChains = [496,448,275,177,353,111,144,460,459,84,475,119,315,231,359,201,422,329,69,287,485,45,421,454,434,141,410,68,208,38,113,88,427,166,417,299,183,263,383,376,182,125,162,10,304,30,54,441,391,103,92,148,212,187,498,422,201,183,387,36,498,305,67,41,353,18,452,302,47,317,424,369,444,388,362,268,28,99,472,103,271,424,330,469,431,116,184,224,21,242,332,333,339,160,407,412,173,197,309,94,104,143,101,117,99,11,130,243,385,480,443,358,396,427,133,99,440,312,102,438,106,18,349,332,189,114,442,172,47,21,120,304,164,277,34,387,323,36,122,187,64,179,329,392,337,242,320,41,408,468,120,447,283,22,54,214,139,77,325,97,67,20,44,497,447,413,418,326,47,272,340,56,492,270,377,146,495,424,317,78,418,476,272,52,270,341,91,417,119,181,207,1,94,289,115,290,30,321,490,235,429,461,241,445,31,372,297,166,263,471,323,392,416,35,25,285,191,493,79,67,431,12,496,198,296,348,459,23,411,494,251,197,309,94,104,289,271,488,425,280,49,157,35,288,390,244,154,378,435,478,212,305,423,287,318,135,83,480,396,236,219,2,214,368,95,195,388,189,70,116,255,298,4,428,133,351,379];

ProcessingTimesOfMessages = [[1,1,1,1,1],[1,1,1,1,1],[1,1,1,1,1,1],[1,1,1],[1,1,1,1,1],[1,1,1],[1,1,1,1],[1,1,1],[1,1,1,1,1,1,1],[1,1,1,1,1],[1,1,1,1],[1,1,1],[1,1,1,1,1],[1,1,1,1],[1,1,1,1,1,1,1,1],[1,1,1,1,1,1,1,1,1],[1,1,1,1],[1,1,1,1,1,1,1],[1,1,1,1,1,1,1,1],[1,1,1,1],[1,1,1,1,1],[1,1,1,1],[1,1,1,1],[1,1,1,1,1,1,1,1],[1,1,1,1,1,1,1],[1,1,1,1],[1,1,1,1],[1,1],[1,1,1,1,1,1],[1,1,1,1,1,1,1],[1,1],[1,1,1,1,1,1],[1,1,1,1],[1,1,1],[1,1,1],[1,1,1,1],[1,1,1],[1,1,1,1,1],[1,1,1,1],[1,1,1,1,1,1],[1,1,1,1],[1,1,1,1,1],[1,1,1,1,1,1],[1,1,1,1],[1,1,1,1],[1,1,1,1,1],[1,1,1,1,1],[1,1,1],[1,1,1],[1,1,1,1,1,1],[1,1,1,1],[1,1],[1,1,1,1,1,1,1,1],[1,1,1,1,1,1,1,1,1],[1,1,1,1],[1,1],[1,1,1,1,1],[1,1,1,1,1],[1,1,1,1,1,1,1],[1,1,1,1,1,1,1],[1,1,1,1],[1,1,1,1,1,1,1,1],[1,1,1,1,1],[1,1,1],[1,1,1,1,1,1,1],[1,1,1,1,1,1,1],[1,1,1,1,1,1,1],[1,1,1,1],[1,1,1,1,1,1],[1,1],[1,1,1,1],[1,1,1,1,1,1],[1,1,1,1],[1,1,1,1,1,1],[1,1,1],[1,1,1,1,1],[1,1,1,1,1,1,1,1],[1,1,1,1,1,1,1],[1,1,1],[],[1,1,1,1],[1,1,1,1],[1,1,1,1],[1,1,1,1,1,1,1],[1,1,1,1,1],[1,1,1],[1,1,1],[1,1,1],[1,1,1,1],[1,1,1],[1,1,1],[1,1,1,1,1],[1,1,1,1],[1,1,1],[1,1,1,1],[1,1,1,1],[1,1,1,1],[1,1,1],[1,1,1,1],[1,1,1],[1,1,1,1,1],[1,1],[1,1,1,1],[1,1,1,1,1,1,1],[1,1,1],[1],[1,1,1,1,1,1,1],[1,1,1,1,1,1,1],[1,1,1,1],[1,1,1,1],[1,1,1,1,1,1,1],[1,1,1,1,1,1],[1,1,1],[1,1,1,1,1,1,1],[1,1,1,1,1],[1,1],[1,1,1,1,1],[1,1,1,1],[1,1,1,1,1],[1,1,1,1],[1,1,1,1,1,1,1],[1,1,1,1],[1,1,1],[1,1,1,1],[1,1,1,1,1],[1,1,1,1],[1,1,1,1,1,1],[1,1,1,1],[1,1,1,1,1,1],[1,1,1,1,1,1,1],[1,1],[1,1,1,1,1,1],[1,1],[1,1,1,1,1,1,1],[1,1,1,1,1],[1,1,1,1,1],[1,1,1,1,1,1],[1,1,1,1,1],[1,1,1,1],[1,1,1],[1,1,1,1,1],[1,1,1,1,1,1,1],[1,1,1,1,1,1],[1,1,1,1],[1,1],[1,1,1,1,1],[1,1,1,1,1,1,1,1,1,1],[1,1,1,1,1,1],[1,1,1,1,1],[1,1,1,1],[1,1,1,1,1,1,1,1,1],[1,1,1],[1,1,1,1,1,1],[1,1,1],[1,1,1,1,1],[1,1,1,1,1],[1,1,1],[1,1,1],[1,1,1,1,1],[1,1,1,1],[1,1,1],[1,1,1,1,1,1],[],[1,1],[1,1,1,1,1],[1,1,1,1,1],[1,1,1,1,1,1,1],[1,1,1,1,1],[1,1,1],[1,1,1,1,1,1,1],[1,1,1],[1,1],[1,1],[1,1,1,1,1,1,1,1],[1,1,1,1,1,1,1],[1,1],[1,1,1,1,1],[1,1,1,1,1,1,1],[1,1,1,1,1,1],[1,1,1,1,1,1,1],[1,1],[1,1,1],[1,1,1],[1,1,1,1,1,1],[1,1,1,1,1,1],[1,1,1,1,1,1],[1,1,1,1,1],[1,1,1,1,1],[1,1,1],[],[1,1,1,1,1,1],[1,1,1,1,1,1],[1,1,1,1,1],[1,1,1,1,1,1],[1,1,1,1,1,1,1],[1,1],[1,1,1,1],[1,1,1],[1],[1,1],[1,1,1],[1,1,1,1],[1,1,1,1],[1,1,1],[1,1,1,1],[1,1,1,1,1],[1,1,1,1,1],[1,1,1],[1,1,1,1,1],[1,1],[1,1,1,1,1,1],[1,1,1],[1,1,1,1,1,1,1,1],[1,1,1],[1,1,1,1],[1,1,1,1,1,1,1],[1,1,1,1,1,1,1],[1,1,1,1,1],[1,1,1,1,1],[1,1,1,1,1],[1,1,1,1],[1,1,1,1,1,1],[1,1,1,1],[1,1,1,1,1],[1,1],[1,1,1],[1,1,1,1],[1,1,1,1,1,1],[1,1,1,1,1,1,1,1],[1,1,1,1,1],[1],[1,1,1,1],[1,1,1],[1,1],[1,1,1,1,1],[1,1,1,1,1],[1,1,1,1,1,1,1],[1,1,1],[1,1,1],[1,1],[1,1,1,1,1],[1,1,1,1],[1,1],[1,1,1],[1,1,1],[1,1,1,1,1,1,1],[1,1,1,1],[1,1],[1,1,1,1,1,1,1],[1,1,1,1,1],[1,1],[1,1,1,1,1,1],[1,1,1,1,1,1,1],[1,1,1,1],[1,1,1,1,1],[1,1],[1,1,1,1,1],[1,1,1,1,1],[1,1,1,1],[1],[1,1,1,1],[1,1,1,1],[1,1,1,1],[1],[1,1,1,1,1,1,1,1,1],[1,1,1],[1,1,1,1],[1,1,1],[1,1,1,1],[1,1,1,1,1],[1,1,1,1],[1,1],[1,1],[1,1,1],[1,1,1,1,1],[1,1,1,1],[1,1],[1,1,1,1,1],[1,1,1],[1,1,1,1,1,1],[1,1,1,1,1,1],[1,1,1,1],[1,1,1,1,1],[1,1,1,1,1],[1,1,1,1,1,1],[1,1,1,1],[1],[1,1],[1,1],[1,1,1],[1,1],[1,1],[1,1,1],[1,1,1],[1],[1,1,1],[1],[1,1,1],[1,1,1],[1,1,1,1],[1],[1,1,1,1],[1,1,1,1],[1,1,1],[1,1,1,1],[1],[1,1],[1],[1,1,1],[1,1,1],[1,1],[1,1,1,1],[1,1,1,1],[1,1,1],[1,1],[1,1,1],[1,1,1],[1,1],[1,1,1,1],[1,1,1,1],[1],[1,1],[1,1,1],[1,1,1,1],[1,1,1,1],[1,1,1,1],[1,1,1],[1,1,1,1,1],[1,1,1],[1,1,1,1,1],[1,1,1],[1],[1,1],[1,1,1],[1,1,1],[1,1],[1,1],[1,1,1],[1,1],[1,1,1,1,1,1],[1,1,1],[1,1,1,1],[1,1,1,1,1,1],[1,1],[1,1,1],[],[1,1,1],[1],[1,1,1,1],[1,1],[1,1,1,1],[1,1],[1,1,1,1],[1],[1,1],[1,1,1],[1,1,1,1],[1,1,1,1],[1,1,1],[1,1,1],[1,1],[1,1,1],[1,1,1,1,1,1],[1,1,1,1,1],[1,1,1,1],[1,1,1],[1,1,1,1,1,1,1,1],[1,1],[1,1,1,1],[1,1,1],[1,1],[1,1,1],[1,1],[1,1,1,1,1],[1,1,1,1,1],[1,1,1,1,1],[1,1,1],[1,1,1],[1],[1,1,1],[1,1],[],[1],[1,1],[1,1,1,1,1],[1,1,1,1,1],[1,1,1,1],[1,1,1],[1,1,1],[1,1,1,1],[1,1,1,1,1],[1,1,1,1],[1,1,1,1],[1,1,1],[1,1,1,1],[1],[1],[1,1,1,1,1],[1,1,1],[1,1,1,1,1,1,1,1],[1,1,1,1],[1,1,1,1,1],[1,1,1],[1],[1,1,1],[1,1,1,1,1,1],[1,1,1],[1,1,1],[1],[1],[1,1],[1,1,1],[1],[1],[1,1,1],[1],[1,1],[1],[],[1,1],[1,1,1],[1],[1],[1,1,1,1],[1],[],[1,1],[1,1],[1,1,1],[],[1,1,1,1,1,1],[1,1],[1,1,1,1,1],[1,1],[1,1,1],[1],[1],[1,1,1,1],[1,1,1,1,1,1],[1,1],[1],[1,1],[1,1],[1,1,1,1],[1,1,1,1],[1,1,1,1,1],[1,1],[1,1,1,1,1],[1,1,1,1],[],[1,1,1,1,1],[1,1,1,1,1],[1,1,1,1],[1,1,1,1],[1,1,1,1],[1,1,1],[1,1],[],[1,1,1,1,1],[1],[1,1],[],[1,1],[1],[1],[],[1,1,1,1],[1,1,1,1],[1],[1],[1],[1,1],[1,1,1,1,1],[1],[1],[1,1,1,1],[1,1,1,1,1,1,1,1],[1,1],[1,1,1],[1,1,1],[1,1],[1,1,1],[1,1,1,1],[1],[1,1],[1,1],[1,1],[1,1],[1,1],[1,1,1],[],[1],[1,1,1],[1,1],[1,1],[1,1,1,1],[1,1,1,1,1,1],[1,1,1,1],[1,1],[1,1,1]];

processingTimesRunnables = [5,4,5,7,4,6,6,2,5,4,5,5,2,5,5,2,5,5,5,5,4,5,4,4,4,4,4,5,5,6,6,6,4,2,2,5,6,5,4,3,6,3,5,2,5,6,3,6,7,6,3,5,5,6,6,4,4,5,5,5,4,4,4,6,5,2,4,4,3,5,5,5,3,6,6,5,3,6,5,5,5,3,6,5,4,4,4,4,5,4,7,6,5,5,5,5,3,4,5,5,5,2,6,3,3,3,7,5,5,4,4,3,5,3,7,4,5,4,5,5,5,4,4,6,3,4,4,5,3,5,5,5,4,5,6,4,7,5,5,3,5,6,7,3,2,3,5,3,2,4,5,3,5,5,5,5,6,4,4,6,5,5,6,5,3,5,5,5,2,5,5,3,5,4,6,4,3,3,6,6,5,2,6,5,5,2,5,6,4,5,5,5,4,5,2,5,7,4,4,2,3,3,5,4,5,6,2,5,3,5,6,7,5,6,4,5,4,5,4,2,5,5,3,6,3,5,6,5,5,5,5,4,7,6,3,5,4,5,5,5,6,4,5,2,5,5,3,5,4,4,3,6,2,5,4,3,4,5,3,4,3,5,2,7,5,6,7,5,5,5,6,4,5,4,5,5,4,7,2,5,3,7,5,6,5,5,5,5,6,5,3,7,4,5,5,3,6,3,5,6,4,5,5,7,4,6,5,5,4,5,4,6,4,3,5,2,5,2,5,5,7,4,5,5,5,6,6,4,7,5,5,7,5,3,5,6,3,5,3,7,5,4,3,3,5,5,5,5,5,5,6,4,4,4,2,4,3,5,7,4,5,5,6,5,6,5,5,5,3,5,5,3,5,2,3,4,5,5,6,5,6,7,6,4,4,5,5,5,5,3,4,6,5,5,3,5,3,6,6,5,7,4,5,7,7,7,6,5,4,6,6,5,5,5,5,6,3,5,7,5,6,6,4,6,5,5,6,4,6,7,4,5,5,5,4,5,6,5,3,5,3,4,2,5,7,3,5,3,3,4,6,6,5,7,5,3,5,3,5,7,3,6,6,4,2,2,3,5,6,6,4,5,5,3,3,3,5,4,6,5,5,5,3,4,4,5,6,5,5,3,5,4,5,6,7,5,5,6,6,6];

periods = [5000,20000,10000,20000,20000,100000,10000,20000,100000,10000,20000,10000,100000,20000,10000,1000,10000,10000,1000,10000,10000,20000,100000,100000,50000,100000,1000,20000,10000,20000,100000,20000,20000,100000,100000,100000,100000,20000,50000,10000,10000,20000,20000,10000,20000,100000,10000,20000,100000,10000,10000,10000,20000,20000,20000,10000,10000,20000,10000,20000,20000,10000,20000,100000,20000,100000,10000,20000,100000,10000,10000,100000,100000,20000,10000,20000,20000,10000,50000,20000,100000,100000,100000,100000,20000,20000,100000,20000,10000,50000,100000,20000,1000,5000,20000,10000,10000,20000,20000,100000,20000,10000,20000,5000,1000,10000,20000,100000,10000,1000,10000,100000,20000,10000,5000,10000,20000,20000,100000,10000,10000,100000,100000,2000,10000,20000,10000,100000,20000,2000,20000,20000,20000,20000,100000,20000,20000,10000,20000,20000,20000,50000,20000,10000,20000,10000,20000,100000,10000,50000,100000,1000,20000,100000,10000,10000,100000,20000,20000,20000,100000,10000,10000,100000,10000,100000,20000,100000,10000,10000,1000,10000,20000,50000,20000,50000,10000,100000,100000,20000,100000,10000,100000,10000,10000,100000,100000,10000,10000,20000,50000,10000,20000,100000,10000,20000,5000,10000,20000,10000,100000,20000,100000,10000,100000,20000,100000,20000,20000,20000,100000,100000,1000,20000,20000,20000,20000,1000,2000,20000,20000,10000,20000,10000,20000,10000,10000,100000,10000,10000,100000,20000,100000,20000,20000,2000,20000,50000,20000,10000,100000,10000,2000,100000,20000,1000,10000,10000,20000,10000,100000,10000,20000,50000,20000,20000,100000,20000,10000,20000,10000,100000,100000,100000,10000,100000,10000,20000,100000,10000,20000,10000,100000,50000,10000,100000,100000,10000,10000,20000,20000,100000,20000,20000,50000,20000,100000,100000,5000,20000,20000,100000,100000,100000,10000,10000,100000,20000,100000,10000,20000,10000,100000,10000,100000,20000,1000,100000,5000,20000,20000,10000,10000,100000,100000,100000,10000,100000,100000,10000,20000,20000,100000,10000,20000,10000,50000,20000,100000,10000,100000,10000,20000,20000,20000,10000,100000,20000,20000,10000,100000,10000,100000,20000,100000,20000,10000,10000,10000,10000,20000,20000,10000,100000,50000,20000,10000,2000,100000,20000,10000,20000,20000,100000,100000,20000,10000,20000,10000,1000,20000,100000,1000,20000,100000,10000,10000,100000,20000,10000,20000,50000,100000,20000,2000,10000,100000,10000,100000,100000,20000,100000,100000,20000,1000,2000,20000,50000,100000,10000,5000,20000,100000,100000,10000,10000,20000,10000,20000,20000,100000,20000,10000,10000,20000,100000,100000,10000,10000,1000,20000,100000,100000,10000,20000,10000,20000,20000,20000,5000,10000,100000,20000,20000,100000,20000,100000,10000,10000,20000,20000,10000,2000,10000,100000,20000,10000,10000,10000,10000,2000,10000,20000,20000,10000,10000,50000,20000,100000,100000,20000,20000,100000,20000,100000,100000,10000,10000,10000,100000,100000,20000,50000,100000,100000,10000,50000,100000,100000,2000,50000,100000,10000,50000,20000,10000,10000,20000,10000,20000,100000,10000,50000,100000,10000,10000,10000,100000,1000,50000];

communicationTimeForOrderCriticalMessages = [1,1,1,1,1,1,1,1,1,1,1,1,1,1,1,1,1,1,1,1,1,1,1,1,1,1,1,1,1,1,1,1,1,1,1,1,1,1,1,1,1,1,1,1,1,1,1,1,1,1,1,1,1,1,1,1,1,1,1,1,1,1,1,1,1,1,1,1,1,1,1,1,1,1,1,1,1,1,1,1,1,1,1,1,1,1,1,1,1,1,1,1,1,1,1,1,1,1,1,1,1,1,1,1,1,1,1,1,1,1,1,1,1,1,1,1,1,1,1,1,1,1,1,1,1,1,1,1,1,1,1,1,1,1,1,1,1,1,1,1,1,1,1,1,1,1,1,1,1,1,1,1,1,1,1,1,1,1,1,1,1,1,1,1,1,1,1,1,1,1,1,1,1,1,1,1,1,1,1,1,1,1,1,1,1,1,1,1,1,1,1,1,1,1,1,1,1,1,1,1,1,1,1,1,1,1,1,1,1,1,1,1,1,1,1,1,1,1,1,1,1,1,1,1,1,1,1];

sizeOfRunnables = [1,1,1,1,1,1,1,1,1,1,1,1,1,1,1,1,1,1,1,1,1,1,1,1,1,1,1,1,1,1,1,1,1,1,1,1,1,1,1,1,1,1,1,1,1,1,1,1,1,1,1,1,1,1,1,1,1,1,1,1,1,1,1,1,1,1,1,1,1,1,1,1,1,1,1,1,1,1,1,1,1,1,1,1,1,1,1,1,1,1,1,1,1,1,1,1,1,1,1,1,1,1,1,1,1,1,1,1,1,1,1,1,1,1,1,1,1,1,1,1,1,1,1,1,1,1,1,1,1,1,1,1,1,1,1,1,1,1,1,1,1,1,1,1,1,1,1,1,1,1,1,1,1,1,1,1,1,1,1,1,1,1,1,1,1,1,1,1,1,1,1,1,1,1,1,1,1,1,1,1,1,1,1,1,1,1,1,1,1,1,1,1,1,1,1,1,1,1,1,1,1,1,1,1,1,1,1,1,1,1,1,1,1,1,1,1,1,1,1,1,1,1,1,1,1,1,1,1,1,1,1,1,1,1,1,1,1,1,1,1,1,1,1,1,1,1,1,1,1,1,1,1,1,1,1,1,1,1,1,1,1,1,1,1,1,1,1,1,1,1,1,1,1,1,1,1,1,1,1,1,1,1,1,1,1,1,1,1,1,1,1,1,1,1,1,1,1,1,1,1,1,1,1,1,1,1,1,1,1,1,1,1,1,1,1,1,1,1,1,1,1,1,1,1,1,1,1,1,1,1,1,1,1,1,1,1,1,1,1,1,1,1,1,1,1,1,1,1,1,1,1,1,1,1,1,1,1,1,1,1,1,1,1,1,1,1,1,1,1,1,1,1,1,1,1,1,1,1,1,1,1,1,1,1,1,1,1,1,1,1,1,1,1,1,1,1,1,1,1,1,1,1,1,1,1,1,1,1,1,1,1,1,1,1,1,1,1,1,1,1,1,1,1,1,1,1,1,1,1,1,1,1,1,1,1,1,1,1,1,1,1,1,1,1,1,1,1,1,1,1,1,1,1,1,1,1,1,1,1,1,1,1,1,1,1,1,1,1,1,1,1,1,1,1,1,1,1,1,1,1,1,1,1,1,1,1,1,1,1,1,1,1,1,1,1,1,1,1,1,1];

SenderLabelReceiverOrderCriticalChains = [[496,3077,0,0,448],[448,1453,0,0,275],[275,3264,0,0,177],[177,1745,0,0,353],[353,3235,0,0,111],[111,1249,0,0,144],[460,3326,0,0,459],[459,169,3293,0,84],[84,169,0,0,475],[475,149,0,0,119],[119,2789,0,0,315],[231,2449,0,0,359],[359,2831,0,0,201],[201,3563,0,0,422],[422,2393,0,0,329],[329,1717,0,0,69],[69,3676,0,0,287],[485,2522,0,0,45],[45,2211,0,0,421],[421,293,0,0,454],[454,2573,0,0,434],[434,3508,0,0,141],[141,2801,0,0,410],[68,3887,0,0,208],[208,72,3912,0,38],[38,39,2242,0,113],[113,3989,0,0,88],[88,2232,0,0,427],[166,3162,0,0,417],[417,739,0,0,299],[299,3567,0,0,183],[183,731,0,0,263],[263,3165,0,0,383],[376,907,0,0,182],[182,3611,0,0,125],[125,2264,0,0,162],[162,3615,0,0,10],[10,3169,0,0,304],[30,3711,0,0,54],[54,1299,0,0,441],[441,2733,0,0,391],[391,2177,0,0,103],[103,427,0,0,92],[148,3775,0,0,212],[212,684,0,0,187],[187,2364,0,0,498],[498,83,0,0,422],[201,3904,0,0,183],[183,1609,0,0,387],[387,2088,0,0,36],[36,3605,0,0,498],[498,2057,0,0,305],[67,1169,0,0,41],[41,3500,0,0,353],[353,1771,0,0,18],[452,1621,0,0,302],[302,3225,0,0,47],[47,968,0,0,317],[424,882,0,0,369],[369,2331,0,0,444],[444,1307,0,0,388],[362,2555,0,0,268],[268,1200,0,0,28],[28,2005,0,0,99],[99,2863,0,0,472],[472,3625,0,0,103],[103,1702,0,0,271],[424,864,0,0,330],[330,2451,0,0,469],[469,1556,0,0,431],[431,2843,0,0,116],[184,1201,0,0,224],[224,1133,0,0,21],[21,495,0,0,242],[242,961,0,0,332],[333,2615,0,0,339],[339,3187,0,0,160],[160,3318,0,0,407],[407,1387,0,0,412],[412,3300,0,0,173],[197,330,914,0,309],[309,3684,3783,0,94],[94,2093,2579,0,104],[143,669,0,0,101],[101,1980,0,0,117],[117,1526,0,0,99],[99,3325,0,0,11],[130,2889,0,0,243],[243,1654,0,0,385],[385,1396,0,0,480],[480,427,0,0,443],[443,3641,0,0,358],[358,825,0,0,396],[427,3220,0,0,133],[133,1268,0,0,99],[99,2050,0,0,440],[312,876,0,0,102],[102,55,0,0,438],[438,1121,0,0,106],[18,1928,0,0,349],[349,589,0,0,332],[332,1439,0,0,189],[114,1190,0,0,442],[442,1404,0,0,172],[172,374,0,0,47],[47,1119,0,0,21],[21,2129,0,0,120],[120,2021,0,0,304],[164,2750,0,0,277],[277,1378,0,0,34],[34,1594,0,0,387],[387,2780,0,0,323],[323,1456,0,0,36],[36,1209,0,0,122],[187,2301,0,0,64],[64,1966,0,0,179],[179,1182,0,0,329],[329,1075,0,0,392],[392,2703,0,0,337],[242,1204,0,0,320],[320,3554,0,0,41],[41,1064,0,0,408],[408,89,1804,0,468],[468,3602,0,0,120],[120,51,0,0,447],[283,148,0,0,22],[22,492,0,0,54],[54,2244,0,0,214],[214,563,0,0,139],[139,2262,0,0,77],[77,2107,0,0,325],[97,1551,0,0,67],[67,2993,0,0,20],[20,2280,0,0,44],[497,747,0,0,447],[447,2773,0,0,413],[413,2723,0,0,418],[326,2534,0,0,47],[47,1949,0,0,272],[272,2060,0,0,340],[340,1842,0,0,56],[56,2172,0,0,492],[270,599,0,0,377],[377,3274,0,0,146],[146,3416,0,0,495],[495,2688,0,0,424],[424,3460,0,0,317],[78,2380,0,0,418],[418,3826,0,0,476],[476,1397,0,0,272],[272,1125,0,0,52],[52,624,0,0,270],[341,1445,0,0,91],[91,2885,0,0,417],[417,3505,0,0,119],[119,641,0,0,181],[181,452,0,0,207],[1,1970,0,0,94],[94,2614,0,0,289],[289,1066,0,0,115],[290,1600,0,0,30],[30,1975,0,0,321],[321,1295,0,0,490],[490,1572,0,0,235],[235,311,0,0,429],[429,861,0,0,461],[241,3949,0,0,445],[445,145,0,0,31],[31,220,0,0,372],[372,2353,0,0,297],[297,3,0,0,166],[263,1421,0,0,471],[471,959,0,0,323],[323,2436,0,0,392],[392,3197,0,0,416],[416,1400,0,0,35],[25,3652,0,0,285],[285,1305,0,0,191],[191,567,0,0,493],[493,168,0,0,79],[67,2133,0,0,431],[431,2268,0,0,12],[12,2437,0,0,496],[496,2244,0,0,198],[198,3373,0,0,296],[296,1506,0,0,348],[459,169,0,0,23],[23,1813,0,0,411],[411,1621,0,0,494],[494,2213,0,0,251],[197,330,914,0,309],[309,3684,3783,0,94],[94,2093,2579,0,104],[104,2604,0,0,289],[271,433,0,0,488],[488,3720,0,0,425],[425,916,3603,0,280],[49,1061,0,0,157],[157,3777,0,0,35],[35,3889,0,0,288],[288,1286,0,0,390],[390,609,0,0,244],[244,609,2151,0,154],[378,1677,0,0,435],[435,2339,0,0,478],[478,3454,0,0,212],[305,2096,0,0,423],[423,1163,0,0,287],[287,1267,0,0,318],[318,3764,0,0,135],[135,2337,0,0,83],[480,2076,0,0,396],[396,2379,0,0,236],[236,293,3589,0,219],[2,229,0,0,214],[214,324,0,0,368],[368,3379,0,0,95],[195,227,0,0,388],[388,1573,0,0,189],[189,371,0,0,70],[70,1147,0,0,116],[255,537,0,0,298],[298,192,0,0,4],[4,3851,0,0,428],[428,1045,0,0,133],[133,1552,0,0,351],[351,328,1050,0,379]];

SenderLabelReceiverNonOrderCriticalChains = [[1,206,276],[1,457,484],[1,457,197],[1,1270,474],[1,1970,94],[2,229,214],[2,968,8],[2,968,317],[2,968,468],[2,3174,4],[3,153,347],[3,388,7],[3,1235,78],[3,2783,10],[3,3235,267],[3,3235,111],[4,2769,5],[4,3109,312],[4,3851,428],[5,10,28],[5,911,278],[5,1034,256],[5,1715,283],[5,1715,486],[6,2668,24],[6,3082,12],[6,3492,466],[7,128,17],[7,999,449],[7,2565,44],[7,2565,152],[8,1203,300],[8,2195,87],[8,2274,63],[9,598,256],[9,598,122],[9,1346,227],[9,1346,310],[9,2327,385],[9,2365,308],[9,3230,13],[10,2470,75],[10,3094,29],[10,3169,304],[10,3169,46],[10,3316,76],[11,814,143],[11,953,28],[11,2131,211],[11,2251,346],[12,1668,20],[12,2437,496],[12,2702,34],[13,426,34],[13,802,465],[13,854,359],[13,1957,264],[13,3696,354],[14,500,299],[14,810,325],[14,2238,364],[14,2490,45],[15,518,21],[15,1039,251],[15,1039,309],[15,1549,447],[15,1549,144],[15,1958,97],[15,3428,422],[15,3471,311],[16,1345,19],[16,1535,114],[16,2177,273],[16,2177,103],[16,2177,293],[16,3314,14],[16,3448,420],[16,3448,169],[16,3785,345],[17,466,373],[17,466,57],[17,1986,480],[17,3964,156],[18,254,55],[18,254,314],[18,254,427],[18,1863,193],[18,1928,349],[18,2059,5],[18,2059,197],[19,460,474],[19,688,110],[19,688,262],[19,1099,420],[19,1752,304],[19,1752,268],[19,3091,152],[19,3091,442],[20,2280,44],[20,3077,192],[20,3077,448],[20,3519,52],[21,495,242],[21,495,463],[21,2129,120],[21,3181,59],[21,3181,226],[22,492,54],[22,1568,374],[22,2074,48],[22,3592,225],[23,1288,494],[23,1813,411],[23,3470,366],[23,3983,34],[24,1827,375],[24,2537,2],[24,2537,339],[24,2703,91],[24,2703,337],[24,3357,26],[24,3357,172],[24,3692,300],[25,825,396],[25,825,238],[25,1143,126],[25,1143,206],[25,3122,39],[25,3122,163],[25,3652,285],[26,714,145],[26,1962,52],[26,1962,278],[26,3398,35],[27,2465,307],[27,2875,307],[27,3129,373],[27,3129,500],[28,2005,99],[28,2373,30],[29,264,56],[29,264,354],[29,681,247],[29,681,106],[29,998,196],[29,1617,170],[30,1975,321],[30,2252,190],[30,2252,497],[30,3675,415],[30,3675,38],[30,3675,478],[30,3711,54],[31,220,372],[31,2671,46],[32,1365,234],[32,2030,412],[32,2030,463],[32,2080,64],[32,3732,33],[32,3732,324],[33,952,414],[33,1213,409],[33,1803,126],[33,3725,196],[34,1594,387],[34,3607,167],[34,3607,66],[35,1524,37],[35,1850,475],[35,3889,288],[36,1209,80],[36,1209,122],[36,1495,251],[36,3605,498],[37,741,100],[37,1765,190],[37,3919,161],[38,72,208],[38,712,42],[38,712,337],[38,1017,373],[38,2242,113],[39,1111,355],[39,1211,327],[39,2514,79],[39,4000,90],[40,50,245],[40,50,250],[40,50,492],[40,447,295],[40,1298,70],[40,1570,71],[41,1064,408],[41,2127,71],[41,3177,106],[41,3500,353],[42,6,82],[42,2730,305],[42,2900,461],[42,3234,61],[42,3394,333],[43,780,469],[43,788,471],[43,839,80],[43,839,291],[43,2316,214],[43,2595,291],[44,3038,50],[44,3357,26],[44,3357,172],[44,3872,443],[45,1449,456],[45,1449,195],[45,2211,421],[45,2968,216],[46,581,292],[46,1649,64],[46,2055,392],[46,2866,311],[46,2866,436],[47,968,8],[47,968,317],[47,968,468],[47,1119,21],[47,1949,272],[48,1051,208],[48,3095,74],[48,3440,408],[49,1061,157],[49,1870,404],[49,2305,403],[50,842,278],[50,842,482],[50,1085,163],[50,1602,270],[50,3321,57],[50,3427,89],[51,954,399],[51,2785,57],[51,2785,115],[51,3139,347],[52,624,270],[52,1462,121],[53,127,88],[53,127,432],[53,127,493],[53,1666,173],[53,3437,223],[53,3568,261],[53,3568,110],[53,3756,68],[54,1227,269],[54,1227,396],[54,1227,320],[54,1299,441],[54,2244,198],[54,2244,214],[54,3300,63],[54,3300,418],[54,3300,173],[55,1777,125],[55,1777,335],[55,3007,98],[55,3621,58],[56,1144,70],[56,2172,492],[57,1077,302],[57,1077,426],[57,1077,434],[57,3122,39],[57,3122,163],[58,556,352],[58,1533,325],[58,1842,68],[58,1842,56],[58,1952,173],[59,1969,326],[59,3242,388],[59,3245,107],[59,3675,415],[59,3675,38],[59,3675,478],[59,3828,11],[60,148,22],[60,148,363],[60,176,127],[60,288,440],[60,643,136],[60,1984,145],[60,2271,170],[61,47,281],[61,431,356],[61,1655,322],[61,3805,132],[62,529,155],[62,681,247],[62,681,106],[62,2640,275],[62,3602,32],[62,3602,27],[62,3602,120],[62,3800,189],[63,942,301],[63,3078,140],[63,3078,305],[63,3907,227],[63,3915,366],[64,1627,128],[64,1966,179],[64,3559,345],[65,1202,313],[65,2081,145],[65,2081,199],[65,2360,242],[65,2704,80],[65,2866,311],[65,2866,436],[66,51,329],[66,51,447],[66,1303,83],[66,1907,234],[66,1914,173],[66,1914,445],[66,3802,318],[67,537,298],[67,537,342],[67,1169,41],[67,2133,431],[67,2551,116],[67,2993,20],[67,2993,138],[68,879,159],[68,3434,141],[68,3887,208],[68,3887,409],[69,205,88],[69,2072,148],[69,2785,57],[69,2785,115],[69,3336,91],[69,3676,287],[70,1147,116],[70,2458,109],[71,474,213],[71,940,452],[71,2160,109],[71,3370,206],[72,171,466],[72,2370,442],[72,2847,295],[72,2847,419],[72,2898,450],[72,3048,86],[73,945,81],[73,1548,422],[73,1805,319],[73,3420,406],[74,355,280],[74,1494,98],[74,1494,14],[74,1625,237],[74,2410,409],[74,3897,412],[75,234,106],[75,1914,173],[75,1914,445],[76,2701,294],[76,3558,294],[76,3746,242],[76,3852,368],[76,3852,391],[77,662,92],[77,662,349],[77,2107,325],[77,2956,97],[77,2956,190],[77,3078,140],[77,3078,305],[77,3593,429],[78,2263,170],[78,2361,190],[78,2361,360],[78,2380,418],[78,3495,245],[78,3495,281],[78,3752,308],[79,590,413],[79,1375,257],[79,3697,90],[81,67,135],[81,233,314],[81,3451,323],[81,3451,489],[82,907,84],[82,907,182],[82,3466,273],[82,3633,276],[83,1022,346],[83,2124,365],[83,2927,91],[83,3004,27],[84,169,23],[84,169,475],[84,1071,134],[84,2666,112],[84,2666,332],[84,2789,315],[84,2789,297],[85,865,479],[85,865,139],[85,1995,214],[85,3423,425],[85,3571,306],[86,2568,379],[86,2650,421],[86,3845,131],[87,819,294],[87,2027,375],[87,3914,233],[88,2232,427],[88,3896,164],[88,3896,450],[89,2529,332],[89,3409,96],[89,3757,382],[89,3829,348],[90,829,141],[90,829,238],[90,3465,176],[91,2617,120],[91,2617,105],[91,2885,417],[92,358,321],[92,2030,412],[92,2030,463],[92,2613,217],[92,3467,143],[93,258,81],[93,2664,2],[93,3182,55],[93,3806,105],[94,2093,104],[94,2579,104],[94,2614,289],[95,598,256],[95,598,122],[95,2477,199],[95,2768,133],[96,521,106],[96,1720,491],[96,2809,113],[96,2973,85],[97,351,455],[97,351,31],[97,1551,67],[97,3315,336],[98,3596,397],[98,3640,216],[98,3779,31],[99,2050,440],[99,2863,472],[99,3325,11],[99,3325,376],[100,1383,274],[100,1383,70],[100,2508,207],[101,1042,51],[101,1633,17],[101,1980,117],[101,2069,102],[101,2342,328],[102,55,438],[102,3347,140],[103,427,92],[103,427,443],[103,1702,271],[103,1817,118],[104,2408,93],[104,2408,316],[104,2408,426],[104,2419,27],[104,2419,383],[104,2604,289],[104,3999,401],[105,64,110],[105,599,152],[105,599,377],[106,1537,180],[107,1972,109],[107,2566,215],[107,2566,406],[107,3111,208],[107,3170,100],[107,3580,259],[107,3580,310],[108,46,215],[108,623,155],[108,1338,411],[108,1774,123],[108,2924,123],[108,3093,201],[108,3093,249],[109,213,248],[109,1917,361],[109,3035,222],[109,3035,284],[110,376,168],[110,1153,172],[110,1153,238],[110,1851,86],[111,587,287],[111,587,483],[111,1249,144],[111,2059,5],[111,2059,197],[111,3031,369],[111,3771,255],[112,1209,80],[112,1209,122],[112,1489,475],[112,3651,137],[112,3949,445],[112,3949,277],[113,39,175],[113,2447,134],[113,3989,88],[114,1137,1],[114,1158,100],[114,1190,442],[114,1494,98],[114,1494,14],[114,2995,419],[114,2995,73],[115,457,484],[115,457,197],[115,729,401],[115,729,75],[115,3502,257],[116,2031,127],[116,2570,223],[117,627,472],[117,962,131],[117,1191,419],[117,1526,99],[117,2799,346],[118,1223,129],[118,1223,266],[118,1780,131],[118,3257,410],[119,244,48],[119,327,95],[119,641,181],[119,2789,315],[119,2789,297],[120,51,329],[120,51,447],[120,2021,304],[120,3116,198],[121,1496,430],[121,2993,20],[121,2993,138],[121,3469,353],[121,3469,421],[121,3568,261],[121,3568,110],[122,86,478],[122,462,178],[122,894,411],[122,2315,465],[123,75,161],[123,75,480],[123,3985,343],[124,874,385],[124,1256,130],[124,1968,243],[124,3992,115],[125,1106,431],[125,2264,162],[125,2940,161],[125,3503,401],[125,3503,222],[126,1574,441],[126,1574,159],[126,1718,500],[126,3307,344],[127,2349,303],[127,2349,488],[127,3322,204],[127,3322,247],[127,3360,243],[127,3937,418],[128,329,57],[128,1070,264],[128,1466,306],[128,1882,471],[129,2033,311],[129,2033,191],[129,2605,443],[129,2683,321],[129,2897,391],[129,3693,140],[130,938,451],[130,2780,323],[130,2780,396],[130,2889,227],[130,2889,243],[130,3133,335],[130,3642,219],[131,2052,276],[131,3687,17],[132,178,150],[132,1074,273],[132,1074,423],[132,1472,344],[132,2617,120],[132,2617,105],[133,1268,99],[133,1552,351],[134,1326,286],[134,1326,235],[134,1929,209],[134,2106,292],[134,2106,179],[134,2558,49],[134,2558,352],[135,1434,22],[135,1434,274],[135,2337,83],[135,3772,187],[135,3931,164],[136,83,97],[136,83,422],[136,386,193],[136,3209,239],[136,3354,369],[137,2648,475],[137,3205,206],[137,3441,221],[137,3820,202],[137,3913,371],[137,3913,426],[138,742,133],[138,1825,486],[138,1897,361],[138,2999,132],[138,3658,184],[139,727,494],[139,727,249],[139,2003,260],[139,2262,77],[140,658,301],[140,1005,192],[140,1005,158],[141,830,306],[141,830,319],[141,830,371],[141,835,180],[141,2801,410],[142,1383,274],[142,1383,70],[142,1434,22],[142,1434,274],[142,1890,355],[142,2642,150],[142,2960,274],[143,511,158],[143,669,32],[143,669,101],[143,1221,440],[143,1658,160],[143,1658,410],[144,73,267],[144,1309,287],[144,1722,76],[144,1722,240],[145,1301,40],[145,2654,72],[146,978,245],[146,1808,182],[146,2155,163],[146,2334,315],[146,3416,495],[147,662,92],[147,662,349],[147,680,458],[147,1214,433],[147,1549,447],[147,1549,144],[147,1732,321],[147,3264,177],[147,3264,452],[147,3264,437],[148,727,494],[148,727,249],[148,2363,297],[148,2889,227],[148,2889,243],[148,3775,212],[149,1457,414],[149,1757,226],[149,1947,90],[149,3035,222],[149,3035,284],[150,1153,172],[150,1153,238],[150,2014,183],[150,3013,327],[151,775,228],[151,827,383],[151,827,298],[151,2177,273],[151,2177,103],[151,2177,293],[151,2252,190],[151,2252,497],[151,3180,327],[152,594,171],[152,594,481],[152,2415,246],[153,765,159],[153,1443,260],[153,1443,350],[153,1443,158],[153,2791,449],[153,2982,89],[154,712,42],[154,712,337],[154,3104,458],[155,340,390],[155,2347,118],[155,2633,226],[155,2633,148],[155,3283,248],[156,687,304],[156,1041,272],[156,1315,162],[156,3181,59],[156,3181,226],[157,1839,181],[157,2922,53],[157,3777,35],[158,616,258],[158,806,322],[158,1275,186],[159,466,373],[159,466,57],[159,2804,291],[159,3929,181],[159,3929,457],[160,1343,210],[160,1729,399],[160,1792,215],[160,3318,407],[161,201,319],[161,252,228],[161,1471,203],[162,791,329],[162,2408,93],[162,2408,316],[162,2408,426],[162,3615,10],[162,3638,200],[164,1367,478],[164,2750,277],[165,1000,338],[165,1005,192],[165,1005,158],[165,1691,369],[165,2698,250],[166,1223,129],[166,1223,266],[166,2191,315],[166,3162,288],[166,3162,417],[167,199,457],[167,199,254],[167,784,258],[167,1671,471],[167,3732,33],[167,3732,324],[167,3979,362],[168,499,264],[168,538,343],[168,1722,76],[168,1722,240],[168,2355,341],[169,363,419],[169,671,439],[169,2794,272],[170,594,171],[170,594,481],[170,830,306],[170,830,319],[170,830,371],[170,3344,90],[170,3344,455],[171,147,370],[171,1130,218],[171,3883,420],[172,374,47],[172,461,475],[173,777,210],[173,2930,49],[174,1227,269],[174,1227,396],[174,1227,320],[174,1456,176],[174,1456,36],[174,1773,355],[174,2743,82],[174,3816,398],[175,1233,199],[175,1443,260],[175,1443,350],[175,1443,158],[175,1820,218],[175,1820,407],[175,2933,290],[176,2480,243],[176,3282,9],[177,1368,357],[177,1587,86],[177,1745,353],[177,2566,215],[177,2566,406],[178,1109,308],[178,2132,436],[178,2225,416],[178,2225,469],[178,2451,448],[178,2451,469],[178,3377,286],[179,56,144],[179,56,427],[179,113,1],[179,1182,329],[179,3606,288],[179,3606,152],[180,1783,88],[180,1783,112],[180,1783,499],[180,2545,338],[180,3093,201],[180,3093,249],[180,3840,232],[181,452,207],[181,3118,203],[182,612,487],[182,1713,225],[182,3611,125],[183,731,263],[183,1609,387],[183,3127,163],[184,210,185],[184,210,496],[184,477,483],[184,477,493],[184,1201,224],[184,1257,432],[185,445,262],[185,967,252],[185,1435,247],[185,2506,248],[185,3607,167],[185,3607,66],[186,214,241],[186,400,411],[186,2081,145],[186,2081,199],[186,3233,336],[186,3612,417],[187,1396,333],[187,1396,480],[187,1396,262],[187,2301,64],[187,2364,498],[188,283,175],[188,396,358],[188,568,4],[188,972,330],[188,3252,100],[189,371,70],[189,916,425],[189,916,339],[191,567,437],[191,567,493],[191,726,194],[191,1316,169],[191,2616,464],[191,2616,8],[192,1461,388],[192,1893,361],[192,1893,211],[192,3528,430],[192,3528,491],[192,3636,450],[193,68,366],[193,348,196],[193,2835,472],[193,2835,407],[193,3972,273],[194,2181,241],[194,2292,201],[194,2292,484],[194,3250,2],[194,3331,7],[194,3674,195],[195,227,388],[195,227,481],[195,718,407],[195,2493,200],[195,2493,406],[195,3451,323],[195,3451,489],[196,1892,485],[196,2830,239],[197,57,55],[197,330,309],[197,914,309],[197,924,239],[198,1155,302],[198,1376,348],[198,3373,296],[199,888,266],[200,1304,317],[200,3624,477],[201,273,482],[201,3563,422],[201,3904,183],[202,2796,416],[202,3371,166],[202,3495,245],[202,3495,281],[203,264,56],[203,264,354],[203,1876,205],[203,2140,378],[204,59,350],[204,243,339],[204,2135,267],[205,177,464],[205,2580,230],[205,2658,251],[205,2740,371],[206,963,163],[206,2361,190],[206,2361,360],[206,3469,353],[206,3469,421],[207,345,384],[207,345,461],[207,1398,387],[207,1398,398],[207,2358,484],[208,2485,87],[208,2485,188],[208,3912,38],[209,1516,498],[209,1752,304],[209,1752,268],[209,2199,231],[209,3429,79],[210,2498,220],[210,2679,453],[211,909,372],[211,925,297],[211,2063,288],[211,3530,61],[211,3530,210],[211,3530,395],[212,625,52],[212,684,187],[212,2521,277],[213,1212,254],[213,1595,261],[213,1595,381],[213,2302,62],[213,3530,61],[213,3530,210],[213,3530,395],[213,3749,420],[214,324,368],[214,563,37],[214,563,139],[215,2276,331],[215,2276,476],[215,3158,225],[215,3723,217],[216,1331,225],[216,1331,51],[216,2033,311],[216,2033,191],[216,2240,438],[216,2240,489],[216,3680,290],[217,284,459],[217,827,383],[217,827,298],[217,1396,333],[217,1396,480],[217,1396,262],[217,1642,363],[218,1327,499],[218,1561,318],[218,1561,370],[218,2394,307],[218,3587,128],[219,964,451],[219,3217,56],[219,3589,236],[219,3690,295],[219,3690,396],[220,1160,260],[220,1675,234],[220,2378,223],[220,2971,462],[220,3058,284],[221,1996,298],[221,2745,356],[221,3494,245],[221,3494,484],[222,542,317],[222,936,367],[222,2905,422],[222,2905,224],[222,3454,212],[222,3454,307],[223,1820,218],[223,1820,407],[223,1974,334],[223,2497,485],[224,1133,21],[224,2724,354],[224,2724,413],[224,2764,326],[224,2764,479],[225,372,335],[225,1414,81],[226,1244,415],[226,3091,152],[226,3091,442],[227,1694,476],[227,2725,164],[227,3322,204],[227,3322,247],[228,575,190],[228,575,414],[228,865,479],[228,865,139],[228,919,416],[228,919,171],[229,575,190],[229,575,414],[229,1837,460],[229,2520,333],[229,3207,320],[229,3847,332],[229,3847,436],[229,3961,199],[230,312,489],[230,537,298],[230,537,342],[230,1934,296],[230,3811,279],[231,2449,359],[232,1014,36],[232,1346,227],[232,1346,310],[232,3691,253],[233,1306,393],[233,2974,323],[233,3268,423],[234,1217,346],[234,1242,429],[235,50,245],[235,50,250],[235,50,492],[235,311,429],[235,3873,256],[236,157,443],[236,293,219],[236,293,454],[236,1798,358],[236,3395,25],[237,192,4],[237,192,412],[237,2088,102],[237,2088,36],[237,2518,126],[237,2518,381],[237,3003,412],[238,28,254],[238,255,484],[238,1102,398],[239,729,401],[239,729,75],[239,3287,425],[240,504,444],[240,3856,340],[241,1681,321],[241,3663,20],[241,3663,153],[241,3949,445],[241,3949,277],[242,961,332],[242,1204,320],[242,2493,200],[242,2493,406],[243,1654,385],[243,2851,226],[244,2151,154],[244,2343,411],[244,2607,478],[245,2047,416],[245,2047,428],[245,2675,355],[246,208,249],[246,1039,251],[246,1039,309],[246,1927,299],[246,1927,395],[246,2742,395],[246,3743,370],[247,2408,93],[247,2408,316],[247,2408,426],[247,3224,315],[248,1032,355],[248,2990,347],[249,773,405],[249,773,472],[249,1326,286],[249,1326,235],[249,1443,260],[249,1443,350],[249,1443,158],[250,173,447],[250,1583,500],[250,3602,32],[250,3602,27],[250,3602,120],[251,1913,322],[251,3479,202],[252,1108,6],[252,2934,187],[252,3253,419],[252,3300,63],[252,3300,418],[252,3300,173],[253,1011,228],[253,2106,292],[253,2106,179],[253,2349,303],[253,2349,488],[253,2485,87],[253,2485,188],[254,1398,387],[254,1398,398],[254,2292,201],[254,2292,484],[255,537,298],[255,537,342],[255,2537,2],[255,2537,339],[255,3630,240],[256,1152,374],[256,3102,163],[257,1708,25],[257,1708,297],[257,2693,316],[257,3008,255],[257,3285,113],[258,501,464],[258,2946,172],[258,3069,457],[258,3069,488],[258,3186,306],[259,1134,265],[259,1134,466],[259,2004,370],[259,2286,384],[260,3895,49],[261,1776,37],[261,3547,260],[261,3547,405],[261,3724,462],[262,286,266],[262,1561,318],[262,1561,370],[262,3319,264],[263,1101,389],[263,1421,471],[263,3165,383],[263,3617,337],[264,3030,308],[265,477,483],[265,477,493],[265,1387,293],[265,1387,412],[265,1387,467],[265,1411,450],[265,1513,330],[265,2225,416],[265,2225,469],[266,232,149],[266,1208,331],[266,1354,313],[267,1483,271],[267,1483,383],[267,1483,346],[267,3813,233],[268,833,371],[268,1200,28],[268,3334,310],[269,2448,377],[269,2513,460],[269,3190,372],[269,3464,389],[270,599,152],[270,599,377],[270,2276,331],[270,2276,476],[270,3473,269],[271,433,488],[271,1600,30],[271,1600,51],[271,2317,453],[272,1125,52],[272,2060,340],[273,2325,315],[273,3303,292],[274,844,123],[274,1318,382],[274,3120,313],[275,2167,150],[275,3264,177],[275,3264,452],[275,3264,437],[275,3708,231],[276,1626,176],[276,1626,316],[276,2945,344],[276,3022,432],[277,1378,34],[277,2446,479],[278,816,439],[278,1708,25],[278,1708,297],[278,3690,295],[278,3690,396],[279,106,295],[279,3061,464],[279,3959,361],[280,803,56],[280,916,425],[280,916,339],[280,3194,352],[280,3580,259],[280,3580,310],[281,365,409],[281,1574,441],[281,1574,159],[281,2630,325],[281,3448,420],[281,3448,169],[282,337,428],[282,1699,200],[282,2188,488],[282,2571,423],[283,18,446],[283,148,22],[283,148,363],[283,1753,384],[283,2105,421],[284,1777,125],[284,1777,335],[284,2122,360],[284,2562,434],[284,3024,328],[285,257,404],[285,1305,191],[285,2047,416],[285,2047,428],[285,2134,8],[285,3836,382],[286,1294,487],[286,2707,429],[286,3784,294],[286,3784,350],[287,1267,318],[288,1286,390],[288,2653,463],[289,905,29],[289,1066,115],[290,1600,30],[290,1600,51],[290,1909,427],[291,1432,169],[291,2771,151],[292,141,337],[292,1394,268],[293,322,75],[293,1528,68],[293,1772,232],[294,2724,354],[294,2724,413],[294,3635,470],[295,3159,33],[296,1506,348],[296,2168,212],[296,3266,324],[297,3,166],[298,192,4],[298,192,412],[298,3132,334],[299,2641,314],[299,3567,183],[299,3718,350],[300,1372,31],[300,1422,426],[300,1791,324],[300,3232,241],[301,99,362],[302,1128,95],[302,3225,47],[302,3606,288],[302,3606,152],[303,1019,341],[303,2790,417],[303,3255,337],[303,3317,365],[304,968,8],[304,968,317],[304,968,468],[305,1143,126],[305,1143,206],[305,2096,423],[305,3203,230],[306,1925,282],[307,2001,373],[307,2625,386],[308,1507,397],[309,2453,118],[309,3684,94],[309,3783,94],[310,2419,27],[310,2419,383],[310,3557,454],[311,1459,357],[311,3601,346],[312,207,414],[312,876,102],[312,973,342],[312,3002,85],[313,2663,424],[313,3825,342],[313,3877,6],[313,3877,452],[314,2283,450],[314,3666,460],[314,3666,471],[315,1331,225],[315,1331,51],[316,345,384],[316,345,461],[316,2457,491],[317,1313,181],[317,2764,326],[317,2764,479],[318,2065,454],[318,3764,135],[319,1353,380],[319,1895,437],[319,3666,460],[319,3666,471],[320,609,154],[320,609,244],[320,626,166],[320,3554,41],[321,1295,490],[322,193,457],[322,2428,331],[323,1456,176],[323,1456,36],[323,2436,392],[324,2240,438],[324,2240,489],[324,2543,264],[324,2578,380],[325,1483,271],[325,1483,383],[325,1483,346],[325,2332,149],[326,1282,405],[326,2534,47],[326,3877,6],[326,3877,452],[327,603,457],[327,3069,457],[327,3069,488],[328,1483,271],[328,1483,383],[328,1483,346],[328,1794,410],[328,2162,335],[329,1075,392],[329,1717,69],[329,1717,3],[330,2451,448],[330,2451,469],[330,3325,11],[330,3325,376],[330,3660,231],[331,1134,265],[331,1134,466],[331,3097,470],[332,1439,189],[333,2615,339],[333,2923,444],[334,2359,425],[334,2891,433],[334,2891,441],[335,38,391],[335,2835,472],[335,2835,407],[336,673,469],[336,920,244],[337,2956,97],[337,2956,190],[338,1916,397],[338,2246,415],[338,2469,491],[339,710,490],[339,3187,160],[340,210,185],[340,210,496],[340,822,399],[340,822,486],[340,1842,68],[340,1842,56],[341,567,437],[341,567,493],[341,1445,91],[342,204,495],[342,957,496],[342,3784,294],[342,3784,350],[343,254,55],[343,254,314],[343,254,427],[343,1760,354],[343,2313,460],[343,3971,362],[344,1429,282],[344,1685,381],[345,578,365],[345,1090,390],[345,3622,40],[347,2847,295],[347,2847,419],[347,3458,221],[348,1596,289],[349,351,455],[349,351,31],[349,589,332],[349,3831,260],[350,2596,6],[350,3036,487],[351,328,379],[351,1050,405],[351,1050,379],[351,2395,352],[352,688,110],[352,688,262],[353,1771,18],[353,2128,98],[353,3235,267],[353,3235,111],[354,3135,124],[355,227,388],[355,227,481],[356,1074,273],[356,1074,423],[356,2231,485],[357,1893,361],[357,1893,211],[357,2287,418],[357,2398,105],[358,81,351],[358,81,451],[358,825,396],[358,825,238],[359,356,466],[359,2831,201],[359,3728,240],[360,76,407],[360,162,394],[360,3294,382],[361,856,301],[361,3310,124],[362,56,144],[362,56,427],[362,2555,268],[363,2431,157],[363,2431,441],[363,2431,500],[363,2891,433],[363,2891,441],[363,3573,142],[364,495,242],[364,495,463],[364,1129,491],[364,1586,460],[364,3583,399],[365,3531,378],[365,3675,415],[365,3675,38],[365,3675,478],[366,1029,437],[366,1381,435],[366,3142,394],[367,417,469],[367,1277,45],[367,1658,160],[367,1658,410],[367,3129,373],[367,3129,500],[367,3547,260],[367,3547,405],[368,380,371],[368,3379,95],[369,1227,269],[369,1227,396],[369,1227,320],[369,2331,444],[370,1185,382],[370,1185,154],[370,2691,341],[371,2558,49],[371,2558,352],[372,1546,139],[372,1985,310],[372,2353,297],[373,1322,349],[373,3115,253],[374,615,379],[374,1595,261],[374,1595,381],[374,3162,288],[374,3162,417],[375,1478,406],[375,1478,432],[375,1715,283],[375,1715,486],[375,2826,491],[376,907,84],[376,907,182],[376,1703,426],[376,1766,456],[376,2324,468],[377,270,444],[377,1605,426],[377,3274,146],[378,1607,474],[378,1677,435],[378,2335,362],[379,3412,462],[380,982,438],[380,2073,495],[380,2692,430],[381,752,458],[381,1225,409],[383,2255,474],[384,523,394],[384,3928,397],[385,1339,73],[385,1396,333],[385,1396,480],[385,1396,262],[385,3958,65],[386,994,277],[386,1696,382],[386,2665,413],[386,3913,371],[386,3913,426],[387,2088,102],[387,2088,36],[387,2780,323],[387,2780,396],[388,563,37],[388,563,139],[388,1573,189],[389,822,399],[389,822,486],[389,1187,404],[390,609,154],[390,609,244],[390,2518,126],[390,2518,381],[391,1185,382],[391,1185,154],[391,2177,273],[391,2177,103],[391,2177,293],[392,2703,91],[392,2703,337],[392,3197,416],[392,3359,80],[393,107,403],[393,738,489],[393,2094,463],[393,3020,28],[394,3512,461],[394,3887,208],[394,3887,409],[395,25,189],[395,901,165],[395,1962,52],[395,1962,278],[396,2379,236],[397,2111,458],[398,121,481],[398,1478,406],[398,1478,432],[398,3929,181],[398,3929,457],[399,2383,482],[399,3503,401],[399,3503,222],[400,587,287],[400,587,483],[400,773,405],[400,773,472],[400,1083,438],[400,2454,455],[400,2995,419],[400,2995,73],[401,665,430],[401,2869,430],[401,3528,430],[401,3528,491],[402,52,7],[402,333,400],[402,486,436],[402,2115,434],[402,2788,341],[403,1079,465],[403,2375,423],[403,3305,404],[404,1359,437],[405,1449,456],[405,1449,195],[405,3254,452],[406,1077,302],[406,1077,426],[406,1077,434],[406,1387,293],[406,1387,412],[406,1387,467],[407,1387,293],[407,1387,412],[407,1387,467],[408,89,468],[408,1804,468],[408,2164,131],[409,3333,279],[410,314,436],[411,1621,494],[411,1621,302],[412,3300,63],[412,3300,418],[412,3300,173],[413,2723,418],[414,597,489],[415,1427,377],[415,3847,332],[415,3847,436],[416,1400,35],[417,739,299],[417,3505,119],[418,3826,476],[420,179,254],[420,1092,499],[421,293,219],[421,293,454],[421,442,18],[422,2393,329],[423,1163,287],[424,734,26],[424,864,330],[424,882,369],[424,3460,317],[425,3603,280],[427,1266,105],[427,3220,133],[428,1045,133],[428,2593,458],[429,75,161],[429,75,480],[429,861,461],[431,2268,12],[431,2268,259],[431,2431,157],[431,2431,441],[431,2431,500],[431,2843,116],[432,305,474],[432,2792,465],[433,1077,302],[433,1077,426],[433,1077,434],[433,2113,440],[433,3871,441],[434,2925,102],[434,3508,141],[435,2339,478],[435,2637,80],[435,3237,466],[436,3223,39],[437,138,290],[438,1121,106],[438,3530,61],[438,3530,210],[438,3530,395],[439,254,55],[439,254,314],[439,254,427],[439,1582,467],[439,3344,90],[439,3344,455],[440,1744,490],[440,1795,462],[441,2733,391],[442,399,199],[442,1404,172],[443,750,48],[443,3641,358],[444,1307,388],[444,1783,88],[444,1783,112],[444,1783,499],[445,145,31],[445,390,470],[445,669,32],[445,669,101],[446,1068,462],[446,1749,453],[446,3292,204],[446,3663,20],[446,3663,153],[447,2773,413],[447,3688,140],[448,829,141],[448,829,238],[448,1453,275],[448,3852,368],[448,3852,391],[449,449,356],[449,1178,331],[449,2565,44],[449,2565,152],[451,1717,69],[451,1717,3],[451,1939,26],[451,3896,164],[451,3896,450],[452,127,88],[452,127,432],[452,127,493],[452,1621,494],[452,1621,302],[453,2268,12],[453,2268,259],[453,2633,226],[453,2633,148],[454,479,44],[454,2573,434],[454,3169,304],[454,3169,46],[455,50,245],[455,50,250],[455,50,492],[455,679,387],[456,325,495],[456,2009,263],[456,2920,389],[457,919,416],[457,919,171],[459,4,116],[459,169,23],[459,169,475],[459,3128,12],[459,3293,84],[460,3326,459],[461,2616,464],[461,2616,8],[463,1652,286],[463,2634,136],[464,629,75],[465,2265,470],[467,199,457],[467,199,254],[467,743,483],[467,2439,379],[468,2629,174],[468,3602,32],[468,3602,27],[468,3602,120],[469,1556,431],[470,2282,334],[471,959,323],[472,3625,103],[472,3858,184],[473,1060,23],[473,3453,380],[473,3494,245],[473,3494,484],[473,3741,210],[474,2606,58],[475,149,119],[476,885,153],[476,1397,272],[476,1626,176],[476,1626,316],[477,127,88],[477,127,432],[477,127,493],[477,2943,96],[477,3264,177],[477,3264,452],[477,3264,437],[477,3504,493],[478,3454,212],[478,3454,307],[479,842,278],[479,842,482],[479,3582,494],[480,427,92],[480,427,443],[480,2076,396],[481,749,82],[481,1833,453],[482,151,301],[482,2666,112],[482,2666,332],[483,698,492],[483,1783,88],[483,1783,112],[483,1783,499],[484,531,336],[485,391,205],[485,2522,45],[486,920,244],[486,3677,231],[487,1385,492],[487,3400,492],[488,591,348],[488,3720,425],[489,81,351],[489,81,451],[490,1050,405],[490,1050,379],[490,1572,235],[492,1094,289],[493,168,79],[493,1927,299],[493,1927,395],[494,2213,251],[494,2886,121],[495,2484,368],[495,2688,424],[496,2244,198],[496,2244,214],[496,3077,192],[496,3077,448],[497,747,447],[497,830,306],[497,830,319],[497,830,371],[497,1538,473],[497,3488,168],[498,83,97],[498,83,422],[498,2057,305],[498,2310,80],[499,414,203],[499,2314,290],[500,2098,103],[500,2905,422],[500,2905,224]];

jitters = [5000,20000,10000,20000,20000,100000,10000,20000,100000,10000,20000,10000,100000,20000,10000,1000,10000,10000,1000,10000,10000,20000,100000,100000,50000,100000,1000,20000,10000,20000,100000,20000,20000,100000,100000,100000,100000,20000,50000,10000,10000,20000,20000,10000,20000,100000,10000,20000,100000,10000,10000,10000,20000,20000,20000,10000,10000,20000,10000,20000,20000,10000,20000,100000,20000,100000,10000,20000,100000,10000,10000,100000,100000,20000,10000,20000,20000,10000,50000,20000,100000,100000,100000,100000,20000,20000,100000,20000,10000,50000,100000,20000,1000,5000,20000,10000,10000,20000,20000,100000,20000,10000,20000,5000,1000,10000,20000,100000,10000,1000,10000,100000,20000,10000,5000,10000,20000,20000,100000,10000,10000,100000,100000,2000,10000,20000,10000,100000,20000,2000,20000,20000,20000,20000,100000,20000,20000,10000,20000,20000,20000,50000,20000,10000,20000,10000,20000,100000,10000,50000,100000,1000,20000,100000,10000,10000,100000,20000,20000,20000,100000,10000,10000,100000,10000,100000,20000,100000,10000,10000,1000,10000,20000,50000,20000,50000,10000,100000,100000,20000,100000,10000,100000,10000,10000,100000,100000,10000,10000,20000,50000,10000,20000,100000,10000,20000,5000,10000,20000,10000,100000,20000,100000,10000,100000,20000,100000,20000,20000,20000,100000,100000,1000,20000,20000,20000,20000,1000,2000,20000,20000,10000,20000,10000,20000,10000,10000,100000,10000,10000,100000,20000,100000,20000,20000,2000,20000,50000,20000,10000,100000,10000,2000,100000,20000,1000,10000,10000,20000,10000,100000,10000,20000,50000,20000,20000,100000,20000,10000,20000,10000,100000,100000,100000,10000,100000,10000,20000,100000,10000,20000,10000,100000,50000,10000,100000,100000,10000,10000,20000,20000,100000,20000,20000,50000,20000,100000,100000,5000,20000,20000,100000,100000,100000,10000,10000,100000,20000,100000,10000,20000,10000,100000,10000,100000,20000,1000,100000,5000,20000,20000,10000,10000,100000,100000,100000,10000,100000,100000,10000,20000,20000,100000,10000,20000,10000,50000,20000,100000,10000,100000,10000,20000,20000,20000,10000,100000,20000,20000,10000,100000,10000,100000,20000,100000,20000,10000,10000,10000,10000,20000,20000,10000,100000,50000,20000,10000,2000,100000,20000,10000,20000,20000,100000,100000,20000,10000,20000,10000,1000,20000,100000,1000,20000,100000,10000,10000,100000,20000,10000,20000,50000,100000,20000,2000,10000,100000,10000,100000,100000,20000,100000,100000,20000,1000,2000,20000,50000,100000,10000,5000,20000,100000,100000,10000,10000,20000,10000,20000,20000,100000,20000,10000,10000,20000,100000,100000,10000,10000,1000,20000,100000,100000,10000,20000,10000,20000,20000,20000,5000,10000,100000,20000,20000,100000,20000,100000,10000,10000,20000,20000,10000,2000,10000,100000,20000,10000,10000,10000,10000,2000,10000,20000,20000,10000,10000,50000,20000,100000,100000,20000,20000,100000,20000,100000,100000,10000,10000,10000,100000,100000,20000,50000,100000,100000,10000,50000,100000,100000,2000,50000,100000,10000,50000,20000,10000,10000,20000,10000,20000,100000,10000,50000,100000,10000,10000,10000,100000,1000,50000];

