NumChains = 50;
NumResources = 3;
NumRunnablesInChains = 193;
MemoryBoundOnResource = 1048576;
UtilizationBoundOnResource = 100;

numberOfTasksinChain = [5,5,9,7,5,7,7,5,9,9,7,7,5,7,9,5,7,7,9,5,9,7,7,5,5,9,9,7,5,5,5,7,5,5,5,7,9,7,5,7,9,7,9,9,5,5,7,7,5,7];

runnablesInChains = [329,165,465,338,408,222,407,264,324,185,455,223,372,356,166,450,183,419,5,84,392,468,453,75,22,270,136,268,204,195,203,325,264,159,487,281,309,40,192,56,369,300,288,219,399,386,239,355,85,121,301,277,159,410,262,92,396,65,341,425,171,432,60,189,253,97,346,192,133,301,52,280,202,432,403,312,334,38,79,256,317,393,411,11,222,199,499,471,333,78,283,154,118,233,279,298,390,463,3,103,152,376,110,420,83,451,146,243,154,444,52,427,259,474,76,216,390,293,100,471,452,198,314,107,266,487,488,286,107,296,383,486,195,77,500,190,34,137,300,187,326,124,394,321,203,155,246,259,297,96,425,395,471,360,8,444,123,480,230,260,305,27,10,180,262,32,68,240,42,116,135,252,380,333,226,261,331,482,194,238,231,293,457,66,469,281,229,298,414,251,131,434,432];

ProcessingTimesOfMessages = [[1,1,1,1,1,1,1,1],[1,1,1,1,1,1],[1,1,1,1,1,1],[1,1,1,1,1,1,1,1],[1,1,1,1,1,1,1,1,1],[1,1,1,1,1,1,1,1,1,1,1,1,1,1,1],[1,1,1,1],[1,1,1,1,1],[1,1,1,1,1,1,1,1],[1,1,1,1,1,2,1,1,1],[1,1,1,1,1,1,1,1,1,1],[1,1,1,1,1,1],[1,1,1,1,1,1],[1,1,1,1,1,1,1,1],[1,1,1,1,1,1,1,1,1,1,1],[1,1,1,1,1,1,1],[1,1,1,1,1,1,1,1,1],[1,1,1,1,1,1,1,1,1,1],[1,1,1,1,1,1,1,1,1,1],[1,1,1,1,1,2,2,1],[1,1,1,1,1,1,1,1,1],[1,1,1,1,1,1],[2,1,1,1,1,1,1,1,1],[1,1,1,1,1,1,1],[1,1,1,1,1,1,1,1,1,1],[1,1,1,1,1,1,1],[1,1,1,1,1,1,1,1,1],[1,1,1,1,1,1,1,2,2,1,1],[1,1,1,1,1,1,1],[1,1,1,1,1,1,1],[1,1,1,1,1,1],[1,1,1,1,1,1],[1,1,1,1,1,1,1,1],[1,1,1,1,2,2,2],[1,1,1,1,1,1,1,1,1],[1,1,1,1,1,1,1],[1,1,1,1,1,1,1],[1,1,1,1,1,1,1,1],[1,1,1,1,1,1],[1,1,1,1,1,1,1],[1,1,1,1,1,1,1],[1,1,1,1,1,1,1,1],[1,1,1,1,1,1,1],[1,1],[1,1,1,1,1,1,1,1,1,1],[1,1,1,1,1,1,1,1],[1,1,1,1,1,1,1,1,1,1,1,1],[1,1],[1,1,1,1,1,1,1],[1,1,1,1,1,1,1],[1,1,1,1,1],[1,1,1,1,1,1,1,1],[1,1,1,1,1,1,1,1,1,1],[1,1,1,1,1,1,1,1,1],[1,1,1,1,1,1,1,1,1,1],[1,1,1,1,1,1,1,1,1,1],[1,1,1,1,1,1,1,1],[1,1,1,1,1,1],[1,1,1,1,1],[1,1,1,1,1],[1,1,1,1,1,1,1,1],[1,1,1,1,1,1,1],[1,1,2,1,1,1],[1,1,1,1,1,1,1,1,1],[1,1,1,1,1,1],[1,1,1,1,1,1,1,1,1,1,1],[1,1,1,1,1,1],[1,1,1,1,1,1,1],[1,1,1,1,1],[1,1,1,1,1,1,1,1,1,1,1,1],[1,1,1,1,1,1,1,1],[1,1,1,1,1,1,1,1],[1,1,1,1,1,1,1,1,1,1],[1,1,1,1,1,1,1],[1,1,1,1,1,1,1,1,1,1,1,1,1,1],[1,2,1,1,1,1,1,1],[1,1,2,1,1,1,1,1,1,1,1,1,1,1,1,1],[1,1,1,1,1],[1,1,1,1,1,1,1,1,1,1,1],[1,1,1,1,1,1,1,1,1,1],[1,1,1,1,1,1],[1,1,1,1,1,1,1,1],[1,1,1,1,1,1,1],[1,1,1,1,1,1,1,1],[1,1,1,1,1,1,1],[2,1,1,1,1,1],[1,1,1,1,1,1,1],[1,1,1,1],[1,1,1,1,1,1],[1,1,1],[1,1,1,1,1,1],[1,1],[1,1,1,1,1,1,1,1,1],[1,1,1,1,1],[1,1,1,1,1,1],[1,1,1,1,1,1,1,1],[1,1,1,1,1,1,1,1],[1,1,1,1,1,1,1,1],[1,1,1,1,1,1],[1,1,1,1,1,1,1,1],[1,1,1,1,1,1,1,1,1,1,1],[1,1,1,2,1,1,1],[1,1,1,1,1,1,1,1,1,1,1],[1,1,1,1,1,1,1,1,1,1],[1,1,1,1,1,1,1,1],[1,1,1,1,1],[1,1,1,1,1,1],[1,1,1,1],[1,1,1,1,1,1,1],[1,1,1,1,1,1,1,1,1],[1,1,1,1,1,1],[1,1,1,1,1,1,1,1,1,1],[1,1,1,1,1,1],[1,1,1,1,1,1,1,1,1],[2,1,1,1,1],[1,1,1,1,1,1,1,1,1],[1,1,1,1,1,1,1,1,1,1,1],[1,1,1,1,1,1,1,1,1],[1,1,1,1,1],[1,1,1,1,1,1],[1,1,1,1,1],[1,1,1,1,1],[1,1,1,1,1],[1,1,1,1,1,1,1],[1,1,1,1,1,1,1],[1,1,1,1,1,1,1,1],[1,1,1,1,1,1,1,1,1,1],[1,1],[1,1,1,1,1,1,1,1],[1,1,1,1,1,1,1],[1,1,1,1,1,1,1,1],[1,1,1,1,1,1,1],[1,1,1,1,1,1],[1,1,1,1],[1,1,1,1,1,1,1,1],[1,1,1,1,1,1,1],[1,1,1,1,1,1],[1,1,1,1,1,1,1],[1,1,1,1,1],[1,1,1],[1,1,1,1,1,1,1],[1,1,1,1,1,1,1,1,1],[1,1,1,1],[1,1,1,1,1],[1,1,1,1,1,1,1,1,1],[1,1,1,1,1,1],[1,1,1,1,1,1],[1,1,1,1,1,1,1,1,1,1,1],[1,1,1,1,1],[1,1,1,1,1,1],[1,1,1,1,1,1,1,1,1,1,1,1,1,1],[1,1,1,1,1,1,1,1,1,1],[1,1,1,1,1],[1,1,1,1,1,1],[1,1,1,1,1,1],[1,1,1,1,1],[1,1,1,1,1],[1,1,1,1,1,1],[1,1,1,1],[1,1,1,1,1,1],[1,1,1],[1,1,1,1,1,1,1,1,1,1],[1,1,1,1,1,1,1,1,1,1,1],[1,1,1,1,1,1,1,1,1,1,1,1],[1,1,1,1,1,1],[1,1,1,1,1,1,1,1,1],[1,1,1,1,1,1,1],[1,1,1,1,1],[1,1,1,1],[1,1,1,1,1,1],[1,1,1,1,1,1,1,1,1,1,1,1,1],[1,1,1,1,1,1,1],[1,1,1,1,1,1,1,1],[1,1,1,1,1,1,1,1,1],[1,1,1,1,1],[1,1,1,1,1],[1,1,1,1,1,1,1],[1,1,2,2,2,1,1,1,1],[1,1,1,1,1,1,1,1,1],[1,1,1,1,1,1,1,1],[1,1,1,1],[1,1,1,1,1,1,1,1,1,1,1],[1,1,1,1,1,1,1],[1,1,1,1,1,1,1],[1,1,1,1,1,1],[1,1,1,1,1,1,1],[1,1,1,1,1,1,1,1,1,1,1],[1,1,1,1,1,1,1],[1,1,1,1,1,1,1,1,1],[1,1,1,1,1,1,1,1,1],[],[1,1,1,1,1,1,1,1],[1,1,1,1,1,1,1,1],[1,1,1,1,1,1,1,1,1,1],[1,1,1,1,1,1,1,1],[1,1,1,1,1],[1,1,1],[1,1,1,1,1,1,1],[1,1,1,1,1,1,1,1],[1,1,1,1,1,1,1,1],[1,1,1,1,1,1,1,1],[1,1,1,1,1,1],[1,1,1],[1,1,1,1,1],[1,1,1],[1,1,1,1,1,1,1,1],[1,1,1,1],[1,1,1,1,1,1,1,1,1,1,1,1],[1,1,1,1,1,1],[1,1,1,1,1],[1,1,1,1,1,1,1,1,1,1],[1,1,1,1,1,1,1,1],[1,1,1,1,1,1],[2,2,2],[1,1],[1,1,1,1,1],[1,1,1,1,1,1,1,1,1,1],[1,1,1,1,1,1,1,1],[1,1,1,1,1,1,1],[1,1,1,1,1,1],[1,1,1,1,1],[1,1,1,1,1],[1,1,1,1,1,1,1],[1,1,1,1,1,1,1],[1,1,1,1,1,1,1,1,1,1],[1,1,1,1,1],[1,1,1,1,1,1],[2,1,1,1,1,1,1,1,1,1],[1,1,1],[1,1,1,1,1,1],[1,1,1,1],[1,1,1,1,1,1],[1,1,1,1,1,1],[1,1,1,1,1],[1,1,1,1,1,1,1,1],[1,1,1,1,1],[1,1,1,1,1],[1,1,1,1,1],[1,1,1,1],[1,1,1,1,1,1,1],[1,1,1,1,1,1,1,1,1],[1,1],[1,1,1,1,1,1,1],[1,1,1,1,1],[1,1,1,1,1],[1,1,1,1,1,1,1],[1,1,1,1,1,1],[1,1,1],[2,1,1,1,1],[1,1,1,1,1,1],[1,1,1,1,1,1,1,1,1],[1,1,1,1],[1,1,1],[1,1,1,1,1,1,1],[1,1,2,1,1,1,1],[1,1],[1,1,1,1,1,1,1,1],[1,1,1,1,1,1],[1,1],[1,1],[1,1,1,1,1,1,1,1],[1,1,1,1,1,1],[1,1,1,1,1,1,1,1],[1,1,1,1,1,1,1,1],[1,1,1,1,1],[1,1,1,1,1,1],[1,1,1,1,1,1,1,1,1,1,1],[1,1,1,1,1,1,1,1],[1,1,1,1],[1,1],[1,1,1,1,1,1,1,1],[1,1,1,1,1,1,1,1],[1,1,1,1,1,1,1],[1,1,1,1,1,1,1,1],[1,1,1,1,1,1,1,1],[],[1,1,1,1,1,1,1],[1,1,1,1,1,1,1],[1,1],[1,1,1],[1,1,1,1],[1,1,1],[1,1,1],[1,1,1,1,1,1],[1,1,1,1,1,1,1],[1,1,1,1,1,1,1,1,1,1,1,1,1],[1,1,1,1,1,1],[1,1,1,1,1,1],[1,1,1,1,1,1,1,1],[1,1,1,1,1,1,1,1,1,1],[1,1,1,1,1],[1,1,1,1,1],[1,1,1,1,1,1,1,1,1,1],[1,1,1,1,1,1],[1,1,1,1,1,1,1],[1,1,1],[1,1,1,1,1],[1,1,1,1,1],[1,1,1,1,1,1,1],[1,1,1,1,1,1,1,1],[1],[1,1,1],[1,1,1,1,1,1,1,1,1,1],[1,1,1,1,1,1,1,1,1],[1,1,1,1,1],[1,1,1,1,1,1],[],[1,1,1,1],[1,1,1,1,1,1,1,1,1],[1,1,1,1],[1,1,1,1,1,1],[1,1,1,1,1,1],[1,1,1,1,1,1,1,1],[1,1,1,1,1,1],[1,1,1,1,1,1,1,1,1,1,1],[1,1,1,1,1,1,1,1,1],[1,1,1,1,1],[1,1,1,1,1,1,1,1],[1,1],[1,1,1,1,1,1,1,1],[1,1],[1,1,1,1,1,1,1],[1,1,1],[1,1,1],[1,1],[1,1],[1,1,1,1,1],[1,1,1,1,1,1,1],[1,1],[1,1,1,1,1,1],[1,1,1,1,1],[1],[1,1],[1,1,1,1,1,1,1],[1,1,1,1,1,1],[1,1,1,1,1],[1,1,1,1,1,1,1,1],[1,1,1,1,1,1,1],[1,1,1,1,1,1,1],[1,1,1,1,1,1,1,1,1,1,1,1],[1,1,1],[1,1,1,1,1,1],[1,1,1,1,1,1],[1,1,1,1,1,1],[1,1,1,1,1,1],[1],[1],[1,1,1,1,1,1],[1,1,1],[1,1,1,1,1,1],[1,1,1,1,1,1,1],[2,2,1,1,1],[1],[1,1,1],[1,1,1],[1,1,1,1,1],[1],[1,1,1],[1,1,1,1,1,1,1],[1,1,1,1,1],[1,1,1,1],[1,1,1,1,1,1,1],[1,1,1,1,1,1],[1,1,1],[1,1,1],[1,1,1],[1,1,1,1,1,1,1,1],[1,1,1],[1,1,1],[1,1,1,1,1,1,1,1,1,1],[1,1,1,1,1,1,1,1,1],[1,1,1,1,1,1],[1],[1,1,1,2,1],[1,1,1,1,1,1,1],[1,1,1,1],[1,1,1,1],[1,1,1,1,1],[1,1,1,1],[1,1],[1,1,1,1],[1],[1,1],[1,1],[1,1,1,1],[1],[1],[1,1,1],[1,1,1,1,1,1],[1,1,1],[1,1,1,1],[1,1],[1,1,1,1,1,1],[1,1,1,1],[1],[1,1,1,1,1],[1,1,1,1,1],[1,1,1,1],[1,1,1,1,1,1,1],[1,1,1,1,1],[1,1,1,1,1,1,1,1,1],[1,1],[1,1,1,1,1,1],[1,1,1,1,1,1],[1,1,1,1,1,1,1],[1,1,1,1,1,1,1],[1,1,1,1],[1,1],[1,1,1,1],[1,1,1,1,1,1,1,1],[1,1,1],[2,2],[1,1],[1,1,1,1,1],[1,1,1,1,1,1,1],[1,1,1,1],[1,1,1,1,1],[1,1],[1,1,1,1],[1,1,1,1,1],[1,1,1,1,1,1],[1],[1],[1],[1,1,1],[1,1,1,1,1],[1,1,1,1],[1,1,1],[1,1],[1],[1,1,1,1,1,1,1,1,1],[1,1],[1,1,1],[1,1,1,1,1],[1,1,1,1,1,1,1,1,1],[1,1],[1,1,1,1,1],[1,1,1],[1],[1,1,1,1],[1,1,1,1,1,1,1],[1,1,1],[1,1,1,1],[1,1,1,1],[1,1],[1],[1,1],[1,1,1,1,1,1],[1,1,1],[1,1,1,1],[1,1,1,1],[1,1,1,1,1,1,1,1,1],[1,1,1,1,1,1,1],[1,1],[1,1,1,1,1,1],[1,1,1,1,1,1],[1],[],[1,1,1],[1,1,1,1],[],[1,1,1,1,1,1,1,1],[1,1,1,1,1],[1,1],[],[],[1,1,1,1,1],[],[1,1,1],[1,1,1],[1,1,1],[1],[],[1,1],[1,1,1],[1,1,1],[1],[],[1,1,1,1],[1,1,1],[1,1],[],[1,1,1],[1,1,1],[1,1,1,1],[1,1,1,1,1,1,1],[1,1,1],[],[],[],[1,1,1,1],[1,1],[1,1,1,1,1,1,1],[1,1,1,1,1],[1],[1,1],[1],[],[1,1],[1,1,1]];

processingTimesRunnables = [13,12,6,16,13,11,8,5,7,10,13,10,6,9,14,16,12,14,7,11,7,13,15,6,5,11,10,10,6,8,15,12,13,13,14,12,11,12,6,12,15,10,11,12,11,12,11,13,12,10,15,15,13,13,12,16,10,6,13,12,11,9,11,14,10,8,10,8,16,14,12,15,7,10,12,6,11,14,10,11,11,13,12,11,11,14,16,13,12,12,11,10,10,10,10,7,10,10,14,5,12,11,7,15,9,15,14,10,8,9,10,13,10,16,9,7,13,13,14,6,11,11,7,5,11,11,12,8,9,11,15,12,13,13,13,5,15,11,13,12,12,13,14,16,11,13,6,17,12,5,16,10,12,13,13,14,12,12,10,10,5,11,13,8,13,8,5,13,8,5,12,10,7,6,9,13,13,10,9,5,9,11,13,12,12,7,15,14,12,13,12,13,12,13,7,10,13,8,11,11,12,10,10,13,9,16,13,12,8,6,11,11,11,11,7,13,9,12,12,10,11,13,5,9,9,11,12,10,13,6,14,15,7,13,14,12,8,13,9,10,15,11,12,13,11,11,8,11,17,11,16,6,12,11,13,13,6,13,10,15,11,11,14,11,13,11,8,8,16,12,15,11,10,9,6,10,10,9,8,15,9,10,12,7,10,8,11,8,7,13,12,12,7,11,12,7,13,13,7,5,6,6,12,11,10,10,11,11,5,7,13,8,14,14,14,14,13,5,12,13,12,15,15,11,11,12,9,13,6,7,11,12,13,12,9,12,7,13,11,11,10,6,14,11,11,11,16,10,16,10,13,11,10,13,12,10,5,5,11,5,13,12,6,10,13,10,6,6,13,15,12,16,11,15,13,11,13,16,11,13,9,12,13,12,12,16,16,12,9,16,9,16,15,13,12,12,17,8,7,12,12,12,5,13,10,11,10,12,4,13,12,11,15,13,13,11,11,13,13,9,6,14,6,16,15,14,10,4,9,8,13,5,4,12,11,13,14,13,6,11,11,11,16,15,12,10,12,7,13,6,14,16,6,13,14,10,11,9,12,12,13,12,12,10,9,6,6,12,10,12,14,12,11,7,7,12,13,7,14,14,8,10,6,14,16,13,15,12,12,12,13,7,7,9,14,12,14,15,9,7];

periods = [20000,20000,10000,100000,10000,1000,20000,10000,5000,20000,100000,20000,20000,10000,20000,20000,20000,10000,10000,100000,20000,2000,10000,50000,10000,20000,1000,20000,1000,5000,100000,20000,10000,20000,100000,20000,10000,20000,100000,100000,10000,10000,1000,20000,10000,10000,10000,1000,20000,20000,20000,10000,10000,10000,100000,100000,20000,100000,10000,10000,20000,20000,50000,100000,20000,100000,100000,20000,20000,100000,20000,100000,20000,100000,2000,20000,20000,10000,20000,100000,100000,50000,10000,10000,100000,20000,100000,20000,2000,20000,20000,20000,10000,100000,100000,10000,10000,100000,20000,10000,20000,100000,10000,10000,10000,10000,100000,10000,10000,10000,20000,100000,10000,100000,50000,10000,100000,10000,100000,20000,100000,20000,10000,100000,20000,20000,50000,100000,50000,100000,10000,50000,100000,10000,10000,10000,100000,10000,50000,20000,20000,20000,10000,10000,20000,10000,100000,100000,10000,20000,20000,10000,10000,10000,100000,20000,10000,20000,100000,20000,20000,10000,100000,20000,10000,20000,10000,10000,20000,20000,10000,10000,20000,100000,100000,100000,10000,20000,100000,20000,20000,10000,100000,100000,100000,10000,100000,10000,10000,20000,20000,100000,10000,10000,100000,20000,10000,100000,100000,50000,10000,10000,100000,10000,10000,5000,20000,20000,10000,10000,100000,50000,10000,10000,20000,20000,20000,1000,20000,20000,100000,100000,20000,10000,10000,10000,100000,10000,20000,1000,10000,20000,10000,100000,100000,10000,1000,10000,20000,10000,10000,20000,10000,1000,1000,20000,10000,10000,10000,100000,10000,10000,10000,100000,20000,20000,20000,10000,20000,1000,10000,20000,10000,100000,10000,100000,10000,10000,20000,2000,100000,10000,10000,20000,2000,20000,100000,1000,20000,10000,100000,1000,10000,10000,20000,100000,20000,100000,20000,20000,10000,10000,10000,10000,20000,100000,20000,20000,100000,100000,100000,50000,20000,10000,1000,1000,20000,10000,100000,100000,20000,20000,20000,100000,20000,100000,20000,100000,20000,50000,100000,100000,100000,100000,100000,100000,10000,10000,10000,100000,10000,20000,10000,20000,100000,20000,10000,100000,10000,20000,20000,10000,20000,2000,20000,100000,20000,20000,100000,100000,100000,2000,20000,100000,100000,20000,10000,100000,10000,10000,50000,100000,100000,20000,20000,20000,20000,20000,100000,50000,20000,20000,10000,5000,10000,10000,10000,10000,100000,10000,20000,10000,100000,20000,100000,20000,100000,10000,50000,20000,50000,10000,20000,100000,10000,20000,10000,100000,20000,50000,100000,10000,10000,20000,100000,20000,100000,100000,5000,100000,20000,10000,20000,20000,10000,100000,50000,100000,100000,10000,20000,10000,50000,20000,10000,100000,20000,100000,20000,20000,20000,10000,10000,10000,1000,20000,10000,10000,10000,2000,10000,10000,10000,10000,10000,100000,5000,50000,20000,100000,10000,100000,2000,100000,100000,10000,100000,20000,1000,100000,10000,20000,10000,20000,10000,100000,20000,10000,100000,100000,10000,100000,20000,20000,100000,20000,20000,20000,20000,10000,20000,10000,20000,100000,20000,100000,100000,100000,10000,10000,20000,100000,50000,20000,20000,10000,20000,100000,100000,20000];

communicationTimeForOrderCriticalMessages = [1,1,1,1,1,1,1,1,1,1,1,1,1,1,1,1,1,1,1,1,1,1,1,1,1,1,1,1,1,1,1,1,1,1,1,1,1,1,1,1,1,1,1,1,1,1,1,1,1,1,1,1,1,1,1,1,1,1,1,1,1,1,1,1,1,1,1,1,1,1,1,1,1,1,1,1,1,1,1,1,1,1,1,1,1,1,1,1,1,1,1,1,1,1,1,1,1,1,1,1,1,1,1,1,1,1,1,1,1,1,1,1,1,1,1,1,1,1,1,1,1,1,1,1,1,1,1,1,1,1,1,1,1,1,1,1,1,1,1,1,1,1,1];

sizeOfRunnables = [1278,1158,513,1600,1225,1005,748,490,683,990,1238,998,550,878,1318,1588,1113,1308,630,1058,693,1235,1485,523,480,1088,990,948,563,760,1443,1125,1268,1283,1350,1150,1045,1105,570,1105,1465,978,1080,1160,1038,1113,1095,1300,1150,955,1490,1465,1298,1215,1193,1550,978,543,1295,1110,1035,805,1035,1365,945,795,945,783,1523,1328,1195,1415,660,983,1125,595,1095,1355,925,1095,1020,1203,1180,1023,1095,1340,1528,1278,1133,1150,1090,955,953,975,993,623,908,960,1303,475,1155,1028,608,1430,848,1475,1373,933,735,893,918,1208,938,1568,873,608,1208,1205,1305,593,1015,1065,645,488,1005,1095,1103,718,870,1060,1485,1158,1248,1275,1278,413,1463,1030,1280,1155,1188,1290,1305,1578,1005,1215,563,1605,1173,473,1513,990,1188,1203,1215,1308,1158,1113,913,968,413,1043,1243,705,1280,788,490,1285,743,495,1188,915,645,525,880,1248,1230,968,885,473,835,1080,1300,1158,1128,690,1410,1393,1178,1245,1185,1220,1120,1208,645,998,1285,728,1020,1005,1105,938,978,1218,870,1600,1240,1105,765,543,1060,1028,1073,1058,693,1285,835,1133,1200,970,1045,1225,460,848,868,1085,1170,930,1240,543,1368,1480,608,1248,1305,1160,788,1203,900,970,1463,1038,1105,1268,1035,1083,738,1015,1620,1045,1593,570,1198,1053,1253,1218,505,1283,940,1405,1028,1050,1368,1095,1268,1068,715,760,1503,1150,1463,1050,990,888,533,943,918,873,788,1453,895,985,1188,638,938,708,1008,705,623,1255,1135,1158,698,1058,1180,663,1263,1270,690,458,535,538,1178,1095,1000,998,1058,1073,408,690,1230,775,1383,1305,1308,1355,1268,408,1125,1238,1178,1425,1480,1090,1030,1113,803,1238,513,678,1013,1150,1220,1173,835,1150,638,1295,1068,1083,905,558,1335,1020,1050,1035,1593,970,1513,960,1245,1080,910,1270,1165,918,465,490,1025,415,1235,1138,540,953,1260,915,553,560,1298,1433,1195,1563,1028,1453,1298,1065,1230,1550,1005,1270,820,1185,1233,1170,1183,1503,1503,1200,813,1563,863,1550,1443,1278,1140,1128,1620,705,640,1178,1135,1138,445,1238,990,1028,953,1163,375,1253,1170,1088,1425,1253,1293,1090,1073,1263,1260,855,563,1340,573,1578,1475,1305,978,378,900,798,1240,450,383,1105,1075,1270,1378,1230,570,1068,1080,1080,1540,1498,1193,960,1103,675,1210,523,1305,1563,598,1275,1365,918,1045,833,1195,1173,1210,1185,1133,985,858,555,588,1185,963,1163,1378,1150,1058,673,698,1193,1210,638,1305,1398,718,918,533,1365,1578,1283,1475,1150,1158,1148,1275,683,685,803,1378,1183,1350,1438,865,683];

SenderLabelReceiverOrderCriticalChains = [[329,2393,0,0,165],[165,1884,0,0,465],[338,1427,0,0,408],[408,1903,0,0,222],[407,2825,0,0,264],[264,2329,0,0,324],[324,573,0,0,185],[185,1524,0,0,455],[223,2061,0,0,372],[372,1597,0,0,356],[356,609,0,0,166],[450,1040,0,0,183],[183,2587,0,0,419],[5,1545,0,0,84],[84,3740,0,0,392],[392,2263,0,0,468],[453,1705,0,0,75],[75,1127,0,0,22],[22,1554,0,0,270],[136,1784,0,0,268],[268,3253,0,0,204],[195,1275,0,0,203],[203,3612,0,0,325],[325,1873,0,0,264],[264,1541,0,0,159],[487,3358,0,0,281],[281,1596,0,0,309],[309,1093,0,0,40],[40,201,0,0,192],[56,3233,0,0,369],[369,3301,0,0,300],[300,357,0,0,288],[219,146,0,0,399],[399,666,0,0,386],[386,431,0,0,239],[355,367,0,0,85],[85,3777,0,0,121],[301,786,0,0,277],[277,2877,0,0,159],[159,1606,0,0,410],[262,2339,0,0,92],[92,1740,0,0,396],[396,2894,0,0,65],[65,3023,0,0,341],[425,2414,0,0,171],[171,3073,0,0,432],[60,3459,0,0,189],[189,837,0,0,253],[253,359,0,0,97],[346,2779,0,0,192],[192,1447,0,0,133],[133,3509,0,0,301],[52,381,0,0,280],[280,1043,0,0,202],[202,3967,0,0,432],[432,865,0,0,403],[312,2657,0,0,334],[334,1544,0,0,38],[79,3150,0,0,256],[256,1676,0,0,317],[317,3332,0,0,393],[393,1681,2107,0,411],[11,2063,0,0,222],[222,715,0,0,199],[199,3518,0,0,499],[471,205,0,0,333],[333,644,0,0,78],[78,911,0,0,283],[154,3337,0,0,118],[118,2568,0,0,233],[279,3876,0,0,298],[298,2427,0,0,390],[463,3127,0,0,3],[3,3163,0,0,103],[103,3963,0,0,152],[152,2561,0,0,376],[110,2622,0,0,420],[420,259,0,0,83],[83,2157,0,0,451],[451,1495,0,0,146],[243,436,0,0,154],[154,2365,0,0,444],[444,1907,0,0,52],[427,1829,0,0,259],[259,3986,0,0,474],[76,1753,0,0,216],[216,2598,0,0,390],[293,3160,0,0,100],[100,2303,0,0,471],[452,1233,0,0,198],[198,742,0,0,314],[314,605,0,0,107],[266,2023,0,0,487],[487,3857,0,0,488],[286,2390,2838,0,107],[107,2077,0,0,296],[383,1229,0,0,486],[486,372,0,0,195],[77,2402,0,0,500],[500,203,2402,0,190],[190,2625,0,0,34],[137,480,0,0,300],[300,983,0,0,187],[187,3755,0,0,326],[326,26,0,0,124],[394,1282,0,0,321],[321,2436,0,0,203],[203,488,0,0,155],[246,1282,0,0,259],[259,1508,0,0,297],[96,2361,0,0,425],[425,2634,0,0,395],[395,744,0,0,471],[360,1999,0,0,8],[8,2391,0,0,444],[444,1228,0,0,123],[123,173,0,0,480],[230,905,0,0,260],[260,305,0,0,305],[305,588,0,0,27],[10,3897,0,0,180],[180,3535,0,0,262],[262,861,0,0,32],[32,372,0,0,68],[240,2158,0,0,42],[42,2809,0,0,116],[116,2369,0,0,135],[135,1931,0,0,252],[380,950,0,0,333],[333,2035,0,0,226],[261,839,0,0,331],[331,1076,0,0,482],[194,1028,0,0,238],[238,2426,0,0,231],[231,222,0,0,293],[457,3677,0,0,66],[66,443,0,0,469],[469,3269,0,0,281],[229,1532,0,0,298],[298,773,0,0,414],[251,2322,0,0,131],[131,638,0,0,434],[434,3803,0,0,432]];

SenderLabelReceiverNonOrderCriticalChains = [[1,93,458],[1,586,2],[1,2115,341],[1,2115,44],[1,2297,175],[1,2644,135],[1,3608,160],[1,3608,318],[2,667,7],[2,1097,341],[2,1097,215],[2,2067,290],[2,3786,368],[2,3879,246],[3,449,5],[3,2142,236],[3,3163,103],[3,3554,157],[3,3718,102],[3,3719,395],[4,687,297],[4,1255,98],[4,1299,496],[4,1299,323],[4,1299,370],[4,2453,11],[4,2703,55],[4,3152,488],[5,478,137],[5,478,298],[5,1545,84],[5,1545,3],[5,1774,83],[5,2257,329],[5,2257,107],[5,3033,8],[5,3973,441],[6,612,237],[6,778,402],[6,1028,382],[6,1028,238],[6,1028,263],[6,1028,487],[6,2199,366],[6,2199,237],[6,2675,43],[6,2675,437],[6,3684,359],[6,3684,96],[6,3750,246],[6,3831,27],[6,3831,312],[7,11,16],[7,192,269],[7,1694,201],[7,2633,12],[8,220,220],[8,1108,37],[8,2081,253],[8,2391,444],[8,3460,14],[9,168,236],[9,1280,206],[9,1755,30],[9,2133,30],[9,3901,428],[9,3913,347],[9,3913,409],[9,3913,128],[10,524,374],[10,524,229],[10,666,40],[10,666,386],[10,2430,427],[10,2433,122],[10,3825,426],[10,3825,12],[10,3897,180],[11,300,215],[11,300,433],[11,878,407],[11,878,35],[11,2063,337],[11,2063,222],[11,2809,116],[11,2809,181],[11,3401,409],[11,3401,20],[12,466,332],[12,913,276],[12,2686,464],[12,3312,215],[12,3604,13],[12,3939,143],[13,1069,404],[13,1069,142],[13,1359,36],[13,2128,257],[13,2302,90],[13,3173,197],[14,467,78],[14,1285,59],[14,1285,89],[14,2520,205],[14,2520,405],[14,3984,423],[14,3984,460],[14,3984,41],[15,378,126],[15,378,256],[15,1729,422],[15,1729,146],[15,1729,385],[15,1894,449],[15,2643,39],[15,2692,457],[15,2712,495],[15,2712,264],[15,3728,141],[16,855,21],[16,1311,292],[16,1368,71],[16,1368,319],[16,1368,242],[16,2250,308],[16,2530,84],[17,417,242],[17,1779,396],[17,1848,311],[17,1848,31],[17,1848,276],[17,1961,282],[17,3252,81],[17,3252,342],[17,3662,219],[18,66,243],[18,66,292],[18,446,85],[18,698,25],[18,1414,482],[18,3205,366],[18,3308,280],[18,3366,247],[18,3366,238],[18,3366,445],[19,604,333],[19,1189,222],[19,1189,23],[19,1189,489],[19,2712,495],[19,2712,264],[19,3506,113],[19,3506,439],[19,3829,373],[19,3829,149],[20,1250,118],[20,1250,324],[20,1500,398],[20,1562,349],[20,2138,302],[20,3055,458],[20,3055,446],[20,3438,31],[21,21,179],[21,68,460],[21,1176,32],[21,1848,311],[21,1848,31],[21,1848,276],[21,2584,145],[21,2594,255],[21,3171,414],[22,323,44],[22,1554,270],[22,2201,275],[22,2525,69],[22,2825,44],[22,2825,264],[23,321,25],[23,441,329],[23,1841,13],[23,1841,403],[23,2042,122],[23,2042,301],[23,2213,88],[23,3176,372],[23,3513,214],[24,539,465],[24,539,446],[24,539,462],[24,1752,139],[24,2313,63],[24,2558,200],[24,2725,391],[25,650,377],[25,1326,468],[25,1588,62],[25,1588,294],[25,1588,307],[25,2451,490],[25,3601,33],[25,3683,358],[25,3683,368],[25,3683,240],[26,48,478],[26,510,336],[26,1080,297],[26,2723,61],[26,3451,321],[26,3451,28],[26,3725,235],[27,1121,47],[27,1121,230],[27,1121,128],[27,1984,43],[27,2210,395],[27,2210,29],[27,2379,260],[27,2719,414],[27,2719,282],[28,391,117],[28,391,389],[28,1222,454],[28,1222,51],[28,1222,384],[28,2735,160],[28,2859,215],[28,3055,458],[28,3055,446],[28,3231,34],[28,3231,65],[29,570,237],[29,570,461],[29,1104,392],[29,2568,233],[29,2568,230],[29,2568,293],[29,3709,43],[30,2513,409],[30,3172,390],[30,3172,460],[30,3172,206],[30,3401,409],[30,3401,20],[30,3974,87],[31,587,498],[31,1071,35],[31,1117,159],[31,1403,259],[31,1403,137],[31,1658,331],[32,372,68],[32,372,195],[32,593,161],[32,707,34],[32,707,486],[32,3845,192],[33,1767,146],[33,2357,392],[33,3159,197],[33,3159,42],[33,3159,364],[33,3533,399],[33,3533,229],[33,3735,374],[34,951,259],[34,1038,395],[34,1038,326],[34,2350,4],[34,2400,424],[34,2400,375],[34,2400,38],[35,40,40],[35,40,205],[35,40,492],[35,1195,323],[35,1290,379],[35,1290,486],[35,3733,384],[35,3733,329],[35,3733,394],[36,310,184],[36,2965,257],[36,2975,69],[36,2975,303],[36,3028,430],[36,3177,317],[36,3177,48],[37,640,232],[37,1398,41],[37,1583,240],[37,1583,253],[37,3292,287],[37,3451,321],[37,3451,28],[38,435,48],[38,435,154],[38,1438,65],[38,1964,363],[38,1977,255],[38,3213,496],[38,3213,361],[38,3783,44],[39,326,475],[39,818,40],[39,852,102],[39,852,288],[39,1430,387],[39,2996,241],[40,201,192],[40,1300,81],[40,2329,260],[40,2329,270],[40,2329,324],[40,2651,48],[40,2651,307],[41,222,293],[41,222,373],[41,222,425],[41,937,442],[41,1782,45],[41,2607,218],[41,3675,130],[42,368,353],[42,368,307],[42,793,276],[42,793,302],[42,930,48],[42,2809,116],[42,2809,181],[42,3329,134],[43,1706,455],[43,1706,28],[43,3063,48],[43,3183,267],[43,3183,435],[43,3453,102],[43,3453,99],[44,581,219],[44,1552,71],[45,652,204],[45,652,349],[45,1088,177],[45,2518,395],[45,2739,186],[45,2739,106],[45,2932,54],[45,3260,32],[45,3260,325],[45,3260,123],[46,689,60],[46,689,276],[46,2217,106],[46,2217,206],[46,2960,447],[46,3200,197],[46,3200,323],[46,3629,172],[47,841,36],[47,841,68],[47,841,107],[47,1729,422],[47,1729,146],[47,1729,385],[47,3274,223],[47,3274,421],[47,3394,59],[47,3636,258],[47,3884,168],[47,3884,465],[48,528,237],[48,3100,54],[49,643,422],[49,643,446],[49,871,62],[49,1711,123],[49,1990,381],[49,3900,181],[49,3900,249],[50,920,92],[50,2497,289],[50,2940,120],[50,3040,457],[50,3125,488],[50,3125,377],[50,3959,166],[51,67,195],[51,67,276],[51,1842,219],[51,1842,228],[51,3637,478],[52,14,104],[52,381,280],[52,381,319],[52,492,461],[52,830,451],[52,2500,329],[52,3888,355],[52,3888,162],[53,842,397],[53,1870,328],[53,2895,29],[53,3170,463],[53,3170,140],[53,3192,51],[53,3799,277],[53,3799,191],[53,3804,63],[53,3804,235],[54,339,115],[54,1305,121],[54,1576,448],[54,1576,213],[54,1576,93],[54,3150,97],[54,3150,256],[54,3884,168],[54,3884,465],[55,395,78],[55,395,139],[55,735,409],[55,1057,58],[55,1263,473],[55,1263,402],[55,1748,299],[55,3913,347],[55,3913,409],[55,3913,128],[56,1427,177],[56,1427,408],[56,1644,36],[56,1644,87],[56,1822,51],[56,1956,115],[56,2775,457],[56,2882,67],[56,3233,369],[56,3594,102],[57,66,243],[57,66,292],[57,1538,410],[57,1638,223],[57,3661,298],[57,3914,186],[57,3914,125],[57,3914,301],[58,547,64],[58,858,363],[58,2693,114],[58,2911,72],[58,3639,362],[58,3689,454],[59,525,94],[59,1312,17],[59,1699,89],[59,3936,310],[59,3944,100],[60,1001,110],[60,1303,152],[60,3459,189],[60,3570,49],[60,3826,261],[61,300,215],[61,300,433],[61,2049,210],[61,2049,99],[61,2102,39],[61,2474,271],[61,2474,302],[61,2752,65],[62,781,126],[62,1941,91],[62,2592,477],[62,2592,115],[62,2592,382],[62,3368,149],[62,3368,215],[63,1274,323],[63,1274,380],[63,1620,115],[63,1812,134],[63,3209,68],[63,3209,236],[64,1512,422],[64,1512,146],[64,1597,249],[64,1597,68],[64,1597,37],[64,1597,356],[64,2101,193],[64,2340,480],[64,2680,232],[65,345,457],[65,519,86],[65,925,301],[65,925,443],[65,925,295],[65,3023,341],[66,443,469],[66,478,137],[66,478,298],[66,661,137],[66,661,228],[66,989,98],[66,989,156],[66,1018,85],[66,1890,500],[66,3537,480],[66,3537,485],[67,1248,242],[67,1248,324],[67,1474,349],[67,1474,498],[67,2716,74],[67,2855,459],[68,981,285],[68,981,307],[68,2054,336],[68,3237,368],[68,3237,387],[68,3250,214],[68,3250,120],[69,257,305],[69,2048,313],[69,3095,406],[69,3486,279],[69,3626,92],[70,35,5],[70,36,477],[70,663,358],[70,1771,72],[70,1771,259],[70,2218,14],[70,2218,19],[70,2905,79],[70,2905,470],[70,3914,186],[70,3914,125],[70,3914,301],[71,487,481],[71,1292,90],[71,1292,108],[71,2546,121],[71,3294,360],[71,3914,186],[71,3914,125],[71,3914,301],[72,1201,80],[72,1201,358],[72,1799,80],[72,1799,465],[72,2226,250],[72,3131,324],[72,3131,412],[72,3425,373],[73,790,196],[73,989,98],[73,989,156],[73,1273,122],[73,1273,282],[73,1448,101],[73,1522,82],[73,1734,279],[73,3688,232],[73,3688,433],[74,911,327],[74,911,283],[74,911,85],[74,978,209],[74,978,354],[74,1833,383],[74,3178,46],[75,1048,270],[75,1127,22],[75,1127,480],[75,1222,454],[75,1222,51],[75,1222,384],[75,2946,317],[75,2946,405],[75,2946,270],[75,3279,373],[75,3279,391],[75,3279,456],[75,3510,188],[75,3623,89],[76,133,482],[76,1353,88],[76,1504,239],[76,1753,216],[76,1753,248],[76,2841,256],[76,3068,279],[76,3862,46],[77,480,311],[77,480,300],[77,792,475],[77,862,248],[77,862,99],[77,862,140],[77,1578,216],[77,2402,431],[77,2402,500],[77,2402,304],[77,2402,355],[77,2596,216],[77,3170,463],[77,3170,140],[77,3523,30],[77,3523,151],[78,626,445],[78,911,327],[78,911,283],[78,911,85],[78,1741,93],[79,489,429],[79,489,435],[79,1058,119],[79,1058,299],[79,1370,177],[79,1370,276],[79,1423,49],[79,1423,397],[79,3056,398],[79,3150,97],[79,3150,256],[80,2033,138],[80,2033,446],[80,2282,139],[80,2572,249],[80,2572,443],[80,2700,161],[80,2700,86],[80,3203,95],[80,3772,81],[80,3772,225],[81,2236,395],[81,3050,419],[81,3342,113],[81,3342,218],[81,3810,147],[81,3810,481],[82,79,334],[82,79,373],[82,793,276],[82,793,302],[82,1477,370],[82,2125,115],[82,3242,423],[82,3541,199],[83,1644,36],[83,1644,87],[83,2157,451],[83,2972,419],[83,3231,34],[83,3231,65],[83,3581,152],[84,1798,106],[84,1980,430],[84,2017,187],[84,3114,325],[84,3559,144],[84,3740,249],[84,3740,339],[84,3740,392],[85,601,464],[85,601,446],[85,2447,16],[85,3453,102],[85,3453,99],[85,3777,121],[85,3777,244],[86,967,396],[86,2070,289],[86,2994,114],[86,3408,72],[86,3569,92],[86,3569,22],[87,551,196],[87,551,385],[87,551,194],[87,1013,143],[87,2315,125],[87,2315,383],[87,2491,14],[88,290,461],[88,301,358],[88,2000,481],[88,2455,181],[89,186,322],[89,186,347],[89,302,270],[89,459,344],[89,1474,349],[89,1474,498],[90,155,217],[90,3032,126],[90,3664,427],[91,1308,211],[91,2383,352],[91,2612,140],[91,3831,27],[91,3831,312],[91,3961,141],[92,1740,396],[92,3247,171],[93,554,375],[93,677,460],[93,677,412],[93,677,386],[93,1591,136],[93,2481,201],[93,2592,477],[93,2592,115],[93,2592,382],[94,495,398],[94,1134,174],[94,1471,398],[94,1685,304],[94,2650,419],[95,20,86],[95,1133,324],[95,2058,144],[95,2151,449],[95,3598,467],[95,3598,123],[96,227,281],[96,2235,273],[96,2240,97],[96,2361,425],[96,2504,204],[96,2905,79],[96,2905,470],[96,3281,89],[97,419,474],[97,910,445],[97,1368,71],[97,1368,319],[97,1368,242],[97,2807,87],[97,3506,113],[97,3506,439],[98,12,466],[98,890,330],[98,1816,353],[98,2257,329],[98,2257,107],[98,2523,279],[98,2523,427],[98,2523,445],[99,67,195],[99,67,276],[99,551,196],[99,551,385],[99,551,194],[99,1783,122],[100,616,123],[100,707,34],[100,707,486],[100,1883,308],[100,2303,471],[100,3058,231],[100,3889,335],[100,3889,213],[101,621,297],[101,621,357],[101,621,386],[101,1101,483],[101,1334,138],[101,2115,341],[101,2115,44],[101,2315,125],[101,2315,383],[101,2522,422],[101,3713,278],[102,551,196],[102,551,385],[102,551,194],[102,1045,52],[102,1085,132],[102,1085,438],[102,1306,183],[103,966,87],[103,1115,193],[103,2181,392],[103,3512,143],[103,3683,358],[103,3683,368],[103,3683,240],[103,3711,298],[103,3711,292],[103,3963,152],[103,3963,379],[104,1599,1],[104,2442,106],[104,2524,197],[104,2524,277],[104,2524,398],[104,2908,106],[104,3207,445],[104,3733,384],[104,3733,329],[104,3733,394],[105,1213,471],[105,1960,382],[105,2049,210],[105,2049,99],[105,2134,2],[105,2915,58],[105,2915,472],[105,3216,49],[106,146,283],[106,146,399],[106,2791,333],[106,3976,448],[106,3976,108],[107,2077,238],[107,2077,296],[107,2390,69],[107,2390,426],[107,3181,246],[107,3181,350],[108,204,160],[108,500,318],[108,1181,120],[108,3402,109],[109,1099,50],[109,1099,150],[109,1670,224],[109,1771,72],[109,1771,259],[109,2856,308],[109,3951,130],[110,1484,162],[110,1484,292],[110,2622,420],[110,2623,214],[110,3159,197],[110,3159,42],[110,3159,364],[110,3778,137],[110,3950,283],[111,55,255],[111,267,191],[111,1930,199],[111,2482,173],[111,2515,479],[111,2909,438],[112,1073,134],[112,1073,408],[112,1582,457],[112,2195,483],[112,2580,185],[112,2880,321],[112,3913,347],[112,3913,409],[112,3913,128],[112,3994,133],[113,625,210],[113,625,418],[113,769,441],[113,1489,57],[113,2418,238],[113,3595,214],[114,931,401],[114,1046,128],[114,1121,47],[114,1121,230],[114,1121,128],[114,1588,62],[114,1588,294],[114,1588,307],[114,3206,99],[115,779,412],[115,1105,413],[115,1105,489],[115,1105,129],[115,3280,245],[116,403,118],[116,723,469],[116,983,328],[116,983,187],[116,983,446],[116,2369,135],[116,2496,124],[116,3946,88],[116,3946,360],[117,780,130],[117,780,492],[117,789,176],[117,826,381],[117,1222,454],[117,1222,51],[117,1222,384],[117,2467,51],[117,2467,176],[117,3790,271],[117,3854,357],[118,222,293],[118,222,373],[118,222,425],[118,887,249],[118,2066,149],[118,2066,434],[118,2568,233],[118,2568,230],[118,2568,293],[119,444,369],[119,1450,486],[119,2219,326],[119,2219,234],[119,2464,472],[120,24,483],[120,383,295],[120,493,380],[120,493,325],[120,493,140],[120,2441,346],[121,2943,200],[121,3484,472],[121,3484,154],[121,3649,33],[121,3990,147],[122,1397,180],[122,2936,107],[122,3235,158],[122,3711,298],[122,3711,292],[123,173,480],[123,621,297],[123,621,357],[123,621,386],[123,2865,138],[124,163,153],[124,599,470],[124,1011,62],[124,1188,349],[124,1188,220],[124,1242,312],[124,1242,358],[125,1000,476],[125,1078,207],[125,1248,242],[125,1248,324],[125,1291,242],[125,1291,402],[125,3673,239],[126,690,205],[126,1081,451],[126,1081,173],[126,2924,427],[126,3041,481],[126,3041,213],[126,3271,150],[126,3271,452],[127,254,141],[127,254,355],[127,264,92],[127,264,447],[127,912,132],[127,3215,164],[127,3215,253],[127,3225,61],[127,3946,88],[127,3946,360],[128,256,281],[128,3155,266],[129,179,302],[129,340,13],[129,340,332],[129,340,172],[129,1405,132],[129,1405,261],[129,1978,197],[129,3993,423],[130,319,390],[130,727,346],[130,3135,159],[130,3366,247],[130,3366,238],[130,3366,445],[130,3925,409],[131,583,231],[131,638,434],[131,638,127],[131,1357,283],[131,2532,7],[131,3088,329],[131,3731,430],[131,3731,417],[132,1016,183],[132,1016,421],[132,2146,365],[132,2818,11],[132,2878,354],[132,2878,389],[132,3753,302],[133,72,407],[133,1381,167],[133,1381,350],[133,1989,299],[133,2585,336],[133,3509,301],[134,654,342],[134,2123,149],[134,3288,432],[134,3410,279],[135,686,245],[135,1931,252],[135,1931,305],[135,1931,332],[135,3630,434],[135,3651,482],[135,3846,92],[135,3846,265],[136,412,231],[136,1272,489],[136,1503,173],[136,1784,268],[136,2223,201],[136,3814,265],[136,3814,466],[137,480,311],[137,480,300],[137,514,150],[137,1570,369],[137,1570,296],[137,3635,484],[138,1626,251],[138,1986,233],[138,1986,399],[138,3124,440],[138,3179,273],[138,3688,232],[138,3688,433],[139,603,291],[139,714,289],[139,1216,128],[139,3213,496],[139,3213,361],[140,454,169],[140,454,439],[140,1821,372],[141,757,319],[141,1826,424],[141,2671,232],[141,2671,15],[141,3375,328],[141,3375,207],[141,3983,317],[142,455,203],[142,882,242],[142,1014,109],[142,1058,119],[142,1058,299],[142,3303,430],[142,3761,473],[142,3873,191],[142,3873,483],[143,538,74],[143,1793,81],[143,1793,450],[143,2669,154],[144,352,41],[144,352,165],[144,2068,437],[144,2380,294],[144,2556,188],[145,499,229],[145,499,420],[145,689,60],[145,689,276],[145,2170,169],[145,2170,467],[145,2170,296],[145,3398,436],[145,3398,362],[146,998,438],[146,1242,312],[146,1242,358],[146,2813,177],[146,3923,34],[146,3923,186],[147,2520,205],[147,2520,405],[147,3544,242],[147,3585,320],[147,3585,338],[147,3679,174],[148,506,93],[148,506,159],[148,843,314],[148,843,441],[148,2060,175],[148,2200,78],[148,3191,363],[148,3372,221],[148,3498,330],[148,3963,152],[148,3963,379],[149,471,167],[149,1325,168],[149,1325,496],[149,1325,438],[149,2742,182],[150,259,83],[150,259,238],[150,259,356],[150,684,202],[150,1293,182],[150,2306,143],[151,809,334],[151,1043,202],[151,1043,248],[151,1281,190],[151,1576,448],[151,1576,213],[151,1576,93],[151,1597,249],[151,1597,68],[151,1597,37],[151,1597,356],[151,1705,75],[151,1705,357],[151,2626,155],[152,841,36],[152,841,68],[152,841,107],[152,1087,490],[152,1087,153],[152,1484,162],[152,1484,292],[152,2561,376],[152,3415,442],[152,3415,248],[153,652,204],[153,652,349],[153,1060,111],[153,3821,375],[153,3821,498],[154,610,9],[154,1581,384],[154,2365,24],[154,2365,444],[154,3337,67],[154,3337,118],[155,985,254],[155,2883,466],[155,2883,490],[155,2893,361],[155,3254,343],[155,3866,346],[156,483,220],[156,971,474],[156,1354,144],[156,2439,280],[156,2881,431],[157,110,189],[157,1008,180],[157,1425,265],[157,3314,288],[157,3321,315],[158,99,307],[158,784,477],[158,1271,276],[158,2206,466],[158,2206,124],[158,3992,277],[159,1264,64],[159,1264,175],[159,1606,410],[159,2710,227],[160,962,488],[160,981,285],[160,981,307],[160,1205,319],[160,2031,82],[160,2888,345],[161,1618,209],[161,3444,262],[161,3732,172],[162,1221,248],[162,1285,59],[162,1285,89],[162,2103,256],[162,2348,129],[162,2402,431],[162,2402,500],[162,2402,304],[162,2402,355],[162,2889,332],[163,252,79],[163,252,214],[163,254,141],[163,254,355],[163,1608,474],[163,1680,369],[163,2126,492],[163,2542,387],[163,3484,472],[163,3484,154],[163,3536,170],[164,342,67],[164,342,426],[164,342,225],[164,380,29],[164,682,287],[164,2143,10],[164,2143,229],[164,2143,291],[164,2204,169],[164,2204,247],[164,2956,239],[164,3665,105],[165,286,392],[165,901,226],[165,901,343],[165,1884,465],[165,1884,224],[165,2541,270],[166,1378,436],[166,1378,341],[166,1636,360],[166,1636,294],[166,1848,311],[166,1848,31],[166,1848,276],[166,2177,421],[166,3019,196],[167,334,386],[167,1972,420],[167,2360,258],[167,2659,247],[167,2659,480],[167,2958,169],[167,3346,280],[168,866,218],[168,1935,205],[168,2077,238],[168,2077,296],[168,3241,241],[169,2233,464],[169,2523,279],[169,2523,427],[169,2523,445],[170,883,216],[170,1064,279],[170,1590,9],[170,1590,475],[170,2729,191],[170,3949,373],[171,340,13],[171,340,332],[171,340,172],[171,852,102],[171,852,288],[171,1403,259],[171,1403,137],[171,2598,197],[171,2598,390],[171,3073,432],[171,3565,226],[171,3565,351],[171,3565,366],[172,252,79],[172,252,214],[172,1239,191],[172,1239,334],[172,1590,9],[172,1590,475],[172,1661,353],[173,253,262],[173,983,328],[173,983,187],[173,983,446],[173,2051,347],[173,2651,48],[173,2651,307],[173,3937,476],[174,152,394],[174,1017,301],[174,1189,222],[174,1189,23],[174,1189,489],[174,1789,203],[174,1931,252],[174,1931,305],[174,1931,332],[175,186,322],[175,186,347],[175,1196,294],[175,1780,243],[175,3517,296],[176,131,88],[176,507,194],[176,1087,490],[176,1087,153],[176,2698,221],[177,1962,461],[177,2568,233],[177,2568,230],[177,2568,293],[177,2606,417],[177,3569,92],[177,3569,22],[178,1906,478],[178,2314,390],[178,2400,424],[178,2400,375],[178,2400,38],[178,2508,495],[178,3149,431],[178,3411,393],[178,3700,259],[179,1042,184],[179,1162,434],[179,1458,314],[179,1928,170],[179,2351,203],[179,3250,214],[179,3250,120],[179,3804,63],[179,3804,235],[180,622,449],[180,622,157],[180,787,181],[180,787,127],[180,1998,460],[180,1998,474],[180,3144,131],[180,3535,262],[181,1678,473],[181,1878,260],[181,2030,207],[181,2554,191],[182,894,333],[182,1423,49],[182,1423,397],[182,1576,448],[182,1576,213],[182,1576,93],[182,1583,240],[182,1583,253],[182,2524,197],[182,2524,277],[182,2524,398],[183,1796,346],[183,1937,150],[183,2163,198],[183,2587,448],[183,2587,419],[183,3543,136],[183,3543,357],[184,940,191],[184,2290,343],[184,2290,301],[184,2995,484],[184,3010,475],[184,3010,386],[184,3268,475],[185,741,296],[185,741,445],[185,1524,455],[185,1703,168],[185,2368,418],[185,3546,383],[186,121,284],[186,259,83],[186,259,238],[186,259,356],[186,2737,188],[186,2786,90],[186,3289,379],[187,205,333],[187,205,499],[187,738,283],[187,738,475],[187,738,272],[187,1233,198],[187,1233,202],[187,2155,391],[187,2636,498],[187,3755,466],[187,3755,326],[188,1239,191],[188,1239,334],[188,1627,94],[188,3582,376],[188,3984,423],[188,3984,460],[188,3984,41],[189,837,253],[189,1299,496],[189,1299,323],[189,1299,370],[189,1383,382],[189,2755,423],[189,2755,469],[189,2755,490],[189,2755,27],[190,1659,329],[190,2402,431],[190,2402,500],[190,2402,304],[190,2402,355],[190,2625,34],[190,2842,427],[190,2842,210],[190,3327,464],[192,493,380],[192,493,325],[192,493,140],[192,1151,221],[192,1447,133],[192,2110,169],[192,3799,277],[192,3799,191],[193,688,428],[193,3446,432],[193,3810,147],[193,3810,481],[193,3846,92],[193,3846,265],[193,3900,181],[193,3900,249],[194,175,261],[194,1028,382],[194,1028,238],[194,1028,263],[194,1028,487],[194,1332,287],[194,1332,310],[194,3183,267],[194,3183,435],[194,3437,199],[195,1275,203],[195,1393,416],[195,1884,465],[195,1884,224],[195,3049,134],[195,3049,230],[195,3104,460],[195,4000,430],[196,611,365],[196,889,255],[196,1224,364],[196,2719,414],[196,2719,282],[197,395,78],[197,395,139],[197,3774,73],[198,5,254],[198,742,314],[198,1914,281],[198,2435,457],[198,3984,423],[198,3984,460],[198,3984,41],[199,638,434],[199,638,127],[199,1931,252],[199,1931,305],[199,1931,332],[199,2876,355],[199,2876,118],[199,3518,499],[200,454,169],[200,454,439],[200,590,182],[200,1002,372],[200,1258,318],[200,1258,333],[200,2642,285],[200,3265,488],[201,621,297],[201,621,357],[201,621,386],[201,868,456],[201,868,468],[201,1257,231],[201,1842,219],[201,1842,228],[202,1085,132],[202,1085,438],[202,1198,377],[202,2854,412],[202,3967,432],[202,3967,35],[203,488,155],[203,3471,266],[203,3612,325],[204,904,16],[204,2471,252],[204,3375,328],[204,3375,207],[204,3833,429],[205,3072,329],[205,3342,113],[205,3342,218],[206,1368,71],[206,1368,319],[206,1368,242],[206,2668,409],[206,2955,374],[206,3049,134],[206,3049,230],[206,3970,447],[207,365,491],[207,468,472],[207,630,35],[207,926,291],[208,33,307],[208,545,332],[208,772,386],[208,1375,313],[208,2276,489],[208,2510,220],[208,2755,423],[208,2755,469],[208,2755,490],[208,2755,27],[208,3368,149],[208,3368,215],[209,1974,121],[209,1993,108],[209,1993,380],[209,3573,373],[209,3684,359],[209,3684,96],[210,1039,480],[210,2063,337],[210,2063,222],[210,2784,376],[210,2869,378],[211,134,241],[211,819,426],[211,1201,80],[211,1201,358],[211,1824,156],[211,2751,114],[211,2751,326],[211,3740,249],[211,3740,339],[211,3740,392],[212,26,124],[212,26,357],[212,1483,423],[212,1483,4],[212,2381,448],[212,3585,320],[212,3585,338],[212,3704,29],[213,596,253],[213,1298,252],[213,1625,174],[213,2204,169],[213,2204,247],[213,3545,415],[214,2400,424],[214,2400,375],[214,2400,38],[215,591,365],[215,1492,306],[216,2281,312],[216,2567,223],[216,2598,197],[216,2598,390],[216,2928,202],[217,342,67],[217,342,426],[217,342,225],[217,642,147],[217,642,299],[217,755,19],[217,988,243],[217,1787,119],[217,2015,37],[217,3723,205],[218,462,90],[218,646,153],[218,646,462],[218,709,493],[218,709,420],[218,1273,122],[218,1273,282],[218,1969,24],[219,146,283],[219,146,399],[219,340,13],[219,340,332],[219,340,172],[219,2095,377],[219,3584,500],[220,533,417],[220,533,498],[220,605,107],[220,605,347],[220,1343,276],[220,1595,319],[221,550,429],[221,844,465],[221,2452,320],[221,2850,387],[221,3972,322],[222,715,199],[222,2466,274],[222,2466,454],[222,2545,354],[222,2781,469],[223,592,414],[223,592,471],[223,2061,310],[223,2061,372],[223,3483,63],[223,3483,153],[223,3483,450],[224,774,304],[224,1127,22],[224,1127,480],[224,1468,368],[224,1468,490],[224,1479,170],[224,3475,443],[225,96,265],[225,350,463],[225,350,498],[225,2143,10],[225,2143,229],[225,2143,291],[225,2690,415],[225,3366,247],[225,3366,238],[225,3366,445],[226,1056,402],[226,2393,133],[226,2393,165],[226,2802,412],[226,2846,305],[227,336,354],[227,1141,296],[227,1710,387],[227,1888,442],[227,3307,383],[227,3819,349],[228,127,272],[228,368,353],[228,368,307],[228,493,380],[228,493,325],[228,493,140],[228,1173,432],[228,2246,451],[228,3209,68],[228,3209,236],[229,1532,298],[229,2073,479],[229,2073,234],[230,905,387],[230,905,260],[230,1716,212],[230,3027,237],[230,3272,145],[230,3666,245],[231,222,293],[231,222,373],[231,222,425],[231,813,389],[232,381,280],[232,381,319],[232,1596,309],[232,1596,256],[232,2915,58],[232,2915,472],[233,2538,430],[233,2744,461],[233,2744,485],[233,2962,99],[233,2962,109],[233,3775,7],[234,233,324],[234,710,219],[234,2329,260],[234,2329,270],[234,2329,324],[235,905,387],[235,905,260],[235,1258,318],[235,1258,333],[235,2524,197],[235,2524,277],[235,2524,398],[235,2828,191],[236,351,363],[236,863,90],[236,958,198],[236,2450,250],[236,2450,327],[237,234,225],[237,1105,413],[237,1105,489],[237,1105,129],[237,1619,244],[238,2426,231],[238,2728,263],[238,3279,373],[238,3279,391],[238,3279,456],[239,2147,348],[239,3051,345],[239,3404,273],[239,3563,406],[240,1391,425],[240,1391,482],[240,2158,42],[240,2222,129],[240,2766,357],[240,2766,388],[240,3333,245],[241,499,229],[241,499,420],[241,1081,451],[241,1081,173],[241,2579,361],[241,2707,367],[241,3195,149],[241,3195,420],[241,3195,437],[242,3010,475],[242,3010,386],[243,436,154],[243,481,262],[243,911,327],[243,911,283],[243,911,85],[243,2409,74],[243,3145,436],[244,1832,260],[244,2414,171],[244,2414,282],[244,3122,278],[244,3634,463],[245,1668,282],[245,2700,161],[245,2700,86],[245,3860,306],[245,3860,156],[246,100,413],[246,1069,404],[246,1069,142],[246,1282,259],[246,1282,321],[246,3146,317],[246,3146,491],[247,264,92],[247,264,447],[247,569,31],[247,1636,360],[247,1636,294],[247,3832,234],[248,2210,395],[248,2210,29],[248,2600,280],[249,993,20],[249,1642,196],[249,1729,422],[249,1729,146],[249,1729,385],[250,1290,379],[250,1290,486],[250,1365,419],[250,1921,145],[250,2797,409],[250,2797,19],[251,37,51],[251,37,310],[251,639,265],[251,2322,131],[251,2985,489],[251,3650,392],[251,3860,306],[251,3860,156],[251,3908,402],[252,647,11],[252,1366,222],[252,2353,311],[252,3282,473],[253,359,97],[253,359,342],[253,1091,416],[254,860,278],[254,917,453],[254,917,316],[254,2061,310],[254,2061,372],[254,2844,301],[254,3448,388],[255,378,126],[255,378,256],[255,1025,119],[255,2290,343],[255,2290,301],[255,2894,488],[255,2894,65],[256,972,194],[256,1676,317],[257,1074,364],[257,2071,343],[257,2215,269],[257,2946,317],[257,2946,405],[257,2946,270],[257,3873,191],[257,3873,483],[258,880,353],[258,1404,269],[258,2080,331],[258,2087,360],[258,3198,461],[258,3202,308],[259,1508,297],[259,3986,474],[260,305,305],[260,759,459],[261,79,334],[261,79,373],[261,839,331],[261,2533,57],[261,3143,378],[261,3260,32],[261,3260,325],[261,3260,123],[262,861,32],[262,1292,90],[262,1292,108],[262,1646,381],[262,1646,389],[262,2339,92],[263,978,209],[263,978,354],[263,1370,177],[263,1370,276],[263,1537,63],[263,1537,497],[263,1934,445],[263,2392,284],[264,849,346],[264,1541,159],[264,1915,344],[264,1915,400],[264,2329,260],[264,2329,270],[264,2329,324],[264,3557,330],[265,91,331],[265,917,453],[265,917,316],[265,2217,106],[265,2217,206],[266,1249,224],[266,2023,487],[266,2023,250],[266,3200,197],[266,3200,323],[266,3496,407],[267,1016,183],[267,1016,421],[267,1263,473],[267,1263,402],[267,1602,413],[267,3413,461],[267,3415,442],[267,3415,248],[267,3552,32],[267,3552,465],[267,3593,283],[268,2483,328],[268,2662,327],[268,2741,377],[268,3253,204],[268,3253,418],[268,3576,161],[268,3576,413],[268,3644,76],[269,1294,332],[269,1338,491],[269,1714,473],[269,3759,363],[270,606,440],[270,1577,344],[271,333,321],[271,601,464],[271,601,446],[271,1227,351],[271,2042,122],[271,2042,301],[271,3923,34],[271,3923,186],[272,526,380],[272,702,338],[272,1802,291],[272,1802,422],[272,1815,328],[272,1841,13],[272,1841,403],[272,3134,342],[273,41,308],[273,117,412],[273,595,456],[273,1097,341],[273,1097,215],[273,2572,249],[273,2572,443],[274,125,476],[274,691,307],[274,2485,374],[274,3035,447],[274,3447,400],[274,3537,480],[274,3537,485],[274,3919,303],[275,75,244],[275,2397,344],[275,2397,383],[275,2509,161],[275,2864,352],[275,3412,440],[275,3430,189],[275,3599,474],[277,747,372],[277,747,326],[277,1274,323],[277,1274,380],[277,2877,159],[277,3888,355],[277,3888,162],[278,410,14],[278,2033,138],[278,2033,446],[278,2991,458],[278,3655,459],[278,3655,263],[278,3724,113],[279,3876,298],[279,3912,175],[280,1043,202],[280,1043,248],[280,3654,91],[281,90,26],[281,1596,309],[281,1596,256],[281,1913,111],[282,150,459],[282,2362,306],[282,3220,312],[283,1034,227],[283,3523,30],[283,3523,151],[284,1603,380],[284,2604,442],[284,3391,91],[284,3543,136],[284,3543,357],[284,3809,71],[285,84,428],[285,954,430],[285,1537,63],[285,1537,497],[285,2111,188],[285,3476,439],[285,3746,319],[286,838,406],[286,2170,169],[286,2170,467],[286,2170,296],[286,2390,69],[286,2390,426],[286,2410,309],[286,2838,107],[286,2838,24],[286,2946,317],[286,2946,405],[286,2946,270],[286,3043,226],[287,750,307],[287,980,135],[287,1723,376],[287,3389,393],[287,3655,459],[287,3655,263],[288,825,452],[288,925,301],[288,925,443],[288,925,295],[288,1444,60],[288,1819,358],[289,384,474],[289,773,290],[289,773,414],[289,1573,315],[289,1573,314],[289,2073,479],[289,2073,234],[289,2726,485],[290,1105,413],[290,1105,489],[290,1105,129],[290,1897,139],[290,1897,295],[290,2038,303],[290,2199,366],[290,2199,237],[290,3139,413],[290,3316,446],[291,620,391],[291,2595,339],[291,2922,380],[291,3825,426],[291,3825,12],[292,144,482],[292,2286,482],[292,2286,348],[292,3167,378],[292,3379,395],[293,1645,22],[293,2219,326],[293,2219,234],[293,2402,431],[293,2402,500],[293,2402,304],[293,2402,355],[293,3160,100],[293,3798,326],[293,3960,39],[294,361,439],[294,677,460],[294,677,412],[294,677,386],[294,2284,478],[294,2787,339],[295,332,485],[295,517,53],[295,672,397],[295,1215,366],[295,1215,147],[295,3533,399],[295,3533,229],[296,2766,357],[296,2766,388],[296,3014,321],[297,1092,339],[297,1237,424],[297,1959,340],[297,2286,482],[297,2286,348],[298,773,290],[298,773,414],[298,787,181],[298,787,127],[298,2427,390],[299,868,456],[299,868,468],[299,1468,368],[299,1468,490],[299,3204,300],[299,3772,81],[299,3772,225],[300,357,288],[300,873,1],[300,983,328],[300,983,187],[300,983,446],[300,1689,166],[300,2876,355],[300,2876,118],[301,786,277],[302,397,362],[302,397,367],[302,829,361],[303,646,153],[303,646,462],[303,901,226],[303,901,343],[303,1753,216],[303,1753,248],[303,2154,345],[303,3565,226],[303,3565,351],[303,3565,366],[304,1241,433],[304,1325,168],[304,1325,496],[304,1325,438],[304,2523,279],[304,2523,427],[304,2523,445],[304,3586,176],[304,3652,382],[305,588,27],[305,2218,14],[305,2218,19],[305,3132,210],[305,3421,157],[306,1331,435],[306,2041,140],[306,3683,358],[306,3683,368],[306,3683,240],[306,3975,435],[308,477,312],[308,548,418],[308,3252,81],[308,3252,342],[309,1093,40],[309,2206,466],[309,2206,124],[309,2755,423],[309,2755,469],[309,2755,490],[309,2755,27],[309,3189,428],[309,3371,204],[310,812,458],[310,924,498],[310,2714,236],[310,3423,411],[311,567,70],[311,747,372],[311,747,326],[311,994,353],[311,3004,352],[311,3042,496],[312,1021,30],[312,1021,365],[312,1021,44],[312,1378,436],[312,1378,341],[312,2657,334],[313,677,460],[313,677,412],[313,677,386],[313,2356,325],[313,2851,347],[313,3140,364],[313,3731,430],[313,3731,417],[314,605,107],[314,605,347],[314,885,419],[314,1073,134],[314,1073,408],[314,2007,455],[315,397,362],[315,397,367],[315,1021,30],[315,1021,365],[315,1021,44],[315,1247,343],[315,1744,497],[315,2165,447],[315,2170,169],[315,2170,467],[315,2170,296],[316,308,364],[316,308,452],[316,660,105],[316,1098,391],[316,1998,460],[316,1998,474],[316,2397,344],[316,2397,383],[316,3277,492],[317,1986,233],[317,1986,399],[317,2474,271],[317,2474,302],[317,3332,393],[318,738,283],[318,738,475],[318,738,272],[318,977,338],[318,3283,143],[318,3565,226],[318,3565,351],[318,3565,366],[319,2529,235],[319,2814,364],[320,391,117],[320,391,389],[320,435,48],[320,435,154],[320,3445,400],[320,3479,423],[320,3608,160],[320,3608,318],[321,2436,203],[321,3943,428],[322,434,325],[322,1381,167],[322,1381,350],[322,1487,190],[322,2190,384],[322,2190,437],[322,2503,351],[323,2574,26],[323,2717,472],[323,2951,158],[324,573,185],[324,3889,335],[324,3889,213],[325,1873,264],[325,3836,346],[326,26,124],[326,26,357],[327,440,444],[327,1369,403],[327,1512,422],[327,1512,146],[327,2069,337],[328,642,147],[328,642,299],[328,2450,250],[328,2450,327],[328,3740,249],[328,3740,339],[328,3740,392],[329,2393,133],[329,2393,165],[330,413,450],[330,1251,350],[330,1340,472],[330,2078,484],[330,3041,481],[330,3041,213],[331,791,490],[331,862,248],[331,862,99],[331,862,140],[331,1076,482],[332,2243,478],[333,644,78],[333,2035,226],[334,539,465],[334,539,446],[334,539,462],[334,1184,347],[334,1544,38],[334,3478,144],[334,3478,120],[335,114,470],[335,780,130],[335,780,492],[335,1405,132],[335,1405,261],[335,2191,488],[336,411,345],[336,1528,371],[336,1698,376],[336,1731,479],[336,1732,119],[337,241,388],[337,1291,242],[337,1291,402],[337,1965,357],[337,1965,55],[337,2132,471],[337,3814,265],[337,3814,466],[338,1427,177],[338,1427,408],[338,1973,348],[338,2884,369],[338,3103,366],[338,3237,368],[338,3237,387],[339,489,429],[339,489,435],[339,703,439],[339,843,314],[339,843,441],[339,1965,357],[339,1965,55],[340,1332,287],[340,1332,310],[340,1855,214],[340,1874,365],[340,2376,209],[340,2838,107],[340,2838,24],[340,3159,197],[340,3159,42],[340,3159,364],[340,3181,246],[340,3181,350],[341,1026,386],[341,1838,473],[341,3981,353],[342,1150,465],[342,1446,422],[342,1483,423],[342,1483,4],[342,2066,149],[342,2066,434],[343,2345,316],[343,3172,390],[343,3172,460],[343,3172,206],[343,3576,161],[343,3576,413],[344,1867,352],[344,1867,425],[344,2722,440],[344,2831,418],[344,2831,385],[344,3002,447],[345,370,322],[345,370,356],[345,1565,479],[345,3598,467],[345,3598,123],[345,3907,467],[346,2779,192],[347,1309,327],[348,724,54],[348,1079,382],[348,1382,104],[348,1573,315],[348,1573,314],[348,2265,193],[349,782,165],[349,2746,492],[349,3328,454],[350,57,408],[350,1126,407],[350,1666,46],[350,1706,455],[350,1706,28],[350,3214,229],[351,277,416],[351,1055,394],[351,1055,398],[351,1871,369],[351,2365,24],[351,2365,444],[351,3105,408],[352,19,185],[352,19,457],[352,458,44],[352,1527,388],[352,1527,385],[353,3024,95],[354,346,484],[354,3398,436],[354,3398,362],[355,367,85],[355,811,462],[355,1763,383],[356,609,166],[356,1190,459],[356,2403,404],[356,2619,233],[356,2759,381],[357,272,433],[358,40,40],[358,40,205],[358,40,492],[359,78,335],[359,833,442],[359,1511,382],[359,1867,352],[359,1867,425],[359,1900,396],[359,3743,422],[360,1793,81],[360,1793,450],[360,1999,8],[360,1999,231],[360,3409,403],[361,2778,240],[361,2870,233],[361,2875,271],[361,3589,205],[362,1234,385],[362,1993,108],[362,1993,380],[362,2501,125],[362,2601,404],[362,2601,449],[362,3958,472],[363,210,140],[363,2797,409],[363,2797,19],[363,3195,149],[363,3195,420],[363,3195,437],[364,864,244],[364,3146,317],[364,3146,491],[365,2744,461],[365,2744,485],[365,3267,245],[366,1426,429],[366,2575,33],[366,3352,212],[367,1109,384],[367,1999,8],[367,1999,231],[367,3172,390],[367,3172,460],[367,3172,206],[367,3244,64],[367,3386,424],[368,306,495],[368,3111,479],[368,3426,399],[369,3271,150],[369,3271,452],[369,3301,300],[370,352,41],[370,352,165],[370,862,248],[370,862,99],[370,862,140],[370,1646,381],[370,1646,389],[370,1915,344],[370,1915,400],[370,2016,417],[371,1846,477],[371,3253,204],[371,3253,418],[371,3360,473],[371,3597,421],[371,3733,384],[371,3733,329],[371,3733,394],[371,3903,429],[372,1597,249],[372,1597,68],[372,1597,37],[372,1597,356],[372,2044,128],[372,3870,487],[373,3788,223],[374,1121,47],[374,1121,230],[374,1121,128],[374,1542,207],[374,2394,172],[375,1038,395],[375,1038,326],[375,1570,369],[375,1570,296],[375,2304,388],[375,3125,488],[375,3125,377],[376,741,296],[376,741,445],[376,1336,466],[376,3670,402],[377,370,322],[377,370,356],[377,2399,388],[377,2918,463],[378,726,433],[378,1189,222],[378,1189,23],[378,1189,489],[378,2930,320],[379,533,417],[379,533,498],[379,746,108],[379,1119,394],[380,950,333],[380,2277,211],[381,622,449],[381,622,157],[381,1704,429],[381,3548,396],[382,2325,482],[383,70,397],[383,1229,486],[384,1003,176],[384,1531,449],[385,625,210],[385,625,418],[385,1075,367],[385,3564,455],[386,431,239],[387,2516,469],[388,181,425],[388,2883,466],[388,2883,490],[389,37,51],[389,37,310],[389,2587,448],[389,2587,419],[389,3177,317],[389,3177,48],[390,194,427],[390,3780,436],[390,3780,490],[391,3478,144],[391,3478,120],[391,3976,448],[391,3976,108],[392,2263,468],[392,2408,10],[393,1519,184],[393,1681,411],[393,2107,411],[393,2120,67],[393,2962,99],[393,2962,109],[394,47,438],[394,1282,259],[394,1282,321],[394,1781,269],[395,744,471],[396,511,497],[396,2601,404],[396,2601,449],[396,2894,488],[396,2894,65],[397,1813,420],[397,1844,489],[397,3195,149],[397,3195,420],[397,3195,437],[398,203,116],[398,203,190],[398,878,407],[398,878,35],[399,666,40],[399,666,386],[399,738,283],[399,738,475],[399,738,272],[399,3131,324],[399,3131,412],[400,766,423],[400,1777,95],[400,2467,51],[400,2467,176],[400,3188,332],[401,506,93],[401,506,159],[401,2635,476],[401,2702,408],[401,2835,499],[401,3038,352],[401,3378,418],[401,3857,405],[401,3857,488],[402,2466,274],[402,2466,454],[403,643,422],[403,643,446],[403,776,468],[403,1391,425],[403,1391,482],[403,2498,458],[404,562,128],[404,1527,388],[404,1527,385],[404,1534,477],[404,3274,223],[404,3274,421],[405,202,165],[405,359,97],[405,359,342],[405,1199,492],[405,2006,452],[405,3495,407],[405,3495,473],[406,355,499],[406,938,424],[406,1664,483],[406,2831,418],[406,2831,385],[406,3495,407],[406,3495,473],[407,1051,498],[407,2459,468],[407,2825,44],[407,2825,264],[408,1903,222],[408,2547,416],[409,1597,249],[409,1597,68],[409,1597,37],[409,1597,356],[410,342,67],[410,342,426],[410,342,225],[410,953,428],[410,2089,499],[410,2910,256],[410,3222,353],[410,3947,313],[411,190,379],[411,2597,424],[411,3436,477],[412,19,185],[412,19,457],[413,1364,306],[413,3244,64],[414,2338,483],[414,2842,427],[414,2842,210],[414,3859,478],[414,3917,496],[415,925,301],[415,925,443],[415,925,295],[415,2966,48],[415,3441,444],[415,3499,458],[415,3971,335],[416,108,443],[416,867,368],[416,3755,466],[416,3755,326],[417,1099,50],[417,1099,150],[417,2738,8],[417,3012,223],[417,3450,268],[418,308,364],[418,308,452],[419,637,189],[419,1299,496],[419,1299,323],[419,1299,370],[420,259,83],[420,259,238],[420,259,356],[420,1897,139],[420,1897,295],[421,661,137],[421,661,228],[421,1545,84],[421,1545,3],[421,1861,234],[421,3885,254],[422,3081,468],[423,3672,94],[424,2826,478],[425,2414,171],[425,2414,282],[425,2634,395],[426,1721,400],[426,1721,74],[426,3224,484],[426,3837,145],[426,3872,454],[427,1829,259],[427,3279,373],[427,3279,391],[427,3279,456],[428,3483,63],[428,3483,153],[428,3483,450],[429,1721,400],[429,1721,74],[430,3370,500],[431,964,491],[431,964,462],[431,1055,394],[431,1055,398],[431,1588,62],[431,1588,294],[431,1588,307],[431,3162,458],[431,3349,477],[432,865,403],[432,3988,161],[433,490,441],[433,1158,437],[433,3123,463],[434,539,465],[434,539,446],[434,539,462],[434,2149,2],[434,3803,432],[435,841,36],[435,841,68],[435,841,107],[435,2143,10],[435,2143,229],[435,2143,291],[435,3483,63],[435,3483,153],[435,3483,450],[436,1737,464],[436,3835,260],[437,542,394],[437,570,237],[437,570,461],[437,592,414],[437,592,471],[438,2144,229],[438,3337,67],[438,3337,118],[439,151,490],[440,918,397],[440,1463,453],[440,1579,257],[440,2278,453],[441,170,443],[441,2755,423],[441,2755,469],[441,2755,490],[441,2755,27],[441,3780,436],[441,3780,490],[442,740,266],[442,3552,32],[442,3552,465],[443,1418,98],[443,2098,321],[443,3967,432],[443,3967,35],[444,1228,123],[444,1361,250],[444,1907,52],[444,3501,318],[445,2671,232],[445,2671,15],[446,279,17],[447,3215,164],[447,3215,253],[448,2670,286],[448,3260,32],[448,3260,325],[448,3260,123],[448,3829,373],[448,3829,149],[449,1802,291],[449,1802,422],[449,3443,18],[450,350,463],[450,350,498],[450,1040,183],[450,1372,487],[451,1495,497],[451,1495,146],[451,2627,379],[451,3481,288],[452,40,40],[452,40,205],[452,40,492],[452,1233,198],[452,1233,202],[452,1325,168],[452,1325,496],[452,1325,438],[452,1660,470],[453,404,468],[453,1705,75],[453,1705,357],[453,2624,59],[453,2659,247],[453,2659,480],[453,2793,450],[454,2326,466],[454,3844,451],[455,2190,384],[455,2190,437],[455,3180,434],[455,3347,464],[455,3821,375],[455,3821,498],[456,398,489],[456,1431,471],[456,1505,465],[456,1799,80],[456,1799,465],[456,1925,461],[457,3677,66],[459,1485,201],[459,2675,43],[459,2675,437],[460,1028,382],[460,1028,238],[460,1028,263],[460,1028,487],[462,465,478],[462,1028,382],[462,1028,238],[462,1028,263],[462,1028,487],[462,2592,477],[462,2592,115],[462,2592,382],[463,524,374],[463,524,229],[463,2975,69],[463,2975,303],[463,3127,3],[464,2878,354],[464,2878,389],[467,964,491],[467,964,462],[467,1859,476],[467,3590,481],[467,3915,495],[469,2121,42],[469,2926,62],[469,3269,281],[470,428,487],[470,952,488],[470,2616,209],[471,205,333],[471,205,499],[471,3539,178],[472,1919,43],[474,1264,64],[474,1264,175],[475,1250,118],[475,1250,324],[475,2296,50],[476,2751,114],[476,2751,326],[476,3815,378],[477,2904,439],[479,2753,47],[479,3777,121],[479,3777,244],[479,3785,378],[480,546,155],[480,1215,366],[480,1215,147],[481,2432,326],[481,2569,234],[483,2023,487],[483,2023,250],[483,2892,235],[484,473,158],[484,3428,496],[484,3435,57],[485,1139,153],[485,2354,360],[485,2363,110],[485,3020,60],[486,372,68],[486,372,195],[486,1021,30],[486,1021,365],[486,1021,44],[486,1059,78],[486,2672,61],[487,3358,281],[487,3857,405],[487,3857,488],[491,1495,497],[491,1495,146],[491,1497,497],[491,3433,494],[492,69,212],[492,2808,436],[493,559,494],[493,721,387],[493,1188,349],[493,1188,220],[493,1550,7],[493,2445,408],[493,3507,354],[494,512,112],[494,1283,495],[494,2141,497],[494,2648,495],[494,2885,495],[495,3071,415],[496,709,493],[496,709,420],[497,3553,500],[499,406,215],[499,2795,411],[500,203,116],[500,203,190],[500,1725,374]];

jitters = [20000,20000,10000,100000,10000,1000,20000,10000,5000,20000,100000,20000,20000,10000,20000,20000,20000,10000,10000,100000,20000,2000,10000,50000,10000,20000,1000,20000,1000,5000,100000,20000,10000,20000,100000,20000,10000,20000,100000,100000,10000,10000,1000,20000,10000,10000,10000,1000,20000,20000,20000,10000,10000,10000,100000,100000,20000,100000,10000,10000,20000,20000,50000,100000,20000,100000,100000,20000,20000,100000,20000,100000,20000,100000,2000,20000,20000,10000,20000,100000,100000,50000,10000,10000,100000,20000,100000,20000,2000,20000,20000,20000,10000,100000,100000,10000,10000,100000,20000,10000,20000,100000,10000,10000,10000,10000,100000,10000,10000,10000,20000,100000,10000,100000,50000,10000,100000,10000,100000,20000,100000,20000,10000,100000,20000,20000,50000,100000,50000,100000,10000,50000,100000,10000,10000,10000,100000,10000,50000,20000,20000,20000,10000,10000,20000,10000,100000,100000,10000,20000,20000,10000,10000,10000,100000,20000,10000,20000,100000,20000,20000,10000,100000,20000,10000,20000,10000,10000,20000,20000,10000,10000,20000,100000,100000,100000,10000,20000,100000,20000,20000,10000,100000,100000,100000,10000,100000,10000,10000,20000,20000,100000,10000,10000,100000,20000,10000,100000,100000,50000,10000,10000,100000,10000,10000,5000,20000,20000,10000,10000,100000,50000,10000,10000,20000,20000,20000,1000,20000,20000,100000,100000,20000,10000,10000,10000,100000,10000,20000,1000,10000,20000,10000,100000,100000,10000,1000,10000,20000,10000,10000,20000,10000,1000,1000,20000,10000,10000,10000,100000,10000,10000,10000,100000,20000,20000,20000,10000,20000,1000,10000,20000,10000,100000,10000,100000,10000,10000,20000,2000,100000,10000,10000,20000,2000,20000,100000,1000,20000,10000,100000,1000,10000,10000,20000,100000,20000,100000,20000,20000,10000,10000,10000,10000,20000,100000,20000,20000,100000,100000,100000,50000,20000,10000,1000,1000,20000,10000,100000,100000,20000,20000,20000,100000,20000,100000,20000,100000,20000,50000,100000,100000,100000,100000,100000,100000,10000,10000,10000,100000,10000,20000,10000,20000,100000,20000,10000,100000,10000,20000,20000,10000,20000,2000,20000,100000,20000,20000,100000,100000,100000,2000,20000,100000,100000,20000,10000,100000,10000,10000,50000,100000,100000,20000,20000,20000,20000,20000,100000,50000,20000,20000,10000,5000,10000,10000,10000,10000,100000,10000,20000,10000,100000,20000,100000,20000,100000,10000,50000,20000,50000,10000,20000,100000,10000,20000,10000,100000,20000,50000,100000,10000,10000,20000,100000,20000,100000,100000,5000,100000,20000,10000,20000,20000,10000,100000,50000,100000,100000,10000,20000,10000,50000,20000,10000,100000,20000,100000,20000,20000,20000,10000,10000,10000,1000,20000,10000,10000,10000,2000,10000,10000,10000,10000,10000,100000,5000,50000,20000,100000,10000,100000,2000,100000,100000,10000,100000,20000,1000,100000,10000,20000,10000,20000,10000,100000,20000,10000,100000,100000,10000,100000,20000,20000,100000,20000,20000,20000,20000,10000,20000,10000,20000,100000,20000,100000,100000,100000,10000,10000,20000,100000,50000,20000,20000,10000,20000,100000,100000,20000];

