NumChains = 50;
NumResources = 3;
NumRunnablesInChains = 216;
MemoryBoundOnResource = 1048576;
UtilizationBoundOnResource = 100;

numberOfTasksinChain = [7,9,9,9,7,7,7,5,7,7,9,9,9,9,9,9,9,9,7,7,5,7,9,7,9,7,7,7,9,7,9,5,9,5,9,9,5,5,5,9,7,5,5,9,9,7,9,9,9,9];

runnablesInChains = [310,98,114,115,365,98,354,320,123,312,478,7,103,473,146,358,114,332,430,225,182,318,97,323,223,208,435,487,490,320,475,93,298,404,259,373,92,235,22,332,8,23,245,58,485,286,386,334,139,81,452,433,105,111,309,234,468,220,60,368,333,289,499,82,343,426,239,301,405,114,315,73,122,91,68,344,58,268,179,251,183,165,280,485,219,137,85,191,295,201,94,285,55,400,75,55,262,77,84,260,225,329,275,380,127,154,229,444,203,222,184,156,258,467,441,211,334,449,234,362,358,168,466,52,315,42,19,466,171,384,193,204,188,496,392,358,43,87,324,8,256,460,420,317,159,25,203,140,442,33,20,169,9,378,465,295,437,347,495,282,76,278,162,294,395,13,111,66,239,174,95,24,338,297,283,367,471,81,454,36,373,164,335,23,128,190,379,326,434,291,343,325,300,389,314,454,54,17,397,113,482,269,187,356,353,16,469,453,370,119,52,321,442,131,175,408];

ProcessingTimesOfMessages = [[1,1,1,1,1,1],[1,1,1,1,1,1,1,1,1,1,1],[1,1,1,1,1,1,1,1],[1,1,1,1,1,1,1,1,1,1],[1,1,1,1,1],[1,1,1,1,1,1,1,1],[1,1,1,1,1,1,1,1],[1,1,1,1,1,1],[1,1,1,1,1,1,1,1],[1,1,1,1,1,1],[1,1,1,1,1],[1,1,1,1,1,1,1,1,1,1,2],[1,1,1,1],[1,1,1,1,1,1,1,1,1,1,1],[1,1,1,1,1,1,1,1,1],[1,1,1,1,1],[1,1,1,1,1,1,1,1,1],[1,1,1,1,1,1,1,1,1],[1,1,1,1,1,1,1],[1,1,1,1,1],[1,1,1,1],[1,1,1,1,1,1,1,1,1,1],[1,1,1,1,1,1],[1,1,2,2,1,1],[1,1,1,1,1,1,1,1,1,1,1,1,1],[1,1,1,1,1,1],[1,1,1,1,1,1,1],[1,1,1,1,1,1,1],[1,1,1,1,1,1],[1,1,1,1,1,1,1,1,1,1],[1,1,1,1,1],[1,1,1,1,1,1,1,1,1],[1,1,1,1,1,1],[1,1,1],[1,1,1,1,1,1,1,1,1,1,1],[1,1,1,1],[1,1,1,1,1,1,1],[1,1,1,1,1],[1,1,1,1,1,1,1,1],[1,1,1,1,1,1,1,1,1],[1,1,1,1,1,1,1,1],[1,1,1],[1,1,1,1,1],[1,1,1,1],[1,1,1,1,1,1,1,1,1,1],[1,1,1,1,1,1,1,1],[1,1,1,1,1,1,1,1,1,1,1,1],[1,1,1,1,1,1,1,1,1,1],[1,1,1,1,1,1,1],[1,1,1,1,1,1,1,1,1,1],[1,1,1,1,1,1,2],[1,1,2,2,1,1,1,1,1],[1,1,1,1,1,1,1],[1,1,1,1,1,1,1,1,1,1,1,1,1,1],[1,1,1,1],[1,1,1],[1,1,1,1,1,1,1,1,1,1],[1,1,1,1,1,1,1,1],[1,1,1,1,1,1,1,1,1,1,1],[1,1,1,1,1,1,1,1],[1,1,1,1,1,1],[1,1,1,1,1,1,1,1,1],[1,1,1,1,1,1,1,1,1,1],[1,1,1,1,1,1,1,2],[1,1,1,1,1],[1,1,1,1,1],[1,1,1,1,1,1],[1,1,1],[1,1,1,1,1,1,1,1],[1,1,1,1,1,1],[1,1,1,1,1],[1,1,1,1,1,1,1,1,1],[1,1,1,1,1,1,1],[1,1,1,1,1,1,1,1,1,1,1,1,1],[1,1,1,1,1,1,1],[1,1,1,1,1,1,1,1],[1,1,1,1,1,1,1,1,1,1,1],[1,1,1,1,1,1,1,1,1,1],[1,1,1,1,1,1,1,1],[1,1,1,1,1,1,1],[1,1,1,1,1],[1,1,1,1],[1,1,1,1,1,1,1,1],[1,1,1,2],[1,1,1,1,1,1],[1,1],[1,1,1,1,1,1,1],[1,1,1,1,1,1,1,1,1,1,1,1],[1,1,1,1,1,1],[1,1,1,1,1,1],[1,1,1,1,1,1,1],[1,1,1,1,1,1,1,1,1],[1,1,1,1,1,1],[1,1,1,1],[1,1,1,1,1,1,1],[1,1,1,1,1,1,1],[1,1,1,1,1,1,1,1,1],[1,1,1,1,1,1,1,1],[1,1,1,1,1,1,1],[1,1,1,1,1,1,1,1,1],[1,1,1,1,1],[1,1,1,1,1,1],[1,1,1,1,1],[1,1,1,1],[1,1,1,1,1,1,1,1],[1,1,1,1],[1,1,1,1,1,1,1],[1,1,1,1,1,1,1,1],[1,1,1,1,1,1],[1,1,1,1,1,1],[1,1,1],[1,1,1,1],[1,1,1,1],[1,1,1,1,1,1,1],[1,1,1],[1,1,1,1,1],[1,1,1,1,1,1,1,1,1,1],[1,1,1,1,1,1,1],[1,2,1,1,1],[1,1,1,1,1,1,1,1],[1,1,1,1],[1,1,1,1,1],[1,1,1,1,1,1,1,1],[1,1,1,1,1,1,1,1,1],[1,1,1,1,1,1],[1,1,1,1,1,1,1,1,1,1],[1,1,1,1,1,1],[1,1,1,1,1],[1,2,1,1,1,1,1,1,1,1],[1,1,1,1,1,1,1,1,2,1,1,1],[1,1,1,1,1,1,1],[1,1,1,1,1,1,1,1,1],[1,1,1,1,1,1,1,1,1,1],[1,1,1,1],[1,1,1,1,1,1,1,1,1,1,1,1,1,1,1],[1,1,1,1,1,1],[1],[1,1,1,1,1],[1,1,1,1,1,1,1,1],[1,1,1,1],[1,1,1,1,1,1,1,1,1],[1,1,1,1],[1,1,1,1,1,1,1,1,1],[1,1,1,1],[1,1,1,1,1,1,1],[1,1,1,1,1,1,1],[1,1,1,1],[1,1,1,1,1,1,1,1],[1,1,1,1,1,1],[1,1,1,1,1],[1,1,1,1,1,1,1,1],[1,1,1,1,1,1,1],[1,1,1,1,1,1,1,1],[1,1,1,1],[1,1,1,1,1],[1,1,1,1,1,1,1,1,1],[1,1,1],[1,1,1,1],[1,1,1,1,1,1,1],[1,1,1,1,1,1],[1,1,1,1,1,1,1],[1,1,1,1,1,1],[1,1,1,2,1,1,1,1],[1,1,1,1],[1,1,1,1,1],[1,1,1,1,1,1,1],[1,1,1,1,1,1,1,1,1],[1,1,1,1],[1,1,1,1,1,1],[1,1,1,1,1,1,1,1,1],[1,1,1,2,1,1,1],[1,1,1,1,1,1,1],[1,1,1,1,1,1],[1,1,1,1,1,1],[1,1,1,1,1,1,1],[1,1,1,1,1],[1,1,1,1,1,1,1,1,1,1,1,1,1],[1,1,1,1,1,1,1,1,1],[1,1,1,1,1,1,1,1],[1,1,1,1,1],[1,1,1,1,1,1,1,1,1,1,1],[1,1,1,1,1,1,1],[1,1,1],[1,1,1,1,1,1,1,1,1],[1,1,2,2,1,1,1],[1,1,1,1,1,1],[1,1,1,1,1,1],[1,1,1,1,1,1,1,1,1],[1,1,1],[1,1,1,1,1,1,1,1],[1,1,1,1,1,1,1,1],[1,1,1,1],[1],[1,1,1,1,1,1,1,1],[1,1,1,1,1,1,1,1,1,1,1],[1,1,1,1],[1,1,1,1,1,1,1,1],[1,1,1,1],[1,1,1,1,1,1],[1,1,1,1],[1,1,1],[1,1,1,1],[1,1,1,1],[1,1,1,1],[1,1,1,1,1],[1,1,1],[1,1,1,1,1,1,1,1],[1,1,1,1,1,1],[1,1,1,1,1,1,1],[1,1,1,1,1,1],[1,1,1,1,1,1],[1,1,1,1,1],[1,1,1,1,1,1],[1,1,1,1,1,1],[1,1,1,1,1,1,1],[1,1,1,1],[1,1,1,1,1,1,1,1,1],[1,1,1,1],[1,1,1,1,1,1,1],[1,1,1,1,1,1,1,1],[1,1,1,1,1,1,1,1,1,1,1],[1,1,1,1,1,1],[1,1,1,1,1,1,1,1],[1,1,1,1],[1,1,1,1,1,1],[1,1,1,1,1,1,1],[1,1,1,1,1,1,1],[1,1,1,1,1,1,1,1],[1,1,1],[1,1,1],[1,1,1,1,1,1,1],[1,1,1,1,1,1],[1,1,1],[1,1,1,1,1,1],[1,1,1,1],[1,1,1,1,1,1,1],[1,1,1,1,1],[1,1,1,1,1],[1,1,1,1],[1,1,1,1,1,1,1],[1,1,1,1,1,1,1,1],[1,1,1,1,1,1,1,1,1],[1,2,1,1],[1,1,1,1,1,1,1,1],[1,1,1,1],[1,1,1,1,1,1,1,1],[1,2,1,1],[1,1,1,1,1,1],[1,1,1,1,1,1],[1,1],[1,1,1,1,1,1,1,1],[1,1,1,1,1,1,1,1,1],[1,1,1,1],[1,1,1,1,1,1],[1,1,1,1,1],[1,1,1,1,1,1,1,1,1,1,1],[1,1,1,1,1,1,1,2,1,1,1],[1,1,1,1,1,1,1],[1,1,1,1,1,1,1,1,1],[1,1,1,1,1,1,1,1,1],[1,1,1,1,1,1,1,1,1,1,1],[1,1,1,1,1,1],[1,1,1,1,1,1,1,1,1,1],[1,1,1,1,1,1,1],[1,1,1,1,1,1],[1,1,1,1,1,1,1,1,1],[1,1,1],[1,1],[1,1,1],[1,1,1,1,1,1,1,1,1],[1,1,1,1,1,1,1],[1,1,1,1],[1,1,1,1,1,1],[1,1,1],[1,1,1,1,1,1],[1,1,1,1,1,1,1,1],[1,1,1],[1,1,1,1,1,1,1,1,1],[1,1,1,1,1,1,1,1],[1,1,1,1,1,1],[1,1,1,1,1,1],[1,1,1,1,1,1,1],[1,1],[1,1,1,1,1,2],[1,1,1,1,1,1,1],[1,1,1,1,1,1],[1,1,1,1],[1,1,1,1,1,1,1],[1,1,1],[1,1,1,2,2,1],[1,1,1,1,1,1],[1,1,1,1,1,1,1,1,1,1,1],[1,1],[1,1,1],[1,1,1,1],[1,1,1],[1,1,1,1,1],[1,1,1,1,1],[1,1,1,1,1,1,1],[1,1,1],[1,1,1],[1,1,1,1,1,1],[1,1,1],[1,1,1,1,1],[1,1,1,1,1,1,1,1],[1,1,1,1,1],[1,1,1,1,1,1,1,1,1],[1,1,1,1,1,1],[1,1,1,1,1,1],[1,1,1,1,1,1,1],[1,1,1,1,1,1,1,1,1],[1,1,1,1,1],[1,1,1,1,1],[1,1,1],[1,1,1,1],[1,1,1,1,1,1,1,1,1],[1,1,1,1,1,1,1,1],[1,1,1],[1,1,1,1,1],[1,1],[1,1,1,1,1],[1,1],[1,1,1,1,1],[1,1,1,1,1,1],[1,1,1,1,1,1,1],[1,1,1,1,1,1],[1,1,1,1,1,1,1],[1,1,1,1,1,1,1,1,1],[1,1,1],[1,1,1,1,1,1,1,2],[1,1,1,1,1,1,1,1],[1,1,1,1,1,1],[1,1,1,1,1,1,1,1,1],[1,1,1,1,1,1],[1,1,1],[1,1,1,1],[1,1,1,1,1],[1,1,1],[1,1,1,1,1],[1,1,1,1,1,1],[1,1,1,1,1,1],[1,1,1,1,1,1,1,1,1,1],[1,1,1,1],[1,1,1,1,1,1,1],[1,1,1,1,1,1,1,1,1],[1,1],[1,1,1,1,1,1],[1,1],[1,1,1,1,1],[1,1,1,1,1],[1,1,1,1,1,1],[1,1,1,1,1,1,1,1],[1,1,1,1,1,1,1,1,1,1,1],[1],[1,1,1,1,1,1,1],[1,1,1,1,1,1,1],[1,1,1,1,1,1],[1,1,1,1,1,1,1,1],[1,1,1,1,1,1,1,1,1,1,1,1],[1,1,1,1],[1,1],[1,1],[1,1,1,1,1,1,1,1,1],[1,1],[1,1,1,1,1],[1,1,1],[1,1,1,1,1],[1,1,1,1,1,1],[1,1,1,1,1,1,1,1],[1,1,1,1],[1,1,1],[1],[1,1,1,1,1,1],[1,1,1,1,1,1],[1,1,1],[1,1,1,1,1,1,1],[1,1,1,1,1,1],[1,1,1,1,1,1,1,1],[],[1,1],[1],[1,1,1,1,1,1,1],[1,1,1,1,1,1],[1,1,1],[1,1,1],[1,1,1],[1,1,1,1,1,1,1],[1,1],[1,1,1,1,1,1,1,1],[1,1],[1,1,1,1,1],[1,1,1,1,1,1],[1,1,1,1,1],[1,1,1,1,1,1,1],[1,1,1],[1],[1],[1,1,1],[1,1,1,1,1],[1,1,1,1,1,1,1],[1],[1,1,1,1,1,1,1],[1,1,1,1,1,1,1,1],[],[1,1,1,1,1,1,1],[1,1],[1,1,1,1,1],[1,1],[1,1,1,1,1,1,1],[1,1,1,1],[1,1,1,1,1],[1,1,1,1,1],[1,1,1,1,1,1,1],[1,1,1,1,1],[1,1,1],[1,1,1,1,1],[1,1,1,1],[1],[1,1,1,1],[1,1,1],[1,1,1,1],[1,1],[1,1,1,1],[1,1],[1,1,1,1,1,1],[1,1,1,1],[1,1,1,1,1,1],[1,1,1,1],[1,1,1,1,1],[1],[1],[1,1,1],[1],[1,1,1],[1,1,1,1,1],[1,1,1,1,1],[1,1,1],[],[1,1,1,1,1,1,1,1],[1,1,1,1,1,1,1],[1,1,1],[1,1,1,1,1],[],[1,1,1,1,1,1],[1,1,1],[1,1,1,1,1],[1,1,1,1,1],[1,1],[1,1],[1,1],[1],[1,1],[1,1,1,1,1,1],[1,1,1],[1,1],[1,1],[1,1,1],[1,1,1,1,1],[1,1,1],[1,1],[1,1,1,2,2,1,1,1,1],[],[],[1,1],[1,1,1,1,1,1],[1,1,1],[1,1,1,1],[1,1],[1,1],[],[1,1,1,1,1,1],[1,1,1],[],[1,1],[1],[1,1,1],[1,1,1],[1],[],[1],[1,1,1,2,2,1,1,1,1,1,1,1],[1,1,1,1,1],[1,1,1,1,1],[1,1],[1,1,1,1],[1,1,1],[1],[],[1,1,1,1,1],[1],[1,1,1,1],[1],[1,1,1],[1,1],[1,1],[1,1,1,1],[1,1,1,1,1,1,1],[1,1,1],[1,1,1,1],[1,1]];

processingTimesRunnables = [12,11,9,6,9,6,5,11,12,11,14,11,13,13,12,14,12,11,6,16,8,14,14,12,13,13,9,10,13,8,12,12,9,13,7,6,7,13,13,6,5,11,5,6,7,13,15,12,11,12,15,6,13,12,6,12,10,6,12,13,8,12,13,8,7,7,12,13,13,7,7,14,13,12,13,9,14,6,7,9,12,11,10,12,12,12,13,14,8,13,9,13,17,13,9,15,5,11,12,13,13,14,12,13,6,13,16,6,15,12,13,12,13,12,5,8,13,13,13,12,7,9,10,10,12,8,5,14,8,12,9,16,7,10,14,12,14,13,5,8,13,6,6,6,12,9,11,11,15,11,13,10,12,17,16,9,13,13,10,5,12,12,10,13,10,6,15,5,5,13,13,9,11,10,14,6,15,13,13,11,9,14,13,10,11,14,7,13,13,14,11,15,9,6,14,7,9,13,13,13,14,10,13,11,16,14,11,6,16,11,11,11,12,10,11,16,6,16,13,9,13,11,6,11,5,10,13,9,15,12,7,6,13,8,13,10,6,5,8,10,12,16,16,16,14,13,17,16,5,12,13,11,8,6,12,11,6,15,11,10,11,14,14,7,16,10,9,4,13,13,12,8,8,13,11,12,13,14,8,5,13,10,16,7,9,8,6,13,17,7,13,6,12,4,13,12,14,7,13,14,13,13,10,12,8,13,11,13,11,11,13,11,5,10,16,10,11,12,6,9,11,14,12,16,11,15,13,12,11,13,11,13,12,13,16,13,13,7,13,12,10,10,16,12,10,14,13,13,13,12,11,10,11,12,7,10,6,5,14,8,12,7,11,14,10,11,10,8,10,16,9,8,10,13,12,10,8,11,14,13,13,11,14,10,7,9,13,10,12,15,7,5,13,13,11,10,12,5,6,6,8,8,13,13,10,14,14,14,12,13,5,14,13,5,13,13,8,15,9,13,13,9,9,12,16,14,9,10,10,12,13,12,5,5,13,5,10,14,16,8,5,10,13,13,7,16,17,15,11,6,6,8,16,11,15,7,10,8,6,13,13,12,8,14,8,11,13,13,11,12,8,11,8,13,15,14,10,10,13,11,11,12,10,7,14,14,12,12,13,14,9,14,7,11,6,13,10,13,15,12];

periods = [10000,10000,5000,10000,10000,20000,20000,100000,10000,20000,10000,10000,20000,100000,100000,10000,50000,10000,100000,10000,20000,100000,100000,20000,10000,20000,5000,5000,1000,2000,20000,100000,10000,100000,10000,20000,100000,100000,10000,20000,20000,100000,100000,20000,1000,20000,10000,100000,1000,100000,50000,100000,5000,50000,10000,1000,10000,100000,1000,2000,20000,10000,50000,100000,20000,20000,10000,100000,10000,20000,10000,1000,100000,10000,10000,20000,100000,5000,20000,20000,20000,20000,1000,100000,100000,10000,100000,100000,100000,20000,100000,20000,10000,10000,20000,5000,100000,100000,20000,20000,10000,100000,20000,20000,20000,100000,20000,20000,100000,20000,20000,10000,50000,100000,100000,10000,10000,10000,100000,50000,20000,100000,100000,10000,20000,100000,10000,100000,10000,20000,10000,10000,20000,20000,10000,20000,100000,5000,20000,10000,50000,10000,10000,20000,20000,100000,20000,10000,10000,100000,10000,20000,20000,10000,10000,20000,10000,10000,20000,20000,20000,10000,50000,20000,50000,20000,10000,100000,10000,100000,5000,20000,10000,20000,10000,20000,20000,10000,50000,10000,2000,100000,50000,10000,10000,50000,10000,100000,20000,100000,100000,20000,5000,20000,2000,10000,10000,20000,10000,2000,100000,20000,10000,5000,10000,10000,1000,20000,20000,10000,20000,50000,1000,1000,20000,20000,10000,20000,100000,2000,20000,10000,20000,100000,100000,20000,20000,10000,10000,1000,100000,1000,100000,20000,20000,10000,10000,20000,20000,10000,100000,10000,10000,100000,100000,10000,50000,100000,10000,10000,50000,20000,100000,1000,5000,20000,20000,20000,20000,100000,10000,10000,100000,20000,10000,10000,20000,50000,10000,20000,10000,10000,5000,1000,10000,10000,10000,10000,10000,100000,10000,20000,10000,20000,10000,100000,20000,10000,2000,20000,20000,20000,20000,10000,100000,20000,10000,10000,20000,20000,100000,20000,10000,10000,20000,10000,10000,10000,20000,100000,100000,20000,20000,20000,100000,10000,20000,100000,1000,100000,10000,20000,20000,100000,20000,20000,20000,10000,100000,10000,10000,100000,2000,20000,100000,20000,10000,10000,100000,10000,100000,10000,20000,100000,10000,20000,100000,10000,10000,50000,20000,100000,10000,100000,20000,10000,10000,100000,20000,100000,20000,100000,20000,10000,100000,10000,10000,2000,10000,100000,10000,10000,20000,10000,10000,20000,50000,100000,100000,10000,10000,1000,10000,5000,10000,100000,1000,10000,20000,10000,10000,100000,20000,20000,20000,10000,50000,10000,10000,10000,20000,100000,20000,10000,100000,100000,2000,10000,10000,2000,100000,20000,20000,1000,10000,100000,10000,1000,10000,20000,10000,20000,1000,5000,20000,20000,2000,100000,10000,100000,20000,20000,20000,20000,20000,100000,100000,10000,10000,100000,20000,10000,10000,10000,20000,10000,5000,100000,20000,10000,10000,20000,100000,20000,10000,10000,100000,10000,10000,20000,20000,1000,100000,20000,100000,100000,20000,20000,100000,5000,20000,10000,20000,10000,100000,10000,10000,20000,1000,20000,1000,50000,100000,10000,100000,10000,100000,20000,20000,100000,20000,10000,50000,10000,20000,100000,5000,10000,20000,20000];

communicationTimeForOrderCriticalMessages = [1,1,1,1,1,1,1,1,1,1,1,1,1,1,1,1,1,1,1,1,1,1,1,1,1,1,1,1,1,1,1,1,1,1,1,1,1,1,1,1,1,1,1,1,1,1,1,1,1,1,1,1,1,1,1,1,1,1,1,1,1,1,1,1,1,1,1,1,1,1,1,1,1,1,1,1,1,1,1,1,1,1,1,1,1,1,1,1,1,1,1,1,1,1,1,1,1,1,1,2,1,1,1,1,1,1,1,1,1,1,1,1,1,1,1,1,1,1,1,1,1,1,1,1,1,1,1,1,1,1,1,1,1,1,1,1,1,1,1,1,1,1,1,1,1,1,1,1,1,1,1,1,1,1,1,1,1,1,1,1,1,1,1,1,1,1];

sizeOfRunnables = [1110,1050,828,588,803,520,473,1088,1140,1060,1313,1075,1285,1270,1193,1393,1180,1058,548,1508,793,1360,1378,1138,1298,1215,825,908,1203,733,1200,1200,880,1270,630,588,655,1233,1210,593,475,1050,465,535,638,1295,1458,1193,1045,1150,1443,598,1290,1150,588,1173,983,543,1188,1238,790,1105,1270,723,675,668,1173,1220,1263,663,650,1313,1208,1185,1225,825,1400,578,615,885,1188,1005,930,1155,1140,1200,1233,1308,788,1260,853,1248,1610,1205,835,1485,420,1098,1200,1260,1248,1373,1135,1290,540,1233,1528,525,1495,1188,1283,1120,1290,1103,413,798,1285,1270,1248,1135,678,818,938,960,1155,715,453,1373,738,1158,880,1545,623,965,1323,1198,1313,1260,475,783,1280,525,518,518,1195,880,1083,1058,1465,1005,1278,955,1140,1605,1550,803,1208,1223,983,430,1110,1173,985,1298,960,570,1480,450,488,1263,1220,895,1035,985,1373,580,1458,1238,1253,1013,895,1360,1235,975,1085,1373,693,1258,1233,1303,1028,1458,843,580,1340,670,863,1203,1225,1240,1393,963,1238,1083,1518,1305,1030,600,1573,1043,1045,1038,1185,960,1053,1513,555,1523,1203,863,1278,1060,533,1035,498,990,1238,840,1410,1133,650,518,1210,718,1210,990,543,490,765,938,1155,1523,1530,1550,1355,1225,1620,1550,475,1135,1278,1098,718,580,1178,1090,550,1453,1030,990,1068,1368,1313,648,1508,963,835,393,1223,1275,1155,748,760,1203,1053,1140,1290,1328,723,453,1203,975,1540,700,840,798,528,1290,1610,693,1215,555,1163,378,1285,1135,1335,675,1233,1308,1210,1253,963,1158,775,1203,1090,1205,1048,1010,1230,1015,408,983,1503,993,1098,1188,565,805,1028,1340,1188,1535,1005,1470,1275,1165,1043,1255,1043,1238,1163,1258,1518,1270,1285,693,1240,1103,938,970,1563,1125,960,1303,1278,1210,1260,1160,1030,985,1038,1133,675,968,533,465,1328,798,1200,640,1058,1305,963,1088,945,730,925,1508,870,715,945,1205,1143,940,773,1008,1355,1248,1298,1043,1333,945,618,818,1220,970,1128,1405,678,495,1218,1238,1075,938,1173,413,570,543,745,710,1263,1283,1000,1323,1383,1333,1200,1225,430,1388,1278,483,1205,1215,738,1470,855,1245,1248,813,805,1113,1588,1350,858,993,960,1170,1238,1148,450,413,1283,468,953,1328,1568,743,423,965,1290,1253,630,1555,1610,1453,1030,595,528,783,1593,1035,1480,623,953,745,523,1263,1275,1105,758,1335,768,1075,1208,1275,1095,1160,738,1015,730,1258,1470,1350,955,955,1253,1088,1015,1113,963,653,1360,1323,1185,1170,1215,1373,855,1308,660,1098,563,1203,923,1295,1485,1125];

SenderLabelReceiverOrderCriticalChains = [[310,3052,0,0,98],[98,1872,0,0,114],[114,2650,0,0,115],[365,1525,0,0,98],[98,2312,0,0,354],[354,2991,0,0,320],[320,2978,0,0,123],[312,1484,0,0,478],[478,3884,0,0,7],[7,3717,0,0,103],[103,3899,0,0,473],[146,3620,0,0,358],[358,3669,0,0,114],[114,3393,0,0,332],[332,2403,0,0,430],[225,3648,0,0,182],[182,2721,0,0,318],[318,3920,0,0,97],[323,313,0,0,223],[223,1674,0,0,208],[208,3721,0,0,435],[487,3030,0,0,490],[490,1073,0,0,320],[320,985,0,0,475],[93,2530,0,0,298],[298,3385,0,0,404],[259,1165,0,0,373],[373,183,0,0,92],[92,3520,0,0,235],[22,1802,0,0,332],[332,1268,0,0,8],[8,2028,0,0,23],[245,1074,0,0,58],[58,360,0,0,485],[485,400,0,0,286],[286,2501,0,0,386],[334,2820,0,0,139],[139,2300,0,0,81],[81,2376,0,0,452],[452,2907,0,0,433],[105,3235,0,0,111],[111,3655,0,0,309],[309,2508,0,0,234],[234,2822,0,0,468],[220,4000,0,0,60],[60,1575,2868,0,368],[368,2463,0,0,333],[333,3650,0,0,289],[499,349,0,0,82],[82,3819,0,0,343],[343,1382,0,0,426],[426,3542,0,0,239],[301,1514,3509,0,405],[405,983,0,0,114],[114,2311,0,0,315],[315,3848,0,0,73],[122,3279,0,0,91],[91,774,0,0,68],[68,109,0,0,344],[344,660,0,0,58],[268,3243,0,0,179],[179,3074,0,0,251],[251,1972,0,0,183],[183,598,0,0,165],[280,3108,0,0,485],[485,216,0,0,219],[219,489,0,0,137],[85,1013,0,0,191],[191,3486,0,0,295],[295,617,0,0,201],[94,1125,0,0,285],[285,2599,0,0,55],[400,1268,0,0,75],[75,2851,0,0,55],[55,493,0,0,262],[77,128,0,0,84],[84,783,0,0,260],[260,261,0,0,225],[225,2472,0,0,329],[275,1139,0,0,380],[380,1334,0,0,127],[127,287,0,0,154],[229,928,0,0,444],[444,1686,0,0,203],[203,2908,0,0,222],[222,125,0,0,184],[156,1373,0,0,258],[258,3148,0,0,467],[467,247,0,0,441],[211,3128,0,0,334],[334,1483,0,0,449],[449,957,0,0,234],[362,1772,0,0,358],[358,2199,0,0,168],[168,3223,0,0,466],[52,44,2208,0,315],[315,1750,0,0,42],[42,192,2849,0,19],[19,972,0,0,466],[171,2860,0,0,384],[384,2412,0,0,193],[193,3718,0,0,204],[188,3011,0,0,496],[496,2617,0,0,392],[392,146,0,0,358],[358,703,0,0,43],[87,520,0,0,324],[324,3899,0,0,8],[256,2899,0,0,460],[460,81,0,0,420],[420,551,0,0,317],[317,2316,0,0,159],[25,3029,0,0,203],[203,2737,0,0,140],[442,704,0,0,33],[33,3760,0,0,20],[20,741,0,0,169],[169,3446,0,0,9],[378,3091,0,0,465],[465,512,0,0,295],[295,3023,0,0,437],[437,3208,0,0,347],[495,3956,0,0,282],[282,3633,0,0,76],[278,2135,0,0,162],[162,2055,0,0,294],[395,35,0,0,13],[13,119,0,0,111],[66,718,0,0,239],[239,3802,0,0,174],[174,3483,0,0,95],[95,3421,0,0,24],[338,2776,0,0,297],[297,1118,0,0,283],[283,2691,0,0,367],[471,2415,0,0,81],[81,2562,0,0,454],[36,2065,0,0,373],[373,3820,0,0,164],[335,578,0,0,23],[23,3458,0,0,128],[128,948,0,0,190],[190,2741,0,0,379],[326,2755,0,0,434],[434,3913,0,0,291],[291,1103,0,0,343],[343,1700,0,0,325],[300,1140,0,0,389],[389,2495,3042,0,314],[314,1214,0,0,454],[54,3250,0,0,17],[17,446,0,0,397],[397,315,0,0,113],[113,2727,0,0,482],[269,213,0,0,187],[187,1777,0,0,356],[356,2528,0,0,353],[353,3258,0,0,16],[469,1854,2744,0,453],[453,3531,0,0,370],[370,333,0,0,119],[119,1568,0,0,52],[321,322,667,1586,442],[442,1944,0,0,131],[131,3958,0,0,175],[175,3306,0,0,408]];

SenderLabelReceiverNonOrderCriticalChains = [[1,150,492],[1,423,432],[1,608,2],[1,1161,29],[1,1161,437],[1,1984,427],[2,328,56],[2,328,473],[2,328,4],[2,696,351],[2,696,303],[2,1103,343],[2,1103,249],[2,1908,425],[2,2696,160],[2,2696,128],[2,2696,178],[3,140,146],[3,2865,27],[3,2865,375],[3,3159,28],[3,3260,203],[3,3310,243],[3,3310,53],[3,3561,171],[4,109,372],[4,109,344],[4,1108,428],[4,1108,229],[4,2586,104],[4,2774,157],[4,2979,234],[4,3265,414],[4,3265,5],[4,3321,402],[5,760,236],[5,760,249],[5,1728,410],[5,2704,279],[5,2904,16],[6,522,10],[6,745,432],[6,904,81],[6,904,439],[6,3317,78],[6,3317,386],[6,3362,21],[6,3362,71],[7,1464,189],[7,1554,441],[7,1881,336],[7,2503,202],[7,3091,465],[7,3091,13],[7,3717,103],[7,3717,398],[8,383,378],[8,1875,231],[8,2028,23],[8,2835,231],[8,3329,14],[8,3771,254],[9,91,442],[9,1327,105],[9,1327,463],[9,1624,140],[9,2571,164],[9,2571,370],[9,3026,305],[9,3282,11],[10,954,422],[10,956,320],[10,1109,36],[10,1824,29],[10,3195,376],[10,3557,13],[11,341,16],[11,840,374],[11,840,84],[11,2317,129],[11,3022,419],[12,1187,237],[12,1310,49],[12,1310,249],[12,1882,102],[12,1882,283],[12,1943,455],[12,1943,16],[12,2284,265],[12,3095,383],[12,3095,229],[12,3114,94],[13,119,111],[13,2203,21],[13,2449,315],[13,2449,461],[14,229,430],[14,1698,86],[14,1698,275],[14,1698,386],[14,1698,432],[14,1870,225],[14,2184,115],[14,3350,156],[14,3399,348],[14,3399,42],[14,3919,19],[15,367,354],[15,699,233],[15,2170,66],[15,2783,411],[15,2783,111],[15,2783,19],[15,3176,123],[15,3176,253],[15,3353,50],[16,733,25],[16,770,64],[16,1194,482],[16,1194,138],[16,2713,113],[17,25,88],[17,25,163],[17,183,433],[17,183,92],[17,183,141],[17,446,397],[17,1370,213],[17,1370,51],[17,2666,350],[18,246,363],[18,246,475],[18,818,211],[18,992,149],[18,1454,282],[18,1454,446],[18,1876,20],[18,1961,467],[18,3172,205],[19,276,43],[19,972,466],[19,1039,430],[19,1396,85],[19,2849,488],[19,2849,42],[19,2849,272],[20,741,169],[20,1315,446],[20,2072,321],[20,2592,367],[20,3291,25],[21,2127,76],[21,2127,356],[21,3304,26],[21,3975,92],[22,548,253],[22,1802,226],[22,1802,332],[22,2071,23],[22,2679,136],[22,2679,404],[22,2679,436],[22,3546,418],[22,3546,468],[22,3636,174],[23,343,85],[23,840,374],[23,840,84],[23,3458,128],[23,3458,486],[23,3583,406],[24,2408,361],[24,2521,400],[24,2567,395],[24,2567,68],[24,3296,240],[24,3296,65],[25,14,48],[25,14,79],[25,33,80],[25,33,124],[25,33,116],[25,1681,472],[25,1681,106],[25,1681,143],[25,2976,33],[25,2976,213],[25,3029,435],[25,3029,203],[25,3029,300],[26,821,491],[26,1594,65],[26,1750,174],[26,1750,176],[26,1750,42],[26,3828,31],[27,2,201],[27,2,204],[27,930,28],[27,1582,447],[27,3108,483],[27,3108,485],[27,3642,193],[28,257,489],[28,1389,34],[28,1389,152],[28,1389,357],[28,1614,257],[28,1614,304],[28,2277,96],[29,869,245],[29,869,26],[29,1659,59],[29,1684,13],[29,2962,45],[29,2962,104],[30,33,80],[30,33,124],[30,33,116],[30,283,193],[30,594,195],[30,797,200],[30,1418,313],[30,3480,491],[30,3480,368],[30,3683,313],[31,475,322],[31,635,36],[31,3102,464],[31,3154,292],[31,3154,354],[32,549,385],[32,1346,401],[32,1379,38],[32,1403,219],[32,1403,440],[32,2989,425],[32,2989,1],[32,3039,89],[32,3895,404],[33,871,456],[33,1121,205],[33,1530,454],[33,3760,20],[33,3760,206],[33,3906,67],[34,1272,150],[34,1858,335],[34,1862,38],[35,127,403],[35,127,429],[35,825,466],[35,825,283],[35,825,417],[35,1710,408],[35,1792,67],[35,2052,127],[35,2074,62],[35,2437,150],[35,3526,113],[36,201,499],[36,1729,485],[36,2065,373],[36,3262,46],[37,570,65],[37,1649,438],[37,2891,280],[37,3113,43],[37,3665,106],[37,3665,213],[37,3665,378],[38,638,390],[38,3314,326],[38,3314,347],[38,3635,393],[38,3635,84],[39,114,29],[39,114,494],[39,245,83],[39,245,146],[39,829,366],[39,829,415],[39,1462,199],[39,2966,70],[40,208,467],[40,2118,82],[40,2173,351],[40,2316,159],[40,2316,287],[40,2490,202],[40,3393,96],[40,3393,332],[40,3824,5],[41,285,198],[41,285,455],[41,1387,144],[41,2350,44],[41,2585,472],[41,2783,411],[41,2783,111],[41,2783,19],[42,160,89],[42,192,19],[42,969,43],[43,1377,408],[43,1377,156],[43,2001,362],[43,2400,68],[43,2632,448],[44,819,283],[44,1430,46],[44,3096,396],[44,3880,294],[45,328,56],[45,328,473],[45,328,4],[45,504,49],[45,724,49],[45,1552,479],[45,2470,180],[45,3011,473],[45,3011,496],[45,3535,462],[46,700,159],[46,700,302],[46,1790,235],[46,1948,286],[46,3315,6],[46,3315,270],[46,3367,322],[46,3367,66],[47,533,333],[47,601,107],[47,601,55],[47,611,330],[47,764,283],[47,764,391],[47,1213,224],[47,1416,364],[47,2838,245],[47,2990,477],[47,2990,287],[47,2990,293],[48,1406,62],[48,2037,209],[48,2407,500],[48,2407,91],[48,2845,301],[48,3594,81],[48,3594,162],[48,3643,367],[48,3643,489],[48,3643,186],[49,323,207],[49,2646,56],[49,2932,9],[49,2932,401],[49,3204,56],[49,3204,483],[49,3336,214],[50,226,229],[50,277,98],[50,277,140],[50,436,91],[50,436,142],[50,1904,468],[50,1904,492],[50,2602,310],[50,2602,350],[50,2811,412],[51,24,420],[51,90,54],[51,368,212],[51,837,343],[51,837,268],[51,1524,112],[51,3736,54],[52,44,315],[52,44,361],[52,1475,466],[52,1475,416],[52,2208,315],[52,2357,436],[52,2483,68],[52,2831,48],[52,2831,30],[53,453,193],[53,453,395],[53,1148,384],[53,2174,26],[53,2425,255],[53,3170,385],[53,3170,449],[54,216,219],[54,216,498],[54,216,432],[54,2389,350],[54,2389,152],[54,2389,295],[54,3250,17],[54,3519,63],[54,3519,443],[54,3519,95],[54,3643,367],[54,3643,489],[54,3643,186],[54,3782,212],[55,493,262],[55,1837,127],[55,2213,147],[55,2335,93],[56,2265,214],[56,2965,217],[56,3568,59],[57,102,61],[57,269,44],[57,269,410],[57,762,205],[57,877,381],[57,877,420],[57,2787,230],[57,2787,151],[57,3362,21],[57,3362,71],[58,168,490],[58,360,485],[58,2156,73],[58,2541,338],[58,2541,308],[58,2908,222],[58,2908,280],[58,3504,379],[59,738,232],[59,2064,83],[59,2064,44],[59,2064,253],[59,2787,230],[59,2787,151],[59,3594,81],[59,3594,162],[59,3665,106],[59,3665,213],[59,3665,378],[60,1123,329],[60,1123,420],[60,1575,368],[60,1575,94],[60,2545,126],[60,2868,335],[60,2868,232],[60,2868,368],[61,273,1],[61,700,159],[61,700,302],[61,2359,82],[61,3207,53],[61,3207,89],[62,478,173],[62,478,295],[62,1894,293],[62,1894,238],[62,1894,67],[62,3512,113],[62,3512,497],[62,3518,145],[62,3993,132],[63,2003,113],[63,2055,294],[63,2055,183],[63,2381,482],[63,2393,466],[63,2393,397],[63,3116,342],[63,3116,341],[63,3608,268],[63,3677,18],[64,981,191],[64,981,324],[64,1544,85],[64,1689,478],[64,2010,430],[64,2206,289],[64,2206,201],[64,2984,73],[65,1664,110],[65,1664,398],[65,2053,460],[65,3144,136],[65,3340,25],[66,718,239],[66,736,90],[66,2679,136],[66,2679,404],[66,2679,436],[67,144,75],[67,1002,269],[67,1002,2],[67,1145,139],[67,2524,137],[67,3700,37],[68,109,372],[68,109,344],[68,1768,484],[69,682,102],[69,682,136],[69,1429,229],[69,1429,392],[69,1737,114],[69,2847,196],[69,2935,267],[69,2935,71],[70,1120,68],[70,1874,144],[70,1874,388],[70,2590,322],[70,3352,340],[70,3817,57],[71,256,129],[71,1057,75],[71,1243,181],[71,1243,230],[71,1996,450],[72,245,83],[72,245,146],[72,458,103],[72,458,142],[72,994,198],[72,1847,274],[72,2868,335],[72,2868,232],[72,2868,368],[73,176,21],[73,1575,368],[73,1575,94],[73,2533,120],[73,3459,161],[73,3629,337],[73,3629,88],[74,647,374],[74,1277,391],[74,1692,276],[74,1698,86],[74,1698,275],[74,1698,386],[74,1698,432],[74,2546,459],[74,2546,388],[74,2853,158],[74,2853,434],[74,3597,190],[74,3597,451],[75,18,34],[75,2327,254],[75,2656,173],[75,2656,406],[75,2851,380],[75,2851,55],[75,3871,86],[76,442,441],[76,879,346],[76,3519,63],[76,3519,443],[76,3519,95],[76,3520,206],[76,3520,235],[76,3875,219],[77,117,392],[77,128,84],[77,128,411],[77,128,432],[77,937,94],[77,1255,85],[77,2191,212],[77,2695,379],[77,2695,419],[77,2695,496],[77,3695,97],[78,33,80],[78,33,124],[78,33,116],[78,1158,255],[78,1329,86],[78,2330,171],[78,2330,106],[78,3370,424],[78,3621,193],[78,3621,101],[79,228,140],[79,228,359],[79,566,121],[79,566,231],[79,843,221],[79,903,268],[79,3387,80],[79,3387,451],[80,1055,215],[80,1604,383],[80,2110,419],[80,2110,480],[80,3399,348],[80,3399,42],[80,3953,90],[81,2159,397],[81,2376,452],[81,2562,454],[81,3876,407],[81,3876,147],[82,863,100],[82,2738,122],[82,2773,339],[82,3819,343],[83,93,242],[83,93,303],[83,93,311],[83,2334,479],[83,2976,33],[83,2976,213],[83,3891,487],[83,3891,122],[84,171,87],[84,590,157],[84,783,260],[84,2013,128],[85,240,115],[85,1013,191],[85,1068,266],[85,2389,350],[85,2389,152],[85,2389,295],[86,1787,229],[86,2033,383],[87,369,11],[87,369,458],[87,520,324],[87,1643,104],[87,1759,190],[87,1786,22],[87,1786,139],[88,128,84],[88,128,411],[88,128,432],[88,566,121],[88,566,231],[88,922,320],[88,2484,163],[88,2797,109],[88,2797,272],[88,2868,335],[88,2868,232],[88,2868,368],[89,401,306],[89,1617,168],[89,2050,368],[89,2050,221],[89,2594,115],[89,2594,260],[90,952,165],[90,2674,95],[90,2970,103],[90,2970,486],[90,3376,361],[90,3415,194],[91,606,304],[91,606,318],[91,774,68],[91,1205,115],[91,1253,330],[91,1253,352],[91,2418,338],[92,55,89],[92,55,323],[92,1336,212],[92,1821,305],[92,2900,312],[92,2962,45],[92,2962,104],[92,3520,206],[92,3520,235],[93,1442,101],[93,1896,328],[93,2397,291],[93,2530,298],[93,2624,140],[93,3445,321],[94,15,116],[94,1125,285],[94,1157,7],[94,1752,399],[95,767,121],[95,1461,314],[95,1461,220],[95,2881,325],[95,3421,459],[95,3421,83],[95,3421,24],[96,393,102],[96,1321,193],[96,1455,470],[96,1722,424],[96,3053,371],[96,3053,470],[96,3911,163],[97,2,201],[97,2,204],[97,1136,189],[97,1808,245],[97,2696,160],[97,2696,128],[97,2696,178],[97,3053,371],[97,3053,470],[98,349,82],[98,349,480],[98,1736,244],[98,1872,114],[98,2312,354],[98,3665,106],[98,3665,213],[98,3665,378],[99,395,208],[99,525,153],[99,525,451],[99,949,234],[99,1035,100],[99,1550,164],[99,3511,499],[100,497,145],[100,1281,166],[100,2172,144],[100,2791,443],[100,2791,343],[100,3650,307],[100,3650,218],[100,3650,289],[100,3650,491],[101,267,216],[101,1041,117],[101,1627,314],[101,2207,230],[101,3935,458],[102,804,162],[102,804,137],[102,831,385],[102,973,191],[102,2672,198],[102,2672,277],[103,1436,218],[103,2528,353],[103,2528,110],[103,3899,473],[103,3899,8],[104,263,363],[104,859,164],[104,2242,405],[104,2242,183],[105,563,480],[105,806,168],[105,806,208],[105,1421,350],[105,1866,147],[105,2468,112],[105,3235,111],[105,3235,182],[106,1001,379],[106,2594,115],[106,2594,260],[106,3887,370],[107,1921,361],[107,1921,463],[107,2975,480],[107,3015,108],[107,3421,459],[107,3421,83],[107,3421,24],[108,502,346],[108,502,110],[108,1010,438],[108,1595,464],[108,1595,218],[108,3276,125],[108,3573,322],[108,3926,373],[109,327,324],[109,982,396],[109,1188,182],[109,2051,119],[109,3038,428],[109,3474,324],[110,71,146],[110,71,167],[110,71,451],[110,2270,188],[110,2591,262],[110,3239,235],[111,218,376],[111,2165,455],[111,3655,309],[112,1678,348],[112,1748,99],[112,2235,26],[112,3499,118],[113,1337,152],[113,2727,482],[113,3713,462],[113,3713,69],[114,2311,296],[114,2311,224],[114,2311,315],[114,2650,115],[114,3267,6],[114,3393,96],[114,3393,332],[115,173,122],[115,1429,229],[115,1429,392],[116,528,131],[116,2196,430],[116,2211,417],[116,2869,250],[116,3580,446],[117,1677,478],[117,1677,222],[117,2644,354],[117,2644,418],[117,2850,460],[117,2850,406],[117,2899,318],[117,2899,389],[117,2899,460],[117,3814,142],[118,790,493],[118,790,243],[118,790,298],[118,1360,337],[118,3094,322],[118,3094,162],[118,3660,236],[119,1568,52],[119,1597,149],[119,2820,139],[119,2820,208],[119,3216,144],[120,900,319],[120,1069,192],[120,1930,212],[120,1930,493],[120,3516,394],[120,3516,422],[120,3609,247],[120,3765,268],[121,689,189],[121,1245,406],[121,2086,248],[121,3590,209],[122,2253,252],[122,2329,485],[122,3235,111],[122,3235,182],[122,3279,91],[123,569,457],[123,569,423],[123,1240,298],[123,1240,387],[123,1240,494],[123,1822,126],[123,1822,497],[123,1918,329],[124,180,375],[124,1082,372],[124,1266,324],[124,1367,371],[124,1437,409],[124,2240,161],[124,2240,498],[124,2851,380],[124,2851,55],[125,632,269],[125,1156,431],[125,1940,162],[125,2105,361],[125,2232,478],[125,3690,209],[126,806,168],[126,806,208],[126,1895,463],[126,2311,296],[126,2311,224],[126,2311,315],[126,2362,172],[126,2362,377],[126,2362,166],[126,3917,458],[127,287,154],[127,1018,131],[127,1218,281],[127,1371,374],[127,1371,423],[127,2130,194],[128,948,190],[128,948,487],[128,1731,451],[128,3317,78],[128,3317,386],[129,681,154],[129,1261,274],[129,1482,414],[129,1482,206],[129,3377,41],[129,3377,346],[129,3421,459],[129,3421,83],[129,3421,24],[129,3525,419],[130,397,123],[130,981,191],[130,981,324],[130,1320,220],[130,1750,174],[130,1750,176],[130,1750,42],[130,1954,265],[130,3169,39],[130,3251,133],[130,3480,491],[130,3480,368],[131,178,320],[131,178,470],[131,1487,155],[131,1487,362],[131,1703,370],[131,1703,265],[131,3958,175],[132,277,98],[132,277,140],[132,1350,60],[132,1350,421],[132,2633,70],[132,2633,417],[132,2695,379],[132,2695,419],[132,2695,496],[133,34,150],[133,139,399],[133,139,495],[133,227,39],[133,754,180],[133,2362,172],[133,2362,377],[133,2362,166],[133,2831,48],[133,2831,30],[134,1023,187],[134,1567,272],[134,3405,147],[134,3706,449],[135,1310,49],[135,1310,249],[135,1681,472],[135,1681,106],[135,1681,143],[135,1698,86],[135,1698,275],[135,1698,386],[135,1698,432],[135,1826,225],[135,1826,261],[135,1926,151],[135,2572,328],[135,2828,373],[135,2828,180],[136,571,176],[136,1463,323],[136,2882,296],[136,2882,102],[136,3455,479],[136,3671,235],[137,1304,443],[138,726,255],[138,1773,34],[138,1964,244],[138,2518,64],[138,2608,204],[139,910,160],[139,1127,291],[139,2300,81],[139,2696,160],[139,2696,128],[139,2696,178],[139,3542,239],[139,3542,302],[140,1151,493],[140,1151,148],[140,1256,271],[140,3005,346],[141,20,189],[141,685,40],[141,685,424],[141,2689,238],[141,2689,424],[141,2849,488],[141,2849,42],[141,2849,272],[141,2985,199],[142,521,148],[142,671,463],[142,755,408],[142,3971,53],[143,764,283],[143,764,391],[143,1019,125],[143,1282,299],[143,1382,399],[143,1382,426],[143,1382,216],[143,2202,203],[143,2238,242],[144,1377,408],[144,1377,156],[144,1531,413],[144,3068,314],[145,559,303],[145,2176,147],[145,2176,317],[145,2176,61],[145,2819,141],[145,3035,149],[145,3769,464],[146,729,404],[146,1743,343],[146,2315,487],[146,2315,210],[146,2828,373],[146,2828,180],[146,3620,358],[147,2194,69],[147,2194,460],[147,2711,160],[147,3775,325],[148,71,146],[148,71,167],[148,71,451],[148,407,197],[148,2047,294],[148,2047,349],[148,2216,128],[148,2863,159],[149,1691,197],[149,1691,29],[149,2679,136],[149,2679,404],[149,2679,436],[149,3157,157],[150,1391,411],[150,1391,157],[150,1923,490],[150,2534,202],[150,2534,233],[151,84,68],[151,429,476],[151,1694,110],[151,1694,34],[151,1882,102],[151,1882,283],[151,3010,242],[151,3571,227],[152,801,475],[152,999,435],[152,3414,243],[152,3648,161],[152,3648,182],[152,3760,20],[152,3760,206],[153,911,189],[153,1265,348],[153,1332,290],[153,1332,445],[153,1404,446],[153,1821,305],[153,1967,381],[153,1967,431],[154,979,462],[154,1989,269],[154,3227,374],[154,3962,155],[155,1557,352],[155,2131,178],[155,2526,380],[155,3058,404],[155,3566,134],[156,946,202],[156,1114,429],[156,1373,258],[156,1373,441],[156,1373,491],[156,1373,333],[156,2197,192],[156,2531,137],[156,2556,323],[157,404,158],[157,404,56],[157,651,255],[158,945,357],[158,2167,186],[158,3018,32],[158,3837,137],[159,1963,264],[159,2492,228],[159,2492,253],[159,2901,334],[159,2916,454],[159,2935,267],[159,2935,71],[160,629,401],[160,1064,297],[160,1614,257],[160,1614,304],[160,3757,355],[160,3901,394],[161,845,412],[161,845,443],[161,845,411],[161,2987,126],[161,3457,435],[161,3987,164],[161,3987,390],[162,1548,364],[162,1548,134],[162,1548,499],[162,1931,237],[162,2055,294],[162,2055,183],[163,579,183],[163,721,422],[163,721,326],[163,984,183],[163,2362,172],[163,2362,377],[163,2362,166],[163,3743,268],[164,2566,38],[164,3501,171],[164,3501,310],[164,3832,397],[165,378,281],[165,727,327],[165,727,247],[165,3559,179],[165,3831,350],[166,687,355],[166,785,494],[166,785,395],[166,1615,499],[166,2314,412],[166,2314,357],[166,2952,300],[167,2315,487],[167,2315,210],[167,2375,281],[167,2947,269],[167,3257,431],[167,3257,472],[167,3639,339],[167,3879,220],[167,3879,366],[168,661,233],[168,794,154],[168,847,366],[168,3223,466],[169,465,104],[169,1388,60],[169,2651,375],[169,2685,334],[169,3446,9],[169,3667,243],[170,742,362],[170,742,384],[170,1473,280],[170,2073,448],[170,2144,427],[170,2606,339],[170,2606,288],[170,2925,206],[170,3732,165],[171,1930,212],[171,1930,493],[171,2724,273],[171,2860,384],[171,3721,226],[171,3721,435],[171,3721,470],[172,950,326],[172,1052,462],[172,1642,496],[172,3027,211],[172,3027,331],[172,3301,267],[172,3937,170],[173,1730,206],[173,1784,108],[173,2263,59],[173,3402,456],[173,3402,364],[173,3774,458],[174,230,117],[174,230,390],[174,3095,383],[174,3095,229],[174,3483,95],[174,3744,187],[175,455,388],[175,1719,446],[175,2913,372],[175,3306,408],[175,3351,230],[175,3351,231],[175,3870,241],[176,625,203],[176,625,334],[176,2161,199],[176,2161,320],[176,3540,33],[177,424,302],[177,424,117],[177,1306,302],[177,1306,372],[177,2142,198],[177,2534,202],[177,2534,233],[177,3347,410],[177,3347,453],[177,3347,473],[177,3498,267],[177,3747,462],[177,3747,387],[178,625,203],[178,625,334],[178,796,217],[178,2257,275],[178,2257,421],[178,2288,206],[178,2619,338],[178,3158,408],[178,3158,368],[179,1143,245],[179,2039,482],[179,2039,337],[179,2124,70],[179,3074,251],[179,3148,101],[179,3148,467],[179,3190,478],[180,557,386],[180,557,288],[180,803,185],[180,947,409],[180,3996,205],[181,302,407],[181,2050,368],[181,2050,221],[181,2741,379],[181,2741,195],[181,3179,289],[181,3479,200],[181,3479,493],[181,3611,291],[181,3876,407],[181,3876,147],[182,1123,329],[182,1123,420],[182,2606,339],[182,2606,288],[182,2721,318],[182,2721,409],[182,2842,379],[183,598,165],[183,1191,437],[183,2618,148],[184,461,356],[184,1921,361],[184,1921,463],[184,2006,185],[184,2020,294],[184,2020,80],[184,2021,480],[184,3978,31],[184,3978,448],[185,685,40],[185,685,424],[185,1682,372],[185,1682,471],[185,2176,147],[185,2176,317],[185,2176,61],[186,11,192],[186,103,397],[186,604,371],[186,2802,185],[186,2802,272],[186,3506,143],[187,926,138],[187,1777,356],[187,1894,293],[187,1894,238],[187,1894,67],[187,2446,56],[188,187,490],[188,1566,201],[188,2887,180],[188,3011,473],[188,3011,496],[188,3212,428],[188,3618,263],[188,3618,469],[188,3986,324],[189,334,202],[189,334,419],[189,3892,192],[190,1074,250],[190,1074,354],[190,1074,58],[190,2675,241],[190,2741,379],[190,2741,195],[190,3463,485],[190,3844,417],[191,363,37],[191,363,157],[191,363,434],[191,2749,405],[191,2749,1],[191,3486,335],[191,3486,295],[191,3809,335],[192,2136,264],[192,2583,122],[192,2593,404],[192,3003,322],[193,3718,204],[194,2015,293],[194,2753,362],[194,2753,336],[194,3029,435],[194,3029,203],[194,3029,300],[194,3205,450],[194,3205,403],[195,824,246],[195,824,200],[195,1106,52],[195,1461,314],[195,1461,220],[195,1769,289],[195,2482,366],[195,2482,407],[195,3347,410],[195,3347,453],[195,3347,473],[196,1932,199],[196,2147,38],[196,2422,406],[196,3654,353],[197,663,285],[197,1854,240],[197,1854,469],[197,2233,250],[197,2233,489],[197,2268,15],[197,2302,210],[197,2580,278],[198,760,236],[198,760,249],[198,1332,290],[198,1332,445],[199,825,466],[199,825,283],[199,825,417],[199,2630,31],[199,2630,298],[199,3427,372],[200,440,391],[200,2206,289],[200,2206,201],[200,3298,86],[201,1536,271],[201,1860,329],[201,2635,433],[202,970,415],[202,1151,493],[202,1151,148],[202,1497,169],[203,998,104],[203,2737,140],[203,2908,222],[203,2908,280],[204,142,424],[204,486,424],[204,1089,273],[204,3624,191],[205,740,361],[205,1046,429],[205,1441,237],[205,1441,27],[205,2189,174],[206,1269,277],[206,3004,466],[206,3004,430],[207,303,214],[207,2559,200],[207,3252,462],[207,3252,325],[207,3358,274],[207,3787,382],[207,3787,465],[207,3985,418],[208,381,215],[208,786,354],[208,2788,226],[208,3721,226],[208,3721,435],[208,3721,470],[209,510,267],[209,1234,300],[209,1448,226],[209,1448,300],[209,1992,225],[209,2330,171],[209,2330,106],[210,1668,409],[210,1826,225],[210,1826,261],[210,2309,277],[210,2554,237],[210,3231,364],[211,242,463],[211,242,233],[211,2378,293],[211,2622,360],[211,3121,132],[211,3128,334],[212,1548,364],[212,1548,134],[212,1548,499],[212,3486,335],[212,3486,295],[213,977,254],[213,2922,319],[213,2922,84],[213,3745,230],[213,4000,462],[213,4000,60],[214,239,418],[214,2647,230],[214,3023,36],[214,3023,437],[214,3351,230],[214,3351,231],[215,435,17],[215,1134,296],[215,1198,86],[215,1802,226],[215,1802,332],[215,2640,343],[215,3173,216],[216,591,480],[216,975,293],[216,2523,256],[216,3616,259],[217,585,222],[217,585,439],[217,682,102],[217,682,136],[217,1874,144],[217,1874,388],[217,2814,306],[217,2814,455],[217,2982,290],[218,562,11],[218,577,336],[218,3109,460],[218,3539,238],[219,369,11],[219,369,458],[219,489,137],[219,2371,263],[219,3178,379],[219,3178,365],[219,3492,144],[220,399,289],[220,601,107],[220,601,55],[220,727,327],[220,727,247],[220,1499,289],[220,4000,462],[220,4000,60],[221,55,89],[221,55,323],[221,110,99],[221,110,423],[221,1448,226],[221,1448,300],[221,2110,419],[221,2110,480],[221,3438,433],[221,3728,250],[221,3728,313],[222,125,184],[222,2477,398],[222,2477,228],[222,3289,380],[222,3879,220],[222,3879,366],[223,1005,112],[223,1005,484],[223,1038,431],[223,1674,208],[223,2519,296],[223,2763,289],[223,3597,190],[223,3597,451],[224,1252,145],[224,1844,474],[224,2587,194],[224,3792,263],[225,1384,353],[225,2388,390],[225,2388,294],[225,2472,329],[225,3648,161],[225,3648,182],[226,2064,83],[226,2064,44],[226,2064,253],[226,2111,412],[226,2458,336],[226,3931,28],[226,3931,429],[227,1481,488],[227,1638,158],[227,3366,498],[227,3444,452],[227,3458,128],[227,3458,486],[227,3689,296],[228,130,419],[228,1276,128],[228,1783,443],[228,1967,381],[228,1967,431],[228,2311,296],[228,2311,224],[228,2311,315],[229,928,444],[229,1060,236],[229,2117,304],[230,804,162],[230,804,137],[230,3118,103],[231,414,448],[231,1551,253],[231,1551,401],[231,1551,484],[231,2848,354],[231,3501,171],[231,3501,310],[232,963,436],[232,963,247],[232,2163,66],[232,2457,356],[232,2813,133],[232,2873,78],[233,837,343],[233,837,268],[233,1296,301],[234,2623,257],[234,2822,468],[234,3051,332],[234,3258,120],[234,3258,288],[234,3258,16],[235,40,312],[235,491,386],[235,491,177],[235,2912,175],[236,557,386],[236,557,288],[236,1688,332],[236,1688,46],[236,2116,300],[236,3274,186],[236,3947,385],[237,3296,240],[237,3296,65],[237,3401,259],[237,3505,415],[237,3505,141],[238,578,258],[238,578,23],[238,1828,224],[238,3478,469],[238,3694,359],[239,88,12],[239,2473,403],[239,2702,395],[239,3802,174],[240,487,303],[240,1403,219],[240,1403,440],[240,2088,348],[240,2922,319],[240,2922,84],[240,3856,276],[241,170,111],[241,2393,466],[241,2393,397],[241,2602,310],[241,2602,350],[241,3213,498],[241,3213,248],[241,3213,262],[242,891,382],[242,1240,298],[242,1240,387],[242,1240,494],[242,1535,171],[242,1535,66],[242,3643,367],[242,3643,489],[242,3643,186],[243,592,277],[243,1101,246],[243,1593,410],[243,1798,275],[244,65,288],[244,388,378],[244,388,395],[244,873,270],[244,1212,382],[244,1212,438],[244,2615,335],[244,3990,457],[245,1074,250],[245,1074,354],[245,1074,58],[245,1397,428],[246,1677,478],[246,1677,222],[246,2230,277],[246,2667,381],[246,2667,287],[246,3064,36],[246,3207,53],[246,3207,89],[247,282,377],[247,306,268],[247,713,377],[247,2406,251],[248,1094,351],[248,2026,485],[248,2449,315],[248,2449,461],[248,3017,301],[248,3925,273],[249,366,176],[249,584,293],[249,1648,496],[249,1833,364],[249,2797,109],[249,2797,272],[250,1685,390],[250,2205,421],[251,353,470],[251,1654,72],[251,1654,432],[251,1972,183],[251,3154,292],[251,3154,354],[251,3552,252],[251,3588,119],[252,328,56],[252,328,473],[252,328,4],[252,363,37],[252,363,157],[252,363,434],[252,1533,37],[252,2247,393],[252,2743,360],[253,1532,286],[253,2242,405],[253,2242,183],[253,2410,318],[254,337,227],[254,723,274],[254,1467,376],[254,1905,274],[254,3747,462],[254,3747,387],[255,742,362],[255,742,384],[255,1351,415],[255,1351,384],[255,3137,38],[256,145,267],[256,703,43],[256,703,327],[256,2469,458],[256,2469,299],[256,2899,318],[256,2899,389],[256,2899,460],[256,3233,472],[256,3252,462],[256,3252,325],[257,25,88],[257,25,163],[257,246,363],[257,246,475],[257,1611,287],[257,1611,484],[257,1942,401],[257,2471,284],[257,2990,477],[257,2990,287],[257,2990,293],[258,3019,351],[258,3019,11],[258,3148,101],[258,3148,467],[258,3604,495],[258,3807,86],[258,3945,97],[259,1165,373],[259,1165,429],[259,1561,346],[259,1839,201],[259,2067,308],[259,2176,147],[259,2176,317],[259,2176,61],[259,3034,317],[260,261,225],[260,669,319],[260,669,406],[260,825,466],[260,825,283],[260,825,417],[260,1776,365],[260,2756,365],[260,3932,167],[261,285,198],[261,285,455],[261,297,326],[261,1496,404],[261,1496,283],[261,2125,451],[261,3027,211],[261,3027,331],[261,3621,193],[261,3621,101],[261,3888,455],[262,111,286],[262,889,214],[262,2139,464],[262,2798,372],[262,3973,477],[262,3973,426],[263,815,454],[263,1985,416],[263,2659,405],[263,2659,475],[263,3495,318],[263,3495,41],[263,3650,307],[263,3650,218],[263,3650,289],[263,3650,491],[264,1370,213],[264,1370,51],[264,2041,287],[264,2354,248],[264,2948,486],[264,3973,477],[264,3973,426],[265,203,31],[265,1200,317],[265,2765,381],[265,2765,115],[265,2802,185],[265,2802,272],[266,121,338],[266,298,456],[266,1545,303],[266,2047,294],[266,2047,349],[266,2392,321],[266,2455,223],[266,2721,318],[266,2721,409],[267,2879,340],[267,3318,314],[267,3431,422],[268,2224,62],[268,3243,179],[269,213,187],[269,2409,76],[269,3355,321],[270,756,478],[270,824,246],[270,824,200],[270,1509,233],[270,3028,319],[270,3635,393],[270,3635,84],[270,3728,250],[270,3728,313],[271,248,301],[271,905,402],[271,1306,302],[271,1306,372],[271,3801,416],[271,3931,28],[271,3931,429],[272,482,473],[272,853,459],[272,1047,338],[272,1508,347],[273,406,470],[273,511,384],[273,1592,421],[273,2549,447],[273,2689,238],[273,2689,424],[274,1307,382],[274,3000,241],[274,3000,94],[275,583,488],[275,1139,380],[275,2477,398],[275,2477,228],[275,3669,387],[275,3669,114],[276,948,190],[276,948,487],[276,1694,110],[276,1694,34],[276,2404,400],[276,2552,293],[276,2694,44],[276,3124,340],[277,519,337],[277,1660,396],[277,3591,399],[278,139,399],[278,139,495],[278,236,391],[278,418,348],[278,477,366],[278,2135,162],[278,2541,338],[278,2541,308],[278,3470,383],[279,1025,404],[279,1197,328],[279,1275,24],[279,1613,471],[279,2505,380],[279,2505,371],[279,3222,381],[279,3727,400],[280,478,173],[280,478,295],[280,1654,72],[280,1654,432],[280,3108,483],[280,3108,485],[281,1235,356],[281,1253,330],[281,1253,352],[281,1485,342],[281,2659,405],[281,2659,475],[282,2636,413],[282,2667,381],[282,2667,287],[282,3387,80],[282,3387,451],[282,3633,76],[282,3633,476],[283,768,490],[283,2691,367],[284,702,467],[284,805,495],[284,1223,299],[284,1359,309],[284,2430,292],[284,3153,393],[285,230,117],[285,230,390],[285,1789,472],[285,2599,55],[285,2806,367],[285,3497,341],[285,3865,326],[286,790,493],[286,790,243],[286,790,298],[286,2023,315],[286,2501,386],[286,2714,165],[287,2066,292],[287,2369,245],[287,3402,456],[287,3402,364],[288,483,484],[288,1681,472],[288,1681,106],[288,1681,143],[288,2039,482],[288,2039,337],[288,3810,106],[289,1483,422],[289,1483,449],[289,1483,476],[290,502,346],[290,502,110],[290,1841,487],[290,2567,395],[290,2567,68],[290,2892,308],[291,1103,343],[291,1103,249],[291,2821,401],[291,2821,168],[291,2882,296],[291,2882,102],[292,93,242],[292,93,303],[292,93,311],[292,1373,258],[292,1373,441],[292,1373,491],[292,1373,333],[292,1514,301],[292,1514,449],[292,2902,445],[292,3585,441],[293,2814,306],[293,2814,455],[294,546,451],[294,2127,76],[294,2127,356],[295,380,341],[295,617,201],[295,3023,36],[295,3023,437],[296,3094,322],[296,3094,162],[296,3372,303],[297,1118,283],[297,2175,447],[297,2827,472],[297,3049,79],[297,3193,328],[298,141,438],[298,1929,434],[298,3257,431],[298,3257,472],[298,3385,404],[299,155,17],[299,453,193],[299,453,395],[299,877,381],[299,877,420],[299,1795,313],[299,2093,413],[300,1140,389],[300,2365,149],[300,3079,118],[301,1161,29],[301,1161,437],[301,3509,405],[302,2298,461],[302,2695,379],[302,2695,419],[302,2695,496],[302,3719,400],[302,3849,351],[303,417,410],[303,3717,103],[303,3717,398],[304,628,216],[304,1292,348],[304,1664,110],[304,1664,398],[304,3166,316],[305,28,336],[305,115,233],[305,1241,342],[305,1945,246],[305,1945,464],[305,1945,87],[305,3019,351],[305,3019,11],[306,585,222],[306,585,439],[306,1288,65],[306,1355,6],[306,3644,134],[307,376,458],[307,696,351],[307,696,303],[307,2505,380],[307,2505,371],[307,2525,486],[307,3065,385],[307,3605,369],[307,3904,351],[308,1504,312],[308,1618,438],[308,1620,355],[308,2182,109],[308,3170,385],[308,3170,449],[309,995,93],[309,1225,55],[309,1757,327],[309,2508,234],[309,2749,405],[309,2749,1],[310,1194,482],[310,1194,138],[310,2177,344],[310,3052,98],[310,3626,487],[310,3891,487],[310,3891,122],[311,836,71],[311,1496,404],[311,1496,283],[311,1587,427],[311,2194,69],[311,2194,460],[311,2271,379],[311,2644,354],[311,2644,418],[312,716,468],[312,1003,280],[312,1484,478],[312,3048,394],[312,3386,488],[313,1016,426],[313,1385,306],[313,2546,459],[313,2546,388],[313,3220,250],[314,1214,454],[314,2495,389],[314,3134,397],[315,1750,174],[315,1750,176],[315,1750,42],[315,3848,73],[316,1319,476],[316,1542,21],[316,1542,252],[316,1596,310],[316,1786,22],[316,1786,139],[316,3119,123],[316,3987,164],[316,3987,390],[317,1732,42],[317,2316,159],[317,2316,287],[317,3258,120],[317,3258,288],[317,3258,16],[317,3314,326],[317,3314,347],[318,3129,2],[318,3432,441],[318,3920,97],[319,1775,479],[319,2783,411],[319,2783,111],[319,2783,19],[319,3081,479],[320,985,475],[320,2978,123],[321,525,153],[321,525,451],[321,667,442],[321,1586,469],[321,1586,442],[322,2388,390],[322,2388,294],[323,313,223],[323,1595,464],[323,1595,218],[323,2101,118],[323,2435,83],[324,1698,86],[324,1698,275],[324,1698,386],[324,1698,432],[324,3899,473],[324,3899,8],[325,14,48],[325,14,79],[325,1445,436],[325,1445,463],[325,1943,455],[325,1943,16],[325,3797,420],[326,44,315],[326,44,361],[326,2280,28],[326,2755,434],[326,2755,74],[326,2755,362],[327,13,477],[327,962,500],[327,1117,453],[327,1117,196],[327,1419,413],[327,3377,41],[327,3377,346],[328,829,366],[328,829,415],[328,2631,474],[328,2899,318],[328,2899,389],[328,2899,460],[328,3519,63],[328,3519,443],[328,3519,95],[329,197,172],[329,556,294],[329,3417,57],[330,650,348],[330,1351,415],[330,1351,384],[330,1958,95],[330,2564,429],[330,3633,76],[330,3633,476],[330,3979,353],[331,690,107],[331,820,204],[331,1590,255],[331,2755,434],[331,2755,74],[331,2755,362],[331,3006,418],[331,3066,492],[332,1268,8],[332,1268,75],[332,2403,430],[332,2753,362],[332,2753,336],[332,3122,322],[333,326,383],[333,436,91],[333,436,142],[333,1339,444],[333,1661,218],[333,3650,307],[333,3650,218],[333,3650,289],[333,3650,491],[334,467,77],[334,1483,422],[334,1483,449],[334,1483,476],[334,2820,139],[334,2820,208],[335,132,222],[335,578,258],[335,578,23],[336,488,452],[336,1723,422],[336,1723,394],[336,3983,431],[337,99,134],[337,99,450],[337,684,438],[337,3476,459],[337,3813,444],[338,348,398],[338,2776,297],[338,3842,291],[339,110,99],[339,110,423],[339,1439,61],[339,1831,402],[339,2450,365],[340,1885,371],[340,2241,388],[340,2633,70],[340,2633,417],[340,2705,421],[340,3247,364],[341,458,103],[341,458,142],[341,2390,414],[341,2850,460],[341,2850,406],[341,3615,477],[342,1635,349],[342,2865,27],[342,2865,375],[342,3292,241],[342,3292,445],[342,3687,132],[342,3687,15],[342,3687,469],[342,3742,187],[342,3742,456],[343,1382,399],[343,1382,426],[343,1382,216],[343,1700,325],[344,19,416],[344,660,58],[344,940,103],[344,2853,158],[344,2853,434],[344,3315,6],[344,3315,270],[345,351,459],[345,1293,455],[345,1551,253],[345,1551,401],[345,1551,484],[345,2807,390],[345,3156,107],[345,3449,349],[345,3821,415],[346,1192,474],[346,1399,376],[347,772,189],[347,1391,411],[347,1391,157],[347,2461,360],[347,2571,164],[347,2571,370],[348,3505,415],[348,3505,141],[349,867,479],[349,1005,112],[349,1005,484],[349,2570,425],[349,2817,390],[350,1589,500],[350,1589,397],[350,2630,31],[350,2630,298],[350,3389,377],[351,1373,258],[351,1373,441],[351,1373,491],[351,1373,333],[351,3178,379],[351,3178,365],[352,833,465],[352,841,112],[352,1487,155],[352,1487,362],[352,2656,173],[352,2656,406],[352,3787,382],[352,3787,465],[353,1389,34],[353,1389,152],[353,1389,357],[353,2389,350],[353,2389,152],[353,2389,295],[353,3258,120],[353,3258,288],[353,3258,16],[353,3516,394],[353,3516,422],[354,2991,320],[355,1707,452],[355,2747,475],[355,2747,480],[355,2849,488],[355,2849,42],[355,2849,272],[355,3942,247],[356,2492,228],[356,2492,253],[356,2528,353],[356,2528,110],[356,3347,410],[356,3347,453],[356,3347,473],[357,222,381],[357,944,456],[357,1547,418],[357,2240,161],[357,2240,498],[357,2923,369],[358,703,43],[358,703,327],[358,1002,269],[358,1002,2],[358,1629,132],[358,2199,168],[358,3669,387],[358,3669,114],[359,388,378],[359,388,395],[359,569,457],[359,569,423],[359,1483,422],[359,1483,449],[359,1483,476],[359,1551,253],[359,1551,401],[359,1551,484],[359,1688,332],[359,1688,46],[360,419,487],[360,426,476],[360,802,157],[360,1667,469],[361,3176,123],[361,3176,253],[362,1208,105],[362,1772,358],[363,1347,426],[363,1354,495],[363,1723,422],[363,1723,394],[363,2310,412],[363,2314,412],[363,2314,357],[363,3468,137],[363,3468,344],[364,2880,486],[364,3754,366],[365,799,196],[365,799,494],[365,1364,436],[365,1525,98],[365,3240,475],[366,2190,138],[366,3127,137],[366,3127,297],[367,322,442],[367,1389,34],[367,1389,152],[367,1389,357],[367,3281,346],[368,1535,171],[368,1535,66],[368,2064,83],[368,2064,44],[368,2064,253],[368,2463,333],[369,86,417],[369,157,438],[369,1165,373],[369,1165,429],[369,2024,207],[369,2024,408],[369,2678,396],[369,3209,444],[370,333,119],[370,1254,463],[370,3004,466],[370,3004,430],[371,3115,449],[371,3158,408],[371,3158,368],[372,2972,100],[373,183,433],[373,183,92],[373,183,141],[373,444,39],[373,2933,20],[373,3820,164],[374,474,486],[374,474,72],[374,1745,388],[374,2257,275],[374,2257,421],[374,3860,27],[375,780,396],[375,1445,436],[375,1445,463],[376,2024,207],[376,2024,408],[376,2326,142],[376,2755,434],[376,2755,74],[376,2755,362],[376,3319,224],[377,99,134],[377,99,450],[377,1703,370],[377,1703,265],[377,2366,341],[377,2734,198],[378,3091,465],[378,3091,13],[378,3204,56],[378,3204,483],[378,3255,443],[378,3512,113],[378,3512,497],[378,3759,463],[380,1334,127],[380,1334,79],[381,2843,398],[382,491,386],[382,491,177],[382,1240,298],[382,1240,387],[382,1240,494],[382,2561,479],[382,3083,309],[383,845,412],[383,845,443],[383,845,411],[383,1548,364],[383,1548,134],[383,1548,499],[384,16,150],[384,2412,193],[384,2740,107],[385,98,213],[385,1212,382],[385,1212,438],[386,600,437],[386,600,474],[386,3537,321],[387,37,418],[387,737,290],[387,1022,423],[387,1482,414],[387,1482,206],[387,3265,414],[387,3265,5],[388,828,161],[388,3320,166],[389,93,242],[389,93,303],[389,93,311],[389,3042,314],[389,3248,468],[389,3269,441],[389,3323,488],[389,3323,316],[390,334,202],[390,334,419],[391,1949,484],[391,2791,443],[391,2791,343],[391,2957,396],[391,3024,486],[392,146,358],[392,704,33],[392,704,440],[392,1117,453],[392,1117,196],[392,1298,488],[393,30,489],[393,318,311],[393,2299,345],[393,2989,425],[393,2989,1],[394,183,433],[394,183,92],[394,183,141],[394,1180,116],[394,1517,433],[394,1589,500],[394,1589,397],[395,35,13],[395,404,158],[395,404,56],[396,2076,50],[397,315,113],[398,332,500],[398,2672,198],[398,2672,277],[399,904,81],[399,904,439],[399,3067,360],[399,3205,450],[399,3205,403],[400,363,37],[400,363,157],[400,363,434],[400,1268,8],[400,1268,75],[400,1302,66],[400,1579,22],[401,1857,464],[402,454,282],[402,963,436],[402,963,247],[402,1108,428],[402,1108,229],[402,2994,448],[402,3673,457],[403,1558,499],[403,1656,196],[403,1904,468],[403,1904,492],[403,1945,246],[403,1945,464],[403,1945,87],[403,1959,426],[405,242,463],[405,242,233],[405,983,114],[405,1514,301],[405,1514,449],[405,3618,263],[405,3618,469],[406,1324,416],[406,1431,492],[407,269,44],[407,269,410],[407,1297,185],[407,2160,349],[407,3679,154],[408,2469,458],[408,2469,299],[409,474,486],[409,474,72],[409,1454,282],[409,1454,446],[409,1623,235],[409,2402,445],[409,2402,421],[410,3468,137],[410,3468,344],[410,3742,187],[410,3742,456],[411,3188,121],[411,3687,132],[411,3687,15],[411,3687,469],[411,3874,239],[412,1816,5],[412,3127,137],[412,3127,297],[412,3629,337],[412,3629,88],[413,128,84],[413,128,411],[413,128,432],[413,951,452],[413,3213,498],[413,3213,248],[413,3213,262],[414,3268,111],[414,3334,210],[414,3601,155],[414,3713,462],[414,3713,69],[415,708,284],[415,2020,294],[415,2020,80],[416,127,403],[416,127,429],[416,228,140],[416,228,359],[416,2290,275],[417,790,493],[417,790,243],[417,790,298],[417,2648,301],[418,595,21],[419,1258,82],[419,1382,399],[419,1382,426],[419,1382,216],[420,551,317],[420,2402,445],[420,2402,421],[421,114,29],[421,114,494],[421,1611,287],[421,1611,484],[422,2344,3],[422,2414,118],[423,1913,153],[423,2000,242],[423,2030,199],[423,2377,158],[424,3625,447],[424,3668,200],[425,606,304],[425,606,318],[425,913,433],[425,2275,500],[425,2361,435],[425,3790,149],[426,2432,494],[426,3384,460],[426,3542,239],[426,3542,302],[427,869,245],[427,869,26],[427,1486,106],[427,2476,282],[427,3323,488],[427,3323,316],[428,438,24],[428,3367,322],[428,3367,66],[428,3420,271],[429,2765,381],[429,2765,115],[429,3213,498],[429,3213,248],[429,3213,262],[430,2680,24],[431,775,434],[432,3029,435],[432,3029,203],[432,3029,300],[433,2669,468],[434,3292,241],[434,3292,445],[434,3913,291],[435,1945,246],[435,1945,464],[435,1945,87],[435,2821,401],[435,2821,168],[436,1243,181],[436,1243,230],[436,2264,448],[436,3479,200],[436,3479,493],[437,875,61],[437,2665,448],[437,3208,347],[439,280,51],[439,307,474],[439,307,483],[439,785,494],[439,785,395],[439,1070,450],[439,1273,443],[439,1501,434],[440,307,474],[440,307,483],[440,534,265],[440,1586,469],[440,1586,442],[440,2428,457],[440,3073,375],[441,71,146],[441,71,167],[441,71,451],[442,129,41],[442,704,33],[442,704,440],[442,1944,131],[442,2014,87],[444,268,290],[444,268,34],[444,1441,237],[444,1441,27],[444,1686,203],[444,3697,212],[445,449,440],[445,672,3],[445,1299,450],[446,845,412],[446,845,443],[446,845,411],[446,2970,103],[446,2970,486],[447,178,320],[447,178,470],[447,1063,470],[447,2352,470],[447,3672,497],[448,2932,9],[448,2932,401],[449,957,234],[449,1220,150],[450,2394,492],[450,2424,456],[451,3812,60],[452,744,495],[452,2907,433],[453,1327,105],[453,1327,463],[453,1854,240],[453,1854,469],[453,3466,499],[453,3531,370],[454,615,473],[454,3000,241],[454,3000,94],[455,600,437],[455,600,474],[456,1691,197],[456,1691,29],[457,2128,131],[457,2536,475],[457,3450,465],[458,216,219],[458,216,498],[458,216,432],[458,721,422],[458,721,326],[459,978,42],[459,2054,194],[459,3909,347],[460,81,420],[460,416,417],[461,10,491],[461,26,489],[461,564,490],[461,1682,372],[461,1682,471],[461,3650,307],[461,3650,218],[461,3650,289],[461,3650,491],[464,268,290],[464,268,34],[465,253,483],[465,512,295],[465,669,319],[465,669,406],[465,2233,250],[465,2233,489],[466,686,13],[466,3495,318],[466,3495,41],[467,247,441],[467,342,468],[467,3546,418],[467,3546,468],[468,3310,243],[468,3310,53],[469,1000,176],[469,2744,453],[471,74,488],[471,217,173],[471,424,302],[471,424,117],[471,2164,473],[471,2415,81],[472,1425,90],[472,2102,399],[472,2102,121],[474,1303,430],[474,3927,435],[475,3923,487],[476,799,196],[476,799,494],[476,2886,477],[477,410,492],[477,2747,475],[477,2747,480],[478,3884,7],[480,2671,193],[481,64,467],[481,1350,60],[481,1350,421],[481,1475,466],[481,1475,416],[481,1542,21],[481,1542,252],[481,2150,135],[481,3656,446],[481,3721,226],[481,3721,435],[481,3721,470],[482,69,375],[482,2466,375],[482,3299,71],[482,3978,31],[482,3978,448],[483,1822,126],[483,1822,497],[483,1897,5],[483,2226,69],[483,2876,217],[484,861,10],[484,2782,23],[485,216,219],[485,216,498],[485,216,432],[485,400,286],[486,2990,477],[486,2990,287],[486,2990,293],[487,3030,490],[489,618,386],[489,1373,258],[489,1373,441],[489,1373,491],[489,1373,333],[490,1073,320],[491,1067,495],[491,2407,500],[491,2407,91],[491,2663,250],[492,3033,494],[493,1015,431],[493,1371,374],[493,1371,423],[494,3116,342],[494,3116,341],[495,3360,237],[495,3956,282],[496,63,445],[496,1927,256],[496,2617,392],[496,3900,184],[497,1515,238],[497,1894,293],[497,1894,238],[497,1894,67],[497,2092,493],[497,2910,319],[497,3896,500],[498,1453,119],[498,2764,72],[498,2917,323],[499,349,82],[499,349,480],[499,2102,399],[499,2102,121],[500,2482,366],[500,2482,407]];

jitters = [10000,10000,5000,10000,10000,20000,20000,100000,10000,20000,10000,10000,20000,100000,100000,10000,50000,10000,100000,10000,20000,100000,100000,20000,10000,20000,5000,5000,1000,2000,20000,100000,10000,100000,10000,20000,100000,100000,10000,20000,20000,100000,100000,20000,1000,20000,10000,100000,1000,100000,50000,100000,5000,50000,10000,1000,10000,100000,1000,2000,20000,10000,50000,100000,20000,20000,10000,100000,10000,20000,10000,1000,100000,10000,10000,20000,100000,5000,20000,20000,20000,20000,1000,100000,100000,10000,100000,100000,100000,20000,100000,20000,10000,10000,20000,5000,100000,100000,20000,20000,10000,100000,20000,20000,20000,100000,20000,20000,100000,20000,20000,10000,50000,100000,100000,10000,10000,10000,100000,50000,20000,100000,100000,10000,20000,100000,10000,100000,10000,20000,10000,10000,20000,20000,10000,20000,100000,5000,20000,10000,50000,10000,10000,20000,20000,100000,20000,10000,10000,100000,10000,20000,20000,10000,10000,20000,10000,10000,20000,20000,20000,10000,50000,20000,50000,20000,10000,100000,10000,100000,5000,20000,10000,20000,10000,20000,20000,10000,50000,10000,2000,100000,50000,10000,10000,50000,10000,100000,20000,100000,100000,20000,5000,20000,2000,10000,10000,20000,10000,2000,100000,20000,10000,5000,10000,10000,1000,20000,20000,10000,20000,50000,1000,1000,20000,20000,10000,20000,100000,2000,20000,10000,20000,100000,100000,20000,20000,10000,10000,1000,100000,1000,100000,20000,20000,10000,10000,20000,20000,10000,100000,10000,10000,100000,100000,10000,50000,100000,10000,10000,50000,20000,100000,1000,5000,20000,20000,20000,20000,100000,10000,10000,100000,20000,10000,10000,20000,50000,10000,20000,10000,10000,5000,1000,10000,10000,10000,10000,10000,100000,10000,20000,10000,20000,10000,100000,20000,10000,2000,20000,20000,20000,20000,10000,100000,20000,10000,10000,20000,20000,100000,20000,10000,10000,20000,10000,10000,10000,20000,100000,100000,20000,20000,20000,100000,10000,20000,100000,1000,100000,10000,20000,20000,100000,20000,20000,20000,10000,100000,10000,10000,100000,2000,20000,100000,20000,10000,10000,100000,10000,100000,10000,20000,100000,10000,20000,100000,10000,10000,50000,20000,100000,10000,100000,20000,10000,10000,100000,20000,100000,20000,100000,20000,10000,100000,10000,10000,2000,10000,100000,10000,10000,20000,10000,10000,20000,50000,100000,100000,10000,10000,1000,10000,5000,10000,100000,1000,10000,20000,10000,10000,100000,20000,20000,20000,10000,50000,10000,10000,10000,20000,100000,20000,10000,100000,100000,2000,10000,10000,2000,100000,20000,20000,1000,10000,100000,10000,1000,10000,20000,10000,20000,1000,5000,20000,20000,2000,100000,10000,100000,20000,20000,20000,20000,20000,100000,100000,10000,10000,100000,20000,10000,10000,10000,20000,10000,5000,100000,20000,10000,10000,20000,100000,20000,10000,10000,100000,10000,10000,20000,20000,1000,100000,20000,100000,100000,20000,20000,100000,5000,20000,10000,20000,10000,100000,10000,10000,20000,1000,20000,1000,50000,100000,10000,100000,10000,100000,20000,20000,100000,20000,10000,50000,10000,20000,100000,5000,10000,20000,20000];

