NumChains = 50;
NumResources = 3;
NumRunnablesInChains = 279;
MemoryBoundOnResource = 1048576;
UtilizationBoundOnResource = 100;

numberOfTasksinChain = [7,13,11,13,13,11,7,9,7,11,13,7,13,13,9,7,13,7,11,7,11,7,9,11,7,11,11,11,11,9,11,11,7,9,9,13,13,13,7,13,7,7,7,9,13,9,13,13,11,13];

runnablesInChains = [162,270,321,59,218,280,258,7,347,330,429,250,30,77,440,89,128,478,188,152,482,387,163,464,32,432,422,463,124,122,3,477,299,486,464,162,133,404,29,498,32,25,327,265,346,77,243,244,140,238,455,461,226,36,483,27,50,253,109,388,56,111,76,210,407,80,306,324,87,212,442,110,69,401,272,287,214,230,435,129,286,393,228,446,210,151,399,4,258,226,269,283,265,8,207,421,431,461,268,247,460,49,499,99,104,142,201,280,40,141,442,45,17,103,220,21,341,168,402,189,89,228,458,64,487,469,294,433,150,432,491,488,360,281,5,188,304,81,48,479,134,173,224,462,300,145,209,215,367,354,494,499,389,58,306,440,293,245,412,98,496,302,427,372,352,462,441,394,93,218,69,51,176,291,59,418,373,373,213,343,191,480,329,18,252,107,85,370,376,156,398,155,91,392,305,169,206,484,440,431,375,297,261,178,374,270,47,481,465,26,451,103,392,60,484,156,498,469,84,32,77,468,118,123,69,238,292,421,447,236,135,453,132,242,326,79,92,314,482,46,198,281,482,313,270,59,453,365,54,408,462,112,40,126,401,10,179,301,298,145,401,399,131,208,255,368,64,184,251,210,120,82,22,477,102,353,68,21,364];

ProcessingTimesOfMessages = [[1,1,1,1,1],[1,1,1,1,1,1,1,1,1],[1,1,1,1,1,1,1,1,1],[1,1,1,1,1,1,1,1],[1,1,1,1,1,1,1,1],[1,1,1,1,1,1,1,1,1],[1,1,1,1,1,1,1,1,1],[1,1,1,1,1,1],[1,1,1,1,1],[1,1,1],[1,1,1,1,1,1,1,1],[1,1,1,1,1,1],[1,1,1,1,1,1],[1,1,1],[1,1,1,1,1],[1,1,1,1,1,1,1,1],[1,1,1,1,1,1],[1,1,1,1,1,1,1],[1,1,1,1,1,1,1,1],[1,1,1,1,1,1,1,1],[1,1,1,1],[1,1,1,1,1,1,1,1,1,1,1],[1,1,1,1,1],[1,1,1,1],[1,1,1,1,1,1,1],[1,1,1],[1,1,1,1,1],[1,1,1,1,1,1],[1,1,1,1,1],[1,1,1,1,1,1],[1,1,1],[1,1,1,1,1,1,1,1],[1,1,1,1,1,1,1],[1,1,1,1],[1,1,1,1,1,1,1,1],[1,1,1,1,1,1,1,1,1],[1,1,1,1,1,1,1,1,1],[1,1,1,1],[1,1,1,1,1],[1,1,1,1,1,1,1,1,1],[1,1,1,1,1,1,1,1,1,1],[1,1,1,1,1,1,1],[1,1,1,1,1,1,1,1,1,1],[1,1,1,1,1,1,1,1,1],[1,1,1,1,1,1,1],[1,1,1,1,1],[1,1,1,1,1],[1,1,1,1],[1,1,1,1,1,1,1,1],[1,1,1,1,1,1],[1,1,1,1,1,1,1],[1,1,1,1],[1,1,1,1,1,1,1,1],[1,1,1,1,1],[1,1,1,1],[1,1,1,1,1,1,1],[1,1,1,1,1,1,1,1],[1,1,1,1],[1,1],[1,1,1,1,1],[1,1,1,1],[1,1,1,1,1,1],[1,1,1,1],[1,1,1,1,1],[1,1,1,1,1],[1,1,1,1,1],[1,1,1,1,1,1,1],[1,1,1],[1,1,1,1,1],[1,1,1,1,1,1],[1,1,1,1,1,1],[1,1,1,1,1,1,1],[1,1,1,1],[1,1,1,1,1,1],[1,1,1],[1,1,1,1,1,1,1],[1,1,1,1],[1,1,1,1,1,1,1,1,1,1,1,1,1],[1,1,1,1,1,1,1,1],[1,1,1],[1,1,1,1,1,1,1,1,1],[1,1,1,1],[1,1,1,1,1,1],[1,1,1],[1,1,1,1,1],[1,1,1,1,1,1],[1,1,1,1,1,1],[1,1,1,1,1],[1,1,1,1],[1,1,1,1,1,1],[1,1,1,1,1],[1,1,1,1,1,1,1],[1,1,1,1],[1,1,1,1,1,1,1],[1,1,1,1,1,1,1,1,1],[1,1,1,1,1],[1,1,1,1,1],[1,1,1,1,1],[1,1,1,1,1,1,1],[1,1,1,1,1,1,1],[1,1,1,1,1],[1,1,1],[1,1,1,1],[1,1,1,1,1],[1,1],[1,1,1,1],[1,1,1,1],[1,1,1,1,1,1],[1,1,1,1,1],[1,1,1,1,1],[1,1,1,1],[1,1,1,1],[1,1,1,1,1,1],[1,1,1,1,1,1],[1,1,1,1,1,1],[1],[1,1,1,1,1,1,1],[1,1],[1,1,1,1,1,1,1,1],[1,1,1],[1,1,1,1],[1,1,1,1,1,1],[1,1,1,1,1,1,1,1],[1,1,1,1,1,1,1],[1,1,1,1,1,1,1,1,1],[1,1,1,1],[1,1,1,1,1],[1,1,1,1,1],[1,1,1,1,1],[1,1,1,1,1,1,1,1,1,1,1],[1,1,1,1,1,1,1],[1,1,1,1,1,1,1],[1,1,1,1],[1,1,1,1,1,1],[1,1,1,1],[1,1,1,1,1,1,1,1,1,1],[1,1,1,1,1,1,1],[1,1,1,1,1,1,1,1,1],[1,1,1,1,1,1,1],[1,1,1,1],[1,1,1,1,1,1,1,1,1],[1,1,1,1,1],[1,1,1,1,1],[1,1,1,1,1],[1,1,1,1],[1,1,1,1,1,1,1],[1,1,1,1,1,1,1,1,1,1],[1,1,1,1,1,1],[1,1,1,1,1,1],[1,1,1,1,1],[1,1,1],[1,1,1,1,1,1,1,1,1,1],[1,1,1,1,1,1],[1,1,1,1,1,1,1,1],[1,1,1,1,1,1,1,1,1],[1],[1,1,1,1],[1,1,1,1,1,1],[1,1,1,1,1,1,1],[1,1,1,1,1,1,1,1],[1,1,1],[1,1,1,1,1,1],[1,1,1,1],[1,1,1,1],[1,1,1],[1,1,1,1,1],[1,1,1,1,1,1],[1,1,1,1,1,1,1],[1,1,1],[1,1,1,1,1,1,1,1],[1,1,1,1,1,1],[1,1,1,1],[1,1,1,1,1,1,1,1,1],[1,1],[1,1,1,1,1,1,1,1,1],[1,1,1,1,1],[1,1,1,1,1],[1,1,1,1,1,1,1],[1,1,1],[1,1,1,1,1],[1,1,1,1],[1,1,1,1,1,1,1,1,1],[1,1,1,1],[1,1,1,1],[1,1],[1,1,1,1,1],[1,1,1,1,1],[1,1],[1,1,1,1,1,1,1],[1,1,1,1,1,1,1,1,1,1,1],[1,1,1,1,1,1,1],[1,1,1,1],[1],[1,1,1,1],[1,1,1,1,1,1,1,1,1,1],[1,1,1,1,1,1,1],[1,1,1,1,1,1],[1,1,1,1],[1,1,1,1],[1,1,1,1,1],[1,1,1],[1,1,1,1,1,1],[1,1,1,1],[1,1,1,1,1,1,1,1],[1,1,1,1,1,1,1,1,1,1,1,1],[1,1,1,1,1,1],[1,1,1,1],[1,1,1,1,1],[1,1,1,1,1,1],[1,1,1,1],[1,1,1,1,1,1],[1,1,1,1,1,1],[1,1,1,1,1],[1,1,1,1,1,1,1],[],[1,1,1],[1],[1,1,1],[1,1,1,1,1,1,1],[1,1,1],[1,1,1,1,1,1],[1,1,1,1],[1,1,1],[1,1,1,1,1,1],[1,1,1,1,1,1],[1,1,1,1,1],[1,1,1,1],[1,1,1,1],[1,1,1,1,1],[1,1,1,1,1,1,1,1,1],[1,1,1,1,1,1],[1,1,1,1],[1,1,1],[1,1,1,1],[1,1,1,1,1,1],[1,1],[1,1,1],[1,1,1,1,1,1],[1,1,1],[1,1,1,1,1,1,1],[1,1,1],[1,1,1,1],[1,1,1,1,1,1,1,1,1,1,1,1],[1,1],[1,1,1,1,1,1,1],[1,1,1,1,1,1],[1,1,1],[1,1,1,1,1,1],[1,1,1],[1,1,1,1,1,1,1],[1,1,1,1,1,1],[1],[1,1,1,1,1,1,1],[1,1,1,1,1],[1,1,1,1,1,1,1,1],[1,1,1,1],[1,1,1,1,1],[1,1,1,1,1,1,1],[1,1,1,1],[1,1,1],[1,1,1],[1,1,1,1,1,1,1],[1,1,1,1],[1,1,1,1,1,1,1,1,1],[1,1,1],[1,1,1,1,1,1,1],[1,1,1,1,1,1,1,1],[1,1,1,1,1,1],[1,1],[1,1,1,1],[1,1,1,1],[1,1,1,1,1],[1,1,1,1,1,1],[1,1,1,1,1,1,1,1],[1,1,1,1,1,1,1,1],[1,1,1,1,1,1],[1,1,1,1,1,1],[1,1,1,1,1,1,1,1,1],[1,1,1,1],[1,1,1,1],[1,1,1,1,1],[1,1,1,1,1,1],[1,1,1,1,1,1],[1,1,1,1,1],[1,1,1,1,1],[1],[1,1,1,1,1,1],[1,1,1,1,1,1,1,1,1],[1,1,1,1,1,1,1],[1,1,1,1,1],[1,1,1,1,1,1],[1,1,1,1,1,1],[1,1,1],[1,1,1,1],[1,1,1,1,1,1,1],[1,1,1,1,1,1,1],[1,1,1,1,1,1,1],[1],[1,1,1],[1,1],[1],[1,1,1,1],[1,1,1,1,1,1,1],[1,1,1,1],[1,1,1,1,1],[1,1,1,1,1,1],[1,1,1,1],[1,1,1],[1,1,1,1],[1,1,1,1,1,1],[1,1,1,1,1],[1,1,1],[1,1,1],[1,1,1,1,1,1],[1,1,1,1,1,1],[1,1,1,1,1],[1,1,1,1],[1,1,1,1,1,1,1],[1,1,1],[1,1,1,1,1,1],[1],[1,1,1,1,1,1,1],[1,1,1,1,1,1],[1,1,1,1,1,1,1,1,1,1],[1,1,1,1,1,1],[1,1,1,1,1],[1],[1,1,1],[1],[1,1,1,1,1],[1,1,1,1],[1,1,1],[1,1,1,1,1],[1,1,1,1,1,1],[1,1,1,1,1,1,1],[1,1,1,1,1,1,1,1,1],[1,1,1],[1,1,1,1,1,1,1,1],[1,1,1],[1,1,1],[1,1],[1,1],[1,1,1,1,1],[1,1],[1,1,1,1,1],[1,1],[1,1,1,1],[1,1,1],[1],[1,1,1,1],[1,1],[1],[1,1,1],[1,1,1,1,1,1],[1,1,1,1,1,1,1],[1,1,1],[1,1,1],[1,1,1],[1,1,1,1],[1,1,1,1,1,1],[1],[1,1,1],[1,1,1,1],[1,1],[1],[1,1,1],[1,1,1,1],[1,1],[1,1,1,1,1,1,1,1,1],[1,1,1,1],[1,1,1,1,1],[1,1,1,1],[1,1,1,1,1],[1,1,1,1,1],[1,1,1],[1,1,1,1,1],[1,1,1,1,1],[],[1,1],[1,1,1,1,1,1,1],[1,1,1],[1,1,1,1,1],[1],[1,1],[1,1],[1,1,1],[1],[1,1,1],[1,1,1,1,1],[1,1,1,1],[],[1,1,1,1,1],[1,1,1,1,1],[1,1,1,1,1],[1,1],[1,1,1,1,1,1,1],[1,1,1,1,1,1,1],[1,1,1],[1,1,1,1],[1,1,1,1],[1,1,1],[1,1],[1,1],[1,1,1],[],[1,1,1,1,1],[1],[1,1,1],[1,1],[1,1,1,1,1,1,1],[1,1],[1,1,1],[1,1,1],[1,1,1,1,1,1,1],[1,1,1,1,1,1],[1,1,1,1,1],[1,1],[1,1,1,1],[1,1,1,1,1,1,1],[],[1,1,1,1],[1,1,1,1,1,1],[1,1,1,1,1,1],[1,1,1,1],[1,1,1],[1,1,1],[1,1,1],[1,1,1,1,1,1,1,1,1],[],[1,1,1,1,1],[1,1],[1,1,1],[1],[1,1,1],[1,1,1],[1,1,1,1,1,1],[1],[1,1,1,1],[1,1,1],[1,1,1,1],[1,1,1],[1,1],[1,1],[1],[1,1],[1,1,1],[1,1],[1,1,1,1],[1,1,1,1,1],[1,1,1,1,1,1,1,1],[1,1,1,1,1,1],[1,1,1,1,1,1,1,1],[1,1,1,1],[1],[1,1,1,1],[1,1,1],[1],[1,1],[1,1,1,1],[],[1,1,1,1,1,1,1],[1,1,1,1,1],[1,1,1],[1,1,1,1,1],[1,1],[1],[1,1,1],[1,1,1],[1,1],[1,1,1,1],[],[1,1,1,1],[1,1],[1,1,1,1,1,1,1,1],[1],[1,1,1,1,1],[1,1,1],[1],[1],[1,1,1],[1,1,1],[1,1,1,1],[1,1,1,1],[1,1,1,1],[1],[1,1],[1,1,1,1],[1,1],[],[],[1,1],[1],[1,1],[1],[1],[1,1,1],[1,1],[1,1,1,1],[1,1],[1,1,1,1]];

processingTimesRunnables = [7,2,5,4,4,5,4,5,5,5,6,5,4,4,5,3,3,4,5,7,5,6,5,5,3,5,5,2,5,3,4,5,4,6,5,2,3,3,2,5,5,4,3,5,5,6,3,5,5,5,5,6,3,5,4,5,5,5,4,3,4,3,7,5,4,6,3,3,7,6,5,5,7,4,4,4,3,6,5,5,5,7,5,6,6,7,6,4,5,2,5,6,3,3,2,5,3,5,6,4,5,5,4,2,6,3,5,5,5,2,6,6,2,3,5,6,5,3,5,5,3,4,5,4,4,3,6,5,5,4,5,6,6,5,5,6,4,6,6,4,3,3,6,6,3,5,4,6,5,3,3,5,6,5,5,6,3,4,4,3,5,3,6,5,2,5,2,5,6,5,5,5,2,5,6,5,4,4,5,2,5,7,5,6,5,5,3,5,3,3,4,2,5,3,4,7,2,5,5,5,3,5,5,5,4,3,6,6,4,3,4,6,5,5,5,4,6,5,6,5,5,5,5,6,4,2,3,5,3,7,5,5,6,6,5,5,6,7,7,6,4,6,6,5,5,4,2,4,6,2,5,2,4,5,3,5,7,3,6,5,5,5,4,4,5,2,6,4,4,5,6,3,6,3,6,4,4,6,3,4,5,5,7,5,4,6,6,4,6,3,6,4,5,5,4,5,5,4,6,4,5,6,6,6,3,2,2,5,5,6,3,4,7,4,5,5,6,6,5,7,6,5,7,5,5,7,5,6,6,5,7,4,5,4,6,6,5,4,4,4,4,6,5,5,5,6,4,3,7,3,6,5,4,2,5,5,4,5,2,3,4,5,5,6,6,7,4,5,4,5,5,2,3,5,2,5,6,3,5,2,6,7,4,3,5,4,2,2,5,5,5,6,4,6,3,5,4,6,7,4,4,5,5,6,5,4,6,5,4,6,5,4,5,4,3,5,5,5,7,4,6,4,3,6,5,2,5,6,3,5,4,6,4,5,6,3,3,5,6,3,7,3,6,4,7,5,4,3,6,6,4,3,5,3,5,5,5,4,5,5,3,3,5,3,6,7,5,5,4,5,4,4,4,5,7,3,3,5,5,5,5,5,5,6,5,6,6,5,6,5,5,6,6,6,5,3,3,3,6,5];

periods = [1000,10000,10000,20000,100000,100000,20000,10000,20000,20000,20000,20000,20000,100000,10000,20000,100000,50000,10000,100000,100000,100000,10000,10000,10000,100000,20000,10000,10000,10000,10000,10000,10000,10000,10000,20000,100000,10000,10000,20000,10000,10000,10000,100000,100000,100000,100000,100000,2000,20000,100000,100000,100000,20000,10000,20000,10000,2000,100000,5000,10000,20000,100000,10000,100000,10000,20000,100000,20000,20000,20000,100000,100000,10000,20000,20000,10000,10000,100000,10000,100000,10000,1000,10000,5000,100000,20000,10000,10000,10000,5000,100000,20000,50000,1000,100000,100000,10000,2000,10000,10000,100000,100000,2000,100000,10000,50000,10000,20000,20000,20000,20000,1000,20000,10000,100000,100000,10000,20000,10000,10000,10000,20000,10000,20000,20000,20000,10000,20000,10000,20000,100000,100000,100000,10000,10000,10000,100000,10000,20000,20000,2000,20000,10000,20000,100000,20000,20000,10000,10000,10000,100000,100000,20000,5000,5000,10000,20000,100000,20000,10000,100000,100000,10000,10000,10000,1000,10000,5000,10000,20000,5000,100000,100000,2000,100000,10000,10000,20000,10000,100000,20000,1000,10000,100000,100000,20000,100000,10000,100000,100000,100000,10000,2000,10000,50000,20000,100000,100000,10000,2000,1000,100000,10000,20000,5000,10000,20000,20000,10000,10000,20000,100000,20000,20000,10000,20000,20000,50000,100000,100000,20000,100000,20000,20000,20000,20000,10000,100000,20000,100000,10000,20000,10000,20000,10000,20000,20000,10000,20000,20000,100000,20000,20000,10000,10000,20000,10000,100000,10000,10000,50000,20000,20000,20000,50000,20000,20000,20000,1000,10000,100000,10000,10000,10000,50000,20000,20000,10000,100000,10000,20000,20000,10000,100000,20000,1000,10000,100000,20000,100000,20000,10000,10000,10000,20000,20000,100000,10000,10000,100000,20000,10000,10000,10000,20000,10000,20000,100000,20000,20000,20000,20000,100000,5000,10000,20000,100000,10000,20000,10000,10000,100000,100000,10000,100000,20000,1000,10000,10000,100000,100000,20000,20000,10000,100000,10000,20000,50000,20000,100000,100000,100000,10000,1000,100000,20000,10000,20000,10000,100000,50000,100000,10000,10000,10000,20000,10000,20000,100000,10000,20000,100000,2000,10000,20000,100000,20000,20000,100000,10000,20000,20000,100000,20000,100000,2000,20000,20000,5000,20000,20000,100000,10000,10000,5000,20000,20000,100000,20000,20000,1000,20000,100000,10000,20000,100000,20000,2000,20000,10000,5000,10000,20000,10000,100000,20000,5000,20000,100000,20000,10000,10000,10000,100000,20000,10000,20000,10000,20000,20000,10000,10000,100000,10000,1000,20000,100000,20000,100000,10000,10000,20000,100000,20000,10000,20000,10000,20000,2000,10000,10000,10000,100000,20000,20000,20000,10000,1000,10000,20000,20000,10000,1000,10000,10000,10000,50000,100000,10000,100000,1000,100000,10000,20000,100000,1000,10000,10000,20000,20000,20000,10000,100000,100000,20000,10000,10000,10000,20000,20000,100000,50000,100000,100000,100000,100000,100000,100000,50000,100000,100000,20000,5000,10000,100000,10000,10000,100000,100000,10000,100000,100000,2000,10000,20000,20000,10000,2000,20000];

communicationTimeForOrderCriticalMessages = [1,1,1,1,1,1,1,1,1,1,1,1,1,1,1,1,1,1,1,1,1,1,1,1,1,1,1,1,1,1,1,1,1,1,1,1,1,1,1,1,1,1,1,1,1,1,1,1,1,1,1,1,1,1,1,1,1,1,1,1,1,1,1,1,1,1,1,1,1,1,1,1,1,1,1,1,1,1,1,1,1,1,1,1,1,1,1,1,1,1,1,1,1,1,1,1,1,1,1,1,1,1,1,1,1,1,1,1,1,1,1,1,1,1,1,1,1,1,1,1,1,1,1,1,1,1,1,1,1,1,1,1,1,1,1,1,1,1,1,1,1,1,1,1,1,1,1,1,1,1,1,1,1,1,1,1,1,1,1,1,1,1,1,1,1,1,1,1,1,1,1,1,1,1,1,1,1,1,1,1,1,1,1,1,1,1,1,1,1,1,1,1,1,1,1,1,1,1,1,1,1,1,1,1,1,1,1,1,1,1,1,1,1,1,1,1,1,1,1,1,1,1,1,1,1,1,1,1,1];

sizeOfRunnables = [1,1,1,1,1,1,1,1,1,1,1,1,1,1,1,1,1,1,1,1,1,1,1,1,1,1,1,1,1,1,1,1,1,1,1,1,1,1,1,1,1,1,1,1,1,1,1,1,1,1,1,1,1,1,1,1,1,1,1,1,1,1,1,1,1,1,1,1,1,1,1,1,1,1,1,1,1,1,1,1,1,1,1,1,1,1,1,1,1,1,1,1,1,1,1,1,1,1,1,1,1,1,1,1,1,1,1,1,1,1,1,1,1,1,1,1,1,1,1,1,1,1,1,1,1,1,1,1,1,1,1,1,1,1,1,1,1,1,1,1,1,1,1,1,1,1,1,1,1,1,1,1,1,1,1,1,1,1,1,1,1,1,1,1,1,1,1,1,1,1,1,1,1,1,1,1,1,1,1,1,1,1,1,1,1,1,1,1,1,1,1,1,1,1,1,1,1,1,1,1,1,1,1,1,1,1,1,1,1,1,1,1,1,1,1,1,1,1,1,1,1,1,1,1,1,1,1,1,1,1,1,1,1,1,1,1,1,1,1,1,1,1,1,1,1,1,1,1,1,1,1,1,1,1,1,1,1,1,1,1,1,1,1,1,1,1,1,1,1,1,1,1,1,1,1,1,1,1,1,1,1,1,1,1,1,1,1,1,1,1,1,1,1,1,1,1,1,1,1,1,1,1,1,1,1,1,1,1,1,1,1,1,1,1,1,1,1,1,1,1,1,1,1,1,1,1,1,1,1,1,1,1,1,1,1,1,1,1,1,1,1,1,1,1,1,1,1,1,1,1,1,1,1,1,1,1,1,1,1,1,1,1,1,1,1,1,1,1,1,1,1,1,1,1,1,1,1,1,1,1,1,1,1,1,1,1,1,1,1,1,1,1,1,1,1,1,1,1,1,1,1,1,1,1,1,1,1,1,1,1,1,1,1,1,1,1,1,1,1,1,1,1,1,1,1,1,1,1,1,1,1,1,1,1,1,1,1,1,1,1,1,1,1,1,1,1,1,1,1,1,1,1,1,1,1,1,1,1,1,1,1,1,1,1,1,1,1,1,1,1,1,1,1,1,1,1,1,1,1,1,1,1,1,1,1,1,1,1,1,1,1,1,1,1,1,1,1,1,1,1];

SenderLabelReceiverOrderCriticalChains = [[162,437,0,0,270],[270,786,0,0,321],[321,3128,0,0,59],[218,346,0,0,280],[280,1045,0,0,258],[258,2735,0,0,7],[7,2179,0,0,347],[347,3398,0,0,330],[330,3882,0,0,429],[250,2421,0,0,30],[30,1266,0,0,77],[77,1115,0,0,440],[440,3929,0,0,89],[89,2868,0,0,128],[478,1333,0,0,188],[188,3174,0,0,152],[152,495,0,0,482],[482,2112,0,0,387],[387,1861,2825,0,163],[163,3216,0,0,464],[32,882,0,0,432],[432,1537,0,0,422],[422,3630,0,0,463],[463,1688,0,0,124],[124,3755,0,0,122],[122,2437,0,0,3],[477,2592,3339,0,299],[299,829,0,0,486],[486,1732,0,0,464],[464,2574,0,0,162],[162,820,0,0,133],[404,3642,0,0,29],[29,559,0,0,498],[498,3333,0,0,32],[25,2176,0,0,327],[327,2768,0,0,265],[265,1837,0,0,346],[346,205,0,0,77],[243,3314,0,0,244],[244,3512,0,0,140],[140,1918,0,0,238],[455,1133,0,0,461],[461,898,0,0,226],[226,315,0,0,36],[36,3291,0,0,483],[483,1222,0,0,27],[50,60,0,0,253],[253,1647,0,0,109],[109,199,0,0,388],[388,3650,0,0,56],[56,3546,0,0,111],[111,2411,0,0,76],[210,3588,0,0,407],[407,3923,0,0,80],[80,837,0,0,306],[324,1600,0,0,87],[87,2056,0,0,212],[212,587,0,0,442],[442,2205,0,0,110],[110,2716,0,0,69],[69,777,0,0,401],[272,3504,0,0,287],[287,1066,0,0,214],[214,1402,0,0,230],[230,435,0,0,435],[435,2707,0,0,129],[129,3786,0,0,286],[393,538,0,0,228],[228,3652,0,0,446],[446,290,447,0,210],[210,2373,0,0,151],[399,1998,0,0,4],[4,723,0,0,258],[258,3480,0,0,226],[269,3186,0,0,283],[283,978,0,0,265],[265,2345,0,0,8],[8,3429,0,0,207],[207,2394,0,0,421],[421,347,0,0,431],[461,2456,0,0,268],[268,3037,0,0,247],[247,446,0,0,460],[49,1131,0,0,499],[499,1561,0,0,99],[99,470,3542,0,104],[104,2280,0,0,142],[142,3546,0,0,201],[280,2478,0,0,40],[40,1696,0,0,141],[141,692,0,0,442],[45,1201,0,0,17],[17,1778,0,0,103],[103,187,0,0,220],[220,2977,0,0,21],[21,2531,0,0,341],[168,1512,0,0,402],[402,2980,0,0,189],[189,324,0,0,89],[228,2524,0,0,458],[458,3437,0,0,64],[64,1569,0,0,487],[487,732,0,0,469],[294,527,0,0,433],[433,1612,0,0,150],[150,2907,0,0,432],[432,1190,0,0,491],[491,970,1310,0,488],[360,258,0,0,281],[281,3765,0,0,5],[5,3006,0,0,188],[304,3398,0,0,81],[81,2871,0,0,48],[48,1805,0,0,479],[479,2244,0,0,134],[134,1550,0,0,173],[224,1902,0,0,462],[462,2853,0,0,300],[300,1162,0,0,145],[145,1484,0,0,209],[209,1726,0,0,215],[367,2734,0,0,354],[354,1112,0,0,494],[494,143,0,0,499],[499,2127,3720,0,389],[389,3645,0,0,58],[306,668,0,0,440],[440,905,0,0,293],[293,2369,0,0,245],[245,1942,0,0,412],[412,3531,0,0,98],[496,3282,0,0,302],[302,2920,0,0,427],[427,1849,0,0,372],[372,3928,0,0,352],[462,437,0,0,441],[441,870,0,0,394],[394,2459,0,0,93],[93,521,0,0,218],[218,1596,0,0,69],[51,765,0,0,176],[176,649,0,0,291],[291,3689,0,0,59],[59,1313,0,0,418],[418,3381,0,0,373],[373,880,0,0,213],[213,1006,0,0,343],[343,978,0,0,191],[480,3660,0,0,329],[329,1245,2951,0,18],[18,1018,1276,0,252],[252,3527,3829,0,107],[85,2791,0,0,370],[370,619,0,0,376],[376,3766,0,0,156],[156,2632,0,0,398],[155,1947,0,0,91],[91,2487,0,0,392],[392,3179,0,0,305],[305,555,0,0,169],[169,921,0,0,206],[206,1168,0,0,484],[440,1805,0,0,431],[431,2396,0,0,375],[375,1736,0,0,297],[297,2728,0,0,261],[261,3452,0,0,178],[178,1007,0,0,374],[270,309,0,0,47],[47,309,3414,0,481],[481,1270,0,0,465],[465,2003,0,0,26],[26,560,0,0,451],[451,951,0,0,103],[392,264,0,0,60],[60,3383,0,0,484],[484,667,0,0,156],[498,2265,0,0,469],[469,1537,0,0,84],[84,2972,0,0,32],[32,1801,0,0,77],[77,579,0,0,468],[468,3035,0,0,118],[123,1767,2716,0,69],[69,3076,0,0,238],[238,1070,0,0,292],[421,853,0,0,447],[447,1282,0,0,236],[236,2754,0,0,135],[453,2385,0,0,132],[132,3506,0,0,242],[242,1403,0,0,326],[79,3801,0,0,92],[92,3388,0,0,314],[314,2148,0,0,482],[482,2186,0,0,46],[198,324,0,0,281],[281,656,0,0,482],[482,2269,0,0,313],[313,1339,0,0,270],[270,2959,0,0,59],[59,3993,0,0,453],[365,3566,0,0,54],[54,1516,0,0,408],[408,1094,0,0,462],[462,2023,0,0,112],[40,3152,0,0,126],[126,2822,0,0,401],[401,2936,0,0,10],[10,3927,0,0,179],[179,3057,0,0,301],[301,3559,0,0,298],[145,1693,0,0,401],[401,2229,0,0,399],[399,2442,0,0,131],[131,2802,0,0,208],[208,1382,0,0,255],[255,1125,0,0,368],[64,1572,0,0,184],[184,1167,0,0,251],[251,893,0,0,210],[210,447,0,0,120],[120,2119,0,0,82],[22,1452,0,0,477],[477,598,0,0,102],[102,3920,0,0,353],[353,929,0,0,68],[68,1633,0,0,21],[21,1569,0,0,364]];

SenderLabelReceiverNonOrderCriticalChains = [[1,1022,411],[1,1545,83],[1,1924,335],[1,2015,348],[1,2801,113],[2,666,362],[2,1152,33],[2,1152,45],[2,1987,97],[2,1987,409],[2,3843,184],[2,3843,143],[2,3866,3],[2,3866,155],[3,121,124],[3,121,445],[3,637,116],[3,637,237],[3,637,307],[3,637,405],[3,1660,88],[3,2775,77],[3,3362,15],[4,723,258],[4,723,470],[4,775,70],[4,2227,10],[4,2446,484],[4,3381,390],[4,3381,135],[4,3381,373],[5,261,331],[5,261,146],[5,420,456],[5,420,92],[5,420,419],[5,2187,140],[5,3006,188],[5,3999,6],[6,1365,296],[6,2372,58],[6,2372,332],[6,2372,98],[6,2702,14],[6,2702,224],[6,3314,14],[6,3314,244],[6,3706,26],[7,1664,105],[7,1664,385],[7,2179,174],[7,2179,347],[7,2209,193],[7,2209,412],[7,2456,268],[7,2456,9],[7,3690,484],[8,1625,15],[8,3063,475],[8,3063,247],[8,3063,314],[8,3171,409],[8,3429,207],[9,230,233],[9,471,10],[9,508,425],[9,1529,39],[9,3976,88],[10,217,227],[10,670,11],[10,3927,179],[11,534,13],[11,685,83],[11,2364,399],[11,2596,131],[11,3169,237],[11,3449,118],[11,3449,14],[11,3449,418],[12,1154,325],[12,1252,19],[12,1252,434],[12,1261,476],[12,2944,493],[12,2944,101],[13,1737,98],[13,2310,27],[13,3064,273],[13,3158,150],[13,3843,184],[13,3843,143],[14,974,93],[14,974,296],[14,2326,22],[15,491,12],[15,800,490],[15,1820,379],[15,1820,25],[15,3768,128],[16,376,181],[16,376,255],[16,1050,102],[16,1050,215],[16,1269,347],[16,1512,402],[16,1512,216],[16,3198,61],[17,406,21],[17,1778,103],[17,1931,96],[17,2848,342],[17,2848,352],[17,3564,331],[18,1018,252],[18,1245,329],[18,1276,226],[18,1276,252],[18,2761,448],[18,3701,57],[18,3701,237],[19,356,29],[19,356,243],[19,950,31],[19,950,400],[19,2563,116],[19,2954,343],[19,3099,23],[19,3606,35],[20,379,176],[20,379,482],[20,1560,192],[20,2189,221],[20,2189,16],[20,2624,478],[20,2634,478],[20,3427,79],[21,671,46],[21,1569,487],[21,1569,364],[21,2531,341],[22,1452,477],[22,1799,485],[22,1799,77],[22,1902,185],[22,1902,456],[22,1902,462],[22,2835,480],[22,2835,429],[22,3723,481],[22,3723,409],[22,3895,48],[23,532,311],[23,2240,391],[23,2302,449],[23,2302,24],[23,3032,492],[24,384,33],[24,398,442],[24,1015,62],[24,3477,290],[25,363,34],[25,575,188],[25,2176,129],[25,2176,327],[25,2176,360],[25,3175,432],[25,3511,34],[26,560,451],[26,2550,425],[26,3605,44],[27,884,471],[27,2809,65],[27,3101,461],[27,3461,323],[27,3461,408],[28,525,311],[28,855,355],[28,1166,480],[28,1166,346],[28,3492,151],[28,3682,29],[29,559,498],[29,2033,361],[29,2033,479],[29,3556,31],[29,3556,392],[30,104,407],[30,1061,447],[30,1061,477],[30,1266,77],[30,2330,424],[30,2917,312],[31,510,34],[31,1824,96],[31,3317,193],[32,31,41],[32,31,354],[32,882,432],[32,1056,198],[32,1056,344],[32,1121,335],[32,1801,382],[32,1801,77],[33,1657,176],[33,2754,198],[33,2754,135],[33,2832,479],[33,2832,157],[33,3148,39],[33,3590,191],[34,806,38],[34,1962,353],[34,2559,163],[34,3279,38],[35,569,273],[35,1275,334],[35,1275,409],[35,2649,55],[35,3228,161],[35,3228,388],[35,3839,193],[35,3847,197],[36,742,287],[36,742,229],[36,742,282],[36,2236,119],[36,2535,386],[36,2668,371],[36,2943,301],[36,2943,307],[36,3291,483],[37,261,331],[37,261,146],[37,554,440],[37,1150,229],[37,1150,433],[37,1177,179],[37,1960,73],[37,2370,384],[37,3247,367],[38,379,176],[38,379,482],[38,2529,117],[38,3098,55],[39,268,205],[39,268,471],[39,2189,221],[39,2189,16],[39,2407,61],[40,876,219],[40,1584,76],[40,1696,141],[40,2314,8],[40,2314,99],[40,2400,490],[40,2400,50],[40,3152,126],[40,3152,429],[41,513,42],[41,1785,265],[41,3071,407],[41,3071,456],[41,3071,460],[41,3071,493],[41,3549,140],[41,3549,210],[41,3825,59],[41,3825,208],[42,57,466],[42,609,411],[42,860,82],[42,1567,334],[42,2437,3],[42,2437,100],[42,2721,125],[43,328,223],[43,329,342],[43,329,306],[43,329,433],[43,1504,440],[43,2150,340],[43,2723,27],[43,2723,121],[43,3126,108],[43,3653,204],[44,218,229],[44,1671,246],[44,2067,331],[44,2067,470],[44,2067,300],[44,2160,399],[44,2160,49],[44,2822,116],[44,2822,401],[45,545,405],[45,545,462],[45,678,51],[45,743,453],[45,743,475],[45,1122,59],[45,1201,17],[46,1331,48],[46,2575,133],[46,2703,65],[46,3574,454],[46,3574,373],[47,1360,53],[47,2416,48],[47,3414,481],[47,3530,73],[47,3787,484],[48,1805,431],[48,1805,479],[48,3232,103],[48,3751,137],[49,1131,499],[49,1192,207],[49,1192,51],[49,2277,494],[49,2372,58],[49,2372,332],[49,2372,98],[49,3458,175],[50,60,253],[50,751,313],[50,1987,97],[50,1987,409],[50,2532,218],[50,3078,233],[51,236,52],[51,765,138],[51,765,176],[51,765,239],[51,902,254],[51,988,303],[51,988,115],[52,202,197],[52,654,53],[52,1666,494],[52,2613,63],[53,420,456],[53,420,92],[53,420,419],[53,976,316],[53,976,420],[53,1790,400],[53,2848,342],[53,2848,352],[54,1516,408],[54,1689,209],[54,2714,1],[54,2805,367],[54,3739,258],[55,215,445],[55,2541,80],[55,2591,108],[55,3221,110],[56,417,389],[56,2402,351],[56,3215,249],[56,3243,352],[56,3546,201],[56,3546,471],[56,3546,111],[57,1592,346],[57,1651,136],[57,1651,341],[57,1694,259],[57,1985,78],[57,2229,399],[57,2229,256],[57,2298,361],[58,2706,485],[58,2706,78],[58,3122,99],[58,3936,194],[59,1313,418],[59,3993,453],[60,89,58],[60,1060,156],[60,2098,206],[60,2683,85],[60,3383,484],[61,94,398],[61,94,148],[61,493,90],[61,1880,214],[62,267,212],[62,299,410],[62,1289,47],[62,1289,197],[62,1829,145],[62,1829,184],[63,880,68],[63,880,213],[63,1562,203],[63,2704,350],[64,1569,487],[64,1569,364],[64,1572,184],[64,3256,113],[64,3491,342],[65,297,265],[65,1798,96],[65,1887,28],[65,2808,86],[65,3426,459],[66,53,63],[66,1417,137],[66,2633,412],[66,2633,278],[66,2958,80],[67,932,146],[67,2871,48],[67,2871,44],[67,2957,139],[67,3184,75],[67,3184,116],[67,3515,87],[68,1304,135],[68,1633,21],[68,2062,279],[69,777,401],[69,1113,71],[69,2160,399],[69,2160,49],[69,3076,238],[70,378,330],[70,1083,187],[70,1803,323],[70,2965,406],[70,2965,417],[70,3595,406],[71,211,216],[71,1765,368],[71,3075,76],[71,3095,349],[71,3349,126],[71,3864,154],[72,275,333],[72,1101,252],[72,1101,469],[72,1325,105],[72,2108,304],[72,3190,87],[72,3686,97],[73,419,162],[73,2054,163],[73,2633,412],[73,2633,278],[74,441,164],[74,608,120],[74,1716,14],[74,1992,276],[74,2733,231],[74,3151,112],[75,1855,171],[75,2460,421],[75,3557,93],[76,1692,372],[76,1692,404],[76,2318,286],[76,2688,101],[76,3063,475],[76,3063,247],[76,3063,314],[77,579,129],[77,579,468],[77,1115,465],[77,1115,440],[78,268,205],[78,268,471],[78,2333,253],[78,2333,370],[78,2333,405],[78,2333,211],[78,2372,58],[78,2372,332],[78,2372,98],[78,2631,329],[78,2631,361],[78,3531,98],[78,3531,261],[79,1547,350],[79,1852,163],[79,2218,223],[79,2218,320],[79,2554,477],[79,3110,153],[79,3110,242],[79,3801,92],[80,132,362],[80,837,306],[80,1156,269],[81,1052,275],[81,1382,86],[81,1382,255],[81,1613,464],[81,1613,117],[81,2182,134],[81,2182,293],[81,2871,48],[81,2871,44],[82,196,266],[82,196,337],[82,883,84],[82,1471,437],[83,461,444],[83,461,452],[83,782,95],[83,782,309],[83,1865,483],[83,3808,452],[84,449,54],[84,2972,32],[84,2972,280],[85,54,91],[85,1436,398],[85,2791,369],[85,2791,370],[85,3541,155],[86,765,138],[86,765,176],[86,765,239],[86,1832,97],[86,3421,284],[86,3421,82],[87,208,395],[87,1330,341],[87,2056,303],[87,2056,212],[87,3549,140],[87,3549,210],[88,1793,100],[88,1793,355],[88,2078,228],[88,2078,485],[88,3096,46],[89,158,356],[89,2365,170],[89,2852,345],[89,2868,128],[90,1428,344],[90,1428,149],[90,1645,432],[90,2183,332],[90,3118,94],[90,3373,391],[91,495,374],[91,495,482],[91,697,172],[91,2487,392],[91,3092,298],[92,183,181],[92,1680,465],[92,1831,293],[92,1831,64],[92,2739,264],[92,2739,453],[92,3388,314],[93,521,218],[93,3385,67],[93,3385,319],[93,3979,114],[94,14,219],[94,14,413],[94,345,196],[94,737,107],[94,819,30],[94,1352,159],[94,3583,21],[95,488,217],[95,886,260],[95,2340,444],[95,2873,444],[95,2873,487],[95,2933,167],[95,3045,489],[95,3045,416],[95,3045,202],[96,796,213],[96,796,349],[96,2885,385],[96,2885,117],[96,3303,118],[97,2517,308],[97,2517,306],[97,3039,418],[97,3039,120],[97,3051,293],[98,18,346],[98,18,438],[98,2116,402],[98,2816,393],[98,3981,154],[99,470,104],[99,1715,430],[99,1744,1],[99,1744,142],[99,3542,104],[99,3542,500],[99,3542,115],[100,988,303],[100,988,115],[100,1233,45],[100,1605,199],[100,1605,367],[100,2630,379],[100,2630,273],[101,492,309],[101,492,446],[101,813,106],[101,1303,275],[101,2921,150],[102,2465,272],[102,3516,490],[102,3920,353],[103,187,220],[103,980,418],[103,2803,198],[103,3700,449],[104,1077,427],[104,2280,142],[104,3708,183],[104,3732,194],[104,3732,485],[105,979,343],[105,2536,162],[106,888,263],[106,1559,391],[106,2141,345],[106,3326,122],[107,2498,160],[107,3385,67],[107,3385,319],[107,3829,252],[108,668,440],[108,668,196],[108,1723,295],[108,2698,286],[108,3061,290],[108,3554,118],[109,199,388],[109,644,110],[109,776,257],[109,802,184],[109,1935,339],[110,1084,151],[110,1441,123],[110,1780,126],[110,2716,123],[110,2716,69],[111,745,305],[111,2410,441],[111,2411,76],[111,2660,411],[112,393,357],[112,1813,383],[112,3149,229],[112,3149,374],[113,695,104],[113,695,260],[113,695,365],[113,859,364],[113,3687,102],[113,3730,183],[114,629,383],[114,1189,129],[114,1189,396],[114,1377,156],[114,2314,8],[114,2314,99],[115,157,70],[115,157,236],[115,1581,346],[115,2292,180],[115,3998,438],[115,3998,168],[116,875,220],[117,1065,288],[117,2500,67],[117,2500,385],[117,2500,256],[117,3131,414],[117,3131,466],[117,3131,241],[118,131,411],[118,570,51],[119,255,208],[119,255,347],[119,437,441],[119,437,270],[119,437,442],[119,587,310],[119,587,442],[119,2981,470],[120,1286,165],[120,2119,82],[120,2557,454],[121,2435,289],[121,2534,403],[121,2534,122],[121,2854,151],[122,1011,149],[122,1902,185],[122,1902,456],[122,1902,462],[122,2437,3],[122,2437,100],[123,1767,69],[123,2689,148],[123,2689,281],[123,2832,479],[123,2832,157],[123,3480,107],[123,3480,179],[123,3480,226],[124,133,319],[124,133,361],[124,133,395],[124,473,128],[124,632,420],[124,3204,317],[124,3755,122],[125,21,225],[125,210,154],[125,210,61],[125,312,420],[125,351,349],[125,351,292],[125,351,324],[125,872,225],[125,3836,466],[126,1921,240],[126,2822,116],[126,2822,401],[126,3971,363],[127,563,493],[127,1038,277],[127,1546,262],[127,1599,298],[127,3387,372],[128,667,156],[128,667,421],[128,667,360],[128,1392,139],[128,3457,261],[129,1669,25],[129,1669,254],[129,3786,286],[129,3813,201],[129,3813,140],[130,210,154],[130,210,61],[130,603,269],[130,603,427],[130,1066,214],[130,1066,263],[130,1066,166],[130,1459,136],[130,2677,193],[130,2677,158],[130,3441,329],[131,567,143],[131,2120,139],[131,2689,148],[131,2689,281],[131,2802,208],[131,3184,75],[131,3184,116],[132,403,424],[132,403,202],[132,2001,214],[132,2827,235],[132,2827,422],[132,3104,144],[132,3506,242],[133,1712,220],[133,2405,254],[133,3305,171],[133,3371,215],[134,680,384],[134,1398,90],[134,1398,18],[134,1550,173],[134,1550,191],[134,2991,84],[135,399,310],[135,1620,386],[135,2040,388],[135,3415,181],[136,1066,214],[136,1066,263],[136,1066,166],[136,1276,226],[136,1276,252],[136,1918,146],[136,1918,238],[136,1946,228],[136,3500,328],[136,3500,274],[137,133,319],[137,133,361],[137,133,395],[137,1552,409],[137,1747,165],[137,2248,263],[137,2674,352],[138,102,262],[138,102,475],[138,138,373],[138,1896,357],[138,2785,186],[138,2785,339],[138,3449,118],[138,3449,14],[138,3449,418],[139,376,181],[139,376,255],[139,1829,145],[139,1829,184],[139,2014,167],[139,2517,308],[139,2517,306],[140,1069,182],[140,1918,146],[140,1918,238],[140,3733,298],[141,46,254],[141,457,356],[141,692,442],[141,1457,161],[141,1457,148],[141,2337,301],[141,3196,383],[141,3196,127],[141,3196,245],[142,115,194],[142,1846,307],[142,3546,201],[142,3546,471],[142,3546,111],[143,2,187],[143,139,91],[143,787,153],[143,787,166],[143,787,321],[144,846,345],[144,1820,379],[144,1820,25],[144,3082,467],[144,3082,342],[145,662,144],[145,1484,209],[145,1693,401],[145,2002,182],[146,18,346],[146,18,438],[146,2400,490],[146,2400,50],[146,2576,291],[146,3654,436],[146,3654,475],[147,672,365],[147,1243,300],[147,2662,406],[147,2662,437],[147,2677,193],[147,2677,158],[147,2699,483],[147,2827,235],[147,2827,422],[147,3310,192],[148,5,271],[148,5,356],[148,5,405],[148,1033,358],[148,2384,215],[148,3399,471],[149,423,299],[149,423,417],[149,628,207],[149,1164,216],[149,2580,157],[149,3955,344],[150,1806,200],[150,1930,312],[150,2907,183],[150,2907,432],[150,3133,348],[151,2238,102],[151,2669,186],[151,2669,282],[152,495,374],[152,495,482],[152,742,287],[152,742,229],[152,742,282],[152,1432,329],[152,1432,470],[152,1432,492],[152,2464,234],[152,2464,364],[153,2061,316],[153,3212,227],[153,3212,478],[153,3416,490],[153,3994,313],[153,3994,413],[154,1058,227],[154,2585,429],[154,3480,107],[154,3480,179],[154,3480,226],[154,3542,104],[154,3542,500],[154,3542,115],[155,369,172],[155,1947,91],[155,2159,444],[155,2159,172],[155,2333,253],[155,2333,370],[155,2333,405],[155,2333,211],[155,3386,116],[156,2632,398],[157,856,178],[157,857,269],[157,1238,447],[157,1597,244],[158,221,215],[158,562,239],[158,1017,272],[158,1812,247],[158,3276,267],[158,3324,468],[159,355,188],[159,625,173],[159,1132,281],[159,1777,308],[159,1816,405],[159,2385,132],[159,2385,295],[160,150,272],[160,506,68],[160,506,478],[160,603,269],[160,603,427],[160,677,179],[160,1447,244],[160,3773,429],[161,2030,189],[161,3500,328],[161,3500,274],[162,437,441],[162,437,270],[162,437,442],[162,820,133],[162,3149,229],[162,3149,374],[163,2825,8],[163,2825,387],[163,2826,185],[163,3216,464],[164,1208,210],[164,1242,445],[164,1853,174],[164,2672,222],[165,1059,170],[165,2813,232],[165,3004,353],[166,539,351],[166,958,211],[166,2885,385],[166,2885,117],[166,3350,355],[167,403,424],[167,403,202],[167,586,260],[167,934,371],[167,1306,382],[167,2084,491],[168,451,426],[168,540,413],[168,1512,402],[168,1512,216],[168,1526,297],[168,2588,105],[168,3445,234],[169,921,206],[169,1570,370],[169,3663,376],[170,309,47],[170,309,481],[170,952,393],[170,1055,269],[170,2614,228],[170,3196,383],[170,3196,127],[170,3196,245],[171,627,217],[171,1170,286],[171,3001,188],[171,3339,299],[171,3339,477],[171,3875,241],[172,825,370],[172,1469,337],[172,3282,376],[172,3282,302],[173,420,456],[173,420,92],[173,420,419],[173,1831,293],[173,1831,64],[173,2324,456],[173,3110,153],[173,3110,242],[173,3838,424],[174,2833,451],[174,3986,379],[175,94,398],[175,94,148],[175,636,494],[175,1481,348],[175,1481,41],[175,2253,338],[175,2547,467],[175,2547,201],[175,2865,194],[176,649,291],[176,649,55],[176,2211,366],[176,3336,325],[176,4000,483],[177,1711,9],[177,3132,185],[177,3302,317],[177,3617,325],[177,3743,289],[178,1007,374],[178,1094,142],[178,1094,362],[178,1094,462],[178,1948,490],[178,2716,123],[178,2716,69],[179,514,225],[179,3057,301],[179,3939,23],[180,388,290],[180,1309,216],[180,3406,13],[180,3497,227],[180,3762,218],[181,1661,339],[181,1661,378],[181,3339,299],[181,3339,477],[182,196,266],[182,196,337],[182,878,101],[182,1548,217],[182,3045,489],[182,3045,416],[182,3045,202],[182,3833,80],[182,3833,201],[183,1685,86],[183,2485,72],[183,3818,283],[183,3818,318],[184,695,104],[184,695,260],[184,695,365],[184,1167,251],[185,1041,305],[185,2548,326],[186,285,430],[186,1115,465],[186,1115,440],[186,2297,434],[186,3167,50],[187,2857,448],[187,3403,315],[187,3631,460],[187,3825,59],[187,3825,208],[188,690,106],[188,3174,152],[189,324,89],[189,324,281],[189,1226,12],[189,1335,83],[189,3709,4],[189,3866,3],[189,3866,155],[190,1264,192],[190,1601,115],[190,1601,358],[190,1601,203],[190,1601,472],[190,3207,112],[190,3713,437],[190,3830,497],[190,3830,220],[190,3830,432],[190,3897,492],[191,331,192],[191,1317,166],[191,2772,29],[191,2772,380],[191,2772,271],[191,3949,257],[191,3949,332],[192,19,242],[192,19,435],[192,2508,75],[192,3828,198],[193,3963,248],[194,142,132],[194,142,392],[194,497,178],[194,2352,367],[195,111,345],[195,111,398],[195,695,104],[195,695,260],[195,695,365],[195,2426,62],[195,2905,311],[195,3830,497],[195,3830,220],[195,3830,432],[196,15,256],[196,1432,329],[196,1432,470],[196,1432,492],[196,2285,266],[196,3223,381],[196,3352,252],[197,31,41],[197,31,354],[197,996,218],[197,1476,177],[197,1476,209],[197,1594,369],[198,324,89],[198,324,281],[198,1539,396],[198,3698,203],[199,691,142],[199,1687,231],[199,2449,213],[199,3083,332],[200,2386,222],[200,2386,424],[200,3449,118],[200,3449,14],[200,3449,418],[201,1137,354],[201,1605,199],[201,1605,367],[202,173,223],[202,225,277],[202,225,361],[202,615,318],[202,2908,444],[202,2923,416],[203,144,221],[203,191,304],[203,1405,359],[203,1838,341],[204,2182,134],[204,2182,293],[204,2209,193],[204,2209,412],[204,3312,107],[204,3312,457],[204,3312,428],[204,3656,395],[205,321,7],[205,321,224],[205,637,116],[205,637,237],[205,637,307],[205,637,405],[205,2031,492],[205,2067,331],[205,2067,470],[205,2067,300],[205,2198,362],[205,2509,378],[206,438,120],[206,579,129],[206,579,468],[206,1168,484],[206,3293,106],[206,3718,121],[207,928,114],[207,2203,285],[207,2309,295],[207,2394,421],[208,1382,86],[208,1382,255],[208,1916,267],[208,2051,238],[208,2172,320],[209,588,337],[209,1673,241],[209,1726,468],[209,1726,215],[209,1818,365],[209,1818,326],[210,447,120],[210,2373,151],[210,2373,217],[210,3588,407],[211,779,375],[211,779,446],[211,1458,458],[211,2006,397],[211,3574,454],[211,3574,373],[212,326,302],[212,408,264],[212,587,310],[212,587,442],[212,1483,466],[212,3777,339],[213,1006,343],[213,1601,115],[213,1601,358],[213,1601,203],[213,1601,472],[214,356,29],[214,356,243],[214,1094,142],[214,1094,362],[214,1094,462],[214,1173,285],[214,1402,230],[216,2388,407],[216,3029,251],[216,3055,315],[217,2336,328],[218,346,280],[218,1596,69],[218,2424,88],[219,1101,252],[219,1101,469],[219,2224,287],[219,2623,329],[219,2631,329],[219,2631,361],[219,3297,240],[220,385,93],[220,2977,75],[220,2977,21],[221,84,469],[221,544,400],[221,2977,75],[221,2977,21],[221,3392,335],[221,3908,39],[222,1661,339],[222,1661,378],[222,2927,406],[222,3401,277],[223,595,402],[223,596,350],[223,3493,414],[224,3,479],[224,3,497],[224,1902,185],[224,1902,456],[224,1902,462],[224,1978,372],[225,20,368],[225,706,121],[225,3071,407],[225,3071,456],[225,3071,460],[225,3071,493],[226,315,36],[226,2849,276],[226,3012,235],[226,3012,378],[226,3883,156],[227,766,237],[227,2496,386],[227,2630,379],[227,2630,273],[228,2524,458],[228,2524,397],[228,3652,446],[228,3662,248],[229,1503,66],[229,1563,85],[229,1563,143],[229,2723,27],[229,2723,121],[230,435,435],[230,765,138],[230,765,176],[230,765,239],[230,1604,233],[230,1871,442],[230,2268,259],[230,2268,130],[230,3224,259],[231,742,287],[231,742,229],[231,742,282],[231,3053,270],[231,3335,489],[231,3705,279],[232,270,217],[232,2910,234],[232,2910,268],[232,3769,431],[233,1346,152],[233,2895,410],[233,3260,252],[234,865,391],[234,2602,415],[234,2706,485],[234,2706,78],[235,2956,403],[235,2956,363],[235,2990,244],[235,3168,231],[235,3168,425],[235,3624,247],[236,2754,198],[236,2754,135],[237,396,364],[237,1165,232],[237,2418,398],[238,974,93],[238,974,296],[238,1070,292],[238,1117,82],[238,3954,456],[238,3954,492],[239,898,226],[239,898,279],[239,1934,308],[240,661,381],[240,661,241],[240,804,347],[240,2020,286],[240,2982,304],[240,3039,418],[240,3039,120],[241,240,165],[241,240,251],[241,2321,384],[242,1133,461],[242,1133,333],[242,1403,326],[242,3688,249],[243,110,119],[243,110,85],[243,255,208],[243,255,347],[243,352,282],[243,352,327],[243,2112,387],[243,2112,368],[243,3168,231],[243,3168,425],[243,3314,14],[243,3314,244],[244,736,460],[244,3512,140],[245,1522,351],[245,1942,412],[245,2671,215],[245,2671,494],[245,2739,264],[245,2739,453],[245,3397,491],[246,282,284],[246,1197,344],[246,1282,222],[246,1282,236],[246,2273,289],[246,3087,63],[247,443,249],[247,446,460],[247,1967,330],[248,389,183],[248,1013,143],[248,2571,447],[248,2772,29],[248,2772,380],[248,2772,271],[249,1613,464],[249,1613,117],[249,1833,241],[250,304,454],[250,1766,478],[250,2421,30],[250,2831,309],[250,2995,327],[250,3813,201],[250,3813,140],[251,460,427],[251,893,236],[251,893,210],[251,2764,374],[251,3212,227],[251,3212,478],[252,3527,107],[253,1647,109],[253,2386,222],[253,2386,424],[253,2697,286],[253,2697,477],[253,2965,406],[253,2965,417],[254,207,310],[254,1925,2],[254,1925,390],[254,1925,232],[254,2142,161],[255,1125,368],[255,1601,115],[255,1601,358],[255,1601,203],[255,1601,472],[255,1986,436],[255,3949,257],[255,3949,332],[256,731,5],[256,1952,284],[256,2146,443],[256,3609,116],[257,148,276],[257,1192,207],[257,1192,51],[257,1651,136],[257,1651,341],[258,2299,246],[258,2669,186],[258,2669,282],[258,2735,7],[258,3480,107],[258,3480,179],[258,3480,226],[259,1023,378],[259,2274,280],[259,3683,401],[259,3958,301],[260,1801,382],[260,1801,77],[260,2436,439],[261,1209,26],[261,1875,467],[261,3452,178],[262,637,116],[262,637,237],[262,637,307],[262,637,405],[262,1867,339],[262,1867,460],[262,2629,321],[263,779,375],[263,779,446],[263,2425,421],[263,2484,443],[264,264,60],[264,264,445],[264,351,349],[264,351,292],[264,351,324],[264,3421,284],[264,3421,82],[264,3723,481],[264,3723,409],[265,1451,109],[265,1837,346],[265,2345,8],[266,329,342],[266,329,306],[266,329,433],[266,993,473],[266,1733,473],[266,2906,308],[266,3299,473],[267,307,307],[267,796,213],[267,796,349],[267,1275,334],[267,1275,409],[267,1993,412],[267,1993,411],[267,2862,423],[268,62,307],[268,1348,485],[268,2441,359],[268,2907,183],[268,2907,432],[268,3037,247],[269,3186,283],[269,3587,404],[270,309,47],[270,309,481],[270,786,321],[270,2959,59],[271,51,460],[271,817,217],[271,1932,294],[271,2070,319],[272,339,164],[272,339,357],[272,693,298],[272,3319,388],[272,3504,287],[273,48,433],[273,1925,2],[273,1925,390],[273,1925,232],[273,2661,408],[273,3711,301],[274,352,282],[274,352,327],[274,754,169],[274,1722,402],[274,2067,331],[274,2067,470],[274,2067,300],[274,3113,319],[275,9,84],[275,423,299],[275,423,417],[275,877,416],[275,877,349],[275,2081,321],[275,3696,340],[275,3696,348],[276,702,235],[276,702,84],[276,2736,66],[276,2786,133],[276,3674,236],[276,3674,405],[277,2159,444],[277,2159,172],[277,2176,129],[277,2176,327],[277,2176,360],[277,2758,169],[278,134,474],[278,274,285],[278,492,309],[278,492,446],[278,1811,123],[278,1811,312],[278,2218,223],[278,2218,320],[278,3142,403],[279,648,478],[279,1073,366],[279,2962,465],[279,3558,351],[280,1045,258],[280,1148,349],[280,2478,40],[280,3341,356],[281,623,64],[281,623,377],[281,656,482],[281,3765,5],[281,3765,490],[282,760,302],[282,2464,234],[282,2464,364],[282,3045,489],[282,3045,416],[282,3045,202],[283,978,191],[283,978,265],[283,978,377],[283,1354,443],[283,1909,458],[283,2447,391],[284,1056,198],[284,1056,344],[284,1811,123],[284,1811,312],[284,2242,375],[285,2675,453],[285,2825,8],[285,2825,387],[285,3831,290],[285,3907,391],[286,1155,323],[287,1066,214],[287,1066,263],[287,1066,166],[287,1786,174],[287,2638,15],[287,2993,2],[288,2022,373],[288,2707,24],[288,2707,129],[288,2707,138],[288,2985,361],[288,3010,394],[288,3674,236],[288,3674,405],[288,3918,465],[289,1481,348],[289,1481,41],[289,1568,389],[289,1568,404],[289,2463,317],[289,3696,340],[289,3696,348],[290,225,277],[290,225,361],[290,782,95],[290,782,309],[290,3106,487],[291,2032,387],[291,2836,387],[291,3227,490],[291,3669,377],[291,3669,242],[291,3689,59],[292,19,242],[292,19,435],[292,1020,181],[292,2302,449],[292,2302,24],[292,3211,496],[293,397,262],[293,2369,245],[293,2503,319],[294,339,164],[294,339,357],[294,527,433],[294,1817,365],[295,133,319],[295,133,361],[295,133,395],[295,787,153],[295,787,166],[295,787,321],[295,3876,488],[296,209,378],[296,661,381],[296,661,241],[296,2772,29],[296,2772,380],[296,2772,271],[296,2844,410],[297,1692,372],[297,1692,404],[297,2728,261],[297,3063,475],[297,3063,247],[297,3063,314],[297,3359,431],[298,3888,381],[299,829,486],[299,3855,476],[299,3904,489],[300,1162,145],[300,3972,383],[301,3559,298],[302,960,28],[302,2920,427],[302,3152,126],[302,3152,429],[303,1193,380],[303,2785,186],[303,2785,339],[303,3334,406],[303,3381,390],[303,3381,135],[303,3381,373],[304,300,119],[304,1590,449],[304,3398,330],[304,3398,81],[305,374,12],[305,555,169],[305,2891,370],[305,3145,193],[305,3145,468],[306,110,119],[306,110,85],[306,668,440],[306,668,196],[306,3263,262],[306,3964,174],[307,1289,47],[307,1289,197],[307,3473,390],[307,3473,185],[308,738,180],[308,738,333],[308,3643,321],[309,831,270],[309,1000,450],[309,1586,394],[309,1874,393],[310,2534,403],[310,2534,122],[310,3012,235],[310,3012,378],[310,3833,80],[310,3833,201],[311,2702,14],[311,2702,224],[311,3146,373],[311,3465,454],[311,3747,10],[312,738,180],[312,738,333],[312,3957,327],[313,835,492],[313,1339,270],[313,3178,122],[314,240,165],[314,240,251],[314,1472,38],[314,1533,364],[314,2148,482],[314,3008,260],[315,1200,447],[315,1221,320],[315,2069,469],[315,2197,375],[315,3082,467],[315,3082,342],[316,12,88],[316,950,31],[316,950,400],[316,989,364],[316,2506,366],[317,111,345],[317,111,398],[317,698,177],[317,1044,408],[318,66,232],[318,66,457],[318,135,257],[318,610,439],[318,1457,161],[318,1457,148],[318,3845,161],[319,1150,229],[319,1150,433],[319,1897,498],[320,157,70],[320,157,236],[320,2156,53],[320,2283,407],[320,2283,172],[320,3393,338],[321,3128,59],[322,232,244],[322,1818,365],[322,1818,326],[322,1961,269],[322,2130,444],[322,3193,474],[322,3772,434],[323,978,191],[323,978,265],[323,978,377],[323,2268,259],[323,2268,130],[323,3428,294],[324,1189,129],[324,1189,396],[324,1476,177],[324,1476,209],[324,1600,87],[324,1601,115],[324,1601,358],[324,1601,203],[324,1601,472],[324,3400,66],[325,281,255],[325,977,350],[325,1152,33],[325,1152,45],[325,2179,174],[325,2179,347],[326,108,327],[326,743,453],[326,743,475],[326,935,353],[326,2811,384],[327,2768,265],[328,105,425],[328,1973,365],[328,2597,193],[329,2951,18],[330,1387,341],[330,1428,344],[330,1428,149],[330,2949,425],[330,3882,429],[331,2185,435],[331,2185,145],[331,2730,157],[331,3724,332],[332,5,271],[332,5,356],[332,5,405],[333,1301,387],[333,2117,112],[333,2838,350],[333,2943,301],[333,2943,307],[334,565,415],[334,1782,348],[334,2305,488],[334,3517,486],[334,3994,313],[334,3994,413],[335,461,444],[335,461,452],[335,852,438],[335,2707,24],[335,2707,129],[335,2707,138],[335,3621,151],[336,5,271],[336,5,356],[336,5,405],[336,506,68],[336,506,478],[336,1147,441],[336,2012,455],[336,3611,412],[336,3827,472],[337,410,429],[337,1400,460],[337,3940,408],[338,1726,468],[338,1726,215],[338,1993,412],[338,1993,411],[338,2468,407],[338,2500,67],[338,2500,385],[338,2500,256],[339,484,363],[339,2791,369],[339,2791,370],[340,418,468],[340,843,403],[340,2670,458],[341,1398,90],[341,1398,18],[342,1337,328],[342,2992,448],[343,978,191],[343,978,265],[343,978,377],[343,1482,204],[343,3289,379],[344,729,215],[344,1788,303],[345,1793,100],[345,1793,355],[345,3312,107],[345,3312,457],[345,3312,428],[346,205,77],[346,3081,213],[347,2021,190],[347,3398,330],[347,3398,81],[347,3934,97],[348,1467,224],[348,3473,390],[348,3473,185],[349,1631,63],[350,667,156],[350,667,421],[350,667,360],[350,2915,128],[351,1664,105],[351,1664,385],[352,253,121],[353,91,201],[353,929,86],[353,929,68],[354,80,60],[354,1112,494],[354,2176,129],[354,2176,327],[354,2176,360],[354,2363,352],[355,1550,173],[355,1550,191],[355,1579,495],[355,2262,395],[355,2262,61],[355,2671,215],[355,2671,494],[356,1176,385],[356,1911,401],[356,2154,220],[357,368,111],[357,794,56],[357,3834,420],[358,873,400],[358,1431,322],[358,1644,471],[359,472,391],[359,954,437],[359,2019,437],[359,3338,386],[360,10,414],[360,258,281],[360,598,102],[360,598,384],[360,1251,434],[360,3871,164],[361,1804,383],[362,1130,386],[362,1218,435],[362,2249,413],[363,327,378],[363,1637,390],[363,1730,417],[363,2343,382],[364,1252,19],[364,1252,434],[365,3566,54],[366,688,89],[366,1074,420],[366,1624,300],[367,463,73],[367,1568,389],[367,1568,404],[367,2734,354],[368,1032,462],[368,1479,17],[369,623,64],[369,623,377],[369,906,200],[369,2185,435],[369,2185,145],[369,3304,14],[369,3304,38],[369,3669,377],[369,3669,242],[370,619,376],[370,787,153],[370,787,166],[370,787,321],[371,414,429],[371,723,258],[371,723,470],[371,2029,411],[371,2952,408],[372,1662,195],[372,2524,458],[372,2524,397],[372,3928,352],[373,880,68],[373,880,213],[373,3131,414],[373,3131,466],[373,3131,241],[374,1656,469],[374,2873,444],[374,2873,487],[374,3023,413],[374,3023,410],[375,992,126],[375,1679,105],[375,1736,297],[376,142,132],[376,142,392],[376,347,111],[376,347,431],[376,3766,156],[377,3023,413],[377,3023,410],[377,3461,323],[377,3461,408],[377,3727,284],[379,392,234],[379,3901,294],[380,1411,297],[380,1411,211],[380,1611,152],[380,2262,395],[380,2262,61],[380,3262,340],[380,3331,113],[381,1064,388],[381,1274,181],[381,3903,427],[382,877,416],[382,877,349],[382,1869,435],[382,2572,439],[382,2626,162],[383,3802,476],[384,3304,14],[384,3304,38],[385,401,402],[385,3627,463],[386,1717,489],[386,3228,161],[386,3228,388],[387,1861,163],[388,2869,73],[388,3650,56],[388,3650,433],[389,3645,58],[389,3654,436],[389,3654,475],[389,3720,499],[389,3947,494],[390,320,397],[390,3830,497],[390,3830,220],[390,3830,432],[392,264,60],[392,264,445],[392,1144,327],[392,3135,292],[392,3179,305],[393,351,349],[393,351,292],[393,351,324],[393,538,228],[393,2473,454],[394,1212,500],[394,1524,23],[394,1867,339],[394,1867,460],[394,2459,93],[395,3217,446],[395,3565,438],[396,2333,253],[396,2333,370],[396,2333,405],[396,2333,211],[396,2514,420],[396,3543,414],[396,3746,475],[397,948,455],[397,3131,414],[397,3131,466],[397,3131,241],[397,3524,417],[397,3998,438],[397,3998,168],[398,702,235],[398,702,84],[398,3439,100],[399,147,117],[399,1998,4],[399,2442,131],[399,3288,31],[400,66,232],[400,66,457],[400,1563,85],[400,1563,143],[401,2229,399],[401,2229,256],[401,2936,10],[402,2980,189],[402,3779,419],[403,3079,186],[403,3892,225],[404,243,396],[404,961,487],[404,3642,29],[406,637,116],[406,637,237],[406,637,307],[406,637,405],[406,1430,274],[407,3923,80],[408,1094,142],[408,1094,362],[408,1094,462],[409,968,6],[409,3989,20],[410,329,342],[410,329,306],[410,329,433],[410,1603,49],[410,3542,104],[410,3542,500],[410,3542,115],[411,1744,1],[411,1744,142],[412,505,441],[412,3531,98],[412,3531,261],[413,552,446],[413,3650,56],[413,3650,433],[414,976,316],[414,976,420],[414,1501,453],[414,3071,407],[414,3071,456],[414,3071,460],[414,3071,493],[415,2283,407],[415,2283,172],[415,3717,479],[415,3732,194],[415,3732,485],[415,3761,224],[416,14,219],[416,14,413],[416,1149,439],[416,3188,439],[416,3490,457],[417,93,39],[417,2792,496],[418,2234,493],[418,3381,390],[418,3381,135],[418,3381,373],[419,416,436],[419,545,405],[419,545,462],[419,1498,496],[419,1734,437],[419,3556,31],[419,3556,392],[421,347,111],[421,347,431],[421,853,447],[421,2089,127],[422,386,199],[422,2578,358],[422,2687,426],[422,3630,463],[422,3954,456],[422,3954,492],[423,1171,435],[423,1558,455],[423,1558,486],[423,2470,195],[423,2690,31],[423,3584,425],[424,3,479],[424,3,497],[424,1411,297],[424,1411,211],[425,1925,2],[425,1925,390],[425,1925,232],[426,2322,433],[426,2527,342],[426,3571,445],[427,1849,372],[427,2574,162],[427,2574,105],[428,121,124],[428,121,445],[428,321,7],[428,321,224],[428,509,443],[428,2078,228],[428,2078,485],[428,3145,193],[428,3145,468],[430,985,239],[430,1095,499],[430,1178,114],[430,3508,185],[430,3811,249],[431,333,436],[431,2396,375],[432,1190,491],[432,1537,422],[432,1537,84],[433,1612,150],[434,764,474],[434,2033,361],[434,2033,479],[435,2707,24],[435,2707,129],[435,2707,138],[436,2333,253],[436,2333,370],[436,2333,405],[436,2333,211],[436,3818,283],[436,3818,318],[437,1836,74],[438,2500,67],[438,2500,385],[438,2500,256],[438,3364,174],[439,2972,32],[439,2972,280],[439,3795,199],[440,905,293],[440,1805,431],[440,1805,479],[440,3929,89],[441,870,394],[441,2956,403],[441,2956,363],[442,699,239],[442,2205,110],[443,181,459],[443,3062,495],[444,3910,165],[445,11,62],[445,313,324],[446,290,210],[446,2547,467],[446,2547,201],[447,1282,222],[447,1282,236],[448,239,473],[448,1166,480],[448,1166,346],[448,1285,239],[449,102,262],[449,102,475],[449,3701,57],[449,3701,237],[449,3728,390],[450,234,491],[450,342,487],[450,868,298],[450,1050,102],[450,1050,215],[450,1432,329],[450,1432,470],[450,1432,492],[451,649,291],[451,649,55],[451,951,103],[451,3518,294],[451,3737,200],[451,3990,75],[452,1799,485],[452,1799,77],[452,2354,457],[452,2814,457],[452,3312,107],[452,3312,457],[452,3312,428],[452,3912,447],[453,2385,132],[453,2385,295],[453,2944,493],[453,2944,101],[454,2765,463],[455,1133,461],[455,1133,333],[455,2225,52],[455,2781,58],[456,1061,447],[456,1061,477],[456,3697,489],[457,1983,434],[458,2899,52],[458,3437,64],[459,119,488],[459,2708,495],[459,2971,299],[459,3694,448],[461,898,226],[461,898,279],[461,2456,268],[461,2456,9],[461,2501,471],[461,3295,466],[461,3672,480],[462,437,441],[462,437,270],[462,437,442],[462,2023,112],[462,2853,300],[463,1425,26],[463,1688,124],[463,3124,260],[464,1206,472],[464,2373,151],[464,2373,217],[464,2574,162],[464,2574,105],[465,2003,26],[465,2526,351],[466,467,497],[467,589,418],[467,3239,81],[467,3332,495],[468,2056,303],[468,2056,212],[468,3035,118],[469,1537,422],[469,1537,84],[470,3546,201],[470,3546,471],[470,3546,111],[470,3555,248],[472,1250,475],[472,1519,187],[472,1558,455],[472,1558,486],[473,2835,480],[473,2835,429],[474,2377,496],[474,2697,286],[474,2697,477],[474,3071,407],[474,3071,456],[474,3071,460],[474,3071,493],[474,3379,497],[475,350,16],[476,56,479],[476,2662,406],[476,2662,437],[476,3765,5],[476,3765,490],[477,598,102],[477,598,384],[477,2592,299],[478,1333,188],[479,2244,134],[480,58,426],[480,3529,222],[480,3660,329],[481,175,486],[481,1270,465],[481,3841,486],[482,2112,387],[482,2112,368],[482,2186,46],[482,2269,313],[483,893,236],[483,893,210],[483,1222,27],[483,3784,24],[484,667,156],[484,667,421],[484,667,360],[484,899,236],[485,1674,495],[486,1437,489],[486,1732,464],[487,732,469],[487,3196,383],[487,3196,127],[487,3196,245],[488,1310,491],[488,1700,473],[491,970,488],[491,2642,96],[492,1745,144],[493,1320,455],[493,2966,466],[494,143,499],[495,277,498],[496,371,200],[496,3282,376],[496,3282,302],[497,189,500],[497,2567,250],[498,2265,469],[498,2910,234],[498,2910,268],[498,3333,32],[499,1561,99],[499,2127,389],[500,774,312],[500,1669,25],[500,1669,254],[500,3544,153]];

jitters = [1000,10000,10000,20000,100000,100000,20000,10000,20000,20000,20000,20000,20000,100000,10000,20000,100000,50000,10000,100000,100000,100000,10000,10000,10000,100000,20000,10000,10000,10000,10000,10000,10000,10000,10000,20000,100000,10000,10000,20000,10000,10000,10000,100000,100000,100000,100000,100000,2000,20000,100000,100000,100000,20000,10000,20000,10000,2000,100000,5000,10000,20000,100000,10000,100000,10000,20000,100000,20000,20000,20000,100000,100000,10000,20000,20000,10000,10000,100000,10000,100000,10000,1000,10000,5000,100000,20000,10000,10000,10000,5000,100000,20000,50000,1000,100000,100000,10000,2000,10000,10000,100000,100000,2000,100000,10000,50000,10000,20000,20000,20000,20000,1000,20000,10000,100000,100000,10000,20000,10000,10000,10000,20000,10000,20000,20000,20000,10000,20000,10000,20000,100000,100000,100000,10000,10000,10000,100000,10000,20000,20000,2000,20000,10000,20000,100000,20000,20000,10000,10000,10000,100000,100000,20000,5000,5000,10000,20000,100000,20000,10000,100000,100000,10000,10000,10000,1000,10000,5000,10000,20000,5000,100000,100000,2000,100000,10000,10000,20000,10000,100000,20000,1000,10000,100000,100000,20000,100000,10000,100000,100000,100000,10000,2000,10000,50000,20000,100000,100000,10000,2000,1000,100000,10000,20000,5000,10000,20000,20000,10000,10000,20000,100000,20000,20000,10000,20000,20000,50000,100000,100000,20000,100000,20000,20000,20000,20000,10000,100000,20000,100000,10000,20000,10000,20000,10000,20000,20000,10000,20000,20000,100000,20000,20000,10000,10000,20000,10000,100000,10000,10000,50000,20000,20000,20000,50000,20000,20000,20000,1000,10000,100000,10000,10000,10000,50000,20000,20000,10000,100000,10000,20000,20000,10000,100000,20000,1000,10000,100000,20000,100000,20000,10000,10000,10000,20000,20000,100000,10000,10000,100000,20000,10000,10000,10000,20000,10000,20000,100000,20000,20000,20000,20000,100000,5000,10000,20000,100000,10000,20000,10000,10000,100000,100000,10000,100000,20000,1000,10000,10000,100000,100000,20000,20000,10000,100000,10000,20000,50000,20000,100000,100000,100000,10000,1000,100000,20000,10000,20000,10000,100000,50000,100000,10000,10000,10000,20000,10000,20000,100000,10000,20000,100000,2000,10000,20000,100000,20000,20000,100000,10000,20000,20000,100000,20000,100000,2000,20000,20000,5000,20000,20000,100000,10000,10000,5000,20000,20000,100000,20000,20000,1000,20000,100000,10000,20000,100000,20000,2000,20000,10000,5000,10000,20000,10000,100000,20000,5000,20000,100000,20000,10000,10000,10000,100000,20000,10000,20000,10000,20000,20000,10000,10000,100000,10000,1000,20000,100000,20000,100000,10000,10000,20000,100000,20000,10000,20000,10000,20000,2000,10000,10000,10000,100000,20000,20000,20000,10000,1000,10000,20000,20000,10000,1000,10000,10000,10000,50000,100000,10000,100000,1000,100000,10000,20000,100000,1000,10000,10000,20000,20000,20000,10000,100000,100000,20000,10000,10000,10000,20000,20000,100000,50000,100000,100000,100000,100000,100000,100000,50000,100000,100000,20000,5000,10000,100000,10000,10000,100000,100000,10000,100000,100000,2000,10000,20000,20000,10000,2000,20000];

