NumChains = 50;
NumResources = 3;
NumRunnablesInChains = 198;
MemoryBoundOnResource = 1048576;
UtilizationBoundOnResource = 100;

numberOfTasksinChain = [5,5,9,5,7,9,9,5,7,9,5,7,7,7,7,9,5,7,5,7,5,7,7,7,5,5,5,7,9,5,5,9,7,5,9,9,5,9,9,7,7,9,9,7,9,7,7,7,5,7];

runnablesInChains = [406,110,134,252,329,2,500,150,491,214,190,182,480,446,340,460,190,178,358,320,381,130,390,424,320,50,349,378,52,86,335,486,256,475,255,133,183,257,4,262,160,248,221,290,419,53,51,47,92,79,377,103,192,61,384,220,177,11,100,168,116,111,222,44,154,404,127,364,173,464,471,16,270,186,224,303,183,311,287,165,400,444,492,273,394,54,84,426,343,63,340,120,491,493,419,151,373,66,344,440,459,259,85,82,329,204,194,388,47,274,476,267,118,149,18,43,255,325,254,331,412,479,385,27,112,403,362,378,203,104,167,130,279,425,369,88,289,453,257,129,373,430,17,408,119,165,189,398,139,267,205,367,1,68,304,370,418,317,288,262,272,310,132,188,110,125,469,143,264,36,121,84,225,301,278,4,55,337,450,101,204,355,287,172,203,114,444,356,248,231,149,155,164,358,473,390,200,188];

ProcessingTimesOfMessages = [[1,1,1,1],[1,1,1,1,1,1,1,1,1],[1,1,1,1,1,1,1],[1,1,1,1,1,1,1],[1,1,1,1,1,1],[1,1,1,1,1,1,1,1,1],[1,1,1,1],[1,1,1,1,1,1,1,1,1],[1,1,1,1,1],[1,1,1,1,1,1,1,1,1,1,1],[1,1,1,1,1],[1,1,1,1],[1,1,1,1,1,1,1,1,1,1],[1,1,1,1,1,1,2,1,1,1],[1,1,1,1,1],[1,1,1,1],[1,1,1,1,1,1,1],[1,1,1,1,1,1,1,1,1,1],[1,1,1,1,1,1,1,1,1],[1,1,1,1,1,1,1,1,1,1,1,1,1,1],[1,1,1,1,1,1,1],[1,1,1,1,1,1,1],[1,1,1,1,1,1,1,1,1,1],[1,1,1,1,1,1],[1,1,1,1,1,1,1,1,1,1,1],[1,1,1,1],[1,1,1,1,1,1,2,1],[1,1,1,1,1,1,1,1,1],[1,1,1,1,1,1,1,1,1,1,1,1,1,1],[1,2,2,1,1,1,1,1],[1,1,1,1],[1,1,1,1,1,1,1],[1,1,1,1,1,1,1,1,1,1],[1,1,1,1,1,1,1,1],[1,1,1,1,1,1,1,1],[1,1,1,1,1,1,1,1],[1,1,1,1,1,1,1,1,1,1,1],[1,1,1,1,1,1,1,1],[1,1,1,1,1,1,1,1,1,1,1],[1,1,1,1,1,1,1,1],[1,1,1,1,1,1,1],[1,1,1,1,1,1,1,1,1,1,1,1,1,1],[1,1,1,1,1,1,1,1,1],[1,1,1,1,1],[1,1,1,1,1,1,1],[1,1,1,1,1,1,1,1,1],[1,1,1,1,1,1,1,1],[1,1,1,1,1,1,1],[1,1,1,1,1,1,1,1,1,1,1,1,1,1],[1,1,1,1,1,1,1],[1,1,1,1],[1,1,1,1,1,1,1,1],[1,1,1,1,1,1,1,1],[1,1,1,1,1,1],[1,1,1,1,1,1,1,1],[1,1,1,1,1,1,1],[1,1,1,1,1,1,1],[1,1,1,1,1,1,1,1,1,1],[1,1,1,1,1,1,1,1,1],[1,1,1,1,1,1,1,1,1,1],[1,1,1,1,1,1,1],[1,1,1,1,1,1],[1,1,1,1,1,1,1,1,1,1,1,1,1,1,1,1,1],[1,1,1,1],[1,1,1],[1,1],[1,1,1,1,1,1,1],[1,1,1,1,1,1,1,1,1,1],[1,1,1,1,1,1,1],[1,1,1,1,1,1,1,1,1],[1,1,1,1,1],[1,1,1,1,1,1],[1,1,1,1,1,1,1,1,1,1,1],[1,1,1,1,1,1],[1,1,1,1,1,1,1,1],[1,1,1,1,1,1],[1,1,1,1,1,1,1,1,1],[1,1,1,1,1,1,1,1,1],[1,1,1,1,1,1],[1,1,1,1,1,1,1,1,1,1,1,1],[1,1,1,1,1,1,1,1,1],[1,1,1,1],[1,1,1,1,1,1,1,1,1],[1,1,1,1,1],[1,1,1,1,1,1,1,1,1,1],[1,1,1,1,1,1],[1,1,1,1,1],[1,1,1,1,1,1],[1,1,1,1,1,1,1],[1,1,1,1,1,1,1,1],[1,1,1,1,1,1,1,1,1,1,1],[1,1,1,1,1,1,1,1,1],[1,1,1,1,1,1],[1,1,1,1,1],[1,1,1,1,1,1],[1,1,1,1,1,1,1],[1,1,1,1,1,1,1],[1,1,1,1,1,1,1],[1,1,1,1,1,1,1],[1,1,1,1,1,1,1,1,1,1],[1,1,1,1,1,1],[1,1,1,1,1,1,1,1,1,1],[1,1,1,1,1,1],[1,1,1,1,1,1,1,1],[1,1,1,1,1,1,1,1,1,1,1,1,1],[1,1,1,1,1,1,1],[1,1,1,1,1,1,1,1,1,1],[1,1,1,1,1,1,1,1,1],[1,1,1,1,1,1,1,1,1],[1,1,1,1,1],[1,1,1,1],[1,1,1,1,1,1,1,1,1,1],[2,1,1,1,1,1,1,1,1],[1,1,1,1,1,1,1,1],[1,1,1,1,1,1,1],[1,1,1,1,1,1],[1,1,1,1,1,1,1,1],[1,1,1,1,1,1,1],[1,1,1,1,1,1,1,1],[1,1,1,1,1],[1,1,1,1,1,1,1,1],[1,1,1,1,1],[1,1,1,1,1,1,1,1],[1,1,1,1,1,1,1,1,1,1],[1,1,1,1,1,1],[1,1,1,1,1,1,1,1,1],[1,1,1],[1,1,1,1,1,1],[1,1,1],[1,1,1,1,1,1,1,1,1,1],[1,1,1,1,1,1,1,1,1,1,1,1,2],[1,1,1,1,1,1,1,1,1],[1,1,1,1,1,1],[1,1,1],[1,1,1,1,1],[1,1,1,1,1,1,1],[1,1,1,1,1],[1,1,1,1,1],[1,1,1,1,1],[1,1,1,1,1,1,1,1,1,1],[1,1,1],[1,1,1,1],[1,1,1],[1,1,1],[1,1,1,1,1,1,1,1],[1,1,1,1,1],[1,1,1,1,1,1,1],[1,1,1,1,1,1,1,1,1],[1,1,1,1],[1,1,1,1,1,1,1],[1,1,1,1,1,1],[1,1,1,1,1,1,1,1],[1,1,1,1,1,1,1,1,1,1,1],[1,1,1,1,1],[1,1,1,1,1,1,1,1,1],[1,1,1,1],[1,1,1,1,1],[1,1,1,1,1,1,1,1,1,1],[1,1,1],[1,1,1,1,1,1,1],[1,1,1,1,1],[1,1,1,1,1,1],[1,1,1],[1,1,1,1,1,1],[1,1,1,1],[1,1,1],[1,1,1,1,1],[1,1,1,1,1,1,1,1,1],[1,1,1,1],[1,1,1,1,1,1,1,1,1,1,1],[1,1,1,1,1,1,1,1,1,1,1],[1,1],[1,1,1,1,1,1],[1,1,1,1,1,1],[1,1,1,1,1,1,1,1,1,1],[1,1,1,1,1,1,1,1,1,1,1,1,1],[1,1,1,1,1,1,1],[1,1,1,1,1,1,1,1,1,1],[1,1,1,1,1,1],[1,1,1,1,1,1,1],[1,1,1,1,1,1,1],[1,1,1,1,1],[1,1,1,1,1],[1,1,1,1,1,1,1,1],[1,1,1,1,2,1,1],[1,1,1,1],[1,1,1,1],[1,1,1,1,1,1,1],[1,1,1,1],[1,1,1,1,1,1,1],[1,1,1,1,1,1,1,1,1,1,1,1,1],[1,1,1,1,1],[1,1,1,1,1,1,1],[1,1,1,1,1,1,1,1,1,1,1,1],[1,1,1,1,1,1],[1,1,1,1,1,1,1,1],[1,1,1,1,1,1],[1,1,1,1,1,1],[1,1,1,1,1,1,1,1,1,1],[1,1,1,1,1,1,1],[1,1,1,1,1,1],[1,1],[1,1,1],[1,1,2],[1,1,1,1,1,1,1,1,1,1,1],[1,1,1,1,1,1,1],[1,1,1],[1,1,1,1,1],[2,2,1,1,1,1,1],[1,1,1,1,1,1],[1,1,1,1],[1,1,1,1,1,1,1,1,1],[1,1,1,1,1,1,1,1],[1,1,1,1,1],[1,1,1,1,1,1,1,1],[1,1,1,1,1],[1,1,1,1,1,1,1,1,1,1,1],[1,1,1,1,1,1,1,1],[1,1,1,1,1,1,1,1],[1,1,1,1,1,1,1,1,1],[1,1,1],[1,1,1,1,1,1,1,1],[1,1,1,1,1,1,1,1,1],[1,1,1,1,1,1,1],[1,1,1,1,1,1],[1,1,1,1,1,1,1,1,1,1],[1,1,1,1,1,1],[1,1,1,1,1,1],[1,1,1],[1,1,1,1,1,1,1,1,1,1],[1,1,1,1,1],[1,1,1,1],[1,1,1,1],[1,1,1,1],[1,1],[1,1,1,1,1],[1,1,1,1,1],[1,1,1,1,1],[1,2,1,1,1,1],[1,1,1,1],[1,1,1,1,1,1,1,1,1],[1,1],[1,1,1,1,1,1,1],[1,1,1,1,1,1,1,1],[1,1,1,1,1],[1,1,1,1],[1,1,1,2,1],[1,1,1,1,1,1,1],[1,1,1,2,1,1,1,1],[1,1,1,1,1,1,1,1,1],[1,1,1,1,1,1,1,1,1],[1,1,1,1,1,1,1],[1,1,1,1,1,1,1,1],[1,1,1,1],[1,1,1,1],[1,1,1,1,1,1],[1,1],[1,1,1,1,1,1,1,1],[1,1,1,1,1,1,1,1],[1,1,1,1,1,1,1,1,1,1],[1,1,1,1,1,1],[1,1,1,1,1,1],[1,1,1,1],[1,1,1,1,1,1,1],[1,1,1],[1,1,1,1,1,1,1],[1,1,1,1],[1,1,1,1,1,1,1,1,1,1,1,1,1],[1,1,1,1,1,1,1,1],[1,1,1,1,1],[1,1,2,1,1,1,1,1,1,1],[1,1,1,1,1,1,1,1,1,1,1,1],[1,1,1,1,1,1,1],[1,1,1,1,1,1,1,1,1],[1,1,1,1,1,1],[1,1,1],[1,1,1,1,1,1,1,1,1,1,1,1,1,1],[1,1,1,1,1,1,1,1],[1,1,1,1,1,1,1],[1,1,1,1,1,1,1],[1,1,1,1,1,1,1,1],[1,1,1],[1,1,1,1,1,1],[1,1,1],[1,1,1],[1,1,1,1],[2,1,1],[1,1],[1,1,1,1,1],[1,1,1,1,1,1,1,1,1,1,1,1,1,1,1],[1,1,1,1,1,1,1,1,1,1,1,1,1],[1],[1,1,1,1],[1,1,1],[1,1,1,1,1],[1,1,1,1,1,1],[1,1,1],[1,1,1,1,1,1,1],[1,1,1,1,1,1,1,1,1,1],[1,1,1],[1,1,1,1,2,2,1,1],[1,1,1,1,1,1,1],[1,1,1,1],[1,1],[1,1,1,1,1,1,1],[1,1,1,1,1,1],[],[1,1,1],[1,1,1,1],[1,1,1],[1],[1,1,1,1,1,1,1,1],[1,1,1,1,1,1,1],[1,1,1],[1,1,1,1,1,1,1,1,1,1],[1,1,1,1,1,1],[1,1,1],[1],[1,1,1,1,1,1,1,1],[1,1,1],[1,1,1,1,1,1,1],[1,1,1,1,1,1,1,1],[1,1],[1,1],[1,1,1,1],[1,1,1,1,1,1,1],[1,1,1,1],[1],[1,1,1,1,1,1],[1,1,1,1,1,1],[1,1,1,1,1,1],[1],[1,1,1,1,1,1,1],[1,1,1,1,1,1,1,1,1,1],[1,1,1,1,1,1,1,1],[1,1,1,1,1,1],[1],[1,1],[1,1,1,1,1,1,1],[1,1,1],[],[1,1,1,1,1,1,1,1,1,1,1,1,1],[1,1,1,1,1,1,1,1],[1,1,1,1,1],[1,1,1,1,1,1,1],[1,1,1,1,1,1,1,1],[1,1,1,1,1,1,1,1],[1,1,1,1,1],[1,1,1,1,1,1,1],[1,1,1,1],[1,1,1,1],[1,1,1,1,1],[1,1,1,1,1],[1,1,1,1,1],[1,1,1,1],[1,1,1,1,1,1,1,1,1,1,1],[],[1,1,1,1],[1,1],[1],[1],[1,1,1,1,1,1],[1],[1,1,1,1,1,1],[1,1],[1,1,1],[1,1,1,1,1,1,1,1],[1,1,1],[1,1,1,1],[1,1,1],[1,1,1,1,1],[1,1,1,1,1,1],[1,1,1,1,1,1,1],[1,1,1],[1,1,1,1,1,1],[1,1,1],[],[1,1,1,1],[1,1,1,1,1,1,1],[1,1,1,1,1,1,1],[1,1,1],[1,1,1,1],[1,1,1,1,1,1],[1,1,1,1,1,1],[1,1,1,1,1],[1,1,1,1,2,1],[1,1,1],[1],[1,1,1,1,1],[1,1,1,1,1,1],[1,1,1],[1],[1,1,1,1],[1,1,1],[1,1,1,1,1,1,1],[1,1,1,1],[1],[1,1,1,1,1],[1,1],[1,1,1,1],[1,1,1,1,1],[1,1,1,1,1,1],[1,1,1,1,1],[1,1,1],[1,1],[1,1,1,1,1],[1,1,1,1,1,1],[1,1,1,1,1,1],[1,1,1,1,1],[1,1],[1,1,1,1,1,1],[1,1,1,1,1],[1,1,1,1,1,1,1,1],[1,1,1,1,1,1,1],[1,1,1,1],[1,1,1],[1,1,1],[1,1,1,1,1,1,1,1],[1,1,1],[1,1],[1,1,1,1,1,1,1,1,1],[1,1,1,1,1],[1,1],[1,1,1,1],[1,1,1],[1,1,1],[1,1,1,1,1,1,1,1],[1,1,1,1,1],[1,1,1,1],[1,1,1,1,1,1,1,1],[1,1,1,1,1,1,1,1,1],[1,1,1,1,1],[1,1,1],[1,1],[1,1,1,1,1,1,1],[1,1,1,1],[1,1,1,1,1],[1,1,1,1],[1,1,1,1],[1,1,1],[1,1],[1],[1,1,1,1,1],[1,1],[1,1,1,1],[1,1,1,1],[1],[1,1,1,1,1,1],[],[1,1,1,1,1,1],[1,1,1,1],[1,1,1,1,1,1,1],[1],[1,1,1],[1],[1,1],[],[],[1,1,1,1,1,1,1,1],[1,1,1,1,1],[1,1],[1,1,1,1,1],[1,1,1],[1,1,1,1,1,1,1,1],[1,1,1,1,1,1,1],[1,1],[1,1],[1],[1,1,1],[1,1],[1,1,1,1,1,1,1,1,1],[1,1,1,1,1],[1,1,1,1,1,1,1],[1,1,1],[1,1,1],[1,1],[1,1],[1,1],[],[1,1,1],[2,1],[1],[1],[1,1,1],[1,1,1],[1,1,1],[1,1],[1,1,1],[1,1],[1,1,1,1,1],[1,1],[1,1,1,1,1],[1,1,1,1,1],[1,1,1,1],[1,1],[1],[1,1,1,1,1,1,1],[2,2],[1],[1,1,1]];

processingTimesRunnables = [11,12,10,9,12,11,11,10,16,6,13,12,7,13,12,11,13,11,12,11,12,6,14,14,14,13,8,9,7,13,15,12,9,5,13,11,14,7,15,8,10,15,11,15,11,13,14,11,13,15,12,11,9,13,11,10,7,12,11,10,12,11,13,17,10,12,8,13,5,11,12,6,8,8,9,12,13,13,12,12,16,13,16,11,9,8,13,13,12,12,11,12,13,6,12,15,13,8,10,6,11,13,10,13,10,13,11,6,13,16,13,6,6,6,5,12,9,13,10,5,7,16,6,13,11,10,6,10,16,6,15,14,10,10,11,5,12,16,13,7,12,7,11,7,12,12,9,15,11,11,5,15,14,7,12,11,17,12,9,11,12,17,14,11,16,12,7,13,9,13,12,9,9,11,16,8,7,12,13,6,12,10,10,6,13,11,11,9,11,9,12,13,5,16,9,13,10,10,12,9,13,7,15,13,13,12,11,7,7,13,11,12,9,11,16,6,13,16,12,11,10,13,10,7,12,13,8,8,12,10,11,16,7,17,8,12,15,10,12,8,13,12,15,14,13,12,12,10,10,14,10,10,14,14,10,12,13,15,7,14,13,14,11,9,10,10,7,15,13,8,6,8,15,10,7,12,13,11,9,7,5,11,13,9,12,11,14,13,12,16,11,9,13,8,8,6,10,12,11,9,11,13,8,16,13,16,11,6,12,10,8,5,13,13,11,8,7,9,7,10,6,6,11,16,14,12,9,16,6,7,14,11,13,12,8,6,5,13,9,11,11,13,13,10,7,12,9,13,16,12,16,13,11,11,12,13,17,6,4,12,9,13,15,10,13,10,11,11,10,13,5,13,12,10,13,12,11,13,13,12,6,7,15,7,12,15,14,8,12,8,15,14,16,12,4,15,12,15,7,11,11,9,10,14,9,16,11,10,10,16,11,4,11,7,9,10,14,13,5,7,6,13,11,13,7,8,16,13,12,14,10,11,5,13,7,10,12,6,9,12,12,15,12,13,10,16,12,8,12,14,4,9,9,11,6,13,9,10,12,10,9,10,8,17,14,12,12,7,6,14,12,13,9,16,14,12,16,15,13,11,16,8,10,13,10,12,13,10,13,12,15,12,7,13,5,14,10,6,15,14];

periods = [10000,10000,20000,100000,20000,100000,20000,10000,2000,20000,100000,20000,10000,100000,20000,100000,10000,10000,100000,1000,20000,10000,20000,1000,10000,20000,50000,1000,20000,100000,20000,2000,100000,10000,100000,10000,100000,2000,20000,20000,20000,20000,10000,20000,100000,10000,10000,2000,10000,20000,10000,20000,10000,100000,100000,100000,10000,10000,10000,20000,10000,10000,5000,20000,10000,20000,100000,10000,100000,100000,20000,10000,20000,100000,50000,20000,20000,20000,10000,100000,100000,10000,50000,100000,10000,20000,20000,100000,20000,1000,2000,10000,100000,100000,100000,2000,100000,100000,100000,100000,10000,20000,10000,20000,20000,50000,20000,10000,2000,20000,20000,50000,100000,20000,10000,20000,1000,20000,10000,5000,100000,10000,10000,100000,10000,20000,10000,20000,20000,20000,100000,20000,100000,20000,100000,20000,100000,20000,20000,100000,100000,10000,10000,10000,100000,20000,100000,20000,20000,5000,10000,10000,10000,10000,20000,2000,50000,10000,20000,20000,100000,1000,20000,20000,10000,10000,20000,20000,100000,20000,20000,20000,1000,10000,1000,20000,100000,5000,10000,10000,2000,10000,100000,20000,10000,100000,100000,20000,10000,5000,10000,10000,100000,10000,100000,20000,10000,10000,10000,20000,2000,2000,20000,10000,20000,1000,10000,10000,50000,20000,10000,5000,100000,5000,10000,20000,10000,10000,10000,100000,20000,20000,10000,100000,100000,10000,20000,10000,100000,10000,20000,20000,10000,20000,100000,2000,50000,10000,100000,100000,10000,20000,10000,100000,20000,20000,100000,20000,20000,50000,10000,10000,10000,100000,10000,10000,100000,10000,10000,10000,10000,100000,20000,10000,100000,20000,20000,20000,20000,100000,20000,20000,20000,10000,10000,20000,100000,100000,20000,10000,10000,10000,20000,20000,20000,20000,10000,100000,100000,10000,10000,100000,20000,100000,100000,10000,10000,50000,100000,20000,100000,10000,100000,10000,1000,10000,20000,100000,20000,20000,100000,10000,10000,20000,2000,10000,100000,2000,20000,20000,100000,5000,20000,20000,100000,1000,10000,100000,10000,100000,100000,10000,100000,20000,20000,20000,100000,20000,10000,5000,1000,100000,100000,20000,10000,20000,20000,50000,20000,10000,100000,10000,20000,100000,10000,20000,100000,20000,5000,10000,20000,20000,2000,1000,20000,20000,20000,10000,100000,10000,20000,10000,20000,100000,100000,1000,10000,20000,5000,20000,20000,20000,10000,10000,50000,10000,10000,10000,20000,20000,20000,20000,20000,20000,20000,20000,20000,20000,100000,10000,100000,10000,50000,10000,10000,20000,20000,10000,10000,1000,20000,100000,10000,100000,1000,10000,50000,100000,10000,20000,100000,20000,100000,20000,20000,100000,100000,100000,10000,20000,10000,10000,20000,100000,10000,20000,100000,100000,20000,10000,20000,20000,20000,20000,50000,10000,2000,10000,10000,100000,10000,50000,100000,10000,20000,20000,100000,100000,10000,5000,10000,2000,20000,1000,10000,2000,20000,100000,10000,100000,1000,10000,20000,20000,10000,10000,10000,20000,100000,10000,10000,10000,10000,10000,1000,10000,100000,10000,10000,100000,5000,20000,10000,20000,20000,10000,2000,10000,2000,5000];

communicationTimeForOrderCriticalMessages = [1,1,1,1,1,1,1,1,1,1,1,1,1,1,1,1,1,1,1,1,1,1,1,1,1,1,1,1,1,1,1,1,1,1,1,1,1,1,1,1,1,1,1,1,1,1,1,1,1,1,1,1,1,1,1,1,1,1,2,1,1,1,1,1,1,1,1,1,1,1,1,1,1,1,1,1,1,1,1,1,1,1,1,1,1,1,1,1,1,1,1,1,1,1,1,1,1,1,1,1,1,1,1,1,1,1,1,1,1,1,1,1,1,1,1,1,1,1,1,1,1,1,1,1,1,1,1,1,1,1,1,1,1,1,1,1,1,1,1,1,1,1,1,1,1,1,1,1];

sizeOfRunnables = [1038,1170,960,825,1165,1068,1075,940,1513,595,1223,1103,608,1263,1158,1080,1218,1058,1165,1080,1140,540,1340,1308,1308,1248,798,850,648,1260,1420,1170,848,460,1275,1005,1318,645,1443,780,953,1410,1060,1475,1098,1233,1323,1028,1225,1453,1135,1020,835,1210,1080,950,610,1178,1090,978,1125,1038,1293,1620,985,1198,788,1203,405,1028,1178,585,743,783,815,1133,1268,1208,1195,1128,1535,1240,1508,1075,820,783,1290,1248,1180,1198,1098,1195,1225,528,1183,1495,1263,715,970,505,1088,1248,993,1203,948,1248,1080,548,1298,1550,1300,528,570,505,453,1198,863,1215,940,490,638,1513,588,1240,1030,930,580,945,1573,540,1498,1398,923,990,1025,465,1128,1563,1245,683,1170,633,1073,615,1198,1185,813,1458,1080,1043,468,1463,1365,623,1185,1095,1615,1188,803,1090,1195,1605,1383,1043,1583,1135,640,1255,843,1255,1128,818,845,1015,1535,708,630,1105,1270,520,1193,945,948,520,1275,1043,1075,873,1090,828,1120,1275,480,1518,843,1215,998,933,1148,880,1298,650,1485,1275,1283,1170,1090,630,608,1233,1020,1150,900,1043,1560,518,1260,1540,1128,1035,915,1290,993,603,1178,1240,735,705,1200,985,1030,1563,608,1610,753,1143,1458,955,1158,755,1253,1125,1433,1400,1253,1178,1165,938,918,1308,960,983,1365,1323,983,1160,1260,1410,690,1323,1268,1328,1068,843,953,950,655,1405,1248,765,593,760,1465,970,670,1103,1293,1013,825,618,490,1043,1230,818,1185,1053,1308,1243,1165,1588,1015,815,1263,750,728,525,985,1173,1050,878,1075,1293,765,1545,1260,1535,1080,505,1178,913,773,415,1290,1263,1068,728,615,878,698,978,573,565,1038,1545,1303,1158,835,1523,535,630,1333,1075,1243,1170,745,533,480,1300,833,1065,1038,1225,1300,993,670,1150,840,1270,1583,1140,1593,1278,1035,1045,1148,1225,1605,588,400,1158,810,1298,1465,968,1248,948,1008,1065,978,1223,423,1260,1150,953,1268,1163,1065,1225,1208,1133,573,668,1443,685,1165,1430,1328,755,1188,715,1410,1340,1523,1150,378,1438,1170,1405,683,1008,1080,835,968,1355,843,1560,1080,993,948,1600,1045,398,1050,655,878,1000,1313,1278,413,618,580,1208,1015,1230,640,768,1578,1275,1118,1398,985,1090,475,1220,613,908,1178,580,820,1110,1193,1465,1165,1255,968,1535,1165,795,1155,1305,378,900,858,1035,575,1278,820,963,1148,970,863,970,743,1605,1373,1158,1148,685,578,1345,1143,1208,835,1583,1323,1148,1535,1470,1245,1083,1550,760,910,1300,968,1133,1260,918,1240,1120,1495,1165,633,1285,413,1308,955,533,1480,1355];

SenderLabelReceiverOrderCriticalChains = [[406,1904,0,0,110],[110,320,0,0,134],[252,90,0,0,329],[329,3233,0,0,2],[500,331,0,0,150],[150,131,0,0,491],[491,1714,0,0,214],[214,2260,0,0,190],[182,3545,0,0,480],[480,3098,0,0,446],[340,1991,0,0,460],[460,2022,0,0,190],[190,2410,0,0,178],[358,924,0,0,320],[320,1478,0,0,381],[381,1849,0,0,130],[130,1831,0,0,390],[424,1300,0,0,320],[320,1957,0,0,50],[50,3135,0,0,349],[349,1113,0,0,378],[52,2015,0,0,86],[86,1092,0,0,335],[486,3396,0,0,256],[256,2906,0,0,475],[475,3322,0,0,255],[133,2525,0,0,183],[183,267,0,0,257],[257,3318,0,0,4],[4,3153,0,0,262],[160,2744,0,0,248],[248,2622,0,0,221],[290,2148,0,0,419],[419,3270,0,0,53],[53,119,0,0,51],[47,1640,0,0,92],[92,1400,0,0,79],[79,597,0,0,377],[103,1738,0,0,192],[192,1196,0,0,61],[61,1035,0,0,384],[220,876,0,0,177],[177,2552,0,0,11],[11,475,0,0,100],[168,1074,0,0,116],[116,1870,0,0,111],[111,776,0,0,222],[222,1093,0,0,44],[154,903,0,0,404],[404,1997,0,0,127],[364,470,0,0,173],[173,147,0,0,464],[464,2100,0,0,471],[16,1444,0,0,270],[270,1466,0,0,186],[224,1446,0,0,303],[303,3219,0,0,183],[183,3664,0,0,311],[287,1952,0,0,165],[165,1741,0,0,400],[444,2271,0,0,492],[492,1077,0,0,273],[273,3691,0,0,394],[54,520,0,0,84],[84,1204,0,0,426],[426,2597,0,0,343],[63,979,0,0,340],[340,2011,2875,0,120],[120,218,0,0,491],[493,1178,0,0,419],[419,493,0,0,151],[373,3442,0,0,66],[66,1998,0,0,344],[440,3417,0,0,459],[459,900,0,0,259],[85,712,0,0,82],[82,1198,0,0,329],[329,1906,0,0,204],[194,581,0,0,388],[388,3095,0,0,47],[47,388,0,0,274],[274,3458,0,0,476],[267,2852,0,0,118],[118,1515,0,0,149],[18,3022,0,0,43],[43,2770,0,0,255],[325,2132,0,0,254],[254,904,0,0,331],[331,3933,0,0,412],[412,2780,0,0,479],[385,2195,0,0,27],[27,811,0,0,112],[112,828,0,0,403],[362,119,0,0,378],[378,1310,1577,0,203],[104,1000,0,0,167],[167,3255,0,0,130],[130,2439,0,0,279],[279,1042,0,0,425],[369,449,0,0,88],[88,3973,0,0,289],[289,536,0,0,453],[453,1953,0,0,257],[129,993,0,0,373],[373,2771,0,0,430],[17,2798,0,0,408],[408,2400,0,0,119],[119,1498,0,0,165],[165,2301,0,0,189],[398,3407,0,0,139],[139,1107,0,0,267],[267,2186,0,0,205],[205,1776,0,0,367],[1,872,0,0,68],[68,3149,0,0,304],[304,3759,0,0,370],[418,2990,0,0,317],[317,41,0,0,288],[288,1249,0,0,262],[272,3518,0,0,310],[310,2363,0,0,132],[132,340,0,0,188],[188,2460,0,0,110],[125,2050,3342,0,469],[469,1781,0,0,143],[143,2389,0,0,264],[264,2652,0,0,36],[121,2007,0,0,84],[84,1627,0,0,225],[225,1865,0,0,301],[278,3869,0,0,4],[4,3734,0,0,55],[55,3129,0,0,337],[337,671,0,0,450],[101,2935,0,0,204],[204,1080,0,0,355],[355,2931,0,0,287],[172,3503,0,0,203],[203,1040,0,0,114],[114,268,0,0,444],[356,3490,0,0,248],[248,3029,3365,0,231],[231,860,0,0,149],[155,2238,0,0,164],[164,1882,0,0,358],[473,2287,3093,0,390],[390,2059,0,0,200],[200,2070,0,0,188]];

SenderLabelReceiverNonOrderCriticalChains = [[1,872,68],[1,2718,321],[1,2718,22],[1,3653,422],[2,438,360],[2,2164,166],[2,2164,339],[2,2164,448],[2,2164,424],[2,2178,202],[2,2776,328],[2,2972,18],[2,2972,56],[3,247,134],[3,247,13],[3,1754,391],[3,2665,358],[3,2913,354],[3,3231,61],[3,3579,5],[4,1369,6],[4,1369,241],[4,1930,340],[4,1930,308],[4,3153,262],[4,3410,229],[4,3734,55],[5,112,210],[5,614,425],[5,2615,285],[5,2615,235],[5,2658,7],[5,3594,110],[6,825,499],[6,825,357],[6,1637,426],[6,1824,328],[6,3083,286],[6,3134,494],[6,3134,11],[6,3548,38],[6,3548,294],[7,116,10],[7,321,54],[7,500,225],[7,2864,474],[8,165,3],[8,247,134],[8,247,13],[8,1023,261],[8,1147,377],[8,1629,408],[8,1629,103],[8,2953,368],[8,3525,416],[9,916,318],[9,1495,299],[9,1495,491],[9,2134,138],[9,3037,447],[10,584,397],[10,1480,371],[10,1480,269],[10,1826,347],[10,1826,216],[10,2000,275],[10,2000,439],[10,2697,66],[10,2878,148],[10,2878,12],[10,3521,454],[11,88,56],[11,475,296],[11,475,100],[11,1281,19],[11,2328,45],[12,50,146],[12,1961,21],[12,2346,394],[12,3924,261],[13,161,444],[13,161,481],[13,293,301],[13,293,332],[13,293,221],[13,1797,62],[13,2016,25],[13,2016,396],[13,3452,65],[13,3908,165],[14,283,388],[14,707,255],[14,707,488],[14,1562,369],[14,1921,16],[14,2741,397],[14,3024,357],[14,3615,201],[14,3615,33],[14,3893,84],[15,421,21],[15,2135,256],[15,2534,436],[15,3303,425],[15,3303,215],[16,1133,76],[16,1133,353],[16,1444,270],[16,2317,30],[17,187,449],[17,393,22],[17,792,216],[17,804,323],[17,804,489],[17,1942,67],[17,2798,408],[18,2075,272],[18,2075,32],[18,2075,496],[18,2490,59],[18,2993,115],[18,2993,177],[18,3022,43],[18,3022,286],[18,3185,22],[18,3994,449],[19,107,192],[19,107,308],[19,657,30],[19,2952,195],[19,3109,295],[19,3109,207],[19,3120,299],[19,3973,289],[19,3973,303],[20,426,387],[20,426,82],[20,426,292],[20,494,162],[20,494,418],[20,534,24],[20,534,31],[20,590,341],[20,590,158],[20,1027,173],[20,1425,281],[20,3906,498],[20,3906,96],[20,3906,308],[21,60,26],[21,1403,136],[21,2473,473],[21,2866,139],[21,2866,118],[21,3196,201],[21,3196,348],[22,766,50],[22,1189,377],[22,1189,194],[22,1536,81],[22,2216,31],[22,2216,34],[22,3263,75],[23,389,297],[23,389,389],[23,467,143],[23,1092,9],[23,1092,335],[23,2683,108],[23,3138,229],[23,3138,64],[23,3138,346],[23,3419,26],[24,1084,355],[24,1084,219],[24,1175,28],[24,1905,90],[24,3042,481],[24,3509,117],[25,329,382],[25,329,477],[25,1644,307],[25,1644,79],[25,1806,359],[25,1806,457],[25,2190,65],[25,2190,317],[25,3327,304],[25,3895,11],[25,3895,401],[26,1745,392],[26,2163,169],[26,3201,319],[26,3201,453],[27,46,106],[27,352,450],[27,352,458],[27,811,112],[27,1172,417],[27,2169,250],[27,2757,75],[27,3823,209],[28,223,410],[28,476,376],[28,545,52],[28,545,376],[28,2177,367],[28,2177,376],[28,2447,82],[28,3773,252],[28,3891,444],[29,98,149],[29,98,314],[29,422,220],[29,422,377],[29,422,415],[29,1006,116],[29,1986,2],[29,2144,292],[29,2144,87],[29,2216,31],[29,2216,34],[29,3062,480],[29,3062,388],[29,3062,282],[30,1679,35],[30,2649,35],[30,2649,318],[30,2816,426],[30,3234,293],[30,3234,288],[30,3977,54],[30,3977,354],[31,604,159],[31,974,248],[31,3497,285],[31,3686,225],[32,723,412],[32,2729,155],[32,3221,167],[32,3221,363],[32,3445,236],[32,3548,38],[32,3548,294],[33,530,223],[33,530,15],[33,1742,211],[33,1742,360],[33,1917,483],[33,1917,68],[33,1917,350],[33,2143,357],[33,2954,456],[33,2954,35],[34,922,284],[34,922,385],[34,1304,36],[34,1304,438],[34,1772,447],[34,2923,377],[34,2969,364],[34,2969,79],[35,769,97],[35,1750,225],[35,2944,466],[35,2944,405],[35,2944,69],[35,3160,401],[35,3712,441],[35,3712,31],[36,1497,43],[36,1706,276],[36,2053,228],[36,2053,290],[36,2253,475],[36,2582,166],[36,3840,442],[36,3840,242],[37,585,259],[37,1267,144],[37,1267,404],[37,1655,388],[37,1655,430],[37,2489,399],[37,2489,432],[37,3592,253],[37,3592,45],[37,3828,54],[37,3828,337],[38,298,181],[38,2363,363],[38,2363,132],[38,2446,48],[38,3164,156],[38,3164,330],[38,3164,351],[38,3861,447],[39,1263,319],[39,1263,266],[39,1384,366],[39,1519,106],[39,1519,361],[39,2199,203],[39,2545,440],[39,3295,40],[39,3376,80],[39,3376,347],[39,3376,297],[40,906,324],[40,1297,210],[40,1872,308],[40,1872,242],[40,1944,82],[40,2256,159],[40,2644,146],[40,3001,44],[41,6,77],[41,754,366],[41,2529,64],[41,3118,151],[41,3289,382],[41,3986,19],[41,3986,80],[42,1984,13],[42,1984,466],[42,2474,44],[42,2474,260],[42,3030,266],[42,3030,385],[42,3115,382],[42,3115,1],[42,3115,98],[42,3138,229],[42,3138,64],[42,3138,346],[42,3905,417],[42,3905,307],[43,641,460],[43,641,257],[43,1226,46],[43,1261,401],[43,1261,402],[43,1386,74],[43,2770,255],[43,2770,251],[43,3892,192],[44,1098,490],[44,1232,463],[44,1427,66],[44,2775,423],[44,3699,456],[45,1804,142],[45,2104,172],[45,2938,278],[45,2938,367],[45,2938,488],[45,2938,202],[45,3315,81],[46,144,349],[46,144,124],[46,286,228],[46,586,149],[46,1609,384],[46,1609,20],[46,2038,47],[46,2038,209],[46,3248,26],[47,261,7],[47,388,466],[47,388,274],[47,1640,92],[47,2624,296],[47,2624,365],[47,3253,49],[47,3957,465],[48,170,363],[48,1815,163],[48,1815,177],[48,1966,447],[48,2434,462],[48,2982,363],[48,2982,368],[49,538,325],[49,538,455],[49,538,172],[49,1718,58],[49,1718,109],[49,1836,211],[49,1836,309],[49,1968,207],[49,1968,59],[49,1968,457],[49,2277,55],[49,2277,267],[49,3895,11],[49,3895,401],[50,30,457],[50,1439,222],[50,1568,474],[50,2425,66],[50,3135,499],[50,3135,349],[50,3135,143],[51,257,448],[51,629,287],[51,3654,127],[51,3982,77],[52,2015,86],[52,2919,208],[52,2990,310],[52,2990,317],[52,2990,232],[52,3435,89],[52,3684,51],[52,3684,416],[53,119,51],[53,119,378],[53,119,418],[53,343,313],[53,1808,179],[53,1808,263],[53,2021,65],[53,3640,332],[54,520,84],[54,520,189],[54,1083,428],[54,2277,55],[54,2277,267],[54,2671,121],[55,505,441],[55,2972,18],[55,2972,56],[55,3079,325],[55,3129,337],[55,3129,479],[55,3986,19],[55,3986,80],[56,1118,224],[56,2091,321],[56,2091,399],[56,2391,288],[56,2686,198],[56,2686,74],[56,3622,328],[57,1791,319],[57,1963,75],[57,2983,61],[57,3109,295],[57,3109,207],[57,3569,86],[57,3569,122],[58,1079,153],[58,2146,66],[58,2209,235],[58,2235,392],[58,2539,440],[58,3329,200],[58,3329,141],[58,3329,494],[58,3329,300],[58,3885,316],[59,1104,404],[59,1104,173],[59,1133,76],[59,1133,353],[59,1780,409],[59,2688,122],[59,2857,387],[59,3790,359],[59,3790,489],[60,812,492],[60,1002,366],[60,1101,390],[60,1288,53],[60,2248,391],[60,3470,122],[60,3470,105],[60,3863,392],[60,3863,139],[60,3863,482],[61,1035,384],[61,1395,238],[61,1395,243],[61,1836,211],[61,1836,309],[61,2057,282],[61,2351,408],[62,142,144],[62,574,151],[62,2966,304],[62,2966,124],[62,3482,399],[62,3482,145],[63,236,214],[63,236,152],[63,352,450],[63,352,458],[63,979,340],[63,979,46],[63,1241,150],[63,2164,166],[63,2164,339],[63,2164,448],[63,2164,424],[63,2486,389],[63,2906,475],[63,2906,120],[63,2944,466],[63,2944,405],[63,2944,69],[64,94,71],[64,458,172],[64,2059,436],[64,2059,200],[65,1495,299],[65,1495,491],[65,3268,153],[66,1279,73],[66,1998,344],[67,230,70],[67,646,474],[67,646,424],[67,646,312],[67,1721,457],[67,3534,293],[67,3870,125],[68,363,500],[68,363,152],[68,426,387],[68,426,82],[68,426,292],[68,1842,454],[68,1935,332],[68,3149,304],[68,3443,379],[68,3443,127],[69,105,328],[69,1316,181],[69,1316,147],[69,1337,333],[69,1560,183],[69,1793,235],[69,2157,144],[70,891,357],[70,891,453],[70,891,210],[70,2148,419],[70,2148,468],[70,2148,429],[70,2148,476],[70,3591,434],[70,3591,468],[71,2152,148],[71,2215,247],[71,3313,454],[71,3313,363],[71,3600,164],[72,38,123],[72,944,446],[72,1045,159],[72,1430,185],[72,2377,288],[72,2794,371],[73,140,461],[73,140,69],[73,293,301],[73,293,332],[73,293,221],[73,590,341],[73,590,158],[73,2570,463],[73,2624,296],[73,2624,365],[73,3636,89],[74,77,108],[74,2103,472],[74,2103,238],[74,3164,156],[74,3164,330],[74,3164,351],[75,933,445],[75,1798,303],[75,1798,298],[75,2038,47],[75,2038,209],[75,3890,227],[75,3993,377],[75,3993,83],[76,20,398],[76,2355,78],[76,2355,168],[76,2575,77],[76,2860,134],[76,3650,134],[77,297,409],[77,1622,93],[77,2044,136],[77,2149,314],[77,2149,439],[77,2236,499],[77,2236,428],[77,2236,180],[77,2236,238],[78,296,433],[78,307,102],[78,654,365],[78,1984,13],[78,1984,466],[78,2597,99],[78,2597,341],[78,2597,343],[78,3386,128],[79,597,377],[79,685,264],[79,2273,263],[79,2273,496],[79,2299,142],[79,3010,482],[80,782,88],[80,782,296],[80,1369,6],[80,1369,241],[80,1611,1],[80,1611,498],[80,3164,156],[80,3164,330],[80,3164,351],[80,3323,227],[80,3323,254],[80,3709,240],[81,1259,65],[81,1259,356],[81,1462,161],[81,2140,235],[81,2140,457],[81,2188,416],[81,2188,221],[81,3215,94],[81,3533,57],[82,385,180],[82,1198,329],[82,3592,253],[82,3592,45],[83,504,348],[83,1126,106],[83,1321,112],[83,2681,11],[83,3375,237],[83,3375,381],[83,3424,417],[83,3424,328],[83,3424,279],[84,1204,426],[84,1334,215],[84,1334,109],[84,1627,225],[84,2650,186],[85,194,202],[85,207,86],[85,545,52],[85,545,376],[85,712,336],[85,712,82],[85,1377,489],[85,2941,152],[85,3301,420],[85,3301,499],[86,1092,9],[86,1092,335],[86,1333,107],[86,1613,380],[86,1904,492],[86,1904,110],[87,396,9],[87,669,89],[87,1131,232],[87,1477,95],[87,1710,151],[88,1290,434],[88,1290,100],[88,1914,244],[88,2879,432],[88,3973,289],[88,3973,303],[89,268,133],[89,268,498],[89,268,444],[89,1808,179],[89,1808,263],[89,1891,266],[89,2812,137],[90,400,327],[90,496,410],[90,2501,181],[90,2501,236],[90,2970,341],[90,3659,115],[90,3935,173],[90,3935,493],[91,1245,235],[91,1316,181],[91,1316,147],[91,1718,58],[91,1718,109],[91,1887,71],[91,1887,365],[91,2699,453],[91,3205,497],[91,3383,350],[91,3913,318],[92,285,172],[92,1400,79],[92,1592,431],[92,1592,443],[92,2429,123],[92,3303,425],[92,3303,215],[92,3458,204],[92,3458,476],[93,1852,475],[93,1852,160],[93,2564,94],[93,2566,458],[93,2760,265],[93,3536,294],[94,816,149],[94,1964,288],[94,2932,413],[94,2932,241],[94,3868,123],[95,513,465],[95,513,451],[95,963,487],[95,3181,97],[95,3470,122],[95,3470,105],[96,1000,167],[96,1000,202],[96,1082,447],[96,1352,463],[96,1975,326],[96,2868,318],[96,3144,74],[97,762,147],[97,1867,194],[97,3972,440],[97,3972,498],[97,3972,101],[97,3977,54],[97,3977,354],[98,796,297],[98,796,317],[98,1128,53],[98,2471,187],[98,2902,156],[98,2902,137],[98,3841,447],[99,163,311],[99,163,400],[99,1225,135],[99,1629,408],[99,1629,103],[99,2513,141],[99,2914,419],[100,324,135],[100,324,164],[100,679,294],[100,1032,171],[100,1032,360],[100,1737,246],[100,1737,24],[100,2578,307],[100,2578,458],[100,3128,121],[101,686,242],[101,2093,136],[101,2093,269],[101,2416,133],[101,2935,204],[101,2986,370],[102,259,155],[102,701,111],[102,908,358],[102,908,325],[102,2075,272],[102,2075,32],[102,2075,496],[102,3106,101],[102,3106,221],[102,3746,338],[103,806,95],[103,1738,192],[103,3559,95],[103,3559,424],[103,3907,410],[103,3907,404],[104,1000,167],[104,1000,202],[104,1887,71],[104,1887,365],[104,3801,255],[104,3807,145],[104,3825,246],[104,3825,114],[105,1592,431],[105,1592,443],[105,2236,499],[105,2236,428],[105,2236,180],[105,2236,238],[105,2763,57],[105,2766,92],[105,2766,140],[105,3162,300],[105,3162,369],[105,3162,176],[105,3513,304],[106,1920,401],[106,2067,96],[106,2067,192],[106,2520,157],[106,3611,172],[106,3611,112],[106,3611,378],[107,324,135],[107,324,164],[107,471,453],[107,577,318],[107,1069,426],[107,1605,168],[107,1605,348],[107,3424,417],[107,3424,328],[107,3424,279],[108,1856,118],[108,2140,235],[108,2140,457],[108,2188,416],[108,2188,221],[108,2608,372],[108,3778,399],[108,3778,401],[108,3778,87],[109,490,462],[109,1011,256],[109,1011,462],[109,1698,215],[109,1698,455],[109,3192,494],[109,3376,80],[109,3376,347],[109,3376,297],[110,83,267],[110,284,489],[110,320,426],[110,320,134],[110,3391,111],[111,419,167],[111,672,114],[111,776,222],[111,1837,136],[112,17,103],[112,17,240],[112,821,38],[112,828,403],[112,1401,372],[112,1401,407],[112,1401,393],[112,1401,366],[112,1855,129],[112,1855,446],[113,1205,366],[113,1411,250],[113,1819,159],[113,1819,414],[113,1968,207],[113,1968,59],[113,1968,457],[113,2740,328],[113,3577,295],[114,268,133],[114,268,498],[114,268,444],[114,1178,419],[114,1178,398],[114,2787,221],[114,3075,478],[114,3839,344],[115,1559,282],[115,2344,241],[115,2344,119],[115,2468,242],[115,2468,327],[115,2758,184],[115,3336,192],[116,910,306],[116,1450,17],[116,1731,146],[116,1731,485],[116,1870,111],[116,2470,286],[117,1687,341],[117,1915,305],[117,1943,482],[117,1943,376],[117,3146,364],[117,3361,162],[117,3831,175],[117,3919,341],[118,234,209],[118,513,465],[118,513,451],[118,1249,227],[118,1249,262],[118,1515,149],[118,1633,422],[119,329,382],[119,329,477],[119,1003,127],[119,1498,165],[119,1948,255],[119,2123,170],[119,2123,113],[119,2231,12],[120,218,491],[120,414,293],[120,2875,340],[120,3792,150],[120,3867,214],[121,1803,468],[121,1815,163],[121,1815,177],[121,2007,84],[121,2945,289],[121,2945,451],[121,3415,133],[121,3415,437],[122,1213,208],[122,2966,304],[122,2966,124],[122,3478,432],[122,3478,327],[123,696,281],[123,2392,137],[123,2392,174],[123,2392,276],[123,2747,337],[123,3062,480],[123,3062,388],[123,3062,282],[124,136,176],[124,1446,303],[124,1446,132],[124,1930,340],[124,1930,308],[124,3203,147],[124,3329,200],[124,3329,141],[124,3329,494],[124,3329,300],[125,313,264],[125,2050,469],[125,2686,198],[125,2686,74],[125,2701,233],[125,3188,110],[126,2123,170],[126,2123,113],[126,2655,163],[126,2655,30],[126,3190,193],[126,3234,293],[126,3234,288],[126,3429,129],[126,3429,149],[127,1061,198],[127,3046,169],[127,3251,211],[128,205,213],[128,220,349],[128,1962,184],[128,2648,149],[128,3502,163],[128,3956,171],[129,993,373],[129,2214,279],[129,3949,179],[130,898,366],[130,1401,372],[130,1401,407],[130,1401,393],[130,1401,366],[130,1831,390],[130,1861,166],[130,2273,263],[130,2273,496],[130,2439,279],[131,125,184],[131,125,359],[131,125,368],[131,640,203],[131,912,245],[131,2125,195],[131,2891,308],[131,2891,346],[131,2891,270],[131,3740,395],[131,3740,293],[131,3740,294],[131,3883,470],[132,340,188],[132,958,178],[132,958,406],[132,2878,148],[132,2878,12],[132,2999,477],[132,2999,286],[132,3106,101],[132,3106,221],[133,1624,157],[133,1978,367],[133,1978,135],[133,2342,224],[133,2525,183],[133,3760,278],[134,1111,280],[134,2339,234],[134,3171,307],[135,673,288],[135,688,51],[135,1167,160],[135,3159,295],[135,3770,137],[136,33,138],[136,2771,323],[136,2771,430],[136,2916,389],[136,3906,498],[136,3906,96],[136,3906,308],[137,32,161],[137,32,193],[137,1801,195],[137,3980,333],[137,3980,86],[138,424,349],[138,641,460],[138,641,257],[138,3029,365],[138,3029,231],[139,1107,267],[139,1782,320],[139,2380,265],[139,2677,323],[139,3364,478],[140,966,253],[140,966,468],[140,980,487],[140,2177,367],[140,2177,376],[140,2635,292],[140,2745,171],[140,3044,161],[140,3262,495],[140,3262,277],[141,32,161],[141,32,193],[141,1467,231],[142,237,409],[142,947,208],[142,2783,449],[142,3952,496],[143,401,154],[143,1615,50],[143,2389,264],[144,2744,248],[144,2744,462],[144,3354,198],[145,555,48],[145,832,160],[145,1882,470],[145,1882,358],[145,2711,340],[145,2711,357],[145,2804,138],[145,3050,264],[146,18,231],[146,631,442],[146,2549,407],[146,2954,456],[146,2954,35],[147,888,157],[147,891,357],[147,891,453],[147,891,210],[147,1016,195],[147,3691,394],[147,3691,177],[148,435,305],[148,435,385],[148,435,82],[148,1819,159],[148,1819,414],[148,2646,105],[148,2646,473],[148,3228,314],[148,3228,403],[149,2693,422],[149,2693,481],[149,2693,159],[149,2693,486],[150,131,491],[150,2291,263],[150,2715,418],[150,2715,159],[150,2715,340],[150,3429,129],[150,3429,149],[151,587,276],[151,2759,94],[151,2759,54],[151,2759,384],[151,2932,413],[151,2932,241],[152,76,487],[152,819,158],[152,1357,327],[152,1917,483],[152,1917,68],[152,1917,350],[152,3795,148],[152,3795,478],[153,455,461],[153,2171,287],[153,2236,499],[153,2236,428],[153,2236,180],[153,2236,238],[153,2638,296],[153,2638,197],[153,3237,431],[153,3282,332],[153,3282,15],[154,903,404],[154,1224,392],[154,2489,399],[154,2489,432],[154,3195,480],[155,744,373],[155,744,475],[155,2238,372],[155,2238,164],[155,2856,314],[155,3162,300],[155,3162,369],[155,3162,176],[155,3674,272],[156,1475,447],[156,2854,181],[156,3143,332],[156,3344,258],[157,793,129],[157,793,240],[157,1397,454],[157,1397,445],[157,1583,250],[158,95,244],[158,95,476],[158,2597,99],[158,2597,341],[158,2597,343],[158,2990,310],[158,2990,317],[158,2990,232],[158,3935,173],[158,3935,493],[159,2249,361],[159,2870,174],[159,2870,434],[160,569,390],[160,569,73],[160,853,331],[160,2744,248],[160,2744,462],[160,3221,167],[160,3221,363],[161,1516,351],[161,1737,246],[161,1737,24],[161,1779,299],[161,2976,235],[162,121,376],[162,655,341],[162,870,175],[162,1356,376],[162,2417,108],[162,3769,464],[163,3014,196],[163,3331,435],[163,3331,448],[164,90,221],[164,90,329],[164,1417,122],[164,1882,470],[164,1882,358],[164,2004,350],[165,1189,377],[165,1189,194],[165,1741,400],[165,2301,189],[166,2255,467],[166,2255,252],[166,2451,369],[167,1015,473],[167,1853,326],[167,1853,396],[167,2840,269],[167,3255,130],[168,98,149],[168,98,314],[168,127,396],[168,1074,116],[168,3223,165],[168,3239,467],[168,3611,172],[168,3611,112],[168,3611,378],[169,320,426],[169,320,134],[169,349,1],[169,3705,439],[170,453,232],[170,453,369],[170,804,323],[170,804,489],[170,1032,171],[170,1032,360],[170,2796,280],[170,2796,479],[170,3022,43],[170,3022,286],[170,3679,322],[171,630,174],[171,630,15],[171,630,349],[171,1917,483],[171,1917,68],[171,1917,350],[171,2179,283],[171,2638,296],[171,2638,197],[171,3818,218],[171,3818,232],[172,795,333],[172,3503,203],[173,147,464],[173,433,312],[173,433,353],[173,2410,500],[173,2410,178],[173,3570,154],[174,1349,150],[174,2089,189],[174,3141,163],[174,3972,440],[174,3972,498],[174,3972,101],[175,422,220],[175,422,377],[175,422,415],[175,750,341],[175,1071,415],[175,1328,464],[175,2834,179],[175,2834,204],[175,3375,237],[175,3375,381],[176,125,184],[176,125,359],[176,125,368],[176,422,220],[176,422,377],[176,422,415],[176,924,320],[176,924,88],[176,924,398],[176,1599,320],[176,1826,347],[176,1826,216],[176,2871,338],[177,35,57],[177,564,207],[177,564,289],[177,2552,11],[177,3138,229],[177,3138,64],[177,3138,346],[178,965,218],[178,965,496],[178,965,187],[178,965,357],[178,1806,359],[178,1806,457],[178,1864,322],[178,1864,353],[178,2527,403],[178,2527,460],[179,1663,351],[179,2880,500],[179,2949,307],[179,2949,475],[179,3331,435],[179,3331,448],[180,1181,70],[180,1643,160],[180,1913,233],[180,2016,25],[180,2016,396],[180,2064,291],[180,2815,219],[181,543,202],[181,1093,44],[181,1093,318],[181,3115,382],[181,3115,1],[181,3115,98],[181,3349,201],[182,1690,493],[182,2354,475],[182,2358,215],[182,3545,480],[182,3651,243],[183,100,265],[183,267,257],[183,2375,387],[183,2375,434],[183,3664,311],[184,659,142],[184,659,457],[184,1065,433],[184,1280,397],[184,2388,380],[184,2388,188],[184,2655,163],[184,2655,30],[185,166,365],[185,166,427],[185,1334,215],[185,1334,109],[185,1471,327],[185,1489,358],[185,2562,484],[186,1924,426],[186,1970,455],[186,3765,163],[186,3784,237],[187,481,239],[187,1238,314],[187,1372,358],[187,2700,288],[188,288,62],[188,1548,446],[188,1548,216],[188,1734,382],[188,2347,453],[188,2460,110],[188,2460,303],[189,1202,238],[189,1549,90],[189,2348,197],[189,2797,99],[190,551,491],[190,1877,212],[190,2218,62],[190,2410,500],[190,2410,178],[190,2711,340],[190,2711,357],[191,196,265],[191,416,362],[191,1545,402],[191,2591,245],[191,2834,179],[191,2834,204],[191,2940,441],[191,2940,306],[191,2940,487],[191,3681,245],[191,3681,458],[191,3790,359],[191,3790,489],[192,1104,404],[192,1104,173],[192,1196,61],[192,2647,217],[192,2647,300],[193,93,328],[193,107,192],[193,107,308],[193,835,257],[193,1709,212],[193,1946,458],[193,1979,331],[194,217,228],[194,440,52],[194,440,306],[194,440,362],[194,581,388],[194,1090,337],[194,2938,278],[194,2938,367],[194,2938,488],[194,2938,202],[194,3230,218],[194,3230,469],[195,966,253],[195,966,468],[195,1698,215],[195,1698,455],[195,1987,449],[195,1987,452],[196,1168,16],[196,1371,396],[196,2255,467],[196,2255,252],[196,2915,492],[196,2926,307],[196,3552,199],[196,3848,373],[197,1341,45],[197,1600,32],[197,2026,218],[197,2026,493],[197,2993,115],[197,2993,177],[198,1609,384],[198,1609,20],[198,3157,274],[198,3656,470],[198,3656,484],[198,3849,483],[199,1375,253],[199,1855,129],[199,1855,446],[199,2337,472],[199,2735,392],[199,2735,375],[199,2938,278],[199,2938,367],[199,2938,488],[199,2938,202],[200,729,443],[200,2070,188],[200,2081,300],[200,2081,197],[200,3814,382],[200,3888,88],[200,3888,26],[201,805,497],[201,2402,170],[201,2690,278],[201,2690,212],[201,3479,315],[201,3772,466],[202,446,466],[202,798,409],[203,1040,114],[203,1577,378],[203,1810,246],[204,1080,355],[204,1080,169],[204,2458,161],[205,917,426],[205,917,249],[205,1480,371],[205,1480,269],[205,1705,457],[205,1776,367],[205,3013,98],[205,3013,8],[205,3484,436],[205,3484,284],[205,3851,323],[206,606,464],[206,1182,471],[206,1922,305],[206,2554,443],[206,2956,364],[206,2956,144],[206,3598,410],[207,2385,93],[207,3817,469],[207,3829,468],[208,1106,298],[208,1298,484],[208,2366,243],[208,3485,460],[208,3625,451],[209,431,338],[209,431,64],[209,569,390],[209,569,73],[209,909,143],[209,3196,201],[209,3196,348],[210,11,234],[210,399,397],[210,869,154],[210,1263,319],[210,1263,266],[210,3585,247],[211,256,292],[211,2168,368],[211,2772,483],[211,2991,339],[212,968,491],[212,1050,491],[212,1968,207],[212,1968,59],[212,1968,457],[212,2029,214],[212,2759,94],[212,2759,54],[212,2759,384],[213,1192,354],[213,2433,284],[213,2940,441],[213,2940,306],[213,2940,487],[213,3638,18],[213,3638,347],[213,3965,331],[214,332,66],[214,2260,190],[214,2623,359],[214,3443,379],[214,3443,127],[215,1084,355],[215,1084,219],[215,1575,388],[215,2455,233],[215,2938,278],[215,2938,367],[215,2938,488],[215,2938,202],[216,454,33],[216,594,266],[216,2322,274],[216,2841,232],[216,3112,70],[217,473,386],[217,473,407],[217,473,423],[217,473,441],[217,1088,496],[217,1088,351],[217,2344,241],[217,2344,119],[217,2485,254],[217,2687,312],[217,3082,252],[218,1854,6],[218,2693,422],[218,2693,481],[218,2693,159],[218,2693,486],[218,3378,186],[218,3414,333],[218,3414,78],[219,163,311],[219,163,400],[219,433,312],[219,433,353],[219,612,41],[219,1539,24],[219,1539,239],[219,1892,297],[220,698,457],[220,876,177],[220,2175,387],[220,2437,204],[220,2437,37],[220,3055,138],[220,3055,448],[220,3426,468],[220,3475,311],[221,1325,232],[221,1863,458],[221,1863,424],[222,1093,44],[222,1093,318],[222,1222,292],[222,1644,307],[222,1644,79],[222,1907,304],[222,2934,283],[222,3571,310],[223,1046,206],[223,1046,311],[223,2129,498],[223,2917,476],[223,2958,480],[223,3232,345],[223,3584,233],[223,3615,201],[223,3615,33],[224,448,369],[224,1446,303],[224,1446,132],[224,2022,190],[224,2022,234],[224,3425,242],[224,3785,129],[225,17,103],[225,17,240],[225,659,142],[225,659,457],[225,1865,301],[225,2266,262],[226,1597,229],[226,1841,242],[226,1841,484],[226,2100,471],[226,2100,16],[226,2475,329],[226,2830,99],[226,2920,282],[226,3339,419],[226,3637,446],[227,965,218],[227,965,496],[227,965,187],[227,965,357],[227,1976,309],[227,2743,286],[228,1672,67],[228,1672,355],[228,2855,144],[228,2855,275],[228,2957,375],[228,3655,280],[229,1391,15],[229,2048,144],[229,2680,111],[230,1116,253],[230,1215,388],[230,1395,238],[230,1395,243],[230,1548,446],[230,1548,216],[230,2103,472],[230,2103,238],[230,2946,306],[230,3970,76],[231,55,336],[231,860,149],[231,1678,310],[231,1678,209],[231,2461,313],[232,2392,137],[232,2392,174],[232,2392,276],[232,2973,411],[233,263,404],[233,263,74],[233,3828,54],[233,3828,337],[234,2535,314],[234,2873,293],[234,3306,463],[234,3719,406],[235,64,240],[235,2030,116],[236,139,87],[236,388,466],[236,388,274],[236,1778,315],[236,3573,462],[237,295,102],[237,626,306],[237,695,348],[237,2040,417],[237,2839,385],[238,426,387],[238,426,82],[238,426,292],[238,1018,84],[238,2426,429],[239,338,343],[239,1254,393],[239,1771,470],[239,2300,257],[239,3323,227],[239,3323,254],[240,544,423],[240,697,244],[240,838,325],[240,3540,487],[241,185,380],[241,185,415],[241,473,386],[241,473,407],[241,473,423],[241,473,441],[241,1933,355],[241,3782,23],[241,3782,256],[242,1360,258],[242,3070,422],[243,410,276],[243,475,296],[243,475,100],[243,1159,270],[243,1159,413],[243,1274,261],[243,1274,67],[244,646,474],[244,646,424],[244,646,312],[244,793,129],[244,793,240],[244,1062,243],[244,1127,247],[244,2122,292],[245,2898,420],[245,3060,198],[245,3216,389],[245,3712,441],[245,3712,31],[246,137,249],[246,166,365],[246,166,427],[246,3936,361],[247,442,486],[247,1441,375],[247,2617,438],[247,3363,458],[247,3752,283],[248,2622,417],[248,2622,221],[248,2622,445],[248,3029,365],[248,3029,231],[248,3365,231],[248,3864,131],[249,363,500],[249,363,152],[249,560,185],[249,2251,204],[249,2271,492],[249,2271,275],[249,2656,346],[249,2738,485],[250,117,300],[250,564,207],[250,564,289],[250,922,284],[250,922,385],[250,2026,218],[250,2026,493],[250,3228,314],[250,3228,403],[251,2361,187],[251,2375,387],[251,2375,434],[251,2421,113],[251,2718,321],[251,2718,22],[251,2837,461],[251,3478,432],[251,3478,327],[252,90,221],[252,90,329],[252,842,109],[252,2113,12],[252,3121,285],[252,3888,88],[252,3888,26],[253,2460,110],[253,2460,303],[253,3230,218],[253,3230,469],[253,3414,333],[253,3414,78],[253,3733,352],[253,3733,370],[254,904,331],[254,2690,278],[254,2690,212],[254,3971,438],[255,521,64],[255,2000,275],[255,2000,439],[255,3213,29],[256,41,288],[256,41,477],[256,2734,304],[256,2906,475],[256,2906,120],[256,3347,400],[257,3214,52],[257,3318,4],[258,1304,36],[258,1304,438],[258,1585,480],[258,1714,214],[258,1714,482],[258,2181,263],[258,3088,386],[258,3088,466],[259,192,310],[259,192,71],[259,1707,324],[259,1852,475],[259,1852,160],[259,2067,96],[259,2067,192],[259,3076,26],[260,263,404],[260,263,74],[260,890,476],[260,1272,488],[260,1332,148],[260,1332,211],[260,1898,285],[260,3301,420],[260,3301,499],[260,3727,493],[261,1490,313],[261,1590,287],[261,1955,281],[261,2075,272],[261,2075,32],[261,2075,496],[262,917,426],[262,917,249],[262,1011,256],[262,1011,462],[262,2618,270],[262,3048,178],[263,434,310],[263,1651,64],[263,1651,393],[263,2397,74],[264,1397,454],[264,1397,445],[264,2247,330],[264,2646,105],[264,2646,473],[264,2652,254],[264,2652,36],[265,2420,71],[265,2642,126],[265,3939,303],[266,452,336],[266,834,399],[266,1678,310],[266,1678,209],[266,2891,308],[266,2891,346],[266,2891,270],[267,1619,286],[267,1926,486],[267,2186,205],[267,2852,118],[268,333,283],[268,333,229],[268,333,425],[268,627,309],[268,999,444],[268,1519,106],[268,1519,361],[268,1717,298],[268,1717,62],[268,1717,154],[268,2081,300],[268,2081,197],[268,3136,403],[269,348,169],[269,712,336],[269,712,82],[269,958,178],[269,958,406],[269,1047,389],[269,2053,228],[269,2053,290],[270,231,337],[270,231,395],[270,865,351],[270,1466,186],[270,1571,325],[271,578,430],[271,1379,72],[271,1928,397],[271,2287,103],[271,2287,390],[271,2388,380],[271,2388,188],[271,2949,307],[271,2949,475],[271,3884,273],[272,440,52],[272,440,306],[272,440,362],[272,1365,285],[272,2501,181],[272,2501,236],[272,2835,373],[272,2835,284],[272,3518,310],[272,3611,172],[272,3611,112],[272,3611,378],[273,325,300],[273,700,56],[273,1708,490],[273,3116,353],[273,3211,187],[273,3691,394],[273,3691,177],[274,293,301],[274,293,332],[274,293,221],[274,825,499],[274,825,357],[274,2149,314],[274,2149,439],[274,3458,204],[274,3458,476],[275,926,141],[275,1336,33],[275,2206,236],[275,3376,80],[275,3376,347],[275,3376,297],[276,373,455],[276,1483,25],[276,3922,261],[277,453,232],[277,453,369],[277,1290,434],[277,1290,100],[277,1717,298],[277,1717,62],[277,1717,154],[277,1767,354],[277,1767,343],[277,2190,65],[277,2190,317],[277,2664,224],[277,2664,335],[277,3666,317],[278,538,325],[278,538,455],[278,538,172],[278,1332,148],[278,1332,211],[278,1800,60],[278,2084,337],[278,3869,4],[279,1042,452],[279,1042,425],[279,1508,441],[279,1811,371],[279,1811,284],[279,2033,431],[279,2733,422],[280,796,297],[280,796,317],[280,1893,315],[280,2176,332],[280,3863,392],[280,3863,139],[280,3863,482],[281,119,51],[281,119,378],[281,119,418],[281,123,360],[281,1603,3],[281,1941,115],[281,1941,282],[281,3100,106],[282,40,104],[282,1123,327],[282,2600,423],[283,1255,309],[283,1255,151],[283,2474,44],[283,2474,260],[283,2746,213],[283,2819,38],[284,855,416],[284,1990,16],[284,2630,390],[285,857,324],[285,1315,158],[285,3979,48],[286,630,174],[286,630,15],[286,630,349],[286,1405,347],[287,1952,165],[287,2737,388],[287,3669,490],[288,1249,227],[288,1249,262],[289,536,453],[289,1014,317],[289,1164,327],[289,3198,362],[289,3730,338],[290,279,392],[290,279,202],[290,333,283],[290,333,229],[290,333,425],[290,1130,245],[290,1811,371],[290,1811,284],[290,2148,419],[290,2148,468],[290,2148,429],[290,2148,476],[290,2352,302],[290,3484,436],[290,3484,284],[291,440,52],[291,440,306],[291,440,362],[291,1937,316],[291,2091,321],[291,2091,399],[291,2468,242],[291,2468,327],[291,2945,289],[291,2945,451],[291,2982,363],[291,2982,368],[291,3501,134],[292,3169,308],[293,303,451],[293,1701,452],[293,3460,483],[293,3460,185],[294,45,368],[294,236,214],[294,236,152],[295,61,421],[295,1312,301],[295,1794,491],[295,2311,403],[295,3576,311],[296,1522,395],[296,1522,484],[296,1816,316],[296,2907,316],[296,3733,352],[296,3733,370],[297,1317,126],[297,2779,411],[297,3358,350],[298,1605,168],[298,1605,348],[298,2198,132],[298,3782,23],[298,3782,256],[298,3967,445],[298,3983,485],[299,1762,487],[299,1872,308],[299,1872,242],[299,2645,428],[299,2891,308],[299,2891,346],[299,2891,270],[299,3778,399],[299,3778,401],[299,3778,87],[300,2466,381],[300,2578,307],[300,2578,458],[301,908,358],[301,908,325],[301,1847,311],[301,2494,460],[301,2649,35],[301,2649,318],[301,3270,53],[301,3270,423],[302,192,310],[302,192,71],[302,953,408],[302,1054,124],[302,1054,41],[302,1179,374],[302,1667,359],[303,625,259],[303,2325,474],[303,2325,311],[303,3219,183],[304,430,313],[304,3759,370],[305,279,392],[305,279,202],[305,1024,268],[305,1686,326],[305,2831,65],[305,3519,70],[305,3519,415],[306,268,133],[306,268,498],[306,268,444],[306,1978,367],[306,1978,135],[306,2874,345],[308,3108,42],[308,3591,434],[308,3591,468],[309,970,433],[309,2054,122],[309,2555,467],[309,2555,207],[310,2363,363],[310,2363,132],[310,3978,344],[311,514,32],[312,571,432],[312,3329,200],[312,3329,141],[312,3329,494],[312,3329,300],[312,3826,432],[312,3993,377],[312,3993,83],[313,1214,405],[313,1786,466],[313,2423,141],[313,2423,329],[313,2715,418],[313,2715,159],[313,2715,340],[314,925,238],[314,925,410],[314,3440,394],[315,190,413],[315,2944,466],[315,2944,405],[315,2944,69],[315,3088,386],[315,3088,466],[315,3135,499],[315,3135,349],[315,3135,143],[315,3927,179],[316,600,370],[316,3460,483],[316,3460,185],[316,3740,395],[316,3740,293],[316,3740,294],[317,41,288],[317,41,477],[317,680,129],[318,3,143],[319,1259,65],[319,1259,356],[319,1573,45],[319,1881,444],[319,3330,381],[319,3740,395],[319,3740,293],[319,3740,294],[320,710,182],[320,1478,381],[320,1957,50],[321,1767,354],[321,1767,343],[321,2796,280],[321,2796,479],[321,3744,458],[321,3907,410],[321,3907,404],[322,126,227],[322,977,379],[322,977,17],[322,1247,34],[322,1289,379],[322,3424,417],[322,3424,328],[322,3424,279],[323,1539,24],[323,1539,239],[324,950,351],[324,2182,455],[325,1358,65],[325,2132,254],[325,2132,489],[325,3604,442],[326,925,238],[326,925,410],[326,977,379],[326,977,17],[326,2969,364],[326,2969,79],[326,2980,415],[327,2148,419],[327,2148,468],[327,2148,429],[327,2148,476],[328,12,258],[329,1906,204],[329,2238,372],[329,2238,164],[329,3087,186],[329,3087,7],[329,3233,2],[330,930,342],[330,1533,438],[330,2615,285],[330,2615,235],[330,3663,357],[330,3959,428],[331,1651,64],[331,1651,393],[331,1910,165],[331,3818,218],[331,3818,232],[331,3933,412],[332,2961,239],[333,965,218],[333,965,496],[333,965,187],[333,965,357],[333,1839,189],[333,3415,133],[333,3415,437],[334,435,305],[334,435,385],[334,435,82],[334,843,463],[334,2759,94],[334,2759,54],[334,2759,384],[334,3519,70],[334,3519,415],[334,3642,322],[335,989,123],[335,1692,360],[335,2551,468],[335,3616,361],[335,3616,147],[335,3723,456],[335,3723,138],[335,3723,157],[336,1927,217],[336,2602,197],[336,2844,444],[336,2996,467],[336,3134,494],[336,3134,11],[337,671,450],[338,1418,433],[338,2010,371],[339,1207,203],[339,1461,352],[339,2355,78],[339,2355,168],[339,2536,360],[339,3087,186],[339,3087,7],[340,1991,460],[340,2011,120],[340,2587,2],[342,439,412],[342,473,386],[342,473,407],[342,473,423],[342,473,441],[342,591,357],[342,2334,263],[342,2693,422],[342,2693,481],[342,2693,159],[342,2693,486],[342,3129,337],[342,3129,479],[343,707,255],[343,707,488],[343,1088,496],[343,1088,351],[343,1170,399],[343,3778,399],[343,3778,401],[343,3778,87],[344,306,229],[344,1723,237],[344,2847,456],[344,2896,94],[344,2896,474],[345,233,31],[345,1656,262],[345,1717,298],[345,1717,62],[345,1717,154],[345,1733,267],[345,2606,443],[346,1798,303],[346,1798,298],[346,1864,322],[346,1864,353],[346,2309,398],[346,2325,474],[346,2325,311],[346,3039,361],[347,198,395],[347,473,386],[347,473,407],[347,473,423],[347,473,441],[347,2652,254],[347,2652,36],[347,3582,121],[348,1406,323],[348,3030,266],[348,3030,385],[348,3905,417],[348,3905,307],[349,1113,378],[349,1401,372],[349,1401,407],[349,1401,393],[349,1401,366],[349,3638,18],[349,3638,347],[350,245,489],[350,494,162],[350,494,418],[350,1269,309],[351,2392,137],[351,2392,174],[351,2392,276],[351,3461,5],[352,365,484],[352,365,234],[352,730,454],[352,799,416],[352,3194,477],[353,362,398],[353,566,455],[353,2555,467],[353,2555,207],[353,2858,394],[354,366,120],[354,1038,383],[354,2766,92],[354,2766,140],[354,3562,352],[355,943,483],[355,2132,254],[355,2132,489],[355,2931,287],[356,164,83],[356,435,305],[356,435,385],[356,435,82],[356,841,55],[356,1742,211],[356,1742,360],[356,3313,454],[356,3313,363],[356,3490,248],[356,3490,500],[358,924,320],[358,924,88],[358,924,398],[358,3857,391],[359,2162,363],[359,3077,227],[360,1078,294],[361,607,103],[362,119,51],[362,119,378],[362,119,418],[362,2583,294],[362,3629,156],[362,3963,321],[363,2318,360],[364,470,173],[364,1825,338],[364,2725,274],[364,2862,280],[364,3980,333],[364,3980,86],[365,1712,465],[365,3280,406],[366,3569,86],[366,3569,122],[366,3749,34],[367,231,337],[367,231,395],[367,356,95],[367,2164,166],[367,2164,339],[367,2164,448],[367,2164,424],[367,3608,342],[368,2901,405],[368,3684,51],[368,3684,416],[369,449,88],[369,928,423],[369,3681,245],[369,3681,458],[370,110,405],[370,2241,500],[370,3732,206],[371,2769,297],[371,3115,382],[371,3115,1],[371,3115,98],[371,3788,436],[372,104,4],[372,1684,493],[372,2951,374],[372,3162,300],[372,3162,369],[372,3162,176],[373,979,340],[373,979,46],[373,1255,309],[373,1255,151],[373,2771,323],[373,2771,430],[373,3442,66],[374,109,412],[374,829,427],[374,1546,437],[375,125,184],[375,125,359],[375,125,368],[375,1432,414],[375,2502,199],[375,3700,434],[376,456,383],[376,520,84],[376,520,189],[378,239,230],[378,1310,203],[378,1744,472],[378,3225,413],[379,300,361],[379,1419,442],[379,1449,251],[379,1449,51],[379,3490,248],[379,3490,500],[379,3808,411],[380,742,374],[380,1261,401],[380,1261,402],[380,2138,473],[380,2979,326],[380,3656,470],[380,3656,484],[381,1849,130],[381,1995,178],[381,2155,312],[382,1655,388],[382,1655,430],[382,2899,467],[382,3766,439],[383,1547,404],[383,2279,455],[383,2735,392],[383,2735,375],[383,3641,442],[383,3641,454],[384,185,380],[384,185,415],[384,1159,270],[384,1159,413],[384,2062,469],[384,3020,394],[385,171,402],[385,2032,445],[385,2195,27],[385,2527,403],[385,2527,460],[386,502,439],[386,502,463],[386,1809,405],[386,1832,419],[386,2115,449],[386,3912,387],[387,530,223],[387,530,15],[387,2312,391],[388,3095,47],[389,1743,479],[389,1818,98],[389,3863,392],[389,3863,139],[389,3863,482],[390,1941,115],[390,1941,282],[390,2059,436],[390,2059,200],[390,3093,478],[390,3093,49],[391,647,257],[391,952,437],[391,2959,207],[392,3609,420],[393,380,37],[393,518,422],[393,1871,377],[393,2280,419],[394,502,439],[394,502,463],[394,1685,93],[395,1945,420],[395,2120,406],[395,2693,422],[395,2693,481],[395,2693,159],[395,2693,486],[395,3794,433],[396,589,397],[396,1248,141],[396,2477,470],[396,2477,441],[397,3711,316],[398,413,495],[398,538,325],[398,538,455],[398,538,172],[398,3407,139],[399,2770,255],[399,2770,251],[400,27,405],[400,1153,421],[400,3806,449],[400,3943,429],[401,534,24],[401,534,31],[401,2254,104],[401,3342,125],[401,3342,469],[402,1119,254],[402,1267,144],[402,1267,404],[402,1303,486],[402,2510,42],[402,3542,167],[403,1042,452],[403,1042,425],[403,2622,417],[403,2622,221],[403,2622,445],[404,1997,127],[404,3559,95],[404,3559,424],[405,1274,261],[405,1274,67],[406,863,495],[406,1904,492],[406,1904,110],[406,3199,436],[406,3366,425],[407,907,372],[407,907,350],[407,1677,435],[407,2437,204],[407,2437,37],[407,3819,317],[408,333,283],[408,333,229],[408,333,425],[408,2400,449],[408,2400,119],[408,3284,496],[409,845,482],[409,1522,395],[409,1522,484],[409,3055,138],[409,3055,448],[410,3652,126],[410,3680,381],[411,53,442],[411,1880,478],[411,3353,429],[411,3641,442],[411,3641,454],[411,3751,478],[412,386,127],[412,386,418],[412,506,434],[412,1814,370],[412,2780,479],[413,965,218],[413,965,496],[413,965,187],[413,965,357],[413,3062,480],[413,3062,388],[413,3062,282],[413,3941,449],[414,1099,334],[414,1464,12],[414,2258,228],[414,2715,418],[414,2715,159],[414,2715,340],[414,3428,72],[415,144,349],[415,144,124],[415,2400,449],[415,2400,119],[416,1046,206],[416,1046,311],[416,2541,307],[417,2221,445],[417,2423,141],[417,2423,329],[418,365,484],[418,365,234],[418,891,357],[418,891,453],[418,891,210],[418,2990,310],[418,2990,317],[418,2990,232],[419,493,151],[419,3270,53],[419,3270,423],[420,2097,85],[420,2098,433],[421,1788,324],[421,1943,482],[421,1943,376],[421,2148,419],[421,2148,468],[421,2148,429],[421,2148,476],[421,3273,480],[421,3454,427],[422,2855,144],[422,2855,275],[422,3723,456],[422,3723,138],[422,3723,157],[423,2522,125],[423,2689,9],[424,249,485],[424,1009,16],[424,1129,456],[424,1300,320],[425,179,101],[425,951,1],[425,2211,302],[426,2597,99],[426,2597,341],[426,2597,343],[427,262,438],[427,2236,499],[427,2236,428],[427,2236,180],[427,2236,238],[427,2866,139],[427,2866,118],[427,3747,438],[428,1282,478],[428,1282,383],[428,2477,470],[428,2477,441],[428,3096,233],[429,744,373],[429,744,475],[429,875,248],[429,1331,448],[430,611,182],[430,840,219],[430,907,372],[430,907,350],[430,2164,166],[430,2164,339],[430,2164,448],[430,2164,424],[431,2039,104],[431,2659,213],[431,3172,456],[431,3723,456],[431,3723,138],[431,3723,157],[431,3972,440],[431,3972,498],[431,3972,101],[432,331,150],[432,331,461],[432,510,451],[432,2102,158],[432,2102,461],[433,1499,359],[433,3262,495],[433,3262,277],[434,1626,453],[434,2107,128],[435,868,323],[435,1409,481],[435,2777,169],[435,3342,125],[435,3342,469],[435,3388,97],[435,3388,164],[436,1851,343],[436,2940,441],[436,2940,306],[436,2940,487],[437,418,302],[437,1056,450],[437,1594,429],[437,3201,319],[437,3201,453],[438,630,174],[438,630,15],[438,630,349],[438,3834,387],[439,1853,326],[439,1853,396],[439,3388,97],[439,3388,164],[440,1253,496],[440,2565,439],[440,3417,459],[441,3795,148],[441,3795,478],[442,2788,443],[443,646,474],[443,646,424],[443,646,312],[443,1863,458],[443,1863,424],[444,2271,492],[444,2271,275],[445,1054,124],[445,1054,41],[445,1987,449],[445,1987,452],[446,1203,200],[446,1586,5],[446,2093,136],[446,2093,269],[447,1879,166],[448,1260,472],[448,1401,372],[448,1401,407],[448,1401,393],[448,1401,366],[448,2086,476],[450,983,479],[450,985,146],[450,1174,174],[450,1449,251],[450,1449,51],[450,1561,400],[451,95,244],[451,95,476],[451,2087,427],[451,2379,363],[452,406,356],[452,1282,478],[452,1282,383],[452,3647,142],[452,3840,442],[452,3840,242],[452,3901,471],[453,1953,257],[454,3016,323],[454,3282,332],[454,3282,15],[455,2707,440],[456,2896,94],[456,2896,474],[459,140,461],[459,140,69],[459,532,292],[459,900,259],[459,1830,482],[459,2269,483],[459,2981,481],[459,3495,155],[460,2022,190],[460,2022,234],[460,2144,292],[460,2144,87],[460,3726,233],[461,562,483],[461,3402,374],[462,1672,67],[462,1672,355],[462,3482,399],[462,3482,145],[462,3671,166],[463,1951,241],[463,2956,364],[463,2956,144],[464,386,127],[464,386,418],[464,782,88],[464,782,296],[464,2100,471],[464,2100,16],[464,2102,158],[464,2102,461],[465,161,444],[465,161,481],[465,613,482],[465,2835,373],[465,2835,284],[465,2870,174],[465,2870,434],[466,389,297],[466,389,389],[467,1704,199],[467,2637,474],[468,902,89],[469,277,498],[469,512,477],[469,1781,143],[470,2521,479],[470,3217,479],[471,8,195],[471,820,485],[471,1731,146],[471,1731,485],[471,3329,200],[471,3329,141],[471,3329,494],[471,3329,300],[471,3811,371],[472,2121,39],[472,2999,477],[472,2999,286],[472,3616,361],[472,3616,147],[473,1611,1],[473,1611,498],[473,2287,103],[473,2287,390],[473,2992,494],[473,3093,478],[473,3093,49],[474,3906,498],[474,3906,96],[474,3906,308],[475,3078,163],[475,3322,255],[475,3322,465],[476,54,428],[476,1230,490],[477,1086,7],[477,3290,324],[478,2664,224],[478,2664,335],[480,2647,217],[480,2647,300],[480,3098,446],[481,1492,307],[481,3496,479],[482,3835,107],[483,118,183],[484,3168,190],[484,3825,246],[484,3825,114],[485,526,339],[485,1237,383],[485,3974,137],[486,733,488],[486,1807,348],[486,3396,256],[487,1625,157],[487,1833,23],[488,346,335],[488,2073,334],[488,2229,341],[489,516,375],[489,1582,70],[490,70,246],[490,1841,242],[490,1841,484],[490,3322,255],[490,3322,465],[491,1714,214],[491,1714,482],[492,1077,273],[492,3013,98],[492,3013,8],[492,3238,1],[492,3444,97],[493,1080,355],[493,1080,169],[493,1178,419],[493,1178,398],[493,2159,21],[494,1059,495],[494,1206,495],[494,2902,156],[494,2902,137],[495,3034,414],[495,3947,287],[496,3859,330],[497,1370,499],[497,2244,499],[497,3135,499],[497,3135,349],[497,3135,143],[497,3374,420],[497,3595,499],[498,431,338],[498,431,64],[499,2431,76],[500,331,150],[500,331,461],[500,1473,9]];

jitters = [10000,10000,20000,100000,20000,100000,20000,10000,2000,20000,100000,20000,10000,100000,20000,100000,10000,10000,100000,1000,20000,10000,20000,1000,10000,20000,50000,1000,20000,100000,20000,2000,100000,10000,100000,10000,100000,2000,20000,20000,20000,20000,10000,20000,100000,10000,10000,2000,10000,20000,10000,20000,10000,100000,100000,100000,10000,10000,10000,20000,10000,10000,5000,20000,10000,20000,100000,10000,100000,100000,20000,10000,20000,100000,50000,20000,20000,20000,10000,100000,100000,10000,50000,100000,10000,20000,20000,100000,20000,1000,2000,10000,100000,100000,100000,2000,100000,100000,100000,100000,10000,20000,10000,20000,20000,50000,20000,10000,2000,20000,20000,50000,100000,20000,10000,20000,1000,20000,10000,5000,100000,10000,10000,100000,10000,20000,10000,20000,20000,20000,100000,20000,100000,20000,100000,20000,100000,20000,20000,100000,100000,10000,10000,10000,100000,20000,100000,20000,20000,5000,10000,10000,10000,10000,20000,2000,50000,10000,20000,20000,100000,1000,20000,20000,10000,10000,20000,20000,100000,20000,20000,20000,1000,10000,1000,20000,100000,5000,10000,10000,2000,10000,100000,20000,10000,100000,100000,20000,10000,5000,10000,10000,100000,10000,100000,20000,10000,10000,10000,20000,2000,2000,20000,10000,20000,1000,10000,10000,50000,20000,10000,5000,100000,5000,10000,20000,10000,10000,10000,100000,20000,20000,10000,100000,100000,10000,20000,10000,100000,10000,20000,20000,10000,20000,100000,2000,50000,10000,100000,100000,10000,20000,10000,100000,20000,20000,100000,20000,20000,50000,10000,10000,10000,100000,10000,10000,100000,10000,10000,10000,10000,100000,20000,10000,100000,20000,20000,20000,20000,100000,20000,20000,20000,10000,10000,20000,100000,100000,20000,10000,10000,10000,20000,20000,20000,20000,10000,100000,100000,10000,10000,100000,20000,100000,100000,10000,10000,50000,100000,20000,100000,10000,100000,10000,1000,10000,20000,100000,20000,20000,100000,10000,10000,20000,2000,10000,100000,2000,20000,20000,100000,5000,20000,20000,100000,1000,10000,100000,10000,100000,100000,10000,100000,20000,20000,20000,100000,20000,10000,5000,1000,100000,100000,20000,10000,20000,20000,50000,20000,10000,100000,10000,20000,100000,10000,20000,100000,20000,5000,10000,20000,20000,2000,1000,20000,20000,20000,10000,100000,10000,20000,10000,20000,100000,100000,1000,10000,20000,5000,20000,20000,20000,10000,10000,50000,10000,10000,10000,20000,20000,20000,20000,20000,20000,20000,20000,20000,20000,100000,10000,100000,10000,50000,10000,10000,20000,20000,10000,10000,1000,20000,100000,10000,100000,1000,10000,50000,100000,10000,20000,100000,20000,100000,20000,20000,100000,100000,100000,10000,20000,10000,10000,20000,100000,10000,20000,100000,100000,20000,10000,20000,20000,20000,20000,50000,10000,2000,10000,10000,100000,10000,50000,100000,10000,20000,20000,100000,100000,10000,5000,10000,2000,20000,1000,10000,2000,20000,100000,10000,100000,1000,10000,20000,20000,10000,10000,10000,20000,100000,10000,10000,10000,10000,10000,1000,10000,100000,10000,10000,100000,5000,20000,10000,20000,20000,10000,2000,10000,2000,5000];

