NumChains = 50;
NumResources = 3;
NumRunnablesInChains = 244;
MemoryBoundOnResource = 1048576;
UtilizationBoundOnResource = 100;

numberOfTasksinChain = [7,9,9,11,11,7,9,7,11,9,11,7,9,9,11,9,11,9,7,11,11,7,7,11,7,7,9,9,11,7,9,7,7,7,9,7,9,7,9,7,11,11,7,9,7,7,7,11,11,9];

runnablesInChains = [165,180,276,433,59,168,404,482,276,297,156,113,380,62,142,214,53,26,464,233,88,116,478,486,214,435,294,498,435,85,284,233,491,265,440,49,192,198,370,124,48,479,188,444,232,264,90,482,29,289,30,242,439,122,268,35,360,421,112,267,220,47,430,15,141,262,104,249,29,147,57,194,73,75,325,442,97,120,91,390,81,155,74,49,463,252,336,177,361,153,316,80,395,142,476,327,25,347,255,397,493,145,298,243,377,482,449,208,468,263,334,219,349,333,411,381,458,358,424,212,108,188,455,338,191,389,166,469,403,160,172,321,134,491,45,453,153,84,320,165,202,121,419,118,168,125,406,231,464,484,322,411,77,81,93,445,200,475,447,374,75,427,230,143,78,11,69,477,15,92,143,434,314,99,187,248,362,221,88,400,363,170,389,272,451,33,230,43,369,24,496,36,366,227,330,282,265,448,246,344,346,437,358,41,330,288,450,421,222,416,149,295,54,306,399,473,398,294,226,217,438,10,136,210,207,364,40,55,111,206,101,354,404,223,412,52,310,172,500,176,105,473,19,107];

ProcessingTimesOfMessages = [[1,1,1,1,1,1,1,1,1,1,1,1],[1,1,1,1,2,1],[1,1,1,1,1,1,1,1,1,1,1,1],[1,1,1,1,1,1,1,1],[1,1,1,1,1,1,1,1,1,1],[1,1,1,1,1,1,1,1,1],[1,1,1,1,1,1,1,1,1],[1,1,1,1,1,1,1,1,1],[1,1,1,1,1,1,1,1,1],[1,1,1,1,1,1,1,1,1],[1,1,1,1,1,1,1,1,1],[1,1,1,1,1],[1,1,1,1,1,1],[1,1,1,1,1],[1,1,1,1,1,1],[1,1,1,1,1,1,1,1,1,1],[1,1,1,1,1,1,1,1,1],[1,1,1,1,1,1,1],[1,1,1,1,1,1,1,1,1,1],[1,1,1,1,1,1,1,1,1,1,1],[1,1,1,1],[1,1,1,1,1,1],[1,1,1,1,1,1,1,1,1],[1,1,1,1,1,2,1,1,1],[1,1,1,1,1,1,1],[1,1,1,1,1,1,1,1,1],[1,1,1,1,1,1,1,1,1,1,1],[1,1,1,1,1,1,1,1],[1,1,1,1,1,1],[1,1,1,1,1,1,1,1,1],[1,1,1,1],[1,1,1,1,1,1,1,1],[1,1,1,1,1,1,1,1,1,1],[1,1,1,1,1,1,1],[1,1,1,1,1,1],[1,1,1,1,1],[2,2,2,2,1,1,1,1,1,1,1,1],[1,1,1,1],[1,1,1,1,1,1,1,1],[1,1,1],[1,1,1,2,1,1,1],[1,1,1,1,1,1,1],[1,1,1,1],[1,1,1,1,1,1,1],[1,1,1,1],[1,1,1,1,1,1,1,1,1,1],[1,1,1,1,1,1,1,1,1],[1,1,1,1,1,1],[1,1,1,1,1,1,1],[1,1,1,1,1,1,1,1,1],[1,1,1,1,1,1],[1,1,1,1,1,2,2,2],[1,1,1,1,1,1,1],[1,1,1,1,2,1,1],[1,1,1,1,1],[1,1,1,1,1,1,1,1,1,1],[1,1,1,1,1,1,1,1,1],[1,1,1,1,1,1,1,1,1],[1,1,1,1,1,1,1,1,1],[1,1,1,1,1,1,1],[1,1,1,1,1,1,1,1,1,1,1],[1,1,1,1,1,1,1],[1,1,1,1,1,1,1],[1,1,1,1,1,1,1,1,1,1,1],[1,1,1,1,1,1,1,1],[1,1,1,1,1,1,1,1],[1,1,1,1,1,1,1,1],[1,1,1,1,1,1,1,1,1,1,1,1],[1,1,1,1,1,1,1,1],[1,1,1,1,1],[1,1,1,1,1,1,1,1],[1,1,1,1],[1,1,1,1,1,1,1,1,1,1,1],[1,1,1,1,1,1,1,1],[1,1,1,1,1],[1,1,1,1,1,1,1,1],[1,1,1,1,1],[1,1,1,1,1,1,1,1,1],[1,1,1,1,1,1,1,1,1,1,1,1],[1,1,1,1,1],[1,1,1,1,1,1,1,1,1],[1,1,1,1,1,1,1],[],[1,1,1,1,1,1,1,1],[1,2,2,1,1,1,1,1,1],[1,1,1,1,1,1,1,1,1,1,1],[1,1,1,2,1,1,1],[1,1,1,1,1,1,1,1],[1,1,1,1,1,1,1,1],[1,1,1,1,1,1],[1,1,1,1,1,1],[1,1,1,1,1,1,1,1],[1,1,1,1,1,1],[1,1,1,1],[1,1,1,1,1,1,1,1,1],[1,1,1,1,1,1,1,1,1],[1,1,1,1,1,1,1,1,1,1],[1,1,1,1,1,1,1],[1,1,1,1],[1,1,1,1,1,1,1,1],[1,1,1,1,1,1,1,1],[1,1,1,1,1,1,1],[1,1,1,1,1,1,1],[1,1,1,1,1,1,1],[1,1,1,1],[1,1,1,1,1],[1,1,1,1,1],[1,1,1,1,1,1,1,1,1,1,1],[1,1,1,1,1,1,1,1,1,1,1,1,1],[1,1,1,1,1,2,2,2,2,1],[1,1,1,1,1,1,1],[1,1,1,1,1,1,1,1],[1,1,1,1,1,1],[1,1,1,1,1,1,1],[1,1],[1,1,1,1,1,1,1,1,1,1],[1,1,1,1,1,1,1],[1,1,1,1,1,1],[1,1,1,1,1,1],[1,1,1,1,1,1,1],[1,1,1,1],[1,1,1,1,1],[1,1,1,1],[1,1,1,1,1,1,1,1,1],[1,1,1,1,1],[1,1],[1,1,1,1,1,1,1,1],[1,1,1,1,1,1,1],[1,1,1,1,1,1],[1,1,1,1,1,1,1,1],[1,1],[1,1,1,1,1,1,1],[1,2,2,1,1,1,1,1],[1,1,1,1,1,1],[1,1,1,1,1,1,1,1],[1,1,1,1,1,1,1],[1,1,1,1,1,1,1,1,1,1],[1,1,1,1,1,1,1,1,1],[1,1,1,1,1,1,1],[1,1,1,1,1,1,1],[1,1,1,1],[1,1,1,1],[1,1,1,1,1,1,1,1,1,1],[1,1,1,1,1,1,1,1,1,1],[1,1],[1,1,1,1,1,1,1],[1,1,1,1],[1,1,1,1,1,1,1,1,1,1,1],[1,1,1,2,2,1,1,1,1,1,1,1],[1,1,1],[1,1,1,1,1,1],[1,1,1,1,1],[1,1,1,1,1,1,1,1,1,1,1],[1,1,1,1,1],[1,1,1,1,1,1],[1,1,1,1,1,1],[1,1,1,1,1,1,1,1],[1,1],[1,1,1,1],[1,1,1,1,1,1],[1,1,1,1,1,1,1,1],[1,1,1,1,1,1,1,1,1,1],[1,1,1,1,1,1],[1,1,1,1,1],[1,1,1,1],[1,1,1,1,1,1,1,1],[1,1,1,1,1,1,1,1],[1,1,1,1,1],[1,1,1,1,1],[1,1,1,1,1,1,1,1],[1,1,1,1,1,1,1,1,1],[1,1,1,1,1,1,1],[1,1,1,1],[1,1],[1,1,1,1,1],[1,1,1,1,1,1,1],[1,1,1,1,1,1],[1,1,1,1,1,1,1,1],[1,1,1,1,1,1,1,1,1],[1,1,1,1,1,1],[1,1,1,1,1,1],[1,1,1,1,1,1,1],[1,1,1,1,1,1],[1,1,1,1,1],[1,1,1,1,1,1,1,1,1],[1,1],[1,1,1,1,1],[1,1,1,1],[1,1,1,1,1,1],[1,1,1,1],[1,1,1,1,1,1,1,1,1,1],[1,1,1,1,1,1,1],[1,1,1,1],[1,1,1,1,1,1],[1,1,1],[1,1,1,1,1],[1,1,1,1,1,1,1],[1,1,1,1,1],[1,1,1,1],[1,1,1,1,1,1,1,1],[1,1,1,1,1,1,1,1,1,1],[1,1,1,1,1,1,1,1,1],[1,1,1,1,1,1,1],[1,1,1,1,1,1,1,1,1,1],[1,1,1,1,1,1,1,1,1],[1,1,1,1,1,1,1,1],[1,1,1,1,1,1],[1,1,1],[1,1,1],[1,1,1,1],[1,1,1,1,1,1,1,1,1,1,1,1,1],[1,1,1,1,1,1],[1,1,1,1,1,1,1,1],[1,1,1,1,1,1,1,1],[1,1,1,1,1,1,1],[1,1,1],[1,1,1,1,1,1,1,1],[1,1,1,1,1,1],[1,1,1,1],[1,1,1,1,1,1,1,1],[1,1,1,1,1,1],[1,1,1,1,1,1],[1,1,1,1,1,1,1,1,1,1,1,1,1],[1,1,1],[1,1,1,1,1,1,1,1,1],[1,1],[1,1],[1,1,1,1,1,1,1,1,1,1,1],[1,1,1,1,1],[1,1,1,1,1,1,1,1],[1,1,1,1],[1,1,1,1,1],[1,1,1,1,1,1,1,1],[1,1,1,1,1,1,1,1],[1,1,1,1,1,1],[1,2,2,2,2,1,1,1,1,1,1,1],[1,1,1,1,1,1,1,1],[1,1,1,1,1,1],[1,1,1],[1,1,1,1,1,1],[1,1,1,1,1,1,1],[1,1,1,1],[1,1,1,1,1,1],[1,1,1,1,1,1],[1,1,1,1,1,1,1,1],[1,1,1,1,1],[1,1,1,1,1,1],[1,1,1,1,1,1],[1,1,1,1,1],[1,1,1,1],[1],[1,1,1,1,1,1],[1,1,1,1,1,1,1],[1,1,1,1],[1,1,1,1,1],[1,1,1,1,1,1,1,1,1],[1,1,1,1,1,1,1,1,1],[1,1,1,2],[1,1,1,1,1,1],[1,1,1,1],[1,1,1,1,1,1,1],[1,1],[1,1,1,1,1,1],[1,1,1,1,1,1,2],[1,1,1,1,1],[1,1,1],[1,1,1,1],[1,1,1,1,1,1,1],[1,1,1],[1,1,1],[1,1,1,1,1,1],[1,1,1,1,1],[1,1,1,1,1,1,1,1,1,1,1,1],[1,1,1,1,1],[1,1,1,1,1],[1,1],[1,1,1,1,1],[1,1,1,1,1],[1,1,1,1,1],[1,1,1,1],[1,1,1,1],[1,1,1,1,1,1,1],[1,1,1,1,1],[1,1,1,1,1,1],[2,2,2,2,1,1,1],[1,1,1,1],[1,1,1,1],[1,1],[1,1,1,1],[1,1,1,1,1,1,1],[1,1,1,1,1,1,1],[1,1,1],[1,1,1,1,2,2,2,1,1],[1,1,1,1],[1,1,1,1],[1,1,1,1,1,1,1],[1,1,1,1,1,1,1],[1,1,1,1],[1,1,1,1],[1,1,1,1],[1,1,1,1,1,1,1,1,1],[1,1,1,1,1,1,1,1],[1,1,1,1],[1,1,1],[1,1,1],[1,1,1,1],[1,1,1,1,1,1],[1,1,1],[1,1],[1,1,1],[1,1,1],[1,1,1,1,1,1,1],[1,1,1,1],[1,1,1],[1,1,1,1],[1,1,1,1,1,1,1,1],[1,1,1,1,1],[1,1,1,1,1,1,1],[1,1,1,1,1],[1,1,1,1,1,1,1,1,1],[1,1,1,1],[1,1,1,1,1,1],[1,1,1,1,1],[1],[1,1,1,1,1],[1,1,1,1,1,1],[1,1,1,1,1,1],[1],[1,1,1,1,1,1,1,1],[1,1,2,1,1,1,1,1],[1,1,1,1,1,1,1],[1,1,1,1],[1],[1,1,1,1],[1,1,1,1,1,1],[1,1,1,1,1,1],[1,1,1,1,1,1,1],[1,1,1],[1,1,1,1,1,1,1],[1,1,1],[1,1,1,1,1,1,1,1,1],[1,1,1],[1,1,1,1,1],[1,1,1,1,1,1,1,1],[1,1,1,1,1,1],[1,1,1],[1,1,1,1,1,1,1],[1,1],[1,1,1,1,1,1,1,1,1,1],[1,1,1,1,1,1],[1,1,1,1,1,1,1],[1,1,1,1,1,1,1],[1,1,1,1,1],[1,1,1,1,1,1],[1,1,1,1],[1,1,1,1,1,1],[1,1,1,1,1,1,1,1,1,1,1],[1,1,1],[1,1,2,1,1,1,1],[1,1,1],[1,1,1,1,1,1,1],[1,1,1,1,1,1,1,1,1,1],[1,1],[1,1,1,1,1,1,1,1,1],[1,1,1,1,1,1],[1,1],[1,1,1,1],[1,1,1,1,1,1],[1,1,1],[1,1,1,1],[1,1,1],[1,1,1,1,1],[1,1,1,1,1],[1,1,1],[1,1,1,1],[1,1,1,1,1,1,2,2,2,2],[1,1,1,1,1,1],[1,1,1,1],[1,1,1,1,1,1],[1,1],[1,1,1],[],[1,1],[1,1,1,1,1],[1,1,1,1,1,1],[1,1,1,1,1],[1,1,1,1,1,1,1,1],[1,1,1,1,1,1],[1,1],[1],[1,1,1,1],[1,1,1,1,1,1],[1,1,1,1,1,1,1,1],[1],[1,1,1,1],[1,1,1,1,1,1,1,1,1,1,1],[1,1,1],[1,1],[1,1,1,1,1,1],[1,1,1,1,1,1,1,1],[1],[1,1,1,1,1,1,1,1],[1,1],[1,1,1,1,1,1,1],[1,1,1],[1,1,1],[1,1,1,1,1,1,1],[1],[1,1],[1,1,1,1,1,1,1,1],[1,1,1,1],[1,1],[1,1,1,1,1,1,1,1],[1,1,1,1],[1,1,1],[1,1,1,1],[1,1,1,1],[1,1,1,1,1,1],[1,1,1,1],[1,1],[1,1,1,1],[1,1,1,1,1,1,1],[1,1,1,1],[1,1,1,1],[1,1,1,1],[1,1,1,1,1,1,1,1],[1,1],[],[1],[1,1,1,1],[1,1,1,1,1],[1,1,1],[1,1,1],[1,1,1],[1,1,1],[1],[1,1,1,1],[1,1],[2,2,1,1,1,1],[1,1,1,1],[1],[1,1,1,1,1,1,1,1,1],[1,1,1,1,1,1,1],[1,1,1],[1,1],[1],[1,1,1,1,1],[1,1,1,1,1,1],[1,1,1,1],[1,1,1,1],[1],[1],[1,1],[1,1,1,1,1,1,1,1],[1,1,1],[1,1],[1,1],[1,1,1,1,1,1,1,1],[],[1,1,1,1],[1,1,1],[1,1],[1,1,1,1],[1,1,1,1,1],[1,1,1,1],[1,1],[1,1,1,1],[1,1,1],[1,1,1],[1,1],[1,1,1],[],[1,1,1,1],[1,1,1,1],[1,1],[1,1,1,1],[1,1,1],[1],[1,1,1,1,1],[1,1],[],[1,1,1],[1,1],[1,1,1,1],[1,1],[1,1,1,1,1],[1,1,1,1,1,1],[1,1,1,1],[1,1,1,1,1,1,1],[1],[1,1],[1,1],[1,1],[1,1,1,1,1,1,1],[1],[1,1],[1,1,1,1],[1,1],[],[1,1,1]];

processingTimesRunnables = [14,15,10,5,13,5,6,16,13,16,12,11,14,10,13,6,7,13,11,6,10,16,7,14,14,10,11,13,5,10,15,6,12,9,6,7,7,7,6,13,13,5,15,16,6,10,9,13,10,11,11,15,15,8,16,11,8,6,8,12,7,16,11,11,11,6,5,8,5,10,16,13,16,14,12,14,13,12,16,6,11,11,7,16,11,10,14,13,13,12,11,13,15,13,11,15,9,8,5,15,11,13,10,12,10,11,5,16,8,6,13,12,14,13,15,10,13,5,13,16,13,6,7,14,11,14,15,9,5,13,11,12,10,13,13,11,11,10,13,10,17,8,12,16,12,5,13,13,13,16,6,13,5,6,13,10,15,13,10,15,8,6,11,7,10,11,8,8,16,7,12,13,13,9,13,12,12,10,12,5,10,13,12,10,13,14,5,10,13,12,13,13,12,10,9,16,15,16,17,8,12,12,16,11,14,13,16,8,14,15,7,12,10,13,17,10,8,13,12,10,9,13,13,11,11,14,11,13,6,15,7,13,10,15,12,10,11,6,10,12,7,13,9,16,12,15,10,13,7,13,11,13,10,13,11,11,14,11,16,8,5,12,13,12,12,12,12,14,10,13,13,11,9,4,10,5,8,4,7,10,11,14,14,16,11,6,11,10,15,10,13,10,15,8,8,16,16,13,9,6,7,14,10,15,6,12,12,11,6,4,10,14,4,12,13,16,11,14,16,14,10,10,10,12,15,12,6,12,13,10,8,14,15,7,14,4,12,7,9,11,13,12,12,12,15,13,6,7,7,11,16,11,14,14,5,13,6,13,7,5,11,12,13,11,14,13,5,13,15,6,12,13,14,12,13,13,8,12,13,13,10,7,12,16,15,9,12,7,6,15,6,10,13,14,11,12,12,6,10,13,6,11,11,9,11,11,13,10,10,13,5,8,12,7,14,9,9,13,12,12,14,11,15,12,12,6,13,13,15,12,12,6,5,14,14,13,14,10,14,8,16,6,12,13,5,5,12,5,15,13,11,17,6,13,15,13,15,12,10,12,13,12,13,11,11,10,12,5,4,13,14,8,6,10,9,14,10,10,7,16,11,11,17,9,11,11,11,10,4,13,6,14,13,8,6,12,7,9,11,13];

periods = [20000,20000,10000,20000,10000,100000,20000,10000,10000,100000,100000,20000,10000,10000,100000,100000,10000,10000,20000,20000,10000,20000,20000,100000,20000,20000,20000,10000,10000,50000,10000,100000,100000,10000,50000,20000,20000,100000,10000,2000,20000,100000,100000,20000,20000,20000,100000,20000,10000,10000,2000,20000,20000,100000,10000,20000,100000,10000,10000,100000,5000,10000,50000,100000,10000,1000,20000,100000,100000,1000,10000,20000,100000,10000,100000,20000,1000,100000,100000,10000,1000,100000,100000,10000,20000,10000,20000,20000,100000,10000,1000,100000,1000,100000,5000,20000,1000,10000,10000,20000,10000,20000,10000,10000,20000,100000,20000,20000,100000,100000,10000,100000,10000,100000,10000,20000,100000,10000,20000,1000,10000,50000,100000,20000,10000,20000,10000,10000,5000,50000,20000,10000,10000,20000,20000,100000,100000,100000,20000,5000,100000,20000,100000,20000,20000,20000,10000,100000,100000,10000,20000,100000,10000,10000,10000,10000,20000,10000,10000,20000,20000,20000,20000,100000,10000,20000,20000,10000,20000,100000,20000,20000,2000,10000,10000,20000,10000,1000,20000,10000,10000,20000,100000,20000,100000,10000,10000,20000,100000,20000,100000,10000,100000,100000,1000,50000,10000,10000,100000,20000,20000,10000,20000,10000,100000,10000,2000,10000,20000,2000,10000,20000,20000,20000,10000,10000,100000,100000,20000,100000,20000,100000,20000,20000,100000,20000,20000,2000,10000,100000,20000,20000,20000,20000,10000,10000,10000,100000,20000,100000,20000,50000,10000,20000,100000,20000,100000,10000,10000,10000,100000,10000,100000,100000,20000,50000,20000,10000,100000,10000,100000,10000,20000,10000,20000,20000,100000,50000,10000,100000,20000,100000,10000,2000,100000,10000,10000,20000,10000,100000,100000,20000,1000,20000,100000,10000,20000,20000,10000,20000,100000,20000,10000,20000,100000,20000,10000,10000,100000,5000,20000,10000,20000,100000,10000,100000,100000,20000,10000,20000,100000,20000,10000,10000,2000,10000,20000,10000,5000,10000,20000,1000,100000,20000,100000,10000,20000,10000,20000,20000,20000,20000,1000,20000,10000,10000,100000,100000,100000,100000,20000,100000,20000,20000,20000,20000,20000,5000,1000,10000,20000,100000,10000,10000,10000,100000,100000,20000,1000,100000,10000,20000,20000,2000,10000,20000,10000,100000,100000,10000,10000,20000,20000,100000,10000,10000,10000,100000,100000,10000,1000,1000,20000,20000,20000,100000,50000,100000,100000,1000,20000,20000,10000,10000,20000,100000,20000,20000,100000,20000,2000,100000,20000,10000,2000,20000,100000,5000,10000,100000,1000,20000,100000,100000,20000,100000,10000,20000,10000,100000,100000,10000,10000,20000,10000,20000,100000,100000,10000,100000,1000,10000,10000,100000,20000,100000,20000,100000,50000,20000,10000,100000,20000,20000,20000,20000,20000,20000,10000,100000,100000,20000,10000,20000,100000,10000,10000,20000,10000,20000,20000,10000,10000,20000,10000,20000,10000,20000,20000,10000,20000,20000,20000,5000,20000,20000,100000,20000,20000,100000,100000,10000,10000,20000,100000,20000,100000,100000,20000,100000,20000,5000,20000,10000,100000,20000,100000,20000,20000,20000];

communicationTimeForOrderCriticalMessages = [1,1,1,1,1,1,1,1,1,1,1,1,1,1,1,1,1,1,1,1,1,1,1,1,1,1,1,1,1,1,1,1,1,1,1,1,2,1,1,1,1,1,1,1,1,1,1,1,1,1,1,1,1,1,1,1,1,1,1,1,1,1,1,1,1,1,1,1,1,1,1,1,1,1,1,1,1,1,1,1,1,1,1,1,1,1,1,1,1,1,1,1,1,1,1,1,1,1,1,1,1,1,1,1,1,1,1,1,1,1,1,1,1,1,1,1,1,1,1,1,1,1,1,1,1,1,1,1,1,1,1,1,1,1,1,1,1,1,1,1,1,1,1,1,1,1,1,1,1,1,1,1,1,1,1,1,1,1,1,1,1,1,2,1,1,1,1,1,1,1,1,1,1,1,1,1,1,1,1,1,1,1,1,1,1,1,1,2,1,1,1,1,1,1];

sizeOfRunnables = [1373,1405,913,495,1243,465,520,1593,1268,1600,1180,1058,1368,960,1238,548,668,1253,1083,578,955,1540,608,1355,1313,925,1030,1263,413,970,1410,563,1125,873,593,693,668,678,538,1238,1218,450,1415,1528,593,960,825,1300,975,1028,1060,1475,1480,728,1560,1068,733,513,780,1110,660,1513,1045,1008,1098,588,408,753,435,1000,1560,1248,1573,1400,1173,1340,1285,1110,1578,543,1088,1088,655,1573,1080,968,1365,1275,1275,1140,1043,1278,1465,1263,1053,1498,818,723,415,1498,1050,1285,960,1133,963,1043,473,1508,710,548,1253,1125,1333,1225,1475,918,1233,443,1235,1530,1203,588,648,1308,1100,1328,1425,863,405,1215,1013,1140,985,1203,1290,1010,1095,930,1260,993,1620,735,1110,1593,1103,428,1233,1300,1260,1568,595,1210,428,543,1223,975,1465,1243,990,1430,795,525,1053,638,933,1060,743,780,1568,615,1125,1283,1210,835,1298,1180,1105,918,1103,498,1000,1285,1113,970,1300,1308,453,1000,1238,1113,1260,1218,1170,918,803,1540,1430,1595,1610,708,1185,1110,1550,1038,1303,1290,1593,765,1323,1480,640,1173,918,1245,1605,938,738,1283,1180,975,820,1238,1245,1080,1015,1388,1098,1290,528,1430,653,1205,983,1475,1180,985,1020,588,910,1170,623,1243,815,1550,1143,1465,975,1263,683,1260,1038,1238,998,1233,1035,1090,1340,1088,1555,760,495,1165,1290,1163,1110,1158,1135,1318,985,1215,1263,1015,845,390,960,488,708,385,685,983,1053,1365,1323,1503,1068,518,1068,983,1415,998,1298,968,1410,723,775,1530,1545,1253,873,550,638,1373,985,1458,540,1160,1180,1095,550,400,918,1308,393,1113,1285,1568,1015,1340,1518,1373,910,915,970,1103,1425,1188,585,1135,1300,990,718,1340,1465,670,1383,375,1158,663,893,1005,1225,1173,1110,1148,1410,1225,505,683,630,1010,1540,1068,1398,1303,468,1203,570,1260,610,463,1028,1195,1290,1035,1393,1245,473,1285,1405,580,1133,1233,1345,1188,1260,1223,780,1170,1215,1293,965,608,1195,1568,1420,853,1158,618,595,1463,570,1000,1300,1393,1050,1135,1150,540,938,1225,515,1050,1008,818,1020,1098,1225,998,945,1298,453,735,1163,638,1303,890,840,1245,1140,1120,1328,1090,1438,1143,1103,510,1238,1285,1475,1150,1195,510,488,1350,1373,1263,1393,948,1333,780,1555,555,1118,1233,465,430,1113,438,1420,1268,1053,1610,525,1260,1465,1245,1463,1193,940,1118,1235,1200,1210,1043,1073,993,1110,435,383,1268,1393,783,525,960,865,1340,968,1000,693,1568,1053,1065,1610,893,1095,1015,1090,983,398,1268,503,1318,1255,775,580,1180,678,818,1005,1215];

SenderLabelReceiverOrderCriticalChains = [[165,537,0,0,180],[180,1224,0,0,276],[276,123,0,0,433],[59,3691,0,0,168],[168,2129,0,0,404],[404,2265,0,0,482],[482,1329,0,0,276],[297,648,0,0,156],[156,3391,0,0,113],[113,1287,0,0,380],[380,2693,0,0,62],[142,518,0,0,214],[214,3108,0,0,53],[53,964,0,0,26],[26,769,0,0,464],[464,1408,0,0,233],[88,168,0,0,116],[116,3369,0,0,478],[478,1800,0,0,486],[486,2020,0,0,214],[214,2145,0,0,435],[294,1380,0,0,498],[498,1667,0,0,435],[435,1152,2473,0,85],[284,1181,0,0,233],[233,1180,0,0,491],[491,3022,0,0,265],[265,875,0,0,440],[49,2813,0,0,192],[192,3819,0,0,198],[198,1838,0,0,370],[124,2836,0,0,48],[48,2672,0,0,479],[479,3783,0,0,188],[188,1015,0,0,444],[444,1241,0,0,232],[264,3500,0,0,90],[90,3334,0,0,482],[482,2021,0,0,29],[29,617,0,0,289],[30,2949,3289,0,242],[242,2443,3512,0,439],[439,2397,0,0,122],[122,1207,0,0,268],[268,3225,0,0,35],[360,1304,0,0,421],[421,3706,0,0,112],[112,2129,0,0,267],[220,1937,0,0,47],[47,1742,0,0,430],[430,122,0,0,15],[15,2095,0,0,141],[262,3507,0,0,104],[104,482,0,0,249],[249,893,0,0,29],[29,1643,0,0,147],[57,387,0,0,194],[194,3519,0,0,73],[73,2664,0,0,75],[75,322,0,0,325],[325,3360,0,0,442],[97,1061,3337,0,120],[120,1135,1138,0,91],[91,2233,0,0,390],[390,388,0,0,81],[155,2047,0,0,74],[74,2645,0,0,49],[49,1633,0,0,463],[463,52,0,0,252],[252,3719,0,0,336],[177,1006,0,0,361],[361,202,0,0,153],[153,973,0,0,316],[316,2270,0,0,80],[395,1096,0,0,142],[142,1732,0,0,476],[476,2408,0,0,327],[25,3399,0,0,347],[347,2261,0,0,255],[255,595,0,0,397],[397,1197,0,0,493],[493,2061,0,0,145],[298,3174,0,0,243],[243,3288,0,0,377],[377,516,0,0,482],[482,2345,0,0,449],[449,361,0,0,208],[468,1769,0,0,263],[263,3300,0,0,334],[334,1682,0,0,219],[349,3705,0,0,333],[333,2535,0,0,411],[411,3057,0,0,381],[458,1536,0,0,358],[358,1941,0,0,424],[424,1139,0,0,212],[212,1406,0,0,108],[108,1975,3605,0,188],[455,2599,0,0,338],[338,3891,0,0,191],[191,528,0,0,389],[166,1620,0,0,469],[469,1959,0,0,403],[403,385,0,0,160],[172,883,0,0,321],[321,3235,0,0,134],[134,2286,0,0,491],[491,216,0,0,45],[453,2888,0,0,153],[153,2404,0,0,84],[84,1870,0,0,320],[320,858,0,0,165],[202,3444,0,0,121],[121,1908,0,0,419],[419,3710,0,0,118],[118,1514,0,0,168],[168,2756,0,0,125],[406,932,0,0,231],[231,784,0,0,464],[464,1364,0,0,484],[322,2689,0,0,411],[411,665,0,0,77],[77,1545,1859,0,81],[81,991,0,0,93],[445,3794,0,0,200],[200,1895,0,0,475],[475,1029,0,0,447],[374,1753,2615,0,75],[75,1583,0,0,427],[427,1522,0,0,230],[143,3777,0,0,78],[78,179,0,0,11],[11,3513,0,0,69],[477,3452,0,0,15],[15,3112,0,0,92],[92,2780,0,0,143],[143,109,1775,0,434],[314,1623,0,0,99],[99,2348,0,0,187],[187,1412,0,0,248],[362,475,0,0,221],[221,219,0,0,88],[88,226,0,0,400],[400,3661,0,0,363],[170,1705,0,0,389],[389,48,0,0,272],[272,3600,0,0,451],[33,1135,0,0,230],[230,1679,0,0,43],[43,1764,0,0,369],[369,2751,0,0,24],[496,1833,0,0,36],[36,1395,0,0,366],[366,1591,0,0,227],[330,2502,0,0,282],[282,1682,0,0,265],[265,919,0,0,448],[448,3505,0,0,246],[246,2247,0,0,344],[346,3406,0,0,437],[437,84,0,0,358],[358,1793,3618,0,41],[41,2088,0,0,330],[330,2229,0,0,288],[450,2910,0,0,421],[421,2158,0,0,222],[222,1691,0,0,416],[149,1019,0,0,295],[295,3188,0,0,54],[54,418,0,0,306],[306,2921,0,0,399],[473,590,0,0,398],[398,3596,0,0,294],[294,85,0,0,226],[217,1992,0,0,438],[438,1911,0,0,10],[10,2677,0,0,136],[210,1154,2311,0,207],[207,2556,0,0,364],[364,2934,3548,0,40],[55,3183,0,0,111],[111,3224,0,0,206],[206,3521,0,0,101],[101,1768,0,0,354],[354,2000,0,0,404],[223,1956,0,0,412],[412,1542,0,0,52],[52,3712,0,0,310],[310,2084,0,0,172],[172,1330,0,0,500],[176,1302,0,0,105],[105,1169,0,0,473],[473,1375,0,0,19],[19,1691,0,0,107]];

SenderLabelReceiverNonOrderCriticalChains = [[1,1293,48],[1,1484,324],[1,1484,215],[1,1484,436],[1,1984,358],[1,3110,319],[1,3548,496],[1,3548,436],[1,3548,40],[1,3898,239],[1,3898,2],[1,3898,94],[2,789,169],[2,1660,31],[2,1740,63],[2,1740,277],[2,1808,460],[2,3397,4],[3,1613,71],[3,1613,433],[3,1613,390],[3,1975,457],[3,1975,188],[3,2440,403],[3,2440,335],[3,2790,307],[3,2790,369],[3,2897,267],[3,2897,5],[3,2897,244],[4,255,278],[4,257,140],[4,257,472],[4,1262,467],[4,2501,310],[4,3394,444],[4,3394,480],[4,3985,7],[5,171,495],[5,195,8],[5,195,352],[5,509,478],[5,509,164],[5,2171,258],[5,2171,249],[5,2700,467],[5,3210,55],[5,3210,435],[6,251,152],[6,440,10],[6,1170,308],[6,1170,299],[6,1461,365],[6,1461,484],[6,2148,446],[6,2148,489],[6,3622,234],[7,499,415],[7,561,12],[7,561,199],[7,561,482],[7,877,131],[7,1470,186],[7,2590,228],[7,2590,472],[7,3277,475],[8,693,51],[8,1214,435],[8,1214,9],[8,1741,187],[8,1741,18],[8,2232,192],[8,2232,206],[8,2627,142],[8,3115,122],[9,565,14],[9,701,275],[9,701,103],[9,2197,338],[9,2197,394],[9,2492,125],[9,2492,114],[9,3085,84],[9,3840,31],[10,1357,8],[10,1745,74],[10,1745,11],[10,1745,449],[10,2677,136],[10,2721,310],[10,3311,481],[10,3623,160],[10,3623,487],[11,526,123],[11,526,111],[11,1482,15],[11,2013,159],[11,2013,232],[11,3271,251],[11,3513,69],[11,3513,493],[11,3845,54],[12,672,334],[12,672,350],[12,2561,98],[12,3148,134],[12,3866,22],[13,332,328],[13,1315,36],[13,1315,164],[13,3528,483],[13,3662,246],[13,3821,14],[14,1239,34],[14,1763,144],[14,1763,305],[14,2354,282],[14,3082,333],[15,744,426],[15,1990,357],[15,2095,141],[15,2095,115],[15,3112,92],[15,3446,16],[16,195,8],[16,195,352],[16,334,42],[16,779,456],[16,779,274],[16,1135,194],[16,1135,91],[16,1135,230],[16,2313,467],[16,2886,434],[17,147,7],[17,147,298],[17,147,323],[17,399,18],[17,1312,183],[17,1312,469],[17,1312,477],[17,2465,465],[17,2465,382],[18,1038,128],[18,1250,500],[18,1250,456],[18,1321,240],[18,1648,398],[18,1648,480],[18,3434,21],[19,467,23],[19,650,241],[19,650,319],[19,1027,448],[19,1691,107],[19,1691,416],[19,2211,181],[19,3212,79],[19,3212,332],[19,3212,420],[20,28,22],[20,307,179],[20,307,397],[20,307,420],[20,1157,146],[20,1170,308],[20,1170,299],[20,2263,3],[20,3031,315],[20,3031,394],[20,3031,241],[21,1339,469],[21,1853,34],[21,1853,359],[21,3597,105],[22,819,294],[22,915,25],[22,1247,476],[22,1634,232],[22,1874,272],[22,2299,38],[23,244,69],[23,244,252],[23,1979,471],[23,2031,224],[23,3116,179],[23,3313,493],[23,3416,37],[23,3416,245],[23,3416,288],[24,579,274],[24,1139,128],[24,1139,212],[24,1414,43],[24,1723,92],[24,2439,402],[24,3661,254],[24,3661,363],[24,3661,433],[25,1401,246],[25,2342,284],[25,3229,36],[25,3399,347],[25,3404,368],[25,3404,415],[25,3576,220],[26,769,464],[26,1078,126],[26,1078,428],[26,1085,173],[26,1830,313],[26,2393,324],[26,2393,420],[26,2422,438],[26,3652,363],[27,361,36],[27,361,208],[27,361,321],[27,1959,403],[27,1959,332],[27,3128,199],[27,3706,2],[27,3706,112],[27,3706,226],[27,3794,392],[27,3794,200],[28,1052,291],[28,2142,283],[28,2358,432],[28,2713,126],[28,3179,31],[28,3263,231],[28,3263,178],[28,3672,417],[29,617,289],[29,1465,300],[29,1643,147],[29,1643,467],[29,3463,150],[29,3599,34],[30,799,268],[30,1166,196],[30,1272,63],[30,2949,242],[30,2949,361],[30,3158,63],[30,3289,343],[30,3289,242],[30,3572,13],[31,1510,314],[31,2562,453],[31,3086,309],[31,3799,314],[32,736,141],[32,736,477],[32,1118,451],[32,1428,460],[32,1428,33],[32,2961,386],[32,3639,100],[32,3771,436],[33,44,162],[33,352,305],[33,591,135],[33,591,249],[33,1135,194],[33,1135,91],[33,1135,230],[33,1995,132],[33,1995,304],[33,3167,80],[34,740,422],[34,973,316],[34,973,265],[34,973,419],[34,3205,259],[34,3205,99],[34,3822,59],[35,262,387],[35,601,130],[35,601,135],[35,2497,446],[35,2910,421],[35,2910,196],[36,1395,366],[36,1417,294],[36,3275,46],[36,3275,348],[36,3734,302],[37,993,218],[37,993,250],[37,993,337],[37,993,366],[37,2096,67],[37,2096,260],[37,2276,447],[37,2276,366],[37,2694,35],[37,3367,45],[37,3906,296],[37,3906,142],[38,2716,146],[38,3468,42],[38,3530,57],[38,3810,136],[39,938,59],[39,1861,276],[39,2476,269],[39,2707,408],[39,2707,323],[39,3279,209],[39,3279,284],[39,3297,303],[40,691,436],[40,2075,440],[40,2934,364],[41,1786,396],[41,1793,358],[41,1840,56],[41,2088,330],[41,2473,216],[41,2473,435],[41,3742,214],[42,245,285],[42,2365,421],[42,2545,31],[42,2883,340],[42,2883,383],[42,3655,64],[42,3820,113],[43,811,57],[43,811,174],[43,1141,14],[43,1764,369],[44,177,383],[44,1789,166],[44,1938,486],[44,3029,398],[44,3289,343],[44,3289,242],[44,3982,88],[45,1,433],[45,225,443],[45,3267,415],[45,3693,5],[46,382,231],[46,787,40],[46,1094,124],[46,1094,457],[46,1380,213],[46,1380,498],[46,2288,240],[46,2288,463],[46,3612,198],[46,3612,182],[47,1742,430],[47,1742,384],[47,2191,487],[47,2813,145],[47,2813,192],[47,2813,325],[47,2949,242],[47,2949,361],[47,3381,83],[48,2307,52],[48,2672,479],[48,2829,145],[48,2829,461],[48,3404,368],[48,3404,415],[49,237,449],[49,985,278],[49,1633,463],[49,2813,145],[49,2813,192],[49,2813,325],[49,3348,71],[50,362,355],[50,1981,197],[50,2437,30],[50,2666,150],[50,3172,296],[50,3617,417],[50,3617,121],[50,3709,186],[50,3709,251],[51,823,210],[51,1206,207],[51,1584,401],[51,1584,174],[51,1592,82],[51,2419,25],[52,198,72],[52,2900,189],[52,3205,259],[52,3205,99],[52,3415,454],[52,3712,441],[52,3712,429],[52,3712,310],[53,191,173],[53,307,179],[53,307,397],[53,307,420],[53,964,26],[53,2894,168],[53,3938,452],[54,418,306],[54,1684,83],[54,1775,434],[54,1775,304],[54,1794,82],[54,3732,430],[54,3732,451],[55,859,98],[55,1918,350],[55,2864,251],[55,3183,111],[55,3308,371],[56,1331,13],[56,1331,110],[56,2338,216],[56,2338,111],[56,3060,272],[56,3060,219],[56,3310,318],[56,3677,251],[56,3677,271],[56,3730,219],[57,387,194],[57,387,496],[57,387,495],[57,2119,450],[57,2119,60],[57,2119,212],[57,2915,379],[57,2915,94],[57,3051,304],[58,8,248],[58,857,394],[58,1208,320],[58,1377,145],[58,2210,75],[58,3031,315],[58,3031,394],[58,3031,241],[58,3762,115],[59,282,104],[59,1270,480],[59,1270,220],[59,1484,324],[59,1484,215],[59,1484,436],[59,1581,401],[59,1581,202],[59,3691,168],[60,307,179],[60,307,397],[60,307,420],[60,435,64],[60,2576,280],[60,2576,69],[60,2595,299],[61,20,322],[61,20,348],[61,88,300],[61,734,140],[61,848,348],[61,1514,168],[61,1514,420],[61,2474,408],[61,2474,132],[61,2852,431],[61,3899,95],[62,526,123],[62,526,111],[62,1314,456],[62,1597,155],[62,1607,76],[62,3338,229],[62,3763,168],[63,1361,122],[63,1396,204],[63,2261,306],[63,2261,355],[63,2261,255],[63,3865,459],[63,3865,226],[64,591,135],[64,591,249],[64,1017,193],[64,1484,324],[64,1484,215],[64,1484,436],[64,2962,134],[64,2962,110],[64,3370,331],[64,3370,295],[64,3426,55],[65,890,119],[65,994,269],[65,1184,378],[65,2337,121],[65,3604,254],[65,3604,161],[65,3641,71],[65,3740,441],[66,20,322],[66,20,348],[66,286,283],[66,817,390],[66,854,195],[66,990,251],[66,2950,446],[66,3383,70],[67,534,290],[67,534,299],[67,1653,96],[67,1852,76],[67,1852,422],[67,2145,435],[67,2145,383],[67,2877,213],[68,36,117],[68,36,170],[68,356,154],[68,356,78],[68,1311,306],[68,1507,136],[68,2580,271],[68,3521,101],[68,3521,291],[68,3521,396],[68,3709,186],[68,3709,251],[69,1196,210],[69,1392,254],[69,1392,181],[69,1392,123],[69,1515,98],[69,1524,327],[69,1524,94],[69,2243,288],[70,149,2],[70,442,318],[70,1280,181],[70,1280,235],[70,2867,77],[71,1693,289],[71,2048,427],[71,2634,309],[71,2634,346],[71,2973,264],[71,2973,471],[71,3275,46],[71,3275,348],[72,446,85],[72,1788,105],[72,1944,355],[72,3087,271],[73,475,137],[73,475,221],[73,1117,92],[73,1117,496],[73,2543,82],[73,2664,75],[73,3604,254],[73,3604,161],[73,3677,251],[73,3677,271],[73,3850,438],[74,75,145],[74,75,355],[74,1577,177],[74,2288,240],[74,2288,463],[74,2645,49],[74,3932,365],[74,3936,461],[75,322,325],[75,979,94],[75,1583,427],[75,2615,89],[75,2615,374],[76,491,101],[76,612,284],[76,612,416],[76,1210,125],[76,1899,474],[76,1899,498],[76,2091,398],[76,3214,219],[77,1545,81],[77,1859,81],[77,2212,333],[77,2212,321],[77,2975,91],[78,179,11],[78,272,225],[78,1695,238],[78,1695,469],[78,2832,80],[78,2832,360],[78,3394,444],[78,3394,480],[78,3793,247],[79,1534,123],[79,1668,312],[79,2080,160],[79,2492,125],[79,2492,114],[79,2520,393],[79,2520,423],[79,3318,83],[79,3318,345],[79,3518,262],[79,3518,239],[79,3518,270],[80,1724,27],[80,2344,236],[80,2817,90],[80,2817,227],[80,3785,128],[81,249,469],[81,249,178],[81,849,3],[81,849,182],[81,991,302],[81,991,93],[81,1696,155],[81,1853,34],[81,1853,359],[82,874,83],[82,874,371],[82,2897,267],[82,2897,5],[82,2897,244],[82,3145,112],[82,3852,51],[84,13,220],[84,1686,115],[84,1870,320],[84,1870,496],[84,2596,175],[84,3505,246],[84,3505,243],[84,3505,195],[85,656,135],[85,1320,427],[85,1320,447],[85,2473,216],[85,2473,435],[85,2652,154],[85,2652,493],[85,3016,34],[85,3464,87],[86,10,49],[86,10,412],[86,10,481],[86,1421,133],[86,2619,158],[86,2619,286],[86,3070,175],[86,3070,268],[86,3070,258],[86,3355,309],[86,3786,88],[87,893,29],[87,893,131],[87,2592,194],[87,3556,246],[87,3951,169],[87,3951,484],[87,3987,162],[88,168,116],[88,168,185],[88,226,462],[88,226,400],[88,235,138],[88,1524,327],[88,1524,94],[88,1532,124],[89,1926,488],[89,1926,390],[89,2542,402],[89,2874,431],[89,2957,183],[89,3060,272],[89,3060,219],[89,3121,145],[90,303,453],[90,1437,465],[90,3164,155],[90,3334,482],[90,3865,459],[90,3865,226],[91,806,93],[91,1099,195],[91,1099,339],[91,1138,120],[91,2233,390],[91,2316,93],[92,1962,499],[92,1962,105],[92,2780,221],[92,2780,143],[92,2813,145],[92,2813,192],[92,2813,325],[92,3447,481],[93,663,381],[93,2078,439],[93,2094,349],[93,2094,353],[93,2245,99],[93,2789,411],[94,487,110],[94,813,267],[94,2170,291],[94,2170,390],[95,183,129],[95,257,140],[95,257,472],[95,715,242],[95,715,49],[95,1303,408],[95,1707,319],[95,2205,319],[95,2614,408],[96,22,279],[96,116,476],[96,652,174],[96,2334,158],[96,2334,29],[96,2609,418],[96,2609,227],[96,2609,383],[96,3139,179],[97,504,322],[97,1061,120],[97,1992,438],[97,1992,322],[97,2181,400],[97,2181,483],[97,2621,264],[97,3263,231],[97,3263,178],[97,3337,120],[98,113,429],[98,228,186],[98,228,428],[98,2066,132],[98,2897,267],[98,2897,5],[98,2897,244],[99,827,229],[99,1435,142],[99,1912,89],[99,2348,187],[100,1434,375],[100,1434,418],[100,1929,447],[100,2291,498],[100,2296,204],[100,3305,446],[100,3408,151],[100,3592,343],[101,1245,19],[101,1245,428],[101,1768,494],[101,1768,354],[101,2408,203],[101,2408,166],[101,2408,327],[101,3861,262],[102,678,413],[102,678,191],[102,713,106],[102,2319,350],[102,2319,361],[102,3783,140],[102,3783,188],[103,375,269],[103,983,188],[103,1277,459],[103,2551,269],[103,2861,92],[103,2861,43],[103,3196,207],[104,482,249],[104,482,193],[104,1406,108],[104,1406,47],[104,2185,159],[104,2474,408],[104,2474,132],[105,1169,324],[105,1169,473],[105,1791,265],[105,3670,224],[106,56,401],[106,1471,190],[106,1554,164],[106,2321,169],[106,2578,493],[107,34,269],[107,2629,157],[107,3017,226],[107,3293,423],[107,3418,401],[108,1856,126],[108,1975,457],[108,1975,188],[108,2556,364],[108,2556,473],[108,2843,452],[108,2843,106],[108,3278,296],[108,3605,115],[108,3605,188],[108,3605,404],[109,1160,240],[109,1160,295],[109,1643,147],[109,1643,467],[109,2797,244],[109,2904,44],[109,2904,149],[109,3336,83],[109,3336,107],[109,3706,2],[109,3706,112],[109,3706,226],[109,3836,421],[110,561,12],[110,561,199],[110,561,482],[110,811,57],[110,811,174],[110,993,218],[110,993,250],[110,993,337],[110,993,366],[110,1678,149],[111,46,113],[111,46,340],[111,511,208],[111,1969,366],[111,2096,67],[111,2096,260],[111,3224,206],[112,1418,245],[112,2129,267],[112,2129,404],[112,2148,446],[112,2148,489],[112,2650,217],[112,2650,6],[112,3716,141],[113,142,46],[113,1168,121],[113,1287,380],[113,1287,40],[113,3184,118],[113,3184,311],[114,1963,244],[114,2854,224],[114,2854,472],[114,3325,139],[114,3325,494],[114,3843,147],[114,3843,247],[115,326,222],[115,3347,147],[116,163,376],[116,163,427],[116,1133,372],[116,1133,451],[116,1133,295],[116,2661,176],[116,2661,488],[116,3369,478],[116,3623,160],[116,3623,487],[117,889,136],[117,998,160],[117,1190,308],[117,1896,389],[117,2294,345],[117,2477,116],[117,2477,485],[118,525,147],[118,525,394],[118,1514,168],[118,1514,420],[118,2729,243],[118,3151,127],[119,1434,375],[119,1434,418],[119,1749,288],[119,2293,500],[119,3216,479],[119,3234,209],[120,1102,333],[120,1135,194],[120,1135,91],[120,1135,230],[120,1438,114],[120,1438,307],[120,3459,227],[121,609,159],[121,609,408],[121,1908,419],[121,2042,114],[122,737,196],[122,1207,268],[122,2771,384],[122,3244,130],[122,3636,262],[123,1160,240],[123,1160,295],[123,1909,137],[123,3195,270],[124,846,411],[124,846,491],[124,1772,146],[124,2308,398],[124,2308,471],[124,2723,125],[124,2836,393],[124,2836,48],[124,3590,32],[125,1392,254],[125,1392,181],[125,1392,123],[125,2218,226],[125,3942,236],[126,828,260],[126,1562,139],[127,222,151],[127,1322,150],[127,1322,252],[127,1322,184],[127,2122,423],[127,2181,400],[127,2181,483],[127,3903,372],[128,2883,340],[128,2883,383],[128,2960,119],[128,2960,349],[128,3898,239],[128,3898,2],[128,3898,94],[129,858,165],[129,858,474],[129,1611,348],[129,2794,300],[129,2845,140],[129,3488,215],[130,736,141],[130,736,477],[130,2126,256],[130,2166,57],[130,3069,43],[130,3070,175],[130,3070,268],[130,3070,258],[131,2962,134],[131,2962,110],[132,141,206],[132,561,12],[132,561,199],[132,561,482],[132,2397,122],[132,2397,279],[132,3093,465],[133,529,441],[133,559,131],[133,559,465],[133,963,269],[133,2773,420],[133,3119,35],[133,3546,450],[133,3546,147],[134,745,131],[134,745,255],[134,2176,227],[134,2286,491],[134,3359,83],[134,3374,342],[135,1112,391],[135,1541,424],[135,1541,487],[135,2119,450],[135,2119,60],[135,2119,212],[135,3163,142],[135,3751,234],[136,601,130],[136,601,135],[136,954,152],[136,954,249],[136,1318,199],[136,2505,48],[136,2505,377],[137,1372,209],[137,1372,307],[137,1432,391],[137,1433,164],[137,2806,481],[137,2806,150],[137,2980,141],[137,3705,333],[137,3705,138],[137,3705,448],[138,370,295],[138,703,21],[138,1280,181],[138,1280,235],[138,1957,222],[138,2170,291],[138,2170,390],[138,3631,433],[138,3631,283],[139,111,229],[139,111,498],[139,640,60],[139,2650,217],[139,2650,6],[139,2942,237],[139,2992,158],[140,1033,300],[140,1108,121],[140,1108,283],[140,1826,229],[140,3605,115],[140,3605,188],[140,3605,404],[141,519,17],[141,519,253],[141,2500,416],[141,3356,225],[142,518,214],[142,976,346],[142,976,161],[142,1732,476],[143,109,429],[143,109,434],[143,482,249],[143,482,193],[143,1775,434],[143,1775,304],[143,2417,96],[143,3455,270],[143,3777,78],[143,3777,103],[144,287,294],[144,926,257],[144,2532,212],[144,2532,237],[144,2564,317],[144,2564,466],[144,2564,401],[144,2609,418],[144,2609,227],[144,2609,383],[145,1985,169],[145,2983,160],[146,947,498],[146,1162,358],[146,3090,372],[146,3090,446],[146,3626,450],[146,3803,499],[146,3803,233],[147,2169,381],[147,2520,393],[147,2520,423],[147,2710,87],[148,1389,278],[148,1389,325],[148,1392,254],[148,1392,181],[148,1392,123],[148,2004,152],[148,2070,412],[148,2873,338],[148,3030,215],[148,3584,399],[148,3584,255],[149,36,117],[149,36,170],[149,1019,295],[149,1320,427],[149,1320,447],[149,3184,118],[149,3184,311],[149,3521,101],[149,3521,291],[149,3521,396],[149,3732,430],[149,3732,451],[150,278,155],[150,425,467],[150,3014,462],[151,779,456],[151,779,274],[151,1140,75],[151,1677,343],[151,3395,445],[151,3400,256],[152,2651,158],[152,3330,256],[152,3720,304],[152,3768,438],[152,3967,250],[153,973,316],[153,973,265],[153,973,419],[153,1172,158],[153,1172,423],[153,1456,375],[153,2404,84],[153,2946,163],[153,2946,467],[153,3480,186],[153,3480,218],[154,632,262],[154,1124,360],[154,1124,174],[154,2573,329],[154,3757,180],[155,1015,444],[155,1015,60],[155,2047,74],[155,2208,216],[155,3092,221],[155,3092,216],[156,1468,262],[156,1468,280],[156,2007,409],[156,2690,161],[156,3391,113],[156,3391,446],[157,1065,213],[157,1423,156],[157,1640,262],[157,1695,238],[157,1695,469],[157,2833,197],[157,2995,222],[157,3448,179],[158,1455,461],[158,3532,314],[159,888,260],[159,1472,194],[159,2059,165],[159,2155,68],[160,387,194],[160,387,496],[160,387,495],[160,428,257],[160,609,159],[160,609,408],[161,80,366],[161,80,406],[161,80,340],[161,1517,369],[161,3231,397],[161,3501,310],[161,3891,191],[161,3891,224],[162,1200,288],[162,1200,261],[162,1939,471],[162,1939,178],[162,2670,287],[162,3685,176],[162,3765,250],[162,3765,231],[162,3878,257],[162,3878,439],[163,832,389],[163,1133,372],[163,1133,451],[163,1133,295],[163,3747,228],[163,3905,334],[164,46,113],[164,46,340],[164,1092,460],[164,3127,444],[164,3805,222],[165,537,180],[165,1182,441],[165,2712,235],[165,3135,441],[166,45,24],[166,45,47],[166,1057,286],[166,1057,426],[166,1620,469],[166,3079,290],[166,3828,171],[166,3828,434],[167,392,464],[167,525,147],[167,525,394],[167,548,188],[167,551,191],[167,1974,303],[167,2009,276],[167,3377,310],[168,1444,335],[168,2129,267],[168,2129,404],[168,2756,125],[168,3545,209],[169,708,294],[169,2241,443],[169,2241,173],[169,2763,227],[169,2943,173],[170,297,410],[170,1705,375],[170,1705,389],[170,1799,490],[170,1799,323],[170,1799,353],[170,3309,485],[170,3978,221],[171,238,328],[171,530,232],[171,530,279],[171,654,484],[171,1784,237],[171,2408,203],[171,2408,166],[171,2408,327],[171,3990,203],[172,778,486],[172,883,321],[172,1004,493],[172,1330,333],[172,1330,500],[172,3301,395],[172,3736,317],[173,1409,126],[173,1589,401],[173,3005,112],[173,3005,207],[174,794,35],[174,1307,260],[175,115,367],[175,115,420],[175,3913,296],[175,3913,432],[175,3998,297],[176,1107,66],[176,1302,105],[176,1863,232],[176,3442,330],[176,3898,239],[176,3898,2],[176,3898,94],[177,855,209],[177,872,297],[177,1006,361],[177,2674,219],[177,3547,272],[177,3886,326],[178,75,145],[178,75,355],[178,1108,121],[178,1108,283],[178,2270,80],[178,2270,128],[178,3744,411],[178,3965,189],[179,1372,209],[179,1372,307],[179,1555,452],[179,1555,341],[179,1555,278],[179,2486,190],[179,3212,79],[179,3212,332],[179,3212,420],[180,991,302],[180,991,93],[180,1224,276],[180,2579,342],[180,3103,327],[180,3103,375],[181,227,250],[181,1511,343],[181,2445,360],[181,2445,208],[181,2861,92],[181,2861,43],[182,212,205],[182,528,154],[182,528,389],[182,1448,187],[182,1631,405],[182,1702,495],[182,3473,342],[183,419,184],[183,2393,324],[183,2393,420],[183,2634,309],[183,2634,346],[183,3233,101],[184,267,349],[184,519,17],[184,519,253],[184,1001,231],[184,1084,63],[185,70,436],[185,157,285],[185,190,165],[185,190,477],[185,1557,275],[185,2809,176],[185,2809,418],[185,3549,245],[185,3955,438],[186,583,277],[186,941,380],[187,1301,309],[187,1412,248],[187,1474,302],[187,2532,212],[187,2532,237],[188,271,271],[188,1015,444],[188,1015,60],[188,3036,104],[189,1317,454],[189,1469,4],[189,2790,307],[189,2790,369],[189,3491,416],[189,3788,52],[190,987,493],[190,1454,175],[190,2649,495],[190,2649,464],[191,528,154],[191,528,389],[191,613,423],[191,613,281],[191,1712,17],[191,1712,199],[191,2103,410],[191,2103,318],[191,2236,247],[191,2236,473],[192,672,334],[192,672,350],[192,2585,193],[192,2585,72],[192,3368,218],[192,3780,254],[192,3819,198],[193,321,389],[193,2197,338],[193,2197,394],[193,3752,497],[194,880,208],[194,1512,104],[194,3212,79],[194,3212,332],[194,3212,420],[194,3519,73],[195,1243,382],[195,1698,3],[195,3485,180],[196,698,38],[196,715,242],[196,715,49],[196,1123,242],[196,1776,267],[197,140,212],[197,358,328],[197,448,425],[197,1567,195],[197,3044,27],[197,3221,204],[197,3221,350],[198,110,102],[198,1838,370],[198,1925,484],[198,2179,367],[198,2459,70],[199,729,251],[199,1199,252],[199,1629,115],[199,2195,385],[200,431,363],[200,1270,480],[200,1270,220],[200,1895,475],[200,2292,263],[200,3092,221],[200,3092,216],[200,3957,324],[201,611,83],[201,611,445],[201,968,466],[201,1150,298],[201,1283,214],[201,2241,443],[201,2241,173],[201,3352,219],[201,3951,169],[201,3951,484],[202,695,453],[202,814,491],[202,1337,468],[202,1547,45],[202,1547,427],[202,2611,293],[202,3191,235],[202,3191,315],[202,3444,121],[203,1220,345],[203,1349,279],[203,2213,473],[203,2499,177],[203,2499,435],[203,3153,491],[203,3371,259],[204,387,194],[204,387,496],[204,387,495],[204,521,483],[204,521,310],[204,1057,286],[204,1057,426],[204,1231,340],[204,2338,216],[204,2338,111],[205,463,441],[205,463,490],[205,705,323],[205,2477,116],[205,2477,485],[205,3133,264],[205,3873,450],[205,3901,207],[205,3901,485],[206,540,13],[206,540,208],[206,1782,210],[206,2748,163],[206,2748,475],[206,3521,101],[206,3521,291],[206,3521,396],[207,2311,86],[207,2311,415],[207,2311,210],[207,2556,364],[207,2556,473],[207,3380,118],[208,201,276],[208,796,470],[208,2908,251],[209,450,234],[209,2461,485],[209,3048,97],[210,4,120],[210,1154,207],[210,2590,228],[210,2590,472],[211,274,384],[211,274,250],[211,1368,393],[211,1521,367],[211,2147,278],[211,2147,427],[211,2298,306],[211,2415,40],[211,2415,316],[211,2607,210],[211,3258,243],[211,3258,413],[211,3258,451],[212,714,287],[212,1315,36],[212,1315,164],[212,1406,108],[212,1406,47],[212,3841,386],[213,612,284],[213,612,416],[213,1964,244],[213,2236,247],[213,2236,473],[213,2257,267],[213,2257,483],[213,3825,193],[214,1312,183],[214,1312,469],[214,1312,477],[214,2145,435],[214,2145,383],[214,2737,159],[214,3108,53],[214,3108,190],[215,117,131],[215,625,380],[215,914,369],[215,914,270],[215,1642,431],[215,1642,321],[215,3927,499],[216,50,226],[216,1779,462],[216,2944,200],[217,841,292],[217,1078,126],[217,1078,428],[217,1992,438],[217,1992,322],[217,2525,291],[217,3756,276],[217,3923,238],[218,2587,17],[218,2865,337],[218,2888,153],[218,2888,360],[218,3255,490],[218,3460,129],[219,1741,187],[219,1741,18],[219,2095,141],[219,2095,115],[220,922,329],[220,1014,304],[220,1799,490],[220,1799,323],[220,1799,353],[220,1937,47],[220,3358,459],[220,3358,453],[221,219,88],[221,1496,288],[221,1496,344],[221,1496,285],[221,1509,415],[221,2856,452],[222,1322,150],[222,1322,252],[222,1322,184],[222,1691,107],[222,1691,416],[222,3571,225],[223,521,483],[223,521,310],[223,1089,266],[223,1089,409],[223,1625,479],[223,1941,424],[223,1941,406],[223,1956,412],[223,2073,311],[223,2073,362],[223,2073,486],[223,2114,283],[223,2821,239],[224,2032,308],[224,3318,83],[224,3318,345],[225,10,49],[225,10,412],[225,10,481],[225,761,308],[225,761,379],[225,849,3],[225,849,182],[225,2109,72],[225,3456,267],[226,143,132],[226,1252,385],[227,460,489],[227,460,492],[228,458,287],[228,935,156],[228,935,410],[228,2564,317],[228,2564,466],[228,2564,401],[228,3031,315],[228,3031,394],[228,3031,241],[228,3191,235],[228,3191,315],[229,1833,36],[229,1833,328],[229,2061,145],[229,2061,335],[229,3320,274],[230,111,229],[230,111,498],[230,628,255],[230,697,374],[230,1679,43],[230,2806,481],[230,2806,150],[230,3387,113],[231,784,464],[231,3336,83],[231,3336,107],[231,3647,165],[232,529,441],[232,2973,264],[232,2973,471],[232,3090,372],[232,3090,446],[233,447,331],[233,1180,491],[233,1200,288],[233,1200,261],[233,1842,148],[233,1842,129],[233,2478,292],[233,2478,370],[234,1424,301],[234,1551,412],[234,1551,478],[234,1551,451],[234,2209,363],[234,3150,21],[234,3777,78],[234,3777,103],[235,108,409],[235,2027,328],[235,3108,53],[235,3108,190],[235,3201,286],[235,3558,368],[236,735,394],[236,993,218],[236,993,250],[236,993,337],[236,993,366],[236,1117,92],[236,1117,496],[236,1142,470],[236,1799,490],[236,1799,323],[236,1799,353],[236,3568,370],[237,532,289],[237,631,314],[237,631,326],[237,1322,150],[237,1322,252],[237,1322,184],[237,1350,313],[237,2118,249],[238,1132,253],[238,2649,495],[238,2649,464],[238,2780,221],[238,2780,143],[238,2847,41],[239,2906,301],[239,2932,266],[239,2968,473],[240,996,280],[240,2134,247],[240,3584,399],[240,3584,255],[240,3878,257],[240,3878,439],[241,1244,499],[241,1389,278],[241,1389,325],[241,2079,479],[241,2936,398],[241,3222,90],[241,3222,457],[242,2443,84],[242,2443,439],[242,3257,50],[242,3512,439],[243,1884,361],[243,2620,313],[243,3288,377],[243,3605,115],[243,3605,188],[243,3605,404],[244,1541,424],[244,1541,487],[244,2290,227],[244,2290,453],[244,3513,69],[244,3513,493],[245,562,174],[245,1129,374],[245,1995,132],[245,1995,304],[245,2443,84],[245,2443,439],[245,3370,331],[245,3370,295],[246,10,49],[246,10,412],[246,10,481],[246,1868,187],[246,2247,344],[247,228,186],[247,228,428],[247,643,293],[247,2619,158],[247,2619,286],[247,3120,428],[248,347,224],[248,773,432],[248,1446,258],[248,1446,279],[248,3887,170],[248,3939,445],[249,733,429],[249,893,29],[249,893,131],[249,3062,116],[249,3062,260],[250,1641,322],[250,1673,315],[250,2319,350],[250,2319,361],[251,2416,270],[252,1229,395],[252,3632,335],[252,3719,336],[252,3719,228],[252,3854,309],[252,3854,65],[253,344,428],[253,459,397],[253,2300,413],[253,2668,317],[253,3559,334],[253,3559,327],[253,3746,411],[254,549,285],[254,2265,144],[254,2265,482],[254,3438,433],[255,595,397],[255,1745,74],[255,1745,11],[255,1745,449],[255,2144,266],[256,701,275],[256,701,103],[256,1245,19],[256,1245,428],[256,1869,183],[256,1869,387],[256,2395,141],[256,2465,465],[256,2465,382],[257,107,329],[257,1613,71],[257,1613,433],[257,1613,390],[257,1718,380],[257,1718,17],[257,3913,296],[257,3913,432],[257,3952,382],[258,712,432],[258,1785,45],[258,2663,110],[258,3966,336],[259,1099,195],[259,1099,339],[259,2305,464],[259,2558,266],[259,2726,242],[259,3344,462],[260,1991,277],[260,3583,273],[260,3906,296],[260,3906,142],[261,1031,21],[261,1124,360],[261,1124,174],[261,1441,416],[261,1649,190],[261,2565,360],[261,2969,18],[262,3507,104],[262,3733,151],[263,45,24],[263,45,47],[263,955,351],[263,1571,328],[263,2964,317],[263,3300,334],[264,1169,324],[264,1169,473],[264,1198,307],[264,1446,258],[264,1446,279],[264,2622,286],[264,3500,90],[265,875,440],[265,919,448],[265,3416,37],[265,3416,245],[265,3416,288],[266,500,337],[266,629,268],[266,2327,356],[267,3221,204],[267,3221,350],[267,3510,347],[267,3510,292],[268,599,186],[268,1842,148],[268,1842,129],[268,3225,35],[268,3505,246],[268,3505,243],[268,3505,195],[269,943,425],[269,1763,144],[269,1763,305],[270,165,281],[270,624,360],[270,3790,374],[271,607,287],[271,1860,468],[271,3391,113],[271,3391,446],[271,3510,347],[271,3510,292],[272,2526,324],[272,3246,352],[272,3358,459],[272,3358,453],[272,3600,451],[273,366,391],[273,366,326],[273,951,354],[273,1189,456],[273,1445,356],[273,1445,126],[273,1555,452],[273,1555,341],[273,1555,278],[273,1857,102],[273,2946,163],[273,2946,467],[274,650,241],[274,650,319],[274,2153,315],[274,2868,315],[274,2868,405],[275,3596,265],[275,3596,294],[275,3761,481],[275,3828,171],[275,3828,434],[276,64,40],[276,123,433],[277,360,370],[277,360,455],[277,852,91],[277,2259,352],[277,3294,409],[278,1496,288],[278,1496,344],[278,1496,285],[278,1700,238],[278,2335,292],[279,1461,365],[279,1461,484],[279,2103,410],[279,2103,318],[279,3698,395],[280,2019,299],[280,2147,278],[280,2147,427],[280,3702,311],[281,596,487],[281,1053,445],[281,2937,338],[281,3806,102],[282,144,341],[282,349,397],[282,1628,55],[282,1682,219],[282,1682,265],[282,2809,176],[282,2809,418],[283,653,311],[283,846,411],[283,846,491],[283,1330,333],[283,1330,500],[284,676,311],[284,1181,233],[284,1498,303],[284,1615,82],[284,1615,472],[284,1967,398],[285,993,218],[285,993,250],[285,993,337],[285,993,366],[285,2171,258],[285,2171,249],[285,3671,442],[286,1083,462],[286,1852,76],[286,1852,422],[286,3684,289],[287,294,437],[287,310,313],[287,815,312],[287,1539,383],[288,2030,391],[288,2482,400],[289,631,314],[289,631,326],[289,1978,336],[289,3292,477],[290,147,7],[290,147,298],[290,147,323],[290,560,406],[290,679,363],[290,2475,362],[290,3012,412],[291,1264,150],[291,1718,380],[291,1718,17],[291,1740,63],[291,1740,277],[291,3972,489],[291,3972,497],[292,260,325],[292,2376,468],[292,3921,347],[293,374,332],[293,374,481],[293,1379,371],[293,2604,305],[293,3712,441],[293,3712,429],[293,3712,310],[293,3958,425],[293,3958,382],[294,85,226],[294,597,109],[294,1380,213],[294,1380,498],[295,959,20],[295,959,83],[295,3102,119],[295,3188,54],[296,2311,86],[296,2311,415],[296,2311,210],[296,2685,86],[296,3705,333],[296,3705,138],[296,3705,448],[297,648,156],[297,1394,385],[297,2034,298],[297,2836,393],[297,2836,48],[297,3171,326],[297,3882,224],[298,1131,263],[298,2424,377],[298,3125,12],[298,3174,243],[299,292,323],[299,414,399],[299,424,389],[299,3136,410],[300,552,474],[300,935,156],[300,935,410],[300,3273,246],[301,52,252],[301,52,386],[301,81,303],[301,483,280],[301,534,290],[301,534,299],[301,903,144],[301,903,469],[301,2234,448],[302,1305,239],[302,1364,449],[302,1364,484],[302,1692,354],[302,1692,16],[302,2177,482],[302,2673,386],[302,2673,274],[303,1989,373],[303,3332,248],[303,3854,309],[303,3854,65],[304,745,131],[304,745,255],[304,3969,305],[305,295,281],[305,636,292],[305,637,463],[306,911,127],[306,911,476],[306,2279,241],[306,2921,399],[307,1133,372],[307,1133,451],[307,1133,295],[307,2707,408],[307,2707,323],[307,3104,356],[308,1476,305],[308,1797,424],[308,1815,332],[309,545,38],[309,1798,376],[310,356,154],[310,356,78],[310,2084,172],[311,2615,89],[311,2615,374],[311,2914,436],[312,366,391],[312,366,326],[312,407,351],[312,540,13],[312,540,208],[312,1708,346],[312,2024,471],[313,163,376],[313,163,427],[313,2839,419],[313,3046,333],[314,1623,99],[314,2823,12],[314,3883,170],[315,1447,259],[315,2817,90],[315,2817,227],[315,3066,364],[316,824,261],[316,1855,470],[316,2072,282],[316,2261,306],[316,2261,355],[316,2261,255],[316,2270,80],[316,2270,128],[317,584,318],[317,918,324],[317,1496,288],[317,1496,344],[317,1496,285],[318,170,405],[318,611,83],[318,611,445],[318,761,308],[318,761,379],[318,2576,280],[318,2576,69],[319,426,348],[319,1151,474],[319,1899,474],[319,1899,498],[319,3449,408],[320,361,36],[320,361,208],[320,361,321],[320,858,165],[320,858,474],[320,2040,143],[320,2455,371],[320,2849,371],[320,3198,449],[321,353,363],[321,2308,398],[321,2308,471],[321,3235,134],[322,2184,407],[322,2689,411],[322,3187,417],[322,3187,443],[322,3559,334],[322,3559,327],[323,1404,342],[323,1835,340],[323,1835,94],[323,2212,333],[323,2212,321],[324,2428,397],[325,80,366],[325,80,406],[325,80,340],[325,1744,342],[325,3360,442],[326,60,356],[326,1094,124],[326,1094,457],[326,1704,193],[326,2290,227],[326,2290,453],[327,15,440],[327,1122,445],[327,2073,311],[327,2073,362],[327,2073,486],[327,3726,6],[328,869,201],[329,1869,183],[329,1869,387],[329,1996,452],[329,2116,500],[329,2232,192],[329,2232,206],[329,3803,499],[329,3803,233],[330,244,69],[330,244,252],[330,1227,33],[330,1712,17],[330,1712,199],[330,2057,58],[330,2229,288],[330,2502,282],[331,249,469],[331,249,178],[331,1110,437],[331,1214,435],[331,1214,9],[331,2430,445],[331,2784,392],[332,306,384],[332,509,478],[332,509,164],[332,3409,346],[333,2535,411],[334,1682,219],[334,1682,265],[334,1713,156],[334,2188,384],[335,1613,71],[335,1613,433],[335,1613,390],[335,1705,375],[335,1705,389],[335,3813,453],[336,809,453],[336,812,338],[336,2011,431],[336,2478,292],[336,2478,370],[336,3950,354],[337,189,374],[337,554,383],[337,2445,360],[337,2445,208],[337,2840,163],[337,2840,424],[337,2844,77],[338,3250,171],[338,3891,191],[338,3891,224],[339,615,14],[339,615,390],[339,833,378],[339,1817,438],[339,2939,416],[339,3261,67],[339,3954,407],[340,2904,44],[340,2904,149],[340,2933,378],[341,795,348],[341,2035,351],[341,2276,447],[341,2276,366],[341,2400,478],[341,2832,80],[341,2832,360],[341,2868,315],[341,2868,405],[342,2967,254],[342,2967,421],[342,3160,487],[343,1752,417],[343,1752,181],[343,2496,412],[343,2843,452],[343,2843,106],[344,274,384],[344,274,250],[344,337,476],[344,1780,406],[344,3210,55],[344,3210,435],[344,3739,358],[344,3983,392],[345,1109,365],[345,1675,462],[345,1803,274],[345,3070,175],[345,3070,268],[345,3070,258],[346,1730,347],[346,3013,373],[346,3406,437],[347,2261,306],[347,2261,355],[347,2261,255],[347,3068,407],[347,3113,414],[347,3113,475],[347,3602,496],[348,1363,492],[348,3859,331],[349,973,316],[349,973,265],[349,973,419],[349,1926,488],[349,1926,390],[349,3705,333],[349,3705,138],[349,3705,448],[349,3958,425],[349,3958,382],[350,1297,468],[350,1297,417],[350,1614,48],[350,2922,285],[350,3103,327],[350,3103,375],[351,147,7],[351,147,298],[351,147,323],[351,937,368],[351,1692,354],[351,1692,16],[351,3795,117],[352,80,366],[352,80,406],[352,80,340],[352,1565,481],[352,1603,369],[352,3608,478],[352,3944,428],[353,125,367],[353,874,83],[353,874,371],[353,1028,365],[353,1345,380],[354,91,492],[354,463,441],[354,463,490],[354,2000,306],[354,2000,404],[354,3800,378],[355,1994,51],[355,2537,459],[355,3138,459],[355,3574,409],[356,115,367],[356,115,420],[356,1907,452],[356,1907,477],[356,2398,434],[356,2442,414],[357,308,436],[357,774,317],[357,774,478],[357,774,477],[357,1079,369],[357,1547,45],[357,1547,427],[357,2546,244],[357,2546,313],[357,2673,386],[357,2673,274],[358,1941,424],[358,1941,406],[358,3618,41],[359,615,14],[359,615,390],[359,842,382],[359,1410,382],[359,2137,382],[359,2582,205],[359,2582,381],[360,1304,421],[360,1648,398],[360,1648,480],[361,202,153],[361,215,437],[361,215,367],[361,966,499],[361,966,184],[361,2262,107],[361,2262,43],[362,475,137],[362,475,221],[362,1445,356],[362,1445,126],[362,2311,86],[362,2311,415],[362,2311,210],[362,2599,338],[362,2599,448],[362,3654,403],[363,68,206],[363,1844,114],[364,826,401],[364,1443,405],[364,1581,401],[364,1581,202],[364,2652,154],[364,2652,493],[364,3548,496],[364,3548,436],[364,3548,40],[365,791,449],[365,2554,1],[365,2554,483],[365,2609,418],[365,2609,227],[365,2609,383],[366,843,359],[366,1591,227],[367,1172,158],[367,1172,423],[367,3187,417],[367,3187,443],[368,194,463],[368,1405,428],[368,2119,450],[368,2119,60],[368,2119,212],[368,2588,402],[369,2013,159],[369,2013,232],[369,2751,24],[370,5,496],[370,1706,429],[370,2315,53],[370,3049,432],[371,102,312],[371,635,126],[371,3741,422],[372,1864,444],[372,2266,461],[372,2840,163],[372,2840,424],[372,3750,373],[373,1468,262],[373,1468,280],[373,2829,145],[373,2829,461],[373,3818,403],[374,582,133],[374,1753,75],[374,3687,131],[375,109,429],[375,109,434],[375,1807,470],[375,2981,394],[376,1289,417],[376,1745,74],[376,1745,11],[376,1745,449],[376,3279,209],[376,3279,284],[376,3314,457],[376,3712,441],[376,3712,429],[376,3712,310],[377,516,482],[377,516,216],[377,770,362],[377,1734,380],[377,3631,433],[377,3631,283],[378,2546,244],[378,2546,313],[378,2915,379],[378,2915,94],[379,173,405],[379,1568,23],[379,3134,495],[379,3518,262],[379,3518,239],[379,3518,270],[380,2693,62],[380,3645,429],[381,1373,67],[381,2216,382],[381,3627,108],[383,1683,403],[383,1683,304],[384,1555,452],[384,1555,341],[384,1555,278],[384,1598,123],[384,3042,127],[385,281,475],[385,460,489],[385,460,492],[385,1297,468],[385,1297,417],[385,2575,454],[386,190,165],[386,190,477],[386,2518,428],[386,3612,198],[386,3612,182],[387,530,232],[387,530,279],[387,903,144],[387,903,469],[387,1506,419],[387,2067,439],[387,2202,189],[387,3569,386],[388,1127,163],[388,2152,480],[388,2860,321],[388,3185,37],[388,3414,455],[388,3748,447],[389,48,272],[389,3614,139],[390,388,81],[391,2505,48],[391,2505,377],[391,2870,458],[391,3202,437],[392,1551,412],[392,1551,478],[392,1551,451],[392,1939,471],[392,1939,178],[392,3817,180],[393,2000,306],[393,2000,404],[393,2891,497],[393,3111,463],[393,3661,254],[393,3661,363],[393,3661,433],[393,3704,456],[394,3363,53],[395,1096,142],[395,2759,440],[395,3052,293],[395,3666,125],[396,367,472],[396,678,413],[396,678,191],[396,684,455],[396,774,317],[396,774,478],[396,774,477],[396,3258,243],[396,3258,413],[396,3258,451],[396,3855,413],[397,1197,493],[397,3843,147],[397,3843,247],[398,3596,265],[398,3596,294],[399,1309,316],[399,1588,497],[399,3113,414],[399,3113,475],[399,3582,353],[399,3789,490],[400,78,440],[400,2333,339],[400,2919,457],[400,3661,254],[400,3661,363],[400,3661,433],[400,3719,336],[400,3719,228],[401,3146,229],[402,360,370],[402,360,455],[402,680,455],[402,954,152],[402,954,249],[402,1551,412],[402,1551,478],[402,1551,451],[403,385,160],[403,3043,446],[404,898,32],[404,1222,1],[404,1910,77],[404,2262,107],[404,2262,43],[404,2265,144],[404,2265,482],[405,2734,458],[405,3565,266],[405,3802,166],[406,464,106],[406,932,231],[406,1285,298],[407,263,186],[407,1029,447],[407,1029,131],[407,1257,480],[407,1375,44],[407,1375,19],[407,2427,130],[408,3696,56],[409,3617,417],[409,3617,121],[410,542,392],[410,542,459],[410,1752,417],[410,1752,181],[410,3018,414],[410,3258,243],[410,3258,413],[410,3258,451],[411,665,77],[411,665,430],[411,3057,388],[411,3057,381],[412,1542,52],[412,1652,39],[413,665,77],[413,665,430],[413,1312,183],[413,1312,469],[413,1312,477],[413,3546,450],[413,3546,147],[413,3781,450],[414,486,451],[414,717,366],[414,2679,373],[414,3792,115],[415,1428,460],[415,1428,33],[415,1882,472],[416,215,437],[416,215,367],[416,2334,158],[416,2334,29],[417,1287,380],[417,1287,40],[417,3001,275],[417,3001,195],[418,111,229],[418,111,498],[418,966,499],[418,966,184],[418,3005,112],[418,3005,207],[419,613,423],[419,613,281],[419,634,425],[419,3710,118],[420,1294,28],[420,2240,59],[421,2158,222],[421,3706,2],[421,3706,112],[421,3706,226],[422,226,462],[422,226,400],[422,976,346],[422,976,161],[422,1739,483],[422,2257,267],[422,2257,483],[423,1835,340],[423,1835,94],[423,3006,190],[423,3554,70],[424,871,445],[424,1139,128],[424,1139,212],[424,3933,175],[425,542,392],[425,542,459],[425,1018,12],[425,1816,378],[426,972,432],[426,1615,82],[426,1615,472],[426,1907,452],[426,1907,477],[426,1962,499],[426,1962,105],[426,3376,499],[427,1522,230],[427,3240,80],[429,1255,456],[430,122,15],[430,3412,102],[430,3457,415],[430,3560,490],[431,76,167],[431,1382,60],[431,2513,38],[431,3222,90],[431,3222,457],[432,417,184],[432,3057,388],[432,3057,381],[433,2632,378],[433,3325,139],[433,3325,494],[434,1097,72],[434,1961,9],[434,3667,346],[435,1152,85],[435,2440,403],[435,2440,335],[436,2464,105],[437,84,358],[437,797,198],[437,1250,500],[437,1250,456],[438,1911,10],[438,2287,27],[439,559,131],[439,559,465],[439,2397,122],[439,2397,279],[439,3062,116],[439,3062,260],[440,2140,388],[440,3548,496],[440,3548,436],[440,3548,40],[441,2549,70],[442,6,455],[442,374,332],[442,374,481],[442,2094,349],[442,2094,353],[442,2661,176],[442,2661,488],[442,3901,207],[442,3901,485],[443,1768,494],[443,1768,354],[443,2073,311],[443,2073,362],[443,2073,486],[443,2363,499],[443,2703,460],[444,489,461],[444,1241,232],[444,1525,62],[445,3794,392],[445,3794,200],[446,3494,183],[447,1715,390],[447,2564,317],[447,2564,466],[447,2564,401],[447,3023,196],[448,1440,240],[448,2415,40],[448,2415,316],[448,3505,246],[448,3505,243],[448,3505,195],[449,361,36],[449,361,208],[449,361,321],[449,2613,87],[450,2910,421],[450,2910,196],[450,3105,485],[450,3537,500],[451,3970,20],[452,1916,118],[453,2888,153],[453,2888,360],[454,774,317],[454,774,478],[454,774,477],[454,2772,466],[454,3096,476],[454,3518,262],[454,3518,239],[454,3518,270],[455,1069,485],[455,2599,338],[455,2599,448],[456,1438,114],[456,1438,307],[457,264,459],[457,1998,311],[458,493,470],[458,493,475],[458,1393,466],[458,1536,358],[458,2585,193],[458,2585,72],[458,2854,224],[458,2854,472],[460,1550,277],[460,1726,466],[460,2748,163],[460,2748,475],[461,168,116],[461,168,185],[461,2623,491],[462,1642,431],[462,1642,321],[463,52,252],[463,52,386],[463,1501,345],[463,1606,57],[464,1364,449],[464,1364,484],[464,1408,233],[464,1584,401],[464,1584,174],[465,493,470],[465,493,475],[465,2450,478],[465,2507,470],[466,3480,186],[466,3480,218],[467,959,20],[467,959,83],[467,1683,403],[467,1683,304],[468,1676,377],[468,1769,263],[468,2382,238],[469,1959,403],[469,1959,332],[469,2368,368],[470,1587,466],[470,2954,280],[471,1183,472],[471,3972,489],[471,3972,497],[473,590,398],[473,1375,44],[473,1375,19],[473,3351,217],[474,328,492],[474,1479,39],[474,2002,492],[474,2750,275],[475,1029,447],[475,1029,131],[476,2043,21],[476,2408,203],[476,2408,166],[476,2408,327],[477,1089,266],[477,1089,409],[477,3452,15],[478,1800,486],[479,863,101],[479,970,192],[479,2438,54],[479,3783,140],[479,3783,188],[480,2128,488],[480,2633,485],[482,1329,276],[482,2021,29],[482,2345,449],[483,2814,373],[483,3041,173],[484,974,98],[484,1331,13],[484,1331,110],[484,3688,154],[485,1742,430],[485,1742,384],[486,130,499],[486,2020,214],[486,3416,37],[486,3416,245],[486,3416,288],[487,516,482],[487,516,216],[487,2554,1],[487,2554,483],[487,3001,275],[487,3001,195],[488,280,490],[488,661,99],[488,3703,495],[488,3974,351],[489,850,409],[489,1870,320],[489,1870,496],[489,2499,177],[489,2499,435],[489,2582,205],[489,2582,381],[490,3088,286],[491,216,45],[491,3022,265],[492,2050,255],[492,3727,418],[493,2061,145],[493,2061,335],[494,911,127],[494,911,476],[494,975,379],[494,2063,275],[494,2967,254],[494,2967,421],[494,3157,442],[495,246,290],[496,1833,36],[496,1833,328],[497,2762,258],[497,3329,422],[497,3765,250],[497,3765,231],[498,944,123],[498,1667,435],[500,914,369],[500,914,270],[500,1420,381]];

jitters = [20000,20000,10000,20000,10000,100000,20000,10000,10000,100000,100000,20000,10000,10000,100000,100000,10000,10000,20000,20000,10000,20000,20000,100000,20000,20000,20000,10000,10000,50000,10000,100000,100000,10000,50000,20000,20000,100000,10000,2000,20000,100000,100000,20000,20000,20000,100000,20000,10000,10000,2000,20000,20000,100000,10000,20000,100000,10000,10000,100000,5000,10000,50000,100000,10000,1000,20000,100000,100000,1000,10000,20000,100000,10000,100000,20000,1000,100000,100000,10000,1000,100000,100000,10000,20000,10000,20000,20000,100000,10000,1000,100000,1000,100000,5000,20000,1000,10000,10000,20000,10000,20000,10000,10000,20000,100000,20000,20000,100000,100000,10000,100000,10000,100000,10000,20000,100000,10000,20000,1000,10000,50000,100000,20000,10000,20000,10000,10000,5000,50000,20000,10000,10000,20000,20000,100000,100000,100000,20000,5000,100000,20000,100000,20000,20000,20000,10000,100000,100000,10000,20000,100000,10000,10000,10000,10000,20000,10000,10000,20000,20000,20000,20000,100000,10000,20000,20000,10000,20000,100000,20000,20000,2000,10000,10000,20000,10000,1000,20000,10000,10000,20000,100000,20000,100000,10000,10000,20000,100000,20000,100000,10000,100000,100000,1000,50000,10000,10000,100000,20000,20000,10000,20000,10000,100000,10000,2000,10000,20000,2000,10000,20000,20000,20000,10000,10000,100000,100000,20000,100000,20000,100000,20000,20000,100000,20000,20000,2000,10000,100000,20000,20000,20000,20000,10000,10000,10000,100000,20000,100000,20000,50000,10000,20000,100000,20000,100000,10000,10000,10000,100000,10000,100000,100000,20000,50000,20000,10000,100000,10000,100000,10000,20000,10000,20000,20000,100000,50000,10000,100000,20000,100000,10000,2000,100000,10000,10000,20000,10000,100000,100000,20000,1000,20000,100000,10000,20000,20000,10000,20000,100000,20000,10000,20000,100000,20000,10000,10000,100000,5000,20000,10000,20000,100000,10000,100000,100000,20000,10000,20000,100000,20000,10000,10000,2000,10000,20000,10000,5000,10000,20000,1000,100000,20000,100000,10000,20000,10000,20000,20000,20000,20000,1000,20000,10000,10000,100000,100000,100000,100000,20000,100000,20000,20000,20000,20000,20000,5000,1000,10000,20000,100000,10000,10000,10000,100000,100000,20000,1000,100000,10000,20000,20000,2000,10000,20000,10000,100000,100000,10000,10000,20000,20000,100000,10000,10000,10000,100000,100000,10000,1000,1000,20000,20000,20000,100000,50000,100000,100000,1000,20000,20000,10000,10000,20000,100000,20000,20000,100000,20000,2000,100000,20000,10000,2000,20000,100000,5000,10000,100000,1000,20000,100000,100000,20000,100000,10000,20000,10000,100000,100000,10000,10000,20000,10000,20000,100000,100000,10000,100000,1000,10000,10000,100000,20000,100000,20000,100000,50000,20000,10000,100000,20000,20000,20000,20000,20000,20000,10000,100000,100000,20000,10000,20000,100000,10000,10000,20000,10000,20000,20000,10000,10000,20000,10000,20000,10000,20000,20000,10000,20000,20000,20000,5000,20000,20000,100000,20000,20000,100000,100000,10000,10000,20000,100000,20000,100000,100000,20000,100000,20000,5000,20000,10000,100000,20000,100000,20000,20000,20000];

