NumChains = 50;
NumResources = 3;
NumRunnablesInChains = 264;
MemoryBoundOnResource = 1048576;
UtilizationBoundOnResource = 100;

numberOfTasksinChain = [9,7,7,13,9,9,9,9,9,9,7,11,11,13,13,11,7,11,7,9,11,9,13,13,7,9,7,9,9,9,7,13,13,9,9,9,13,11,9,9,9,7,9,9,11,7,7,7,13,11];

runnablesInChains = [29,471,333,362,494,331,251,152,145,329,305,3,436,45,369,364,300,260,207,478,60,27,432,328,416,127,295,100,250,109,38,169,181,59,163,135,142,490,301,491,189,371,296,61,301,404,464,80,225,228,172,46,488,187,228,495,48,69,11,359,432,380,382,123,404,22,196,276,47,440,214,29,50,464,52,98,138,370,18,408,413,431,28,218,484,155,63,207,194,407,216,480,380,476,292,139,124,356,419,465,436,427,89,215,93,33,52,355,112,37,475,247,173,127,379,29,357,287,188,255,367,49,230,170,388,160,129,368,55,110,324,425,357,192,143,449,344,280,366,394,387,450,454,136,149,354,101,72,413,13,30,385,155,242,235,311,191,265,217,149,51,320,193,436,234,247,13,427,183,292,359,475,283,144,111,85,238,438,90,58,386,389,139,264,303,347,131,120,73,164,208,251,242,95,440,434,146,183,57,340,184,213,64,316,123,10,66,139,78,248,211,195,104,464,461,459,91,271,189,209,439,465,252,482,61,258,472,178,287,164,393,386,269,291,205,480,36,299,450,309,499,268,237,169,69,78,174,112,292,495,347,236,406,12,391,294,172,94,28,310,124,251,209,356];

ProcessingTimesOfMessages = [[1,1,1,1,1,1,1,1,1],[1,1,1,1,1,1],[1,1,1,1,1,1,1,1,1],[1,1,1,1,1,1,1],[1,1,1,1,1,1,1,1,1,1,1,1,1,1],[1,1,1,1,1,1,1],[1,1,1,1,1,1,1,1,1,1,1,1],[1,1,1,1,1],[1,1,1,1,1,1,1,1,1,1,1,1,1,1],[1,1,1,1,1,1,1,1],[1,1,1,1,1,1,1],[1,1,1,1,1,1,1,1,1,1],[1,1,1,1,1,1,1,1,1],[1,1,1,1,1,1,1,1,1,1,1],[1,1,1,1,1,1,1,1],[1,1,1,2,1,1,1,1,1],[1,1,1],[1,1,1,1],[1,1,1,1,1,1,1,1,1,1],[1,1,1,1,1,1],[1,1,1,1,1,1,1,1,1,1],[1,1,1,1,1,1,1,1],[1,1,1,1,1,1,1,1],[1,1,1,1,1,1,1],[1,1,1,1,1,1,1,1,1],[1,1,1,1,1,1,1],[1,1,1,1,1,1,1,1,1],[1,1,1,1,1,1],[1,1,1,1,1,1,1,1,1],[1,1,1,1,1,1,1],[1,1,1,1,1],[2,1,1,1,1,1,1,1],[1,1,1,1,1],[1,1,1,1,1,1,1],[1,1,1,1,1,1,1,1,1],[1,1,1,1,1],[1,1,1,1,1,1,1,1,1],[1,1,1,1,1,1,1],[1,1,1,1,1,1,1],[1,1,1,1],[1,1,1,1],[1,1,1,1,1,1,1,1,1],[1,1,1,1,1,1],[1,1,1,1,1,1,1],[1,1,1,1,1,1,1,1,1,1,1],[1,1,1,1,1,1],[1,1,1,1,1,1],[1,1,1,1,1,1,1,1,1],[1,1,1,1,1,1],[1,1,1,1,1,1,1,1,1],[1,1,1,1,1,1],[1,1,1,1,1,1,1],[1,1,1,1,1,1,1,2,1,1,1],[1,1,1,1],[1,1,1,1,1,1,1,1,1],[1,1,1,1,1,1,1,1,1,1],[1,1,1,1,1,1,1],[1,1,1,1,1,2,1,1,1],[1,1,1,1,1,1],[1,1,1,1,1,1,1,1,1,1,1],[1,1,1,1,1,1],[1,1,1,1,1,1],[1,1,1,1,1,1,1,1,1],[1,1,1,1],[1,1,1,1,1,1,1],[1,1,1,1,1],[1,1,1,1,1,1,1,1],[1,1,1,1,1,1,1,1,1],[1,1,1,1,1,1,1,1],[1,1,1,1,1,1,1,1,1,1,1],[1,1,1,1,1,1,1,1,1,1,1,1],[1,1,1,1,1],[1,1,1,1,1,1,1,1,1],[1,1,1,1],[1,1,1,1,1,1],[1,1,1,1,1,1,1,1,1],[1,1,1,1],[1,1,1,1,1,1,1,1,1,1,1],[1,1,1],[1,1,1,1,1,1,1,1,1,1,1],[1,1,1,1,1,1,1,1,1],[1,1,1,1,1,1],[1,1,1,1,1,1,1,1,1],[1,1,1,1,1,1,1,1,1],[1,1,1,1],[1,1,1,1,1],[1,1,1,1,1,1,1],[1,1,1,1,1,1,1,1,1],[1,1,1,1,1,1,1,1,1,1,1],[1,1,1,1,1,1,1,1,1,1,1],[1,1,1,1,1,1,1],[1,1,1,1,1,1],[1,1,1,1,1,1,1,1,1,1],[1,1,1,1,1,1,1,1,1,1,1,1,1,1,1,1],[1,1,1],[1,1,1,1,1,1],[1,1,1,1,1,1,1,1,1,1,1,1,1,1],[1,1,1,1,1,1,1,1,1,1],[1,1,1,1,1,1,1,1,1],[1,1,1,1,1,1,1],[1,1,1,1,1,2,1,1],[1,1,1,1,1,1,1,1,1,1,1,1,1,1,1],[1,1,1,1,1,1],[1,1,1,1,1,1],[1,1,1,1,1,1,1,1,1],[1,1,1,1,1,1,1,1],[1,1,1,1,1,1,1,1,1,1],[1,1,1,1,1],[1],[1,1,1,1,1,1],[1,1,1,1],[1,1,1,1,1,1,1],[1,1,1,1,1,1,1,1,1,1,1,1],[1,1,1,1,1,1,1],[1,1,1,1,1,1,1],[1,1,1,1,1,1],[1,1,1,1,1,1,1,1],[2,2,1,1,1,1,1,1,1,1],[1,1,1,1,1,1,1,1],[1,1,1,1,1,1,1,1,1,1],[1,1,1,1,1,1,1,1],[1,1,1,1,1,1,1,1,1,1,1,1],[1,1,1,1,1,1,1],[1,1,1,1,1,1,1,1,1,1],[1,1,1,1],[1,1,1,1,1,1,1,1,1],[1,1,1,1,1],[1,1,1,1,1,1,1],[1,1,1,1,1,1,1],[1,1,1,1,1,1],[1,1,1,1,1,1,1,1,1,1,1,1],[1,1,1,1,1,1,1,1],[1,1,1,1,1,1,1],[1,1,1,1,1,1,1,1,1,1,1,1],[1,1,1,1,1,1],[1,1,1,1,1],[1,1,1,1,1,1,1,1,1,1,1,1,1,1],[1,1,1,1,1,1],[1,1,1,1],[1,1,1,1,1,1,1],[1,1,1,1,1,1,1],[1,1,1,1],[1,1],[1,1,1,1,1,1],[1,1,1,1],[1,1,1,1,1,1,1,1],[1,1,1,1,1,1,1,1,1,1,1],[1,1,1,1,1],[1,1,1,1,1,1,1],[1,1,1,1,1,1,1,1,1,1],[1,1,1,1,1,1],[1,1,1,1,1,1,1],[1,1,1,1,1,1,1,1,1,1,1],[1,1,1,1,1,1,1,1,1,1],[1,1,1,1,1],[1,1,1,1,1],[1,1,1,1,1,1,1,1,1],[1,1,1,1,1,1,1,1,1],[1,1,1,1,1],[1,1,1,1,1],[1,1,1,1,1,1],[1,1,1,1],[1,1,1,1,1,1,1],[1,1,1,1,1,1,1,1,1],[1,1,1],[1,1,1],[1,1,1],[1,1,1,1,1,1,1,1,1,1],[1,1,1,1,1,1,1,1,1],[1,1],[1,1,1,1],[1,1,1,1,1,1],[1,1,1,1],[1,1,1,1,1,1,1,1],[1,1,1],[1,2,1,1,1,1],[1,1,1,1,1,1,2,2,1,1],[1,1,1,1,1,1],[1,1,1,1,1,1],[1,1,1,1,1,1,1,1,1,1,1,1],[1,1,1,1,1,1],[1,1,1,1,1,1,1,1,1],[1,1,1,1],[2,2,1],[1,1,1,1,1,1,1,1,1],[1,1,1,1,1,1,1],[1,1,1,1,1],[1,1,1,1,1],[1,1,1,1,1,1,1],[1,1,1,1],[1,1,1,1,1,1,1,1,1],[1,1,1,1,1,1,1,1,1],[1,1,1,1,1,1,1,1,1,1],[1,1,1,1,1,1,1,1,1,1],[1,1,1,1,1],[1,1,1,1],[1,1,1,1,1,1,1,1,1],[1,1,1],[1,1,1,1],[1,1,1,1,1],[1,1,1],[1,1,1,1,1],[1,1,1,1,1,1,1],[1,1,1,1,1,1,1,1,1],[1,2,2,1,1,1,1,1,1,1],[1,1,1,1,1,1],[1,1,1,1,1],[1,1,1],[1,1,1,1,1,1],[1,1,1,1,1,1,1],[1,1,1,1,1,2,2,1,1],[1,1,1,1,1,1,1,1,1],[1,1,1,1,1],[1,1,1,1,1,1,1,1],[1,2,2,1,1,1],[1,1,1,1,1,1,1,1,1,1,1,1,1,1,1],[1,1,1,1,1,1,1,1,1,1],[1,1,1,1,1,1],[1,1,1],[1,1,1,1,1,1,1,1,1],[1,1,1,1,1,1,1,1],[1,1,1,1,1,1,1,1],[1,1,1,1,1,1,1,1,1],[1,1,1,1,1],[1,1,1,1,1,1,1,1,1],[1,1,1,1,1],[1,1,1,1,1,1,1],[1,1,1,1,1],[1,1,1,1,1,1,1,1,1],[1,1,1,1,1,1,1,1],[1,1,1,1,1,1,1,1,1,1,1,1],[1,1,1,1,1,1,1,1,1,1,1],[1,1,1,1,1,1,1],[1,1,1,1,1],[1,1,1,1,1,1],[1,1,1,1,1],[1,1,1,1,1,1],[1,1,1,1,1],[1,1,1],[2,2,1,1],[1,1,1,1,1,1],[2,2,1,1,1,1,1,1,1],[1,1,1,1,1],[1,1,1,1,1,1,1,1,1],[1,1],[1,1,1,1,1,1,1,1],[1,1,1,1,1,1,1,1,1,1,1],[1,1,1,1,1],[1,1,1,1,1,1,1,1],[1,1,1],[1,1,1,1,1,1,1,1,1,1],[1,1,1,1,1,1],[1,1,1],[1],[1,1,1,1],[1,1],[1,1,1,1,1,1,1,1],[1,1,1,1,1,1,1],[1,1,1,1,1,1],[1,1,1],[1,1,1,1,1,1],[2,2,1],[1,1,1],[1,1,1,1,1,1],[1,1,1,1,1,1,1,1,1,1,1,1],[1,1,1,1,1,1,1,1,1],[1,1,1,1],[1,1,1,1,1,1,1,1,1,1],[1,1,1,1,1],[1,1,1,1,1,1],[1,1,1,1,1,1],[1],[1,1,1,1,2,1,1],[1,1],[1,1,1,1,1,1],[1,1,1,1,1,1,1,1],[1,1,1,1,1],[1,1,1,1,1],[1,1,1,1,1,1,1],[1,1,1,1,1,1],[2,1,1,1,1,1,1,1,1],[1,1,1,1],[1],[1,1,1,1,1,1,1,1],[1,1,1,1],[1,1,1,1,1,1,1],[1,1,1,1,1,1],[1,1,1,1,1,1],[1,1,1,1,1,1],[1,1,1,1,1,1],[1,1,1,1],[1,1,1,1,1],[1,1,1,1,1,1],[1,1,1,1,2],[1,1,1,1,1],[1,1,1,1,1,1,1],[1,1,1,1,1,1,1,1,1,1],[1,1,1],[1,1],[1,1,1,1,1,1,1,1,1,1],[1,1,1,1,1,1],[1,1,1,1,1,1,1,1],[1,1,1,1,1,1],[1,1,1],[1,1,1,1,1],[1],[1,1,1],[1,1,1,1,1,1,1],[1,1,1,1,1],[1,1,1],[1,1],[1,1],[1,1,1],[1,1,1,1,1,1,1,1,1,1],[1,1,1],[1],[1,1,1,1,1,1,1],[1,1,1,1,1,1],[1,1,1],[1,1],[1],[1,1,1,1,1],[1],[1,1,1,1,1,1,1,1],[1,1,1,1],[1,1,1,1,1],[1,1,1,1,1],[1,1,1],[1,1,1,1,2],[1,1,1,1,1,1,1,1],[1,1,1,1,2,1,1,1],[1,1,1,1,1],[1,1,1,1],[1,1,1,1,1],[1,1,1,1,1],[1,1,1,1,1],[1,1,1,1,1,1,1,1,1],[1,1],[1,1,1,1,1,1],[1,1,1],[1],[1,1,1,1],[1,1,1,1],[1,1,1,1,1,1,1],[1,1,1],[1,1,1,1,1],[1,1],[1,1,1,1,1,1,1,1,1,1,1,1,1],[1,1,1,1,1,1,1,1,1,1,1],[],[1,1],[1,1,1,1],[1,1],[1,1],[1,1,1,1,1,1,1],[1],[1,1,1,1,1,1,1,1],[1,1,1],[1,1,1],[1,1,1,1,1,1,1,1],[1,1,1],[1],[1,1],[1,1,1,1],[1,1,1],[1,1,1,1,1],[1,1,1],[1,1,1],[1,1,1],[1,1,1,1,1,1],[1,1],[1,1,1,1,1],[1,1,1],[1,1,1],[1,1,1],[],[1,2,1,1],[1,1,1,1,1,1],[1,1,1],[1,1,1,1,1],[1,1,1,1],[1,1],[1,1,1,1,1],[1,1,1,1,1,1,1,1,1],[1,1],[1,1,1,2,1],[1,1,1,1,1,1,1,1,1],[1,1,1,1],[1,1,1,1,1],[1,1,1,1,1],[1,1,1,1,1,1,1,1,1],[1,1,1,1],[1,1,1],[1,1,1,1,1,1],[1],[1,1],[1,1,1,1,1,2,1],[1,1,1],[1,1,1,1,1],[1,1,1,1,1],[1,1,1,1],[1,1,1,1,1,1,1],[1,1,1,1,1,1],[1,1],[1],[1,1,1,1,1,1,1,1],[1,1,1,1],[1,1,1,1],[1,1,1,1,1,1,1,1,1],[1,1,1,1,1,1,1],[1,1,1,1,1,1,1,1,1,1,1,1],[1,1,1,1,1,1,1,1],[1,1,1,1,1,1],[1,1,1,1,1,1,1],[1,1,1,1,1,1],[1,1,1,1,1,1,1],[1,1,1,1,1,1,1,1,1,2,1,1],[1,1],[1,1,1],[1,1,1,1],[],[1,1,1,1,1,1,1],[],[1,1,1,1,1],[1,1,1,1,1],[1,1],[1,1,1,1],[1,1,1,1],[1,1,1,1,1,1],[1,1,1,1,1,1,1,1],[1,1],[1,1,1,1,1,1,1,1,1,1],[1,1,1,1,1,1,1],[1,1],[1,1,1,1,1,1,1],[1,1,1,1,1],[1,1,1,1,1,1,1],[1,1,1,1],[1,1,1,1,1],[1,1,1,1],[1,1],[1,1,1,1,1,1],[1,1,1,1,1,1],[],[1,1,1],[1,1,1,1,1,1],[1],[],[1,1,1,1,1,1],[1,1,1],[1,1,1,1,1],[1,1,1],[1,1,1,1,1,1,1,1],[1,1],[1,1],[1,1,1,1,1,1],[1,1,1,1,1,1,1,1],[1,1,1,1],[1,2,2,1],[],[1,1,1],[1,1,1,1],[1,1,1,1,1,1,1],[1,1,1,1],[1,1,1,1],[1,1,1],[1],[1,1,1],[1,1,1,1],[1,1,1,1,1,1],[1,1,1],[1,1,1,1,1],[1,1,1],[],[1,1],[1,1,1],[1],[1,1],[1],[1,1,1,1,1,1],[1],[1,1],[1,1],[1,1],[1,1,1,1],[1,1,1],[],[1,1],[1],[1,1,1],[1,1],[],[],[1,1,1],[1,1],[1,1,1,1,1,1],[1,1,1,1,1,1],[1],[1,1,1],[1,1,1]];

processingTimesRunnables = [6,7,8,5,11,16,13,13,6,11,11,13,10,10,7,13,5,7,11,13,12,5,13,6,13,13,12,8,13,11,14,10,12,13,11,16,15,6,13,13,11,14,12,5,11,12,12,17,11,13,11,5,8,12,10,12,16,11,6,13,9,5,5,13,13,12,16,16,7,16,10,8,11,11,12,11,10,12,10,6,9,12,11,12,10,11,9,11,7,11,14,10,8,6,12,14,16,11,13,14,11,7,12,10,13,5,12,15,14,13,13,14,10,11,13,6,13,7,12,11,4,12,14,11,8,5,10,12,11,11,11,10,12,13,13,8,11,13,8,11,12,5,11,5,13,10,15,10,11,13,11,13,6,4,11,12,5,5,10,12,9,13,11,16,8,4,10,11,11,13,9,11,9,13,6,11,12,7,13,11,10,8,11,12,13,8,12,13,13,6,13,7,12,11,7,13,11,14,12,10,13,13,7,12,12,12,13,10,9,10,9,15,10,12,9,11,10,5,13,11,13,8,10,10,13,12,14,7,8,14,6,10,7,15,11,12,12,11,9,13,12,14,13,15,6,11,13,6,5,13,5,4,11,13,7,11,12,7,10,10,16,13,16,12,7,15,13,13,12,10,13,13,9,10,8,8,13,13,13,16,13,11,9,10,13,16,12,16,8,11,16,14,12,10,10,16,6,9,15,9,11,10,10,14,6,10,7,17,11,11,15,7,15,12,12,5,13,12,10,10,14,7,14,13,13,9,10,8,15,12,10,16,10,15,10,10,10,10,13,8,10,10,8,13,14,13,13,10,10,9,16,7,11,11,16,15,6,4,13,12,4,8,4,12,8,11,7,7,5,12,12,5,11,11,9,10,13,12,12,10,8,4,10,12,13,9,10,14,5,7,12,12,11,12,11,10,16,8,13,6,13,13,11,8,16,13,12,13,12,12,12,12,13,16,7,8,13,10,13,15,16,13,13,9,13,12,14,6,16,7,10,8,12,6,10,12,13,12,15,5,15,8,6,11,10,14,13,12,12,8,4,10,8,10,16,8,9,15,5,6,6,6,14,11,7,8,7,13,13,11,11,13,11,9,12,11,8,6,13,8,13,14,9,13,13,11,13,16,13,11,12,13,13,13,11,13,17,6,5,11];

periods = [100000,10000,10000,20000,10000,100000,10000,20000,20000,20000,20000,50000,10000,20000,10000,10000,20000,20000,20000,100000,10000,20000,100000,20000,20000,10000,20000,10000,10000,10000,20000,1000,20000,1000,20000,20000,20000,20000,100000,100000,20000,50000,20000,100000,2000,50000,10000,20000,100000,10000,10000,20000,20000,20000,5000,20000,1000,100000,20000,20000,100000,100000,2000,1000,10000,20000,20000,10000,20000,20000,10000,10000,100000,50000,100000,20000,50000,20000,100000,20000,20000,20000,100000,100000,20000,10000,20000,100000,10000,100000,100000,20000,10000,50000,10000,100000,100000,20000,100000,10000,10000,1000,20000,20000,10000,100000,5000,10000,10000,5000,20000,20000,100000,10000,1000,20000,100000,100000,50000,100000,20000,100000,20000,10000,20000,100000,10000,100000,5000,100000,100000,100000,100000,20000,100000,10000,20000,20000,20000,100000,100000,100000,5000,20000,10000,10000,10000,50000,10000,20000,20000,10000,10000,20000,10000,20000,10000,100000,10000,5000,100000,10000,20000,100000,100000,20000,20000,20000,20000,5000,100000,50000,10000,20000,100000,10000,100000,100000,10000,10000,20000,100000,10000,1000,20000,10000,50000,100000,100000,100000,10000,100000,10000,2000,20000,10000,10000,20000,10000,20000,100000,20000,10000,20000,20000,100000,2000,100000,10000,10000,20000,20000,1000,10000,10000,20000,10000,10000,20000,20000,20000,10000,100000,20000,20000,100000,10000,20000,100000,100000,20000,10000,100000,10000,10000,50000,1000,100000,10000,100000,20000,10000,10000,100000,20000,20000,10000,20000,20000,10000,10000,10000,100000,20000,100000,10000,20000,100000,20000,2000,10000,20000,20000,20000,10000,10000,100000,1000,100000,2000,100000,10000,10000,10000,100000,10000,10000,100000,20000,5000,20000,2000,20000,20000,20000,100000,100000,10000,10000,100000,20000,20000,20000,50000,10000,100000,1000,10000,20000,2000,100000,10000,20000,10000,10000,10000,20000,20000,1000,10000,10000,1000,10000,20000,100000,1000,100000,20000,50000,10000,10000,10000,10000,100000,100000,20000,100000,20000,10000,10000,10000,100000,10000,100000,10000,20000,2000,2000,10000,1000,100000,100000,10000,5000,100000,100000,20000,100000,100000,10000,20000,100000,10000,10000,20000,10000,100000,100000,20000,20000,10000,10000,20000,2000,20000,5000,100000,5000,2000,20000,100000,20000,10000,100000,10000,20000,100000,100000,10000,20000,20000,20000,20000,20000,10000,100000,20000,5000,20000,10000,50000,10000,100000,20000,100000,100000,20000,50000,10000,100000,100000,10000,20000,20000,100000,50000,2000,20000,10000,5000,50000,10000,10000,100000,20000,20000,100000,10000,10000,100000,50000,100000,100000,20000,100000,100000,10000,1000,20000,20000,10000,20000,10000,10000,20000,10000,100000,100000,10000,10000,10000,100000,100000,20000,100000,20000,100000,20000,5000,20000,10000,100000,20000,20000,20000,20000,100000,10000,100000,20000,100000,10000,100000,20000,10000,1000,100000,50000,100000,10000,10000,100000,10000,20000,20000,20000,10000,2000,10000,20000,20000,100000,100000,10000,20000,100000,20000,50000,100000,100000,100000,10000,100000,10000,20000,50000,20000,100000,1000,100000];

communicationTimeForOrderCriticalMessages = [1,1,1,1,2,1,1,1,1,1,1,1,1,1,1,1,1,1,1,1,1,1,1,1,1,1,1,1,1,1,1,1,1,1,1,1,1,1,1,1,1,1,1,1,1,1,1,1,1,1,1,1,1,1,1,1,1,1,1,1,1,1,1,1,1,1,1,1,1,1,1,1,1,1,1,1,1,1,1,1,1,1,1,1,1,1,1,1,1,1,1,1,1,1,1,1,1,1,1,1,1,1,1,1,1,1,1,1,1,1,1,1,1,1,1,1,1,1,1,1,1,1,1,1,2,1,1,1,1,1,1,1,1,1,1,1,1,1,1,1,1,1,1,1,1,1,1,1,1,1,1,1,1,1,1,1,1,1,1,1,1,1,1,2,1,1,1,1,1,1,1,1,1,1,1,1,1,1,1,1,1,1,1,1,1,1,1,1,1,1,1,1,1,1,1,1,1,1,1,1,1,1,1,1,1,1,1,1,1,1,1,1,1,1];

sizeOfRunnables = [565,603,768,490,1023,1508,1220,1268,558,1008,1100,1268,938,940,683,1283,420,638,1085,1293,1118,458,1225,520,1223,1298,1110,788,1275,1028,1308,978,1128,1243,1038,1595,1458,510,1230,1270,1090,1378,1103,465,1035,1110,1200,1615,1080,1278,1035,495,715,1155,970,1163,1508,1020,585,1225,833,415,438,1270,1270,1200,1535,1523,693,1540,1000,743,1068,1073,1173,1053,993,1113,940,528,820,1185,1005,1120,978,1088,803,1065,700,1058,1365,985,753,520,1125,1328,1540,1095,1238,1383,1038,678,1180,945,1263,405,1165,1405,1368,1218,1248,1400,960,1008,1290,513,1300,693,1173,1053,385,1133,1318,1008,788,488,998,1155,1058,1020,1030,938,1200,1268,1260,780,1090,1220,783,1068,1118,473,1065,453,1300,925,1475,910,1043,1275,1035,1300,593,383,1098,1193,423,408,1000,1125,895,1278,1090,1600,748,383,1000,1050,1023,1215,820,1075,880,1253,505,1048,1163,623,1275,1080,923,795,1060,1158,1285,798,1128,1208,1260,573,1290,623,1103,1073,630,1245,1053,1318,1133,953,1233,1300,663,1188,1103,1143,1280,983,840,963,848,1438,1000,1150,845,1013,1000,450,1248,1023,1263,795,945,978,1268,1150,1373,693,713,1400,555,975,615,1463,1030,1173,1165,1068,858,1205,1165,1355,1278,1448,585,1083,1215,550,445,1210,473,375,1020,1275,700,1098,1173,653,960,998,1540,1290,1513,1160,638,1475,1263,1243,1178,915,1275,1238,828,975,780,780,1290,1300,1223,1568,1233,1043,813,1000,1278,1593,1150,1560,765,1038,1528,1383,1120,953,910,1583,533,888,1448,825,1083,963,985,1313,540,1000,640,1615,1008,1068,1410,663,1438,1173,1140,408,1300,1163,975,985,1388,695,1378,1268,1210,873,933,783,1448,1173,953,1535,953,1420,945,940,945,968,1300,793,970,940,715,1298,1303,1263,1215,960,960,893,1563,690,1023,1058,1563,1433,525,398,1238,1128,390,770,385,1143,710,1098,673,668,488,1113,1178,488,1015,1095,803,990,1218,1180,1155,925,708,393,983,1140,1230,803,963,1308,475,700,1148,1188,1053,1140,1053,940,1540,713,1225,570,1280,1285,1088,705,1523,1283,1188,1300,1128,1195,1135,1150,1240,1535,658,775,1270,950,1300,1438,1545,1208,1255,828,1203,1148,1400,535,1540,670,963,745,1133,565,955,1165,1278,1170,1453,488,1430,753,570,1083,975,1378,1285,1183,1170,770,385,978,788,970,1530,753,843,1443,453,565,518,600,1383,1090,608,738,623,1210,1243,1005,1088,1290,1088,855,1103,1095,790,548,1223,710,1293,1368,840,1298,1275,1095,1245,1528,1248,1073,1165,1290,1268,1268,1020,1248,1615,533,453,1075];

SenderLabelReceiverOrderCriticalChains = [[29,182,0,0,471],[471,1294,0,0,333],[333,3547,0,0,362],[362,691,0,0,494],[331,1985,0,0,251],[251,836,0,0,152],[152,1573,0,0,145],[329,1753,0,0,305],[305,2101,0,0,3],[3,325,0,0,436],[45,682,0,0,369],[369,3568,0,0,364],[364,3394,0,0,300],[300,3053,0,0,260],[260,358,2171,0,207],[207,3442,0,0,478],[60,3707,0,0,27],[27,2244,0,0,432],[432,1303,0,0,328],[328,1130,0,0,416],[127,2485,0,0,295],[295,1961,0,0,100],[100,829,0,0,250],[250,3472,0,0,109],[38,3854,0,0,169],[169,2341,0,0,181],[181,1879,0,0,59],[59,3911,0,0,163],[135,2722,0,0,142],[142,3982,0,0,490],[490,3933,0,0,301],[301,1302,0,0,491],[189,907,0,0,371],[371,3611,0,0,296],[296,371,0,0,61],[61,85,0,0,301],[404,3247,0,0,464],[464,2988,0,0,80],[80,181,0,0,225],[225,2403,3326,0,228],[172,419,0,0,46],[46,2373,0,0,488],[488,1441,2939,0,187],[228,3021,0,0,495],[495,3473,0,0,48],[48,2635,0,0,69],[69,1648,0,0,11],[11,3773,0,0,359],[432,2186,0,0,380],[380,490,0,0,382],[382,1432,0,0,123],[123,1328,0,0,404],[404,3550,0,0,22],[196,1780,0,0,276],[276,1903,0,0,47],[47,946,0,0,440],[440,3643,0,0,214],[214,3878,0,0,29],[29,2255,0,0,50],[464,3325,0,0,52],[52,2935,0,0,98],[98,507,1747,0,138],[138,3248,0,0,370],[370,1011,0,0,18],[18,642,0,0,408],[413,561,2328,0,431],[431,197,0,0,28],[28,3176,0,0,218],[218,1396,0,0,484],[484,3555,0,0,155],[63,1129,0,0,207],[207,2750,0,0,194],[194,3390,0,0,407],[216,3555,0,0,480],[480,799,0,0,380],[380,3675,0,0,476],[476,1175,0,0,292],[292,2395,0,0,139],[124,1517,0,0,356],[356,1801,0,0,419],[419,3786,0,0,465],[436,3823,0,0,427],[427,3522,0,0,89],[89,810,0,0,215],[215,789,0,0,93],[33,2432,0,0,52],[52,1648,0,0,355],[355,1157,0,0,112],[112,299,0,0,37],[37,697,0,0,475],[247,1182,0,0,173],[173,451,0,0,127],[127,1168,0,0,379],[379,1746,0,0,29],[357,3916,0,0,287],[287,1401,0,0,188],[188,2251,0,0,255],[255,1018,0,0,367],[367,3070,0,0,49],[49,498,0,0,230],[170,1178,0,0,388],[388,609,0,0,160],[160,673,0,0,129],[129,2076,0,0,368],[368,289,3441,0,55],[55,1474,0,0,110],[324,2622,0,0,425],[425,3114,0,0,357],[357,2476,0,0,192],[143,3668,0,0,449],[449,2085,0,0,344],[344,3032,3681,0,280],[280,3146,0,0,366],[394,2997,0,0,387],[387,1805,0,0,450],[450,1682,0,0,454],[136,111,0,0,149],[149,3282,0,0,354],[354,2072,0,0,101],[101,154,0,0,72],[413,2552,0,0,13],[13,2300,0,0,30],[30,1196,0,0,385],[385,1567,0,0,155],[242,233,0,0,235],[235,1103,0,0,311],[311,578,973,0,191],[191,3135,0,0,265],[217,3753,0,0,149],[149,690,0,0,51],[51,2339,0,0,320],[193,2786,0,0,436],[436,3874,0,0,234],[234,1898,0,0,247],[247,3628,0,0,13],[13,1124,0,0,427],[427,1987,2505,0,183],[292,1035,0,0,359],[359,81,0,0,475],[475,92,0,0,283],[283,1492,0,0,144],[144,54,0,0,111],[111,3760,0,0,85],[238,3097,0,0,438],[438,3607,0,0,90],[90,3733,0,0,58],[58,1310,0,0,386],[389,2810,0,0,139],[139,1458,0,0,264],[264,2166,0,0,303],[303,1375,0,0,347],[131,1800,0,0,120],[120,1578,0,0,73],[73,2757,0,0,164],[164,3338,0,0,208],[251,2164,0,0,242],[242,3857,0,0,95],[95,3122,0,0,440],[440,729,0,0,434],[434,2738,0,0,146],[146,1748,0,0,183],[57,804,2167,0,340],[340,2920,0,0,184],[184,1950,0,0,213],[213,1358,0,0,64],[64,2107,0,0,316],[123,463,0,0,10],[10,3887,0,0,66],[66,1213,0,0,139],[139,2349,0,0,78],[248,2471,0,0,211],[211,3319,0,0,195],[195,3742,0,0,104],[104,1419,0,0,464],[461,1212,0,0,459],[459,313,0,0,91],[91,191,0,0,271],[271,2285,0,0,189],[209,1343,0,0,439],[439,2352,0,0,465],[465,1159,0,0,252],[482,824,0,0,61],[61,2545,0,0,258],[258,2077,0,0,472],[472,252,0,0,178],[287,1911,0,0,164],[164,394,1310,0,393],[393,1170,1310,0,386],[386,1325,0,0,269],[291,3585,0,0,205],[205,1300,0,0,480],[480,1598,2789,0,36],[36,1982,0,0,299],[299,1150,0,0,450],[309,1529,0,0,499],[499,2606,0,0,268],[268,3005,0,0,237],[169,1007,0,0,69],[69,94,0,0,78],[78,612,0,0,174],[112,2209,2288,0,292],[292,1441,0,0,495],[495,1244,1644,0,347],[236,922,0,0,406],[406,10,0,0,12],[12,3817,0,0,391],[391,317,0,0,294],[294,646,0,0,172],[172,1748,0,0,94],[28,1141,1977,0,310],[310,1,3595,0,124],[124,1213,0,0,251],[251,2971,0,0,209],[209,469,0,0,356]];

SenderLabelReceiverNonOrderCriticalChains = [[1,1166,358],[1,1621,120],[1,1962,6],[1,2059,103],[1,2059,274],[1,2059,50],[1,2319,99],[1,2893,285],[1,3952,422],[2,484,310],[2,1553,3],[2,1767,214],[2,2821,148],[2,2821,166],[2,3244,271],[3,325,432],[3,325,436],[3,1160,191],[3,1512,455],[3,1512,196],[3,1512,5],[3,3243,462],[3,3459,28],[3,3948,215],[4,1527,485],[4,1527,151],[4,2184,285],[4,2184,307],[4,2811,8],[4,3755,92],[4,3755,492],[5,10,12],[5,10,81],[5,10,175],[5,10,362],[5,426,262],[5,426,77],[5,426,362],[5,1102,15],[5,1102,108],[5,1356,327],[5,1356,195],[5,1424,250],[5,2762,369],[5,3290,167],[6,663,193],[6,663,206],[6,859,198],[6,883,72],[6,900,49],[6,1221,418],[6,1221,425],[7,182,160],[7,182,471],[7,785,495],[7,925,218],[7,977,295],[7,1167,306],[7,1167,265],[7,2258,381],[7,2258,482],[7,2967,242],[7,3644,173],[7,3644,21],[8,1265,9],[8,1265,248],[8,1335,449],[8,2499,441],[8,2598,456],[9,1715,270],[9,1715,361],[9,2093,315],[9,2093,137],[9,2093,455],[9,2264,356],[9,2322,17],[9,2613,11],[9,3097,392],[9,3097,438],[9,3097,445],[9,3911,322],[9,3911,38],[9,3911,163],[10,797,143],[10,943,218],[10,943,291],[10,1027,81],[10,1672,31],[10,1823,233],[10,2187,114],[10,3887,66],[11,318,17],[11,318,434],[11,973,402],[11,973,311],[11,2634,326],[11,2634,25],[11,3773,359],[12,468,198],[12,468,382],[12,752,184],[12,1052,94],[12,2361,16],[12,2361,294],[12,2464,448],[12,2464,148],[12,3817,391],[12,3822,42],[13,372,292],[13,858,465],[13,858,191],[13,1124,427],[13,2300,469],[13,2300,30],[13,2300,481],[13,2400,107],[13,2400,15],[14,1473,167],[14,1473,362],[14,3156,372],[14,3272,380],[14,3272,401],[14,3274,417],[14,3569,448],[14,3569,17],[14,3687,252],[14,3687,376],[14,3905,204],[15,52,257],[15,1386,203],[15,1386,275],[15,2493,288],[15,2735,93],[15,3158,392],[15,3965,67],[15,3965,238],[16,13,412],[16,1273,387],[16,1273,193],[16,1497,172],[16,2041,109],[16,2228,30],[16,2228,74],[16,2927,239],[16,3819,443],[17,781,92],[17,2860,18],[17,3286,25],[18,129,439],[18,642,408],[18,1322,19],[18,1843,245],[19,263,24],[19,1005,326],[19,1007,80],[19,1007,69],[19,1007,132],[19,1411,138],[19,1411,20],[19,3436,418],[19,3436,466],[19,3436,397],[20,867,428],[20,1126,345],[20,1561,341],[20,1561,342],[20,3789,23],[20,3979,151],[21,35,110],[21,882,217],[21,2059,103],[21,2059,274],[21,2059,50],[21,2552,132],[21,2552,13],[21,2789,65],[21,2789,36],[21,3214,250],[22,4,236],[22,465,163],[22,465,85],[22,2834,24],[22,3385,262],[22,3385,47],[22,3739,498],[22,3739,27],[23,14,97],[23,2270,490],[23,2359,40],[23,2737,181],[23,2794,174],[23,2794,447],[23,3624,341],[23,3624,477],[24,911,496],[24,2849,495],[24,3399,370],[24,3576,51],[24,3576,249],[24,3576,33],[24,3576,190],[25,793,161],[25,793,411],[25,1204,109],[25,1204,474],[25,1204,483],[25,1204,445],[25,1204,119],[25,1498,58],[25,1913,116],[26,796,254],[26,2342,228],[26,2768,441],[26,2768,86],[26,3559,196],[26,3559,235],[26,3805,338],[27,588,307],[27,780,224],[27,2113,35],[27,2113,299],[27,2244,432],[27,2244,479],[27,2344,304],[27,3488,306],[27,3488,464],[28,1141,310],[28,1339,36],[28,1339,133],[28,1977,310],[28,3176,218],[28,3240,234],[29,182,160],[29,182,471],[29,1411,138],[29,1411,20],[29,1475,108],[29,2255,139],[29,2255,50],[29,2793,30],[29,2793,282],[30,1196,318],[30,1196,385],[30,1196,311],[30,2047,68],[30,2047,147],[30,2047,347],[30,3524,323],[31,1250,351],[31,2013,56],[31,2013,144],[31,2453,389],[31,3495,165],[32,604,34],[32,662,422],[32,662,312],[32,1555,297],[32,1717,466],[32,3041,153],[32,3041,268],[32,3620,234],[33,249,54],[33,367,363],[33,2422,421],[33,2432,52],[33,3372,186],[34,265,237],[34,552,316],[34,916,262],[34,1373,57],[34,1590,57],[34,2440,64],[34,2674,309],[35,1416,261],[35,1416,418],[35,1416,450],[35,1416,248],[35,2382,54],[35,2382,442],[35,2698,98],[35,3260,383],[35,3260,213],[36,1315,137],[36,1315,382],[36,1598,480],[36,1982,299],[36,2225,59],[37,697,475],[37,1468,415],[37,1522,472],[37,1625,200],[37,2729,306],[37,2729,490],[37,3007,143],[37,3007,52],[37,3007,429],[38,199,59],[38,827,100],[38,1175,438],[38,1175,292],[38,1485,171],[38,2451,167],[38,3854,169],[39,1386,203],[39,1386,275],[39,2188,234],[39,2269,253],[39,2269,345],[39,2269,348],[39,3781,40],[40,887,242],[40,1449,200],[40,3662,307],[40,3662,208],[41,1216,52],[41,1705,201],[41,3059,200],[41,3112,328],[42,963,453],[42,963,77],[42,1542,488],[42,1542,319],[42,1542,376],[42,2228,30],[42,2228,74],[42,2688,74],[42,3410,421],[43,598,460],[43,1223,82],[43,1759,326],[43,1881,450],[43,2570,96],[43,3782,54],[44,694,367],[44,795,396],[44,1067,417],[44,2461,49],[44,2726,145],[44,3983,157],[44,3983,388],[45,682,369],[45,682,295],[45,1254,469],[45,1341,407],[45,2122,2],[45,2122,378],[45,2473,374],[45,2473,395],[45,2473,63],[45,2473,475],[45,3264,338],[46,283,148],[46,1751,259],[46,2373,488],[46,2682,406],[46,2817,77],[46,3977,399],[47,414,35],[47,733,235],[47,946,440],[47,1916,186],[47,1916,50],[47,2550,316],[48,218,116],[48,218,444],[48,1471,282],[48,2130,53],[48,2130,190],[48,2635,69],[48,3671,181],[48,3671,418],[48,3839,332],[49,498,230],[49,2313,377],[49,2313,356],[49,3028,345],[49,3370,396],[49,3843,223],[50,111,149],[50,111,284],[50,1616,192],[50,1616,267],[50,1616,434],[50,2999,65],[50,3476,399],[50,3546,331],[50,3546,389],[51,556,72],[51,808,373],[51,1461,480],[51,2339,320],[51,2339,283],[51,3736,24],[52,1233,59],[52,1648,11],[52,1648,134],[52,1648,355],[52,1852,372],[52,2935,66],[52,2935,98],[53,1135,499],[53,1135,497],[53,1466,388],[53,1466,82],[53,2234,363],[53,2738,340],[53,2738,146],[53,3457,450],[53,3681,157],[53,3681,280],[53,3681,331],[54,341,293],[54,1907,140],[54,3031,170],[54,3031,60],[55,915,94],[55,915,199],[55,1474,110],[55,1474,350],[55,1894,43],[55,2400,107],[55,2400,15],[55,3382,170],[55,3441,368],[56,1007,80],[56,1007,69],[56,1007,132],[56,2415,321],[56,2723,177],[56,3404,306],[56,3404,68],[56,3919,144],[56,3971,438],[56,3971,199],[57,272,64],[57,272,484],[57,804,340],[57,2167,340],[57,2594,186],[57,2594,259],[57,2594,334],[58,471,141],[58,1191,255],[58,1310,195],[58,1310,386],[58,1310,393],[58,1347,62],[58,1807,62],[58,1807,272],[58,2684,498],[59,1177,221],[59,1177,66],[59,3525,359],[59,3911,322],[59,3911,38],[59,3911,163],[60,184,212],[60,273,67],[60,273,121],[60,1310,195],[60,1310,386],[60,1310,393],[60,1440,125],[60,1440,162],[60,1633,66],[60,3362,185],[60,3707,27],[61,85,301],[61,96,98],[61,1920,70],[61,1920,185],[61,2545,258],[61,3815,63],[62,1053,13],[62,1864,106],[62,2419,210],[62,2419,429],[62,2526,88],[62,2844,83],[63,984,282],[63,1038,388],[63,1038,462],[63,1129,207],[63,1129,460],[63,1151,67],[63,2252,364],[63,2398,369],[63,2398,166],[64,1645,422],[64,1645,396],[64,1645,165],[64,2107,316],[65,99,86],[65,99,347],[65,1345,492],[65,1530,86],[65,2638,96],[65,3373,288],[65,3373,373],[66,347,112],[66,1213,139],[66,1213,251],[66,1213,459],[66,1988,70],[67,1066,247],[67,1066,141],[67,1352,202],[67,1401,466],[67,1401,387],[67,1401,188],[67,1462,82],[67,3801,254],[68,1783,289],[68,1783,212],[68,1952,133],[68,2059,103],[68,2059,274],[68,2059,50],[68,2199,288],[68,3148,253],[68,3148,473],[69,94,78],[69,731,101],[69,1648,11],[69,1648,134],[69,1648,355],[69,2385,404],[69,2821,148],[69,2821,166],[70,87,287],[70,87,400],[70,2336,448],[70,2336,125],[70,2336,243],[70,3589,163],[70,3658,392],[70,3658,267],[70,3658,290],[70,3929,358],[70,3929,371],[71,1336,464],[71,1712,440],[71,1815,339],[71,1815,421],[71,1815,185],[71,1815,485],[71,1815,378],[71,1994,128],[71,2338,325],[71,3030,434],[71,3093,350],[71,3093,222],[72,952,365],[72,952,245],[72,952,33],[72,1914,125],[72,1914,108],[73,31,117],[73,223,253],[73,223,404],[73,223,406],[73,646,135],[73,646,172],[73,1269,122],[73,2020,76],[73,2757,164],[74,398,119],[74,1076,406],[74,3455,169],[74,3465,172],[75,621,284],[75,2299,363],[75,2299,445],[75,2471,211],[75,2471,300],[75,3493,489],[76,10,12],[76,10,81],[76,10,175],[76,10,362],[76,971,8],[76,971,169],[76,1192,297],[76,1779,213],[76,3695,403],[77,160,132],[77,766,236],[77,902,405],[77,2492,369],[78,317,253],[78,317,294],[78,612,174],[78,612,496],[78,688,208],[78,688,403],[78,874,182],[78,874,92],[78,3898,109],[78,3898,342],[78,3939,448],[79,63,135],[79,2655,96],[79,2655,189],[80,181,225],[80,2255,139],[80,2255,50],[80,2528,493],[80,2528,85],[80,3576,51],[80,3576,249],[80,3576,33],[80,3576,190],[80,3662,307],[80,3662,208],[81,11,461],[81,178,209],[81,468,198],[81,468,382],[81,732,308],[81,732,313],[81,3327,454],[81,3753,149],[81,3753,207],[82,308,104],[82,308,494],[82,1393,30],[82,1393,339],[82,1775,480],[82,3231,376],[83,101,201],[83,504,29],[83,1789,158],[83,2105,479],[83,2944,71],[83,3130,141],[83,3777,96],[83,3777,380],[83,3777,423],[84,853,354],[84,1032,275],[84,1616,192],[84,1616,267],[84,1616,434],[84,2800,175],[84,3439,269],[84,3827,363],[84,3827,377],[85,187,246],[85,2446,125],[85,2446,444],[85,3329,194],[86,375,175],[86,1463,304],[86,2268,26],[86,2268,451],[86,2668,222],[87,943,218],[87,943,291],[87,1244,495],[87,1244,347],[87,1755,96],[87,2643,462],[87,2905,202],[88,110,140],[88,1197,199],[88,1379,401],[88,2862,383],[88,3153,237],[88,3153,253],[88,3415,287],[88,3415,352],[88,3838,460],[89,672,256],[89,672,57],[89,810,215],[89,810,486],[89,1814,75],[89,1814,484],[89,1814,294],[89,2383,196],[89,2823,250],[89,2823,433],[89,2857,176],[90,62,141],[90,62,126],[90,894,158],[90,1270,126],[90,1432,117],[90,1432,123],[90,2150,351],[90,2150,291],[90,3623,42],[90,3733,385],[90,3733,58],[91,191,271],[91,191,313],[91,868,165],[91,993,117],[91,2236,490],[91,2907,332],[91,3209,188],[92,749,345],[92,2164,242],[92,2164,305],[92,3019,239],[92,3019,283],[92,3245,448],[93,92,283],[93,92,471],[93,822,244],[93,822,494],[93,844,95],[93,844,321],[93,1391,465],[93,1391,191],[93,1675,109],[93,2160,40],[94,1204,109],[94,1204,474],[94,1204,483],[94,1204,445],[94,1204,119],[94,1542,488],[94,1542,319],[94,1542,376],[94,2584,18],[94,3218,414],[94,3218,383],[94,3218,476],[94,3407,409],[94,3407,183],[94,3407,148],[94,3407,328],[95,1592,136],[95,3122,440],[95,3383,239],[96,2294,374],[96,2294,136],[96,2572,135],[96,2572,213],[96,2572,457],[96,3870,201],[97,515,367],[97,515,457],[97,2399,423],[97,2473,374],[97,2473,395],[97,2473,63],[97,2473,475],[97,2476,289],[97,2476,487],[97,2476,192],[97,3111,122],[97,3111,323],[97,3139,151],[97,3139,367],[98,507,138],[98,507,362],[98,1464,75],[98,1464,112],[98,1747,138],[98,2785,24],[98,2785,152],[98,3642,336],[98,3642,356],[98,3642,315],[99,24,130],[99,62,141],[99,62,126],[99,390,255],[99,1040,425],[99,1121,405],[99,1121,367],[99,1376,206],[99,2458,190],[100,829,250],[100,829,441],[100,1620,196],[100,1620,342],[100,2272,127],[100,2277,243],[100,2813,127],[101,154,72],[101,248,470],[101,1916,186],[101,1916,50],[101,2267,390],[101,3273,131],[101,3598,408],[101,3598,109],[102,2331,227],[102,2572,135],[102,2572,213],[102,2572,457],[102,2787,184],[102,2787,492],[102,3153,237],[102,3153,253],[102,3305,428],[102,3305,350],[102,3321,361],[102,3321,237],[102,3360,287],[102,3743,238],[102,3743,184],[103,1260,444],[103,2410,121],[103,2743,373],[103,3572,210],[103,3572,212],[103,3988,20],[104,976,202],[104,1273,387],[104,1273,193],[104,1419,464],[104,2259,241],[104,3808,111],[105,663,193],[105,663,206],[105,710,333],[105,1202,108],[105,1416,261],[105,1416,418],[105,1416,450],[105,1416,248],[105,1479,40],[106,284,238],[106,1182,385],[106,1182,173],[106,1182,460],[106,2112,21],[106,2670,313],[106,3586,122],[106,3947,498],[107,520,170],[107,520,481],[107,520,178],[107,1689,203],[107,2436,170],[107,2543,110],[107,3031,170],[107,3031,60],[107,3289,53],[107,3289,299],[108,1077,434],[108,2294,374],[108,2294,136],[108,3165,273],[108,3697,396],[109,1266,310],[110,1695,160],[110,1861,143],[110,2938,143],[110,2938,489],[110,2939,39],[110,2939,187],[111,1790,154],[111,2518,456],[111,3375,125],[111,3760,85],[112,299,37],[112,331,115],[112,822,244],[112,822,494],[112,2209,262],[112,2209,292],[112,2288,292],[113,510,201],[113,1763,234],[113,1763,391],[113,2269,253],[113,2269,345],[113,2269,348],[113,2324,55],[113,2708,316],[113,3146,366],[113,3146,378],[113,3522,89],[113,3522,334],[114,247,413],[114,2055,127],[114,2055,335],[114,2374,203],[114,2591,156],[114,3502,385],[114,3502,228],[115,570,54],[115,1102,15],[115,1102,108],[115,1976,184],[115,2029,116],[115,2830,343],[115,2973,274],[116,880,370],[116,1887,424],[116,1887,444],[116,2993,109],[116,3543,248],[116,3543,306],[117,308,104],[117,308,494],[117,1195,208],[117,1195,476],[117,2141,317],[117,2150,351],[117,2150,291],[117,2615,47],[118,374,317],[118,374,423],[118,520,170],[118,520,481],[118,520,178],[118,1728,452],[118,2418,162],[118,2418,325],[118,2963,160],[118,3302,467],[119,60,294],[119,161,187],[119,465,163],[119,465,85],[119,737,243],[119,737,319],[119,3011,32],[119,3011,236],[120,192,399],[120,192,65],[120,1443,85],[120,1578,159],[120,1578,73],[120,2080,130],[120,2080,379],[120,2120,280],[120,2120,195],[120,3770,103],[121,1265,9],[121,1265,248],[121,3257,84],[121,3317,477],[121,3317,318],[121,3341,254],[121,3471,145],[121,3498,274],[122,610,64],[122,610,46],[122,1033,286],[122,1033,257],[122,2085,344],[122,2085,95],[122,2085,321],[122,2085,151],[122,3650,436],[122,3650,159],[122,3716,332],[122,3716,483],[123,463,10],[123,1061,293],[123,1328,404],[123,2676,163],[123,2896,405],[123,3385,262],[123,3385,47],[124,1,310],[124,3,145],[124,3,165],[124,1213,139],[124,1213,251],[124,1213,459],[124,1517,243],[124,1517,356],[124,2283,155],[124,3371,373],[125,1315,137],[125,1315,382],[125,1643,450],[125,3222,1],[126,6,226],[126,6,415],[126,26,240],[126,314,491],[126,830,132],[126,3458,390],[126,3458,449],[126,3970,246],[126,3970,486],[127,1168,379],[127,2485,287],[127,2485,295],[127,3216,441],[127,3401,230],[128,290,282],[128,1615,255],[128,2130,53],[128,2130,190],[128,2145,137],[128,2375,184],[128,3619,238],[129,800,366],[129,2076,368],[129,3084,280],[129,3084,256],[129,3696,366],[129,3983,157],[129,3983,388],[130,442,170],[130,557,278],[130,3027,472],[130,3607,358],[130,3607,90],[130,3858,158],[131,1382,376],[131,1616,192],[131,1616,267],[131,1616,434],[131,1800,120],[131,1810,322],[131,1810,208],[131,1810,361],[131,3407,409],[131,3407,183],[131,3407,148],[131,3407,328],[132,610,64],[132,610,46],[132,1237,365],[132,1237,398],[132,1237,158],[132,2953,76],[132,3460,201],[132,3460,131],[133,522,171],[133,522,481],[133,971,8],[133,971,169],[133,3228,51],[133,3321,361],[133,3321,237],[134,456,167],[134,456,421],[134,1204,109],[134,1204,474],[134,1204,483],[134,1204,445],[134,1204,119],[134,1467,79],[134,1788,474],[134,1866,198],[134,3827,363],[134,3827,377],[135,87,287],[135,87,400],[135,684,338],[135,684,72],[135,2722,142],[135,3343,229],[136,111,149],[136,111,284],[136,1769,290],[136,1769,152],[136,3783,362],[137,86,213],[137,86,291],[137,2047,68],[137,2047,147],[137,2047,347],[137,2269,253],[137,2269,345],[137,2269,348],[137,2336,448],[137,2336,125],[137,2336,243],[137,3238,421],[137,3238,279],[137,3238,453],[138,2398,369],[138,2398,166],[138,2761,363],[138,3248,370],[138,3270,245],[138,3715,224],[139,500,147],[139,1458,264],[139,2349,78],[139,3567,154],[140,1083,325],[140,1281,36],[140,1908,400],[140,1908,43],[140,2729,306],[140,2729,490],[140,3722,161],[141,194,254],[141,952,365],[141,952,245],[141,952,33],[141,2895,175],[141,2895,340],[141,3323,352],[142,436,188],[142,2118,447],[142,2207,89],[142,3982,490],[143,1316,366],[143,3668,449],[144,54,111],[144,1835,151],[144,2113,35],[144,2113,299],[144,3139,151],[144,3139,367],[145,1662,64],[145,2655,96],[145,2655,189],[145,2658,146],[146,643,162],[146,947,239],[146,1748,183],[146,1748,94],[146,2184,285],[146,2184,307],[146,3022,277],[146,3022,314],[147,682,369],[147,682,295],[147,747,439],[147,1066,247],[147,1066,141],[147,1302,343],[147,1302,491],[147,3369,198],[147,3681,157],[147,3681,280],[147,3681,331],[148,1112,123],[148,1805,398],[148,1805,283],[148,1805,450],[148,3199,172],[149,690,51],[149,845,193],[149,939,111],[149,3003,39],[149,3090,423],[149,3090,6],[149,3282,354],[150,748,493],[150,1477,257],[150,1961,225],[150,1961,100],[150,2111,334],[150,2555,384],[150,2724,338],[150,3658,392],[150,3658,267],[150,3658,290],[151,956,483],[151,1815,339],[151,1815,421],[151,1815,185],[151,1815,485],[151,1815,378],[152,1512,455],[152,1512,196],[152,1512,5],[152,1573,145],[152,2198,353],[152,2616,62],[152,2966,162],[153,1103,155],[153,1103,311],[153,1814,75],[153,1814,484],[153,1814,294],[153,2690,452],[153,3034,129],[153,3034,458],[153,3034,241],[153,3034,313],[153,3530,330],[154,860,283],[154,1244,495],[154,1244,347],[154,1312,224],[154,1684,360],[154,2449,395],[154,3034,129],[154,3034,458],[154,3034,241],[154,3034,313],[155,619,341],[155,619,224],[155,1267,399],[155,1763,234],[155,1763,391],[156,668,475],[156,2042,291],[156,2042,492],[156,3502,385],[156,3502,228],[157,19,407],[157,19,434],[157,266,304],[157,1259,449],[157,1259,220],[157,1578,159],[157,1578,73],[157,2516,42],[157,2712,178],[158,288,371],[158,566,267],[158,566,354],[158,3642,336],[158,3642,356],[158,3642,315],[158,3658,392],[158,3658,267],[158,3658,290],[159,858,465],[159,858,191],[159,872,333],[159,3414,179],[159,3867,331],[160,673,129],[160,869,87],[160,869,264],[160,2120,280],[160,2120,195],[161,134,171],[161,134,220],[161,2122,2],[161,2122,378],[161,2549,155],[161,3478,377],[162,1807,62],[162,1807,272],[162,3600,56],[162,3990,323],[163,1981,245],[163,2209,262],[163,2209,292],[163,2341,181],[163,2341,435],[163,3260,383],[163,3260,213],[164,394,472],[164,1310,195],[164,1310,386],[164,1310,393],[164,2466,11],[164,2466,488],[164,3338,208],[164,3338,426],[164,3349,182],[165,238,484],[165,1285,423],[165,2295,248],[166,526,427],[166,1820,177],[166,2884,346],[167,2577,446],[167,3035,204],[167,3412,174],[168,136,227],[168,652,372],[168,652,420],[168,1602,216],[168,2189,460],[168,2592,249],[168,2592,412],[168,3109,202],[168,3671,181],[168,3671,418],[169,384,179],[169,1007,80],[169,1007,69],[169,1007,132],[169,1146,219],[169,2341,181],[169,2341,435],[169,3598,408],[169,3598,109],[170,1178,388],[170,3557,119],[171,2260,348],[171,2649,393],[171,3269,375],[171,3888,240],[172,306,159],[172,306,477],[172,419,46],[172,980,136],[172,1748,183],[172,1748,94],[173,204,276],[173,451,127],[173,3497,183],[173,3746,176],[174,1101,293],[174,2008,250],[174,2657,204],[174,2825,420],[174,3576,51],[174,3576,249],[174,3576,33],[174,3576,190],[175,630,327],[175,1904,219],[175,3484,104],[176,457,322],[176,2181,256],[176,3188,397],[176,3188,343],[176,3196,290],[176,3196,301],[177,799,380],[177,799,253],[177,1033,286],[177,1033,257],[177,1338,269],[177,2394,482],[177,3071,229],[177,3071,299],[177,3762,219],[177,3762,228],[178,325,432],[178,325,436],[178,2699,210],[178,2699,413],[178,2699,225],[178,2742,182],[179,144,302],[179,1167,306],[179,1167,265],[179,1324,479],[179,2307,196],[179,3202,215],[180,224,235],[180,234,264],[180,234,298],[180,234,342],[180,1221,418],[180,1221,425],[180,1859,404],[180,2301,305],[180,2579,451],[180,3087,431],[180,3733,385],[180,3733,58],[181,218,116],[181,218,444],[181,936,334],[181,1879,59],[181,3775,232],[181,3775,360],[182,654,482],[182,2992,206],[182,3034,129],[182,3034,458],[182,3034,241],[182,3034,313],[182,3451,461],[182,3506,285],[182,3506,345],[183,303,210],[183,2505,427],[183,3213,430],[183,3213,298],[184,1950,79],[184,1950,213],[184,2807,312],[185,688,208],[185,688,403],[185,1418,31],[185,1418,478],[185,1581,475],[185,2464,448],[185,2464,148],[185,2971,381],[185,2971,209],[186,377,168],[186,377,394],[186,2727,197],[186,2805,420],[186,2805,391],[186,3312,306],[186,3720,243],[187,954,391],[187,1242,319],[187,1242,432],[187,1441,488],[187,1441,495],[188,32,286],[188,39,244],[188,600,156],[188,1043,238],[188,2251,255],[189,907,371],[189,1049,66],[189,1213,139],[189,1213,251],[189,1213,459],[189,2873,68],[189,2980,341],[190,311,229],[190,871,2],[190,1710,459],[190,2002,283],[191,973,402],[191,973,311],[191,1487,371],[191,1487,329],[191,1517,243],[191,1517,356],[191,3135,161],[191,3135,97],[191,3135,265],[192,1502,225],[192,1502,468],[192,1561,341],[192,1561,342],[192,1889,447],[192,1889,116],[192,2386,226],[192,2418,162],[192,2418,325],[193,963,453],[193,963,77],[193,2786,436],[193,2786,490],[193,2852,368],[193,3642,336],[193,3642,356],[193,3642,315],[193,3965,67],[193,3965,238],[194,1398,338],[194,1902,270],[194,1911,164],[194,1911,260],[194,2276,369],[194,2276,486],[194,3123,300],[194,3123,8],[194,3390,407],[194,3390,379],[195,2699,210],[195,2699,413],[195,2699,225],[195,3742,44],[195,3742,104],[196,74,199],[196,74,476],[196,674,227],[196,1780,276],[197,407,323],[197,531,4],[197,595,462],[197,1877,209],[197,1974,239],[197,2080,130],[197,2080,379],[197,3148,253],[197,3148,473],[198,523,214],[198,3144,279],[198,3144,487],[199,726,258],[199,1516,419],[199,1812,302],[199,1812,407],[200,1113,309],[200,1177,221],[200,1177,66],[200,1923,259],[200,3961,307],[201,2986,275],[201,3644,173],[201,3644,21],[202,1645,422],[202,1645,396],[202,1645,165],[202,2052,487],[202,2257,376],[203,138,263],[203,2125,239],[203,3097,392],[203,3097,438],[203,3097,445],[203,3204,331],[203,3711,431],[204,234,264],[204,234,298],[204,234,342],[204,847,201],[204,2805,420],[204,2805,391],[204,3090,423],[204,3090,6],[204,3833,346],[205,23,285],[205,233,176],[205,233,235],[205,327,376],[205,1300,480],[205,1300,365],[205,1783,289],[205,1783,212],[205,2928,318],[205,3169,316],[206,652,372],[206,652,420],[206,1650,447],[206,1650,365],[206,2182,367],[206,2937,412],[207,358,260],[207,577,240],[207,2750,194],[207,3210,199],[207,3442,478],[208,2268,26],[208,2268,451],[208,2475,25],[209,469,356],[209,478,219],[209,486,74],[209,1343,316],[209,1343,439],[209,2602,333],[210,229,272],[210,318,17],[210,318,434],[210,1009,195],[210,3238,421],[210,3238,279],[210,3238,453],[211,666,140],[211,1876,245],[211,2808,401],[211,3011,32],[211,3011,236],[211,3102,328],[211,3102,33],[211,3319,195],[211,3363,256],[212,86,213],[212,86,291],[212,134,171],[212,134,220],[212,631,437],[212,631,475],[212,2243,444],[212,2923,437],[212,2923,206],[213,99,86],[213,99,347],[213,1358,64],[213,2759,159],[213,2759,179],[214,1542,488],[214,1542,319],[214,1542,376],[214,1810,322],[214,1810,208],[214,1810,361],[214,1957,479],[214,3878,29],[215,789,93],[215,1950,79],[215,1950,213],[215,2796,256],[215,2796,411],[215,3566,379],[216,343,233],[216,343,227],[216,426,262],[216,426,77],[216,426,362],[216,579,326],[216,579,497],[216,810,215],[216,810,486],[216,915,94],[216,915,199],[216,2313,377],[216,2313,356],[216,3555,155],[216,3555,480],[217,1750,427],[217,2244,432],[217,2244,479],[217,2586,377],[217,2586,471],[217,2959,298],[217,2959,433],[217,3678,357],[217,3753,149],[217,3753,207],[218,1396,484],[218,2520,272],[218,2520,475],[218,2686,339],[218,2768,441],[218,2768,86],[219,2871,261],[219,3687,252],[219,3687,376],[220,97,331],[220,1620,196],[220,1620,342],[220,3576,51],[220,3576,249],[220,3576,33],[220,3576,190],[220,3699,372],[220,3725,192],[221,798,214],[221,1430,327],[221,1539,148],[221,3305,428],[221,3305,350],[221,3595,124],[221,3595,454],[221,3661,284],[222,188,330],[222,330,311],[222,512,418],[222,1914,125],[222,1914,108],[222,2339,320],[222,2339,283],[222,3712,261],[223,1057,4],[223,1930,262],[223,2379,425],[223,2465,477],[223,2465,187],[223,2933,315],[223,3411,41],[223,3971,438],[223,3971,199],[224,274,376],[224,2006,263],[224,2990,354],[224,2990,451],[224,3368,278],[225,74,199],[225,74,476],[225,2403,228],[225,2473,374],[225,2473,395],[225,2473,63],[225,2473,475],[225,3326,228],[225,3326,487],[226,377,168],[226,377,394],[226,846,272],[226,2840,269],[226,3453,428],[227,1416,261],[227,1416,418],[227,1416,450],[227,1416,248],[227,2305,256],[227,3129,390],[227,3129,365],[228,2142,236],[228,2495,92],[228,2495,295],[228,3021,107],[228,3021,495],[229,234,264],[229,234,298],[229,234,342],[229,965,231],[229,965,307],[229,1371,443],[229,1650,447],[229,1650,365],[229,2664,45],[230,1019,374],[230,1121,405],[230,1121,367],[230,1885,337],[230,2253,438],[230,3338,208],[230,3338,426],[230,3464,240],[231,1481,351],[231,2114,382],[231,2520,272],[231,2520,475],[231,3007,143],[231,3007,52],[231,3007,429],[231,3188,397],[231,3188,343],[231,3218,414],[231,3218,383],[231,3218,476],[232,579,326],[232,579,497],[232,619,341],[232,619,224],[232,844,95],[232,844,321],[232,1206,273],[232,2488,8],[232,2488,315],[232,3111,122],[232,3111,323],[233,772,240],[233,1297,267],[233,1473,167],[233,1473,362],[233,2851,259],[233,3386,358],[233,3763,217],[234,737,243],[234,737,319],[234,1527,485],[234,1527,151],[234,1898,247],[235,1094,452],[235,1094,399],[235,1103,155],[235,1103,311],[235,1857,323],[235,2535,431],[236,93,448],[236,922,406],[236,1237,365],[236,1237,398],[236,1237,158],[237,1509,472],[237,2128,340],[237,2758,272],[237,3135,161],[237,3135,97],[237,3135,265],[238,764,296],[238,2784,202],[238,3097,392],[238,3097,438],[238,3097,445],[239,1631,321],[239,3415,287],[239,3415,352],[240,374,317],[240,374,423],[240,1289,271],[240,2320,405],[241,1646,175],[241,1886,227],[241,2370,430],[241,2781,75],[241,3227,397],[241,3552,262],[242,233,176],[242,233,235],[242,3123,300],[242,3123,8],[242,3460,201],[242,3460,131],[242,3743,238],[242,3743,184],[242,3857,95],[243,1715,270],[243,1715,361],[243,2794,174],[243,2794,447],[243,3523,398],[244,95,181],[244,1833,76],[244,2485,287],[244,2485,295],[244,2594,186],[244,2594,259],[244,2594,334],[244,3792,61],[244,3792,303],[245,802,353],[245,2709,281],[246,1100,142],[246,1908,400],[246,1908,43],[246,1926,263],[246,3085,363],[246,3241,498],[246,3241,495],[246,3509,474],[247,852,266],[247,1182,385],[247,1182,173],[247,1182,460],[247,1810,322],[247,1810,208],[247,1810,361],[247,1837,375],[247,2316,277],[247,2316,299],[247,3628,13],[248,586,429],[248,2471,211],[248,2471,300],[248,3506,285],[248,3506,345],[249,508,293],[249,2361,16],[249,2361,294],[249,2437,232],[249,2678,500],[249,2730,469],[249,3898,109],[249,3898,342],[250,1361,263],[250,1893,350],[250,3472,109],[251,836,152],[251,2013,56],[251,2013,144],[251,2164,242],[251,2164,305],[251,2935,66],[251,2935,98],[251,2971,381],[251,2971,209],[251,3277,11],[252,2957,198],[252,2957,489],[252,3373,288],[252,3373,373],[252,3615,402],[252,3942,323],[253,1791,105],[253,3572,210],[253,3572,212],[254,1127,351],[255,1018,367],[255,1110,488],[255,1871,296],[255,1871,37],[256,1234,379],[256,3672,277],[257,456,167],[257,456,421],[257,664,464],[257,960,100],[257,1173,277],[257,1237,365],[257,1237,398],[257,1237,158],[258,1653,423],[258,2077,341],[258,2077,472],[258,3474,278],[258,3631,283],[258,3929,358],[258,3929,371],[259,1716,321],[259,1716,345],[259,3289,53],[259,3289,299],[259,3569,448],[259,3569,17],[260,1569,369],[260,2171,207],[260,2910,221],[261,1622,32],[261,1948,440],[261,2968,254],[261,2968,82],[261,3211,302],[261,3811,298],[262,3071,229],[262,3071,299],[262,3578,165],[263,631,437],[263,631,475],[263,1726,383],[264,1674,382],[264,1701,382],[264,2166,303],[264,2490,84],[264,3213,430],[264,3213,298],[265,440,362],[265,1011,433],[265,1011,18],[265,1814,75],[265,1814,484],[265,1814,294],[265,2055,127],[265,2055,335],[265,3092,273],[265,3092,274],[265,3543,248],[265,3543,306],[266,1474,110],[266,1474,350],[266,2417,471],[266,2430,353],[266,3250,305],[266,3624,341],[266,3624,477],[266,3762,219],[266,3762,228],[267,2895,175],[267,2895,340],[267,3429,281],[267,3771,14],[268,1401,466],[268,1401,387],[268,1401,188],[268,2148,419],[268,2148,309],[268,2968,254],[268,2968,82],[268,3005,237],[268,3134,309],[268,3855,312],[269,1654,483],[269,1919,352],[269,2238,328],[269,2488,8],[269,2488,315],[270,1095,171],[270,1148,282],[270,1518,142],[270,2697,198],[270,2793,30],[270,2793,282],[271,2093,315],[271,2093,137],[271,2093,455],[271,2285,189],[271,2565,447],[271,3355,336],[272,2183,436],[273,632,274],[273,952,365],[273,952,245],[273,952,33],[273,995,320],[273,3115,498],[273,3115,333],[274,2781,75],[274,3299,353],[275,1769,290],[275,1769,152],[275,2382,54],[275,2382,442],[275,2401,296],[275,2932,357],[276,979,335],[276,1242,319],[276,1242,432],[276,1903,47],[276,2798,311],[276,2990,354],[276,2990,451],[276,3182,375],[277,1137,304],[277,1574,434],[277,3650,436],[277,3650,159],[277,3851,354],[278,558,467],[278,616,166],[278,892,360],[278,892,286],[278,3124,153],[279,518,478],[279,2365,438],[279,2376,360],[279,3019,239],[279,3019,283],[279,3387,351],[279,3836,385],[280,745,4],[280,2495,92],[280,2495,295],[280,3032,344],[280,3146,366],[280,3146,378],[281,357,500],[281,892,360],[281,892,286],[281,1300,480],[281,1300,365],[281,1805,398],[281,1805,283],[281,1805,450],[281,2119,481],[282,316,128],[282,1196,318],[282,1196,385],[282,1196,311],[283,1492,144],[284,736,252],[284,1333,485],[284,2299,363],[284,2299,445],[284,3777,96],[284,3777,380],[284,3777,423],[284,3841,430],[285,2756,347],[285,3098,394],[285,3390,407],[285,3390,379],[286,285,426],[286,2049,461],[286,2473,374],[286,2473,395],[286,2473,63],[286,2473,475],[286,3278,373],[287,1401,466],[287,1401,387],[287,1401,188],[287,1911,164],[287,1911,260],[287,3179,173],[288,2938,143],[288,2938,489],[288,2970,484],[288,3488,306],[288,3488,464],[288,3686,329],[289,220,323],[289,220,416],[289,1959,350],[289,1959,412],[289,2348,335],[289,3496,402],[290,382,315],[290,955,400],[290,1922,452],[290,2622,254],[290,2622,425],[290,3981,358],[291,1176,491],[291,2021,271],[291,2608,387],[291,3585,205],[292,321,118],[292,1035,359],[292,1441,488],[292,1441,495],[292,2395,139],[293,2316,277],[293,2316,299],[293,3407,409],[293,3407,183],[293,3407,148],[293,3407,328],[294,262,133],[294,646,135],[294,646,172],[294,881,142],[294,2117,85],[295,409,462],[295,409,489],[295,497,305],[295,1961,225],[295,1961,100],[296,371,61],[296,806,443],[296,806,19],[296,2047,68],[296,2047,147],[296,2047,347],[296,3335,346],[297,679,309],[297,1343,316],[297,1343,439],[297,2914,312],[297,2920,468],[297,2920,184],[297,3322,428],[297,3436,418],[297,3436,466],[297,3436,397],[298,193,41],[298,890,465],[298,2612,419],[299,230,329],[299,1150,450],[300,672,256],[300,672,57],[300,678,41],[300,2085,344],[300,2085,95],[300,2085,321],[300,2085,151],[300,3053,260],[300,3978,313],[300,3978,320],[301,425,219],[301,1164,327],[301,1302,343],[301,1302,491],[301,2554,114],[301,2854,298],[302,82,409],[302,1815,339],[302,1815,421],[302,1815,185],[302,1815,485],[302,1815,378],[302,2090,103],[302,2662,255],[303,1375,347],[303,2614,424],[303,3022,277],[303,3022,314],[303,3052,423],[303,3079,371],[304,1645,422],[304,1645,396],[304,1645,165],[305,10,12],[305,10,81],[305,10,175],[305,10,362],[305,2101,3],[306,3107,167],[307,1821,136],[307,3092,273],[307,3092,274],[308,275,486],[308,2258,381],[308,2258,482],[308,2571,446],[308,2955,310],[308,3230,336],[308,3406,244],[309,1529,499],[309,3306,160],[309,3911,322],[309,3911,38],[309,3911,163],[310,2795,352],[310,3595,124],[310,3595,454],[311,578,191],[311,2537,431],[312,453,381],[312,2626,340],[313,300,353],[313,964,479],[313,1774,356],[314,223,253],[314,223,404],[314,223,406],[314,403,474],[314,1163,274],[314,1163,426],[314,2419,210],[314,2419,429],[314,2796,256],[314,2796,411],[315,633,374],[315,2512,459],[315,2812,26],[316,959,74],[317,743,420],[317,1583,324],[317,1787,395],[317,2572,135],[317,2572,213],[317,2572,457],[317,2672,303],[318,1135,499],[318,1135,497],[318,1299,441],[318,2186,380],[318,2186,321],[318,2470,418],[319,69,342],[319,362,421],[319,2162,468],[320,1220,433],[320,2239,344],[321,1079,353],[322,1847,479],[322,2240,471],[322,2240,494],[322,2696,451],[322,3155,484],[323,1685,113],[324,920,306],[324,2408,273],[324,2622,254],[324,2622,425],[324,3220,218],[324,3584,489],[324,3941,325],[324,3941,405],[325,653,341],[325,1227,378],[325,3450,320],[325,3780,405],[326,790,215],[326,2192,343],[326,2639,395],[326,2639,424],[326,2885,79],[327,2634,326],[327,2634,25],[327,2639,395],[327,2639,424],[327,2693,162],[328,640,79],[328,640,357],[328,1130,416],[329,310,354],[329,620,312],[329,1249,330],[329,1753,305],[329,1811,166],[330,426,262],[330,426,77],[330,426,362],[330,1889,447],[330,1889,116],[330,2405,492],[330,2586,377],[330,2586,471],[331,1416,261],[331,1416,418],[331,1416,450],[331,1416,248],[331,1985,251],[331,3135,161],[331,3135,97],[331,3135,265],[332,640,79],[332,640,357],[332,1469,4],[332,2651,370],[332,2651,468],[333,602,350],[333,1920,70],[333,1920,185],[333,3547,362],[334,80,461],[334,761,70],[334,895,105],[334,2327,423],[334,2327,410],[335,888,377],[335,1782,492],[335,3485,385],[335,3914,437],[335,3969,77],[336,522,171],[336,522,481],[336,1483,444],[336,2865,429],[336,3883,330],[337,684,338],[337,684,72],[337,1812,302],[337,1812,407],[337,2456,87],[337,2472,364],[337,2546,364],[337,2926,226],[337,3962,338],[338,636,383],[338,3328,341],[339,216,106],[339,1966,350],[339,2275,38],[339,2275,135],[339,2924,409],[339,3734,375],[340,315,146],[340,2920,468],[340,2920,184],[341,2778,420],[342,1716,321],[342,1716,345],[342,2610,305],[342,3065,105],[343,973,402],[343,973,311],[343,1724,492],[343,3900,267],[344,665,18],[344,2446,125],[344,2446,444],[344,3681,157],[344,3681,280],[344,3681,331],[344,3895,272],[345,259,285],[345,3129,390],[345,3129,365],[346,61,447],[346,68,404],[346,171,500],[346,2211,482],[346,3756,304],[347,342,479],[347,3871,374],[348,114,490],[348,126,438],[348,1204,109],[348,1204,474],[348,1204,483],[348,1204,445],[348,1204,119],[348,1815,339],[348,1815,421],[348,1815,185],[348,1815,485],[348,1815,378],[348,2677,447],[349,1487,371],[349,1487,329],[349,1895,459],[349,2058,477],[349,2058,318],[349,2823,250],[349,2823,433],[349,3533,414],[349,3777,96],[349,3777,380],[349,3777,423],[351,130,494],[351,2936,153],[352,811,393],[352,2786,436],[352,2786,490],[352,3200,426],[353,2959,298],[353,2959,433],[354,2072,101],[354,2168,351],[355,189,395],[355,196,28],[355,850,496],[355,1157,112],[355,2210,319],[355,2530,394],[355,3944,260],[356,1801,419],[357,6,226],[357,6,415],[357,732,308],[357,732,313],[357,2476,289],[357,2476,487],[357,2476,192],[357,3916,287],[358,70,324],[358,70,396],[358,2045,144],[359,81,475],[359,1768,442],[359,3844,455],[360,1071,404],[360,1850,86],[360,1850,478],[360,3218,414],[360,3218,383],[360,3218,476],[360,3546,331],[360,3546,389],[361,481,460],[361,1661,458],[361,1831,178],[362,691,494],[363,72,376],[363,3475,435],[364,19,407],[364,19,434],[364,1939,95],[364,3394,300],[365,2891,474],[365,3198,491],[365,3850,280],[366,527,368],[366,1466,388],[366,1466,82],[366,3280,449],[366,3677,368],[367,487,25],[367,487,446],[367,3070,49],[368,289,55],[368,1428,332],[368,1983,41],[369,1636,259],[369,1636,95],[369,3568,364],[370,662,422],[370,662,312],[370,1011,433],[370,1011,18],[370,1830,474],[370,2711,454],[371,2310,19],[371,3611,296],[372,1022,408],[372,1050,381],[372,1129,207],[372,1129,460],[372,2068,460],[373,148,20],[373,769,118],[373,1337,31],[374,506,293],[374,3941,325],[374,3941,405],[375,172,263],[375,3237,156],[375,3754,39],[377,337,498],[377,3622,400],[377,3716,332],[377,3716,483],[378,1163,274],[378,1163,426],[378,1303,183],[378,1303,328],[378,1454,393],[378,3880,497],[379,1503,131],[379,1746,29],[379,2123,110],[380,490,382],[380,1854,39],[380,2293,133],[380,3675,443],[380,3675,476],[381,3680,474],[381,3700,408],[381,3726,349],[381,3726,312],[382,1432,117],[382,1432,123],[383,2350,455],[383,3041,153],[383,3041,268],[383,3755,92],[383,3755,492],[384,102,453],[384,1132,79],[384,1890,460],[384,2077,341],[384,2077,472],[384,3021,107],[384,3021,495],[384,3093,350],[384,3093,222],[385,1567,155],[385,3195,419],[386,158,457],[386,236,426],[386,1325,269],[386,2600,319],[386,3251,328],[387,223,253],[387,223,404],[387,223,406],[387,520,170],[387,520,481],[387,520,178],[387,1805,398],[387,1805,283],[387,1805,450],[388,609,160],[388,2092,410],[388,3067,410],[388,3067,72],[389,990,474],[389,1016,445],[389,1448,416],[389,2146,435],[389,2810,139],[390,843,484],[390,2280,314],[390,2407,489],[390,2407,79],[390,3616,200],[391,317,253],[391,317,294],[391,511,151],[391,511,22],[391,2038,2],[391,2085,344],[391,2085,95],[391,2085,321],[391,2085,151],[392,306,159],[392,306,477],[392,3714,409],[392,3847,471],[393,1017,405],[393,1170,386],[393,3582,17],[394,343,233],[394,343,227],[394,1311,23],[394,2759,159],[394,2759,179],[394,2997,387],[395,3137,35],[396,2500,500],[396,2898,422],[397,206,26],[397,581,145],[397,2594,186],[397,2594,259],[397,2594,334],[397,2809,388],[397,3636,124],[398,53,361],[398,2119,481],[398,3036,488],[399,272,64],[399,272,484],[399,2148,419],[399,2148,309],[399,3292,477],[400,1391,465],[400,1391,191],[400,2706,467],[400,3272,380],[400,3272,401],[401,256,486],[401,2352,417],[401,2352,465],[401,3776,69],[402,170,395],[402,1339,36],[402,1339,133],[402,1959,350],[402,1959,412],[402,3726,349],[402,3726,312],[403,2524,416],[403,2648,493],[403,2921,444],[403,3196,290],[403,3196,301],[403,3920,401],[404,3247,464],[404,3550,22],[405,267,59],[406,10,12],[406,10,81],[406,10,175],[406,10,362],[406,1445,36],[406,2651,370],[406,2651,468],[406,3309,304],[407,994,478],[407,1850,86],[407,1850,478],[407,3579,478],[408,793,161],[408,793,411],[408,2728,173],[408,3332,266],[409,1464,75],[409,1464,112],[409,2058,477],[409,2058,318],[409,2466,11],[409,2466,488],[409,3436,418],[409,3436,466],[409,3436,397],[410,1116,136],[410,1259,449],[410,1259,220],[410,3458,390],[410,3458,449],[410,3742,44],[410,3742,104],[411,174,487],[411,566,267],[411,566,354],[411,1493,487],[411,1502,225],[411,1502,468],[411,1815,339],[411,1815,421],[411,1815,185],[411,1815,485],[411,1815,378],[411,3967,421],[412,220,323],[412,220,416],[412,829,250],[412,829,441],[412,1918,111],[412,2699,210],[412,2699,413],[412,2699,225],[413,458,458],[413,561,431],[413,2328,431],[413,2552,132],[413,2552,13],[413,3082,473],[414,641,445],[414,1435,463],[414,2923,437],[414,2923,206],[414,3675,443],[414,3675,476],[414,3949,482],[415,1111,130],[415,1887,424],[415,1887,444],[415,2335,467],[415,2958,481],[415,3575,278],[416,723,143],[416,1251,114],[416,2190,463],[416,3034,129],[416,3034,458],[416,3034,241],[416,3034,313],[417,1204,109],[417,1204,474],[417,1204,483],[417,1204,445],[417,1204,119],[417,1636,259],[417,1636,95],[417,2327,423],[417,2327,410],[417,3064,491],[417,3241,498],[417,3241,495],[418,2683,87],[418,3834,270],[419,2203,410],[419,3786,465],[419,3937,439],[420,515,367],[420,515,457],[420,2070,452],[420,3255,392],[422,213,493],[422,1740,437],[422,2093,315],[422,2093,137],[422,2093,455],[422,2528,493],[422,2528,85],[424,1682,448],[424,1682,454],[424,2003,485],[424,2096,189],[424,3539,468],[425,2336,448],[425,2336,125],[425,2336,243],[425,3114,357],[425,3126,57],[426,251,481],[426,369,293],[427,1117,190],[427,1987,183],[427,3522,89],[427,3522,334],[428,328,161],[428,524,429],[428,803,40],[428,3590,466],[429,409,462],[429,409,489],[429,751,129],[429,2300,469],[429,2300,30],[429,2300,481],[430,1195,208],[430,1195,476],[430,1582,455],[430,2116,456],[430,2876,476],[430,3238,421],[430,3238,279],[430,3238,453],[431,197,28],[431,3409,458],[432,364,454],[432,487,25],[432,487,446],[432,1303,183],[432,1303,328],[432,1512,455],[432,1512,196],[432,1512,5],[432,2186,380],[432,2186,321],[433,623,470],[433,1951,473],[433,2465,477],[433,2465,187],[433,3007,143],[433,3007,52],[433,3007,429],[434,2738,340],[434,2738,146],[435,40,497],[435,192,399],[435,192,65],[435,244,176],[435,1584,485],[435,3144,279],[435,3144,487],[436,543,396],[436,2275,38],[436,2275,135],[436,3823,427],[436,3874,234],[437,612,174],[437,612,496],[437,927,489],[437,3775,232],[437,3775,360],[437,3970,246],[437,3970,486],[438,3607,358],[438,3607,90],[438,3978,313],[438,3978,320],[439,1128,488],[439,2352,417],[439,2352,465],[439,3792,61],[439,3792,303],[440,729,434],[440,1326,54],[440,1412,73],[440,3643,214],[441,2467,473],[441,3361,477],[442,423,487],[442,1094,452],[442,1094,399],[442,1097,17],[442,1660,467],[442,1707,260],[443,1418,31],[443,1418,478],[443,1455,150],[443,2351,80],[443,3559,196],[443,3559,235],[445,109,486],[445,3115,498],[445,3115,333],[446,112,456],[446,493,252],[446,1038,388],[446,1038,462],[446,3067,410],[446,3067,72],[447,2773,134],[449,511,151],[449,511,22],[449,2085,344],[449,2085,95],[449,2085,321],[449,2085,151],[450,115,44],[450,1682,448],[450,1682,454],[451,874,182],[451,874,92],[451,1309,195],[451,1652,275],[451,3233,48],[452,541,281],[452,2957,198],[452,2957,489],[453,70,324],[453,70,396],[453,191,271],[453,191,313],[453,1182,385],[453,1182,173],[453,1182,460],[453,2354,455],[454,825,456],[454,2308,414],[455,507,138],[455,507,362],[456,2240,471],[456,2240,494],[456,2407,489],[456,2407,79],[456,3326,228],[456,3326,487],[457,700,491],[457,869,87],[457,869,264],[457,1393,30],[457,1393,339],[457,1440,125],[457,1440,162],[457,2687,483],[458,597,442],[458,2804,115],[458,3317,477],[458,3317,318],[459,313,91],[459,3102,328],[459,3102,33],[459,3311,289],[461,695,493],[461,1212,459],[461,3125,304],[462,1356,327],[462,1356,195],[462,2126,398],[462,2646,91],[463,563,498],[463,924,467],[463,2054,320],[463,2300,469],[463,2300,30],[463,2300,481],[463,3271,469],[464,2988,80],[464,3325,52],[464,3404,306],[464,3404,68],[465,1159,252],[465,2785,24],[465,2785,152],[465,3080,187],[466,897,499],[466,2102,499],[466,2776,245],[467,1796,254],[468,806,443],[468,806,19],[468,1438,35],[469,2276,369],[469,2276,486],[469,2875,156],[469,3389,415],[470,503,6],[470,1190,332],[470,1377,473],[470,1587,492],[470,2042,291],[470,2042,492],[471,965,231],[471,965,307],[471,1294,333],[472,252,178],[472,1268,45],[472,1648,11],[472,1648,134],[472,1648,355],[473,227,401],[473,2787,184],[473,2787,492],[475,92,283],[475,92,471],[476,857,288],[476,1175,438],[476,1175,292],[477,3395,219],[478,1558,187],[478,3535,178],[479,677,22],[480,799,380],[480,799,253],[480,2789,65],[480,2789,36],[480,3084,280],[480,3084,256],[481,770,258],[482,824,61],[482,2716,497],[483,1181,64],[483,2028,493],[484,3555,155],[484,3555,480],[485,2476,289],[485,2476,487],[485,2476,192],[485,2801,72],[486,1214,156],[486,1214,314],[486,3398,320],[488,2939,39],[488,2939,187],[489,2353,31],[490,1214,156],[490,1214,314],[490,3933,301],[491,3739,498],[491,3739,27],[494,3,145],[494,3,165],[494,1360,426],[495,1644,347],[495,3473,48],[496,273,67],[496,273,121],[496,432,226],[496,851,248],[496,1871,296],[496,1871,37],[497,2592,249],[497,2592,412],[497,3407,409],[497,3407,183],[497,3407,148],[497,3407,328],[498,176,299],[499,2159,359],[499,2606,268],[499,2879,493],[500,292,364],[500,1521,166],[500,2274,499]];

jitters = [100000,10000,10000,20000,10000,100000,10000,20000,20000,20000,20000,50000,10000,20000,10000,10000,20000,20000,20000,100000,10000,20000,100000,20000,20000,10000,20000,10000,10000,10000,20000,1000,20000,1000,20000,20000,20000,20000,100000,100000,20000,50000,20000,100000,2000,50000,10000,20000,100000,10000,10000,20000,20000,20000,5000,20000,1000,100000,20000,20000,100000,100000,2000,1000,10000,20000,20000,10000,20000,20000,10000,10000,100000,50000,100000,20000,50000,20000,100000,20000,20000,20000,100000,100000,20000,10000,20000,100000,10000,100000,100000,20000,10000,50000,10000,100000,100000,20000,100000,10000,10000,1000,20000,20000,10000,100000,5000,10000,10000,5000,20000,20000,100000,10000,1000,20000,100000,100000,50000,100000,20000,100000,20000,10000,20000,100000,10000,100000,5000,100000,100000,100000,100000,20000,100000,10000,20000,20000,20000,100000,100000,100000,5000,20000,10000,10000,10000,50000,10000,20000,20000,10000,10000,20000,10000,20000,10000,100000,10000,5000,100000,10000,20000,100000,100000,20000,20000,20000,20000,5000,100000,50000,10000,20000,100000,10000,100000,100000,10000,10000,20000,100000,10000,1000,20000,10000,50000,100000,100000,100000,10000,100000,10000,2000,20000,10000,10000,20000,10000,20000,100000,20000,10000,20000,20000,100000,2000,100000,10000,10000,20000,20000,1000,10000,10000,20000,10000,10000,20000,20000,20000,10000,100000,20000,20000,100000,10000,20000,100000,100000,20000,10000,100000,10000,10000,50000,1000,100000,10000,100000,20000,10000,10000,100000,20000,20000,10000,20000,20000,10000,10000,10000,100000,20000,100000,10000,20000,100000,20000,2000,10000,20000,20000,20000,10000,10000,100000,1000,100000,2000,100000,10000,10000,10000,100000,10000,10000,100000,20000,5000,20000,2000,20000,20000,20000,100000,100000,10000,10000,100000,20000,20000,20000,50000,10000,100000,1000,10000,20000,2000,100000,10000,20000,10000,10000,10000,20000,20000,1000,10000,10000,1000,10000,20000,100000,1000,100000,20000,50000,10000,10000,10000,10000,100000,100000,20000,100000,20000,10000,10000,10000,100000,10000,100000,10000,20000,2000,2000,10000,1000,100000,100000,10000,5000,100000,100000,20000,100000,100000,10000,20000,100000,10000,10000,20000,10000,100000,100000,20000,20000,10000,10000,20000,2000,20000,5000,100000,5000,2000,20000,100000,20000,10000,100000,10000,20000,100000,100000,10000,20000,20000,20000,20000,20000,10000,100000,20000,5000,20000,10000,50000,10000,100000,20000,100000,100000,20000,50000,10000,100000,100000,10000,20000,20000,100000,50000,2000,20000,10000,5000,50000,10000,10000,100000,20000,20000,100000,10000,10000,100000,50000,100000,100000,20000,100000,100000,10000,1000,20000,20000,10000,20000,10000,10000,20000,10000,100000,100000,10000,10000,10000,100000,100000,20000,100000,20000,100000,20000,5000,20000,10000,100000,20000,20000,20000,20000,100000,10000,100000,20000,100000,10000,100000,20000,10000,1000,100000,50000,100000,10000,10000,100000,10000,20000,20000,20000,10000,2000,10000,20000,20000,100000,100000,10000,20000,100000,20000,50000,100000,100000,100000,10000,100000,10000,20000,50000,20000,100000,1000,100000];

