NumChains = 50;
NumResources = 3;
NumRunnablesInChains = 193;
MemoryBoundOnResource = 1048576;
UtilizationBoundOnResource = 100;

numberOfTasksinChain = [9,7,7,5,9,7,5,5,9,7,7,7,9,7,7,5,9,9,5,5,7,9,5,5,9,9,5,9,7,7,5,5,7,7,5,7,5,7,7,7,9,7,5,7,5,7,5,5,7,5];

runnablesInChains = [103,210,394,383,481,55,66,62,139,98,24,470,422,161,354,5,309,147,234,100,215,80,295,409,38,437,208,447,341,92,9,464,238,439,368,128,146,25,134,22,101,71,473,222,174,493,348,168,278,194,346,396,96,274,482,500,343,424,288,374,131,116,153,432,271,373,300,164,147,211,20,362,76,203,214,404,294,163,290,238,183,455,308,157,282,72,13,493,318,497,178,420,490,13,326,426,297,475,447,463,193,105,95,387,27,140,447,340,247,129,6,42,285,246,447,74,485,49,84,64,169,113,37,81,427,15,284,352,312,382,132,372,144,14,185,414,223,76,206,10,369,122,40,482,207,45,4,382,221,498,2,468,489,406,102,490,384,453,359,43,115,97,86,373,67,492,303,350,378,1,79,327,246,269,264,65,83,259,1,449,104,229,365,467,107,133,330,209,349,162,356,187,42];

ProcessingTimesOfMessages = [[1,1,1,1,1,1,1,1,1,1,1,1,1],[1,2,1,1,1,1,1,1,1,1],[1,1,1,1,1,1,1,1],[1,1,1,1,1,1],[1,1,1,1,1],[1,1,1,1,1,1,1,1,1],[1,1,1,1,1],[1,1,1,1,1,1,1],[1,1,1,1,1],[1,1,1,1,1,1],[1,1,2,1,1,1,1,1,1],[1,1,1,1,1,1,1,1,1,1,1],[1,1,1,1,1,1,1,1],[1,1,1,1,1,1,1,1],[1,1,1,1,1,1,1,1,1],[1,1,1,1,1,1],[1,1,1,1,1,1,1,1,2],[1,1,1,1,1,1,1,1,1,1,1],[1,1,1,1,1,1,1,1,1],[1,1,1,1,1,1,1],[1,1,1,1,1],[1,1,1,1,1],[1,1,1,1,1,1,1,1],[1,1,1,1,1,1,1,1,1,1,1],[1,1,1,1,1,1],[1,1,1,1,1,1,1,1,1,1],[1,1,1,1,1,1,1],[1,1,1,1,1,1,1],[1,1,1,1,1,1,1,1,1],[1,1,1,1,1,1],[1,1,1,1,1,1,1,1],[1,1,1,1,1,1,1,1,1,1],[1,1,1,1,1,1,1,1,1],[1,1,1,1,1,1,1,1,1,1,1],[1,1,1,1,1,1],[1,1,1,1,1,1,1,1,1,1],[1,1,1,1,1,1,1,1],[1,1,1,1,1,1],[1,1,1,1,1,1,1,1,1,1,1,1,1],[1,1,1,1,1,1,1],[1,1,1,1,1],[1,1,1,1,1,1,1,1],[1,1,1,1,1,1,1],[1,1,1,1,1,1,1,1],[1,1,1,1,1,1,1,1,1,1],[1,1,1,1,1],[1,1,1,1,1,1,1],[1,1,1,1],[1,1,1,1,1,1],[1,1,1,1,1,1],[1,1,1,1,1,1,1,1,1,1,1,1],[1,1,1,1,1,1,1,1,1,1,1,1],[1,1,1,1,1,1,1,1],[1,1,1,1,1,1,1,1,1,1],[1,1,1,1,1,1,1,1],[1,1,1,1,1,1,1,1,1,1,1,1,1],[1,1,1,1,1,1,1,1],[1,1,1,1,1,1,1,1,1,1,1,1],[1,1,1],[1,1,1,1,1,1,1,1,1],[1,1,1,1,1,1,1],[1,1,1,1,1,1,1,1,1,1,1],[1,1,1,1,1,1,1],[1,1,1,1,1,1,1,1,1,1],[1,1,1,1,1,1],[1,1,1,1,1,1],[1,1,1,1,1,1,1],[1,1,1,1,1],[1,1,1,1,1],[1,1,1,1,1,1,1,1,1],[1,1,1,1,1],[1,1,1,1,1,1],[1,1,1,1,1,1,1,1],[1,1,1,1,1],[1,1,1,1,1,1,1,1,1,1],[1,1,1,1,1],[1,1,1,1,1,1,1,1,1,1,1],[1,1,1,1,1,1],[1,1,1,1,1,1,1],[1,1,1,1,1,1,1],[1,1,1,1,1,1,1,1],[1,1,1,1,1,1],[1,1,1,1,1,1,1],[1,1,1,2,2],[1,1,1,1,1],[1,1,1,1,1,1],[1,1,1,1,1,1,1,1,1,1,1],[1,1,1,1,1,1,1,1],[1,1,1],[1,1,1,1,1,1,1],[1,1,1,1,1,1],[1,1,1,1],[1,1,1,1,1,1,1],[1,1,1,1],[1,1,1,1,1],[1,1,1,1,1,1,1,1],[1,1,1,1,1,1,1],[1,1,1,1,1,1,1],[1,1,1,1,1,1,1,1,1],[1,1,1,1,1,1],[1,1,1,1,1,1,1,1,1],[1,1,1,1,1,1],[1,1,1,1,1,1,1],[1,1,1,1,1,1,1,1,1,1],[1,1,1,1],[1,1,1,1,1,1,1],[1,1,1,1,1,1,1,1],[1,1,1,1],[1,1,1,1,1,1,1,1],[1,1,1,1,1,1,1],[1,1,1,1,1,1,1],[1,1,1,1,1,1,1],[1,1,1,1,1,1],[1,1,1,1,1,1,1],[1,1,1,1,1,1,1,1,1,1,1],[1,1,1,1,1,1],[1,1,1,1],[1,1,1,1],[1,1,1,1,1,1,1],[1,1,1,1,1,1,1,1],[1,1,1,1,1,1,1,1],[1,1,1,1,1,1],[1,1,1,1,1,1],[1,1,1,1,1,1,1,1,1,1],[1,1,1,1],[1,1,1,1,1,1,1,1],[1,1,1,1,1,1],[1,1,1,1],[1,1,1,1,1,1,1,1,1],[1,1,1,1,1,1,1,1,1,1],[1,1,1,1,1,1,1,1],[1,1,1,1,1],[1,1,1,1,1,1,1,1,1,1,1,1],[1,1,1,1,1],[1,1,1,1,1,1,1],[1,1,1,1,1,1,1,1,1,1,1],[1,1],[1,1,1,1,1,1,1,1,1,1,1,1,1,1,1,1],[1,1,1,1,1,1],[1,1,1,1,1,1],[1,1,1,1,1,1,1,1,1,1,1,1],[1,1,1,1,1,1,1],[1,1,2,2,1],[1,1,1,1,1,1,1,1],[1,1,1,1,1],[1,1,1,1,1,1,1,1,1,1],[1,1,1,1,1,1],[1,1,1,1,1,1],[1,1,1,1,1,1,1,1],[1,1,1,1,1],[1,1,1,1,1,1,1,1,1],[1,1,1,1,1,1,1,1],[1,1,1,1,1,1,1,1],[1,1,1,1],[1,1,1,1,1,1],[1,1,1,1,1,1,1],[1,1,1,1,1,1,1,1,1,1],[1,1,1,1,1,1,1,1,1,1,1],[1,1,1,1,1,1],[1,1,1,1],[1,1,1,1,1,1],[1,1,1,1,1,1,1,1],[1,1,1,1,1,1,1,1],[1,1,1,1,1],[1,1,1,1,1,1,1,1,1],[1,1,1,1,1,1,1,1,1],[1,1,1,1,1,1,1],[1,1,1],[1,1,1,1,1,1],[1,1,1,1,1,1,1,1],[1,1,1,1],[1,1,1,1,1,1,1,1,1,1,1],[1,1,1,1,1,1],[1,1,1,1,1,1,1,1,1],[1,1,1,1,1],[1,1,1,1,1,1,1,1,1],[1,1,1,1,1],[1,1],[1,1,1,1,1,1,1],[1,1,1,1,1,1,1],[1,1,1,1,1,1,1],[1,1,1,1,1,1,1,1],[1,1,1,1,1,1,1,1,1,1],[1,1,1,1,1,1,1,1],[1,1,1,1],[1,1,2,1,1,1,1,1],[1,1,1,1,1],[1,1,1,2,1,1,1,1,1,1],[1],[1,1,1,1,1,1,1,1],[1,1,1,1,1],[1,1,1,1,1],[1,1,1,1,1,1,1,1],[1,1,1,1,1,1,1],[1,1,1,1,1,1,1,1,1],[1,1,1],[1,1,1,1,1,1,1],[1,1,1,1,1],[1,1,1,1,1],[1,1,1],[1,1,1,1],[1,1,1,1,1,1,1,1,1],[1,1,1,1,1],[1,1],[1,1,1,1,1],[1,1,1,1,1,1,1,1,1,1],[1,1,1,1,1,1],[1,1,1],[1,1,1,1],[1,1,1,1,1],[1,1,1,1,1,1,1,1,1],[1,1,1,1],[1,1,1,1],[1,1,1,1,1],[1,1,1,1,1,1,1,1,1],[1,1,1,1,1],[1,1,1,1,1,1,1,1,1,1,1],[1,1,1,1,1],[1,1,1,1,1,1],[1,1,1,1,1],[1,1,1,1,1,1],[1,1,1,1,1,1],[1,1,1,1,1,1],[1,1,1,1,2,1,1],[1,1,1,1,1,1,1,1,1,1],[1,1],[1,1,1,1,1],[1,1,1,1,1,1,1,1,1,1],[1,1,1,1,1],[1,1,1,1,1,1,1,1,1,1],[1,1,1,1,1,1,1,1],[1,1,1,1,1,1,1,1],[1,1,1,1,1,1,1,1],[1,1,1,1],[1,1,1,1,1,1],[1,1,1,1,1,1,1],[1,1,1,1,1,1,1,1],[1,1,1,1],[1,1,1,1,1,1,1,1,1,1],[1,1,1,1,1],[1,1,1,1,1,1],[1,1,1,1,1,1,1,1,1,1,1,1,1],[1,1,1,1],[1,1,1],[1,1,1,1,1,1,1,1,1,1,1,1,1,1],[1,1,1,1],[1,1,1,1,1,1],[1,1,1,1,1,1,1,1,1,1,1],[1,1,1,1,1,1,1,1,1,1],[1,1],[1,1,1,1,1,1,1,1,1,1],[1,1,1,1,1],[1,1,1,1,1,1,1,1,1,1],[1,1,1,1,1],[1,1,1,1,1,1,1,1,1],[1,1],[1,1,1,1,1,1,1],[1,1,1,1,1,1,1,1,1],[1,1,1,1,1],[1,1,1,1],[1,1,1,1,1,1,1,1],[1,1,1,1,1,1],[1,1,1],[1,1,1,1,1,1,1],[1,1],[1,1,1,1,1,1,1],[1,1,1,1],[1,1,1,1,1],[1,1,1,1,1,1,1,1,1,1,1],[1,1,1,1,1,1,1,1,1],[1,1,1,1,1,1],[1,1,1,1,1,1,1,1,1],[1,1,1,1,1,1,1,1],[1,1,1,1,1,1],[1,1,1,1,1,1,1,1],[1,1,1,1],[1,1,1,1,1,1],[1,1,1],[1,1,1],[1,1,1,1,1,1,1,1],[1,1,1],[1,1,1,1,1,1,1],[1,1,1,1],[1,1,1,1,1,1],[1],[1,1,1,1,1,1,1],[1,1,1,1,1,1],[1,1,1,1,1,1,1],[1,1,1,1],[1,1,1,1,1,1],[1,1,1,1,1,1],[1,1,1,1,1,1,1,1],[1,1,1,1,1,1,1,1],[1,1,1],[1,1,1,1,1,1],[1],[1,1,1,1],[1,1,1,1,1,1,1],[1,1,1,1,1,1,1],[1,1],[1,1,1,1],[1,1,1,1,1,1],[1,1,1,1,1,1,1,1],[1,1,1,1,1,1,1,1,1],[1,1,1,1,1],[1,1,1,1,1],[1,1,1,1,1,1],[1,1,1,1],[1,1,1,1,1,1,1,1],[1,1,1,1],[1,1,1,1,1,1],[1,1],[1,1],[1,1],[1,1,1,1,1,1],[1,1,1,1],[1,1,1,1,2],[1,1,1],[1,1,1,1,1,1,1],[1,1,1,1,1],[1,1,1,1,1],[1,1,1,1,1,1],[1,1,1,1,1,1],[1,1,1,1,1,1,1],[1,1,1,1,1,1],[1,1,1,1,1,1,1],[1,1,1,1,1,1,1,1],[1,1],[1,1,1,1,1,1,1,1,1,1],[1,1,1,1,1,1],[1,1,1,1,1,1],[1,1,1],[1,1,1,1],[1,1,1],[1],[1,1,1,1,1,1,1,1,1],[1,1,1,1,1],[1],[1,1,1],[1,1],[1,1,1,1,1,1,1],[1,1,1,1,1],[1,1,1,1,1],[1,1],[1,1,1],[1,1,1,1,1],[1,1],[1,1,1,1,1,1],[1,1],[1,1,1,1],[1,1,1,1,1,1,1,1,1],[1,1,1,1],[1,1,1,1,1,1,1,1,1,1,1,1],[1,1,1],[],[1,1,1,1,1],[1,1,1,1],[1,1,1,1,1,1,1,1,1,1,1],[1,1],[1],[1,1],[1,1,1,1,1,1,1,1],[1,1,1],[1,1,1,1,1,1],[1,1,1],[1,1,1],[1,1,1,1,1,1,1],[1,1],[1],[1,1,1],[1,1,1,1,1],[1,1],[1,1,1,1,1],[1,1,1,1],[1,1,1,1,1],[1,2,1,1,1,1,1],[1,1,1,1,1,1,1],[1],[1,1,1,1,1,1,1,1],[2,1,1],[1,1],[1,1,1,1,1,1],[1],[],[1,1,1,1,1,1],[1,1,1],[1,1],[1,1,1,1,1,1,1,1],[1,1,1],[1,1,1,1,1,1,1],[1,1,1,1],[1,1],[1],[1,1,1],[1,1,1,1,1,1],[1,1,1,1],[1,1,1,1,1,1],[1,1,1,1,1,1,1],[1,1,1,1,1,1],[1,1,1],[1,1,1,1,1,1],[1,1,1,1,1],[1,1,1,2,1],[1,1,1],[1],[1,1,1,1,1],[1,1],[1,1,1,1,1,1,1],[1,1,1,1,1,1,1,1,1,1],[1,1,1],[1,1,1,1],[1],[1,1],[1,1],[1,1,1],[1,1,1,1,1,1,1,1],[1,2,1],[1,1],[1,1,1],[1,1,1,1,1],[1,1,1,1,1],[1,1,1],[1,1,1,1],[1,1,1],[1,1,1,1,1,1,1,1,1],[1,1,1],[1,1,1,1,1],[1,1,1,1],[1,1,1,1],[1,1],[1],[1,1,1,1,1],[1],[1,1],[],[1,1,1,1,1,1],[1,1,1,1,1,1,1],[1],[1],[1,1,1,1,1],[1,1,1,1],[1,1],[1,1,1,1,1,1],[],[1],[1,1,1],[1,1,1,1,1],[],[],[],[1,1,1],[1],[1,1,1,1,1,1,1,1,1],[1],[1,1,1,1,1,1],[1,1,1],[1,1,1,1,1,1,1,1],[2,1,1],[1,1,1,1,1],[1,1,1,1,1,1,1],[1,1,1,1,1,1],[1,1,1],[1],[1,1],[1,1,1],[1,1,1,1],[1],[1,1],[1,1,1,1],[1],[1,1,1,1,1],[1,1,1,1],[1,1,1,1,1,1],[1],[1,1,1,1],[1],[1,1,1,1],[1,1,1,1],[1,1,1],[1,1],[1],[1,1,1,1,1],[1,1,1],[1,1,1,1],[1,1,1,1],[1,1],[1],[1,1,1,1,1,1,1],[],[1,1,1],[1,1,1],[],[1,1,1,1],[1,1,1],[1],[1,1,1,1],[1,1],[1,1,1],[1,1,1],[1,1,1,1,1,1,1,1]];

processingTimesRunnables = [8,7,6,10,13,14,8,9,11,11,13,10,8,13,10,6,10,5,13,11,9,12,16,11,13,13,11,15,10,10,15,8,13,6,5,13,9,15,5,10,11,10,13,16,12,11,8,11,11,6,10,11,6,13,6,9,14,13,6,12,9,15,7,8,13,9,5,9,14,12,15,10,16,11,12,10,13,7,13,9,6,13,13,10,13,13,7,10,13,12,15,13,14,9,13,11,7,12,8,7,13,7,13,10,13,9,11,8,8,14,7,7,7,13,11,4,11,5,10,12,9,6,6,13,11,14,12,9,9,11,8,13,11,12,11,13,13,7,12,14,7,8,13,12,15,12,10,13,12,9,13,13,13,6,15,7,17,15,14,9,8,14,14,10,13,15,10,10,6,11,9,10,12,13,13,7,10,13,12,16,12,9,7,12,12,6,5,7,16,11,15,6,11,14,8,16,9,12,13,11,7,12,11,6,12,15,12,13,13,7,12,11,5,13,11,15,15,11,7,13,11,10,7,14,14,7,8,7,13,11,7,7,12,7,13,13,11,13,13,11,4,16,6,16,15,13,6,9,14,5,12,11,10,5,11,12,16,12,9,14,6,14,10,11,11,12,11,4,12,16,13,13,11,7,8,15,12,11,9,8,9,13,10,6,13,13,12,11,6,14,12,10,5,6,12,9,10,13,8,16,10,10,13,11,13,13,7,8,13,13,13,8,13,15,10,6,14,11,8,14,13,7,5,16,11,6,14,11,13,9,13,10,12,15,10,17,12,14,5,13,13,11,10,12,13,12,13,12,8,11,6,12,13,11,13,6,5,7,16,13,10,14,12,11,13,11,10,11,11,12,5,9,11,8,7,11,13,12,12,8,12,16,12,13,12,12,13,14,13,11,4,7,11,11,10,6,14,12,7,10,12,9,13,15,10,8,13,16,10,14,13,13,12,13,10,11,11,15,11,11,11,6,15,15,8,16,12,13,13,11,5,11,11,14,12,11,13,13,13,13,11,10,11,12,9,12,13,9,8,11,10,13,8,14,12,10,14,16,9,12,4,13,11,7,11,16,11,13,11,11,10,12,10,12,5,9,6,11,12,10,10,13,12,9,15,14,15,7,4,14,14,13,16,15,5,11,12,9,9,17];

periods = [100000,20000,10000,100000,100000,10000,20000,100000,20000,10000,1000,20000,20000,20000,10000,10000,2000,100000,10000,10000,20000,20000,100000,100000,20000,20000,100000,10000,50000,20000,1000,20000,10000,20000,100000,20000,20000,10000,50000,50000,20000,10000,10000,10000,100000,20000,10000,100000,20000,1000,100000,100000,20000,20000,10000,100000,10000,20000,100000,10000,10000,10000,2000,20000,100000,10000,20000,20000,2000,20000,20000,20000,100000,100000,100000,10000,100000,10000,100000,10000,20000,100000,100000,20000,20000,20000,100000,100000,1000,10000,20000,20000,100000,1000,100000,20000,10000,100000,10000,20000,20000,20000,20000,2000,100000,20000,20000,10000,10000,20000,10000,100000,20000,10000,10000,10000,100000,1000,20000,10000,1000,10000,10000,10000,20000,100000,20000,10000,10000,50000,20000,100000,20000,20000,1000,2000,20000,100000,10000,100000,20000,10000,100000,20000,2000,20000,20000,100000,10000,10000,10000,100000,10000,1000,2000,10000,100000,1000,20000,10000,100000,10000,10000,20000,10000,100000,100000,20000,20000,10000,10000,100000,1000,20000,20000,100000,10000,10000,20000,20000,10000,20000,100000,20000,20000,20000,10000,20000,10000,20000,10000,100000,100000,20000,20000,100000,5000,20000,5000,1000,100000,20000,10000,20000,100000,10000,50000,100000,10000,20000,10000,10000,10000,100000,20000,20000,10000,20000,100000,10000,100000,20000,10000,10000,20000,2000,20000,100000,2000,20000,10000,20000,10000,20000,20000,10000,10000,10000,10000,10000,10000,20000,100000,10000,5000,100000,10000,10000,100000,10000,100000,10000,100000,10000,1000,20000,100000,100000,100000,20000,10000,100000,1000,100000,20000,20000,10000,2000,100000,10000,20000,20000,100000,50000,10000,1000,10000,20000,20000,10000,100000,20000,10000,10000,10000,10000,50000,20000,10000,10000,10000,50000,50000,100000,10000,20000,100000,10000,20000,20000,20000,20000,20000,10000,100000,1000,20000,100000,20000,10000,10000,100000,2000,100000,20000,100000,20000,20000,100000,10000,100000,10000,100000,100000,1000,20000,100000,10000,1000,10000,20000,100000,100000,50000,1000,20000,10000,20000,20000,100000,20000,5000,50000,100000,20000,20000,100000,20000,10000,20000,20000,100000,100000,100000,20000,10000,100000,20000,10000,10000,50000,10000,20000,10000,2000,20000,10000,10000,10000,100000,10000,20000,20000,20000,5000,100000,10000,20000,10000,1000,20000,100000,20000,20000,10000,10000,100000,1000,100000,10000,10000,10000,20000,20000,20000,20000,20000,10000,20000,10000,1000,10000,20000,100000,10000,20000,1000,100000,10000,10000,20000,10000,1000,10000,20000,1000,2000,20000,10000,10000,100000,100000,20000,20000,10000,100000,10000,20000,50000,50000,10000,10000,100000,100000,20000,20000,100000,100000,10000,20000,10000,10000,10000,20000,20000,1000,100000,10000,100000,20000,20000,1000,10000,20000,100000,100000,10000,5000,100000,10000,10000,2000,100000,10000,10000,100000,20000,20000,10000,100000,20000,20000,20000,10000,100000,10000,1000,100000,1000,20000,20000,50000,100000,10000,100000,20000,10000,10000,20000,20000,5000,20000,20000,20000,5000,10000,10000,20000,20000,50000];

communicationTimeForOrderCriticalMessages = [1,1,1,1,1,1,1,1,1,1,1,1,1,1,1,1,1,1,1,1,1,1,1,1,1,1,1,1,1,1,1,1,1,1,1,1,1,1,1,1,1,1,1,1,1,1,1,1,1,1,1,1,1,1,1,1,1,1,1,1,1,1,1,1,1,1,1,1,1,1,1,1,1,1,1,1,1,1,1,1,1,1,1,1,1,1,1,1,1,2,1,1,1,1,1,1,1,1,1,1,1,1,1,1,1,1,1,1,1,1,1,1,1,1,1,1,1,1,1,1,1,1,1,1,1,1,1,1,1,1,1,1,1,1,1,1,1,1,1,1,1,1,1];

sizeOfRunnables = [768,675,600,990,1203,1303,760,805,1088,1035,1205,918,713,1275,938,563,945,498,1283,1008,850,1120,1508,1008,1260,1210,1008,1433,983,933,1495,735,1290,525,413,1238,818,1405,480,960,1085,945,1203,1560,1193,1098,765,1075,1050,595,975,1065,580,1248,553,900,1400,1300,600,1170,825,1415,690,718,1233,843,430,863,1378,1148,1463,960,1503,1075,1188,975,1290,668,1203,888,570,1290,1223,918,1255,1270,648,985,1248,1148,1490,1225,1365,803,1223,1090,698,1193,790,693,1290,645,1238,968,1225,840,1058,738,755,1340,625,698,698,1260,1005,393,1088,443,918,1120,820,588,555,1263,1063,1373,1103,840,865,1098,720,1253,1088,1163,1020,1225,1275,663,1133,1313,655,795,1203,1148,1448,1195,903,1283,1200,895,1248,1295,1230,593,1410,630,1615,1480,1323,803,738,1378,1350,910,1223,1430,975,1000,580,1060,803,1000,1140,1210,1293,668,998,1285,1155,1540,1195,868,698,1135,1195,560,443,695,1518,1043,1465,528,1075,1303,790,1588,813,1148,1253,1015,698,1113,1053,555,1178,1470,1150,1238,1235,610,1178,1098,443,1255,1013,1438,1443,1038,670,1255,1015,978,675,1318,1400,678,715,630,1245,1058,623,698,1105,693,1225,1248,1083,1290,1248,1043,375,1600,573,1583,1443,1283,585,835,1308,450,1105,1068,975,498,1043,1110,1523,1170,843,1365,513,1335,963,1090,1028,1170,1080,400,1163,1593,1210,1300,1068,630,755,1410,1188,1043,835,708,888,1258,998,528,1218,1238,1140,1015,528,1323,1140,943,450,570,1143,878,983,1203,750,1560,933,923,1210,1068,1285,1253,640,730,1233,1238,1300,745,1260,1420,925,525,1323,1035,753,1323,1253,648,435,1568,1065,520,1303,1090,1293,845,1285,950,1158,1458,940,1610,1110,1340,453,1268,1240,1053,933,1128,1225,1135,1285,1185,743,1015,520,1200,1203,1053,1220,518,468,625,1530,1245,933,1323,1143,1095,1263,1075,968,1045,1030,1188,450,818,1068,715,685,1068,1280,1120,1140,760,1120,1568,1158,1208,1155,1188,1293,1305,1210,1035,383,668,1073,1023,955,533,1335,1178,663,955,1200,840,1208,1480,993,758,1225,1523,983,1398,1225,1225,1165,1203,948,1073,1088,1495,1015,1075,1073,533,1443,1495,705,1588,1170,1255,1270,1008,408,1025,1005,1373,1178,1083,1225,1275,1203,1298,1063,915,1023,1195,803,1165,1253,828,743,1030,945,1263,723,1328,1133,918,1400,1528,828,1183,378,1263,1058,658,1005,1523,1088,1255,1008,1015,970,1128,940,1148,443,858,550,1073,1105,963,940,1275,1200,813,1475,1393,1495,613,375,1365,1305,1270,1578,1448,465,1053,1133,810,825,1610];

SenderLabelReceiverOrderCriticalChains = [[103,2699,0,0,210],[210,2532,0,0,394],[394,3636,0,0,383],[383,3619,0,0,481],[55,870,1781,0,66],[66,583,0,0,62],[62,954,0,0,139],[98,2531,0,0,24],[24,2137,0,0,470],[470,3936,0,0,422],[161,2246,0,0,354],[354,2690,0,0,5],[309,913,0,0,147],[147,2473,0,0,234],[234,3314,0,0,100],[100,3669,0,0,215],[80,3105,0,0,295],[295,1033,0,0,409],[409,2780,0,0,38],[437,41,0,0,208],[208,3595,0,0,447],[341,902,0,0,92],[92,1042,0,0,9],[464,237,0,0,238],[238,1671,0,0,439],[439,2519,0,0,368],[368,23,0,0,128],[146,266,0,0,25],[25,1825,0,0,134],[134,506,0,0,22],[101,361,0,0,71],[71,1757,0,0,473],[473,1245,0,0,222],[174,957,0,0,493],[493,348,0,0,348],[348,2518,0,0,168],[278,3028,0,0,194],[194,1338,0,0,346],[346,1909,0,0,396],[396,2953,0,0,96],[274,2006,0,0,482],[482,925,0,0,500],[500,100,0,0,343],[424,854,0,0,288],[288,104,0,0,374],[374,208,0,0,131],[116,3912,0,0,153],[153,1622,0,0,432],[271,2456,0,0,373],[373,1255,0,0,300],[300,426,0,0,164],[164,2180,0,0,147],[211,2852,0,0,20],[20,3711,0,0,362],[362,3644,0,0,76],[76,3349,0,0,203],[214,1219,0,0,404],[404,511,0,0,294],[163,2142,0,0,290],[290,79,0,0,238],[183,1317,0,0,455],[455,2417,0,0,308],[308,2080,0,0,157],[282,2789,0,0,72],[72,1952,0,0,13],[13,2812,0,0,493],[493,1919,0,0,318],[497,142,0,0,178],[178,138,0,0,420],[490,855,0,0,13],[13,1223,0,0,326],[426,2724,0,0,297],[297,381,0,0,475],[475,3565,0,0,447],[447,2774,0,0,463],[193,228,0,0,105],[105,542,0,0,95],[95,3299,0,0,387],[387,1860,0,0,27],[140,3904,0,0,447],[447,1050,0,0,340],[247,1066,0,0,129],[129,3216,0,0,6],[6,4,0,0,42],[42,416,0,0,285],[246,3060,0,0,447],[447,3500,0,0,74],[74,2468,0,0,485],[49,852,0,0,84],[84,3282,0,0,64],[64,2735,0,0,169],[113,3007,0,0,37],[37,511,0,0,81],[427,590,0,0,15],[15,2068,0,0,284],[352,1406,0,0,312],[312,2001,0,0,382],[382,633,0,0,132],[372,749,0,0,144],[144,259,0,0,14],[14,2560,0,0,185],[414,2008,0,0,223],[223,3448,0,0,76],[206,3961,0,0,10],[10,2500,0,0,369],[369,1395,0,0,122],[40,2374,0,0,482],[482,2194,2343,0,207],[45,996,0,0,4],[4,1023,0,0,382],[382,2020,0,0,221],[498,2049,0,0,2],[2,1251,0,0,468],[468,3484,0,0,489],[406,3048,0,0,102],[102,3198,0,0,490],[490,3367,0,0,384],[453,1864,0,0,359],[359,2964,0,0,43],[43,1132,0,0,115],[115,1630,0,0,97],[86,672,0,0,373],[373,943,0,0,67],[67,3836,0,0,492],[303,3238,0,0,350],[350,1010,2138,0,378],[1,1819,0,0,79],[79,1497,0,0,327],[327,1869,0,0,246],[269,1872,0,0,264],[264,1848,0,0,65],[83,1177,0,0,259],[259,338,0,0,1],[1,1257,0,0,449],[104,3576,0,0,229],[229,902,0,0,365],[467,3825,0,0,107],[107,2411,0,0,133],[330,3857,0,0,209],[209,351,0,0,349],[349,1088,0,0,162],[356,1117,0,0,187],[187,2803,0,0,42]];

SenderLabelReceiverNonOrderCriticalChains = [[1,597,56],[1,1257,63],[1,1257,449],[1,1270,95],[1,1270,389],[1,1819,79],[1,1819,178],[1,2504,4],[1,2984,183],[1,2984,71],[1,2984,440],[1,2984,445],[1,3528,407],[2,562,324],[2,988,217],[2,1251,468],[2,1251,134],[2,1412,91],[2,1655,7],[2,2563,273],[2,2563,222],[2,2977,289],[2,2977,235],[3,176,288],[3,176,495],[3,787,154],[3,1128,6],[3,1128,494],[3,1145,368],[3,3362,328],[3,3831,369],[4,856,390],[4,856,5],[4,930,347],[4,1023,382],[4,1886,148],[4,2384,341],[5,233,312],[5,249,442],[5,1636,7],[5,2206,8],[5,2589,29],[6,4,42],[6,4,282],[6,1149,281],[6,1489,439],[6,1489,111],[6,1878,10],[6,2518,114],[6,2518,160],[6,2518,168],[7,1198,246],[7,1198,9],[7,2745,28],[7,3232,93],[7,3232,363],[8,120,77],[8,1102,389],[8,1156,434],[8,2056,430],[8,2103,18],[8,2827,332],[8,2827,438],[9,1284,12],[9,1687,216],[9,2628,373],[9,3977,345],[9,3977,460],[10,573,308],[10,618,499],[10,986,16],[10,1088,301],[10,1088,162],[10,2500,369],[11,167,231],[11,167,380],[11,569,355],[11,808,329],[11,2284,246],[11,2284,25],[11,3286,407],[11,3951,35],[11,3951,151],[12,66,334],[12,66,404],[12,540,340],[12,540,265],[12,1787,355],[12,2076,227],[12,2076,410],[12,3002,47],[12,3002,13],[12,3078,308],[12,3078,442],[13,1066,15],[13,1066,129],[13,1223,326],[13,1407,378],[13,1407,68],[13,1442,405],[13,1442,341],[13,2812,493],[14,16,173],[14,16,402],[14,1137,116],[14,2213,67],[14,2213,172],[14,2560,185],[14,2811,21],[14,2811,386],[15,862,19],[15,1313,78],[15,2068,284],[15,2123,113],[15,2123,483],[15,2427,384],[15,2427,175],[15,2505,43],[15,2505,92],[16,175,277],[16,189,19],[16,381,475],[16,381,57],[16,1358,431],[16,1529,160],[17,1195,63],[17,1195,318],[17,1257,63],[17,1257,449],[17,1541,226],[17,1541,284],[17,3017,44],[17,3495,168],[17,3620,338],[18,104,108],[18,104,374],[18,1121,478],[18,1121,379],[18,1121,465],[18,2086,23],[18,2086,244],[18,2920,355],[18,2920,219],[18,3462,31],[18,3462,155],[19,878,412],[19,954,139],[19,954,467],[19,2922,419],[19,2922,109],[19,2922,383],[19,3124,33],[19,3124,82],[19,3830,330],[20,241,44],[20,241,467],[20,385,412],[20,801,295],[20,1372,90],[20,3369,311],[20,3711,362],[21,48,406],[21,883,11],[21,894,237],[21,2496,101],[21,3648,32],[22,264,34],[22,2637,476],[22,2703,35],[22,3521,256],[22,3521,89],[23,1460,27],[23,1460,324],[23,3003,184],[23,3046,35],[23,3046,216],[23,3459,113],[23,3725,31],[23,3837,7],[24,617,205],[24,1660,301],[24,1660,423],[24,1660,45],[24,1936,474],[24,2085,497],[24,2085,232],[24,2137,470],[24,2137,415],[24,2137,10],[24,3258,260],[25,19,328],[25,512,53],[25,571,6],[25,1009,218],[25,1825,134],[25,2250,276],[26,117,92],[26,1308,179],[26,1308,469],[26,2204,455],[26,2204,458],[26,2546,306],[26,2546,314],[26,2821,32],[26,2821,170],[26,3507,146],[27,1377,174],[27,1431,444],[27,1730,251],[27,1730,171],[27,2034,75],[27,2886,459],[27,3477,150],[28,359,270],[28,407,461],[28,407,420],[28,1179,90],[28,2348,57],[28,2348,179],[28,2794,79],[29,121,259],[29,121,458],[29,121,465],[29,201,39],[29,1863,40],[29,1863,491],[29,2697,334],[29,2903,430],[29,3416,88],[30,694,221],[30,1548,445],[30,1774,307],[30,2942,37],[30,3609,313],[30,3609,342],[31,517,89],[31,730,94],[31,730,265],[31,1577,200],[31,2962,401],[31,3013,94],[31,3013,253],[31,3013,360],[32,57,147],[32,57,224],[32,881,125],[32,1209,59],[32,1209,322],[32,2160,191],[32,2160,439],[32,2160,252],[32,2918,281],[32,3064,389],[33,1075,42],[33,1330,441],[33,1330,105],[33,2846,153],[33,2910,168],[33,3356,305],[33,3585,308],[33,3585,65],[33,3835,153],[34,813,383],[34,813,411],[34,1228,181],[34,1228,383],[34,1789,40],[34,2537,225],[34,2711,107],[34,2711,335],[34,2766,35],[34,2766,148],[34,3209,46],[35,591,281],[35,1736,210],[35,3582,450],[35,3582,69],[35,3638,459],[35,3638,251],[36,69,358],[36,69,334],[36,458,81],[36,1650,260],[36,2134,100],[36,3448,76],[36,3448,204],[36,3448,455],[36,3904,224],[36,3904,447],[37,511,81],[37,511,294],[37,1483,433],[37,1483,17],[37,1483,445],[37,1808,46],[37,2977,289],[37,2977,235],[38,1392,253],[38,1392,298],[38,3549,49],[38,3566,40],[38,3822,177],[38,3848,443],[39,193,343],[39,911,207],[39,1338,409],[39,1338,346],[39,1338,380],[39,1887,483],[39,1887,226],[39,1887,361],[39,2274,334],[39,2413,89],[39,2413,439],[39,2413,343],[39,3926,315],[40,1032,130],[40,1032,340],[40,1471,207],[40,1993,274],[40,2374,208],[40,2374,482],[40,2983,274],[41,467,360],[41,1733,84],[41,2749,49],[41,2749,385],[41,3446,117],[42,416,285],[42,1255,61],[42,1255,280],[42,1255,300],[42,3085,150],[42,3085,372],[42,3790,50],[42,3790,186],[43,93,74],[43,610,50],[43,1132,115],[43,1593,208],[43,1593,70],[43,3002,47],[43,3002,13],[44,611,213],[44,1454,169],[44,1454,352],[44,1631,489],[44,1905,223],[44,3696,149],[44,3980,233],[44,3980,330],[45,7,299],[45,7,458],[45,314,387],[45,444,391],[45,444,344],[45,996,4],[45,1926,48],[45,2213,67],[45,2213,172],[45,3581,272],[46,87,245],[46,1541,226],[46,1541,284],[46,2459,265],[46,3006,68],[47,676,184],[47,676,424],[47,1370,109],[47,2765,359],[47,2818,252],[47,3622,60],[47,3622,110],[48,686,73],[48,1649,82],[48,2419,55],[48,2985,73],[49,551,141],[49,852,84],[49,1134,272],[49,1134,406],[49,2208,175],[49,2543,111],[50,391,416],[50,540,340],[50,540,265],[50,2329,349],[50,3521,256],[50,3521,89],[51,116,77],[51,116,328],[51,473,249],[51,473,87],[51,644,331],[51,1326,84],[51,1326,321],[51,2417,365],[51,2417,243],[51,2417,308],[51,2417,486],[51,2621,298],[52,45,205],[52,52,88],[52,1032,130],[52,1032,340],[52,1086,58],[52,1086,200],[52,2898,259],[52,3335,50],[52,3335,204],[52,3335,456],[52,3684,192],[52,3934,308],[53,1030,468],[53,1030,8],[53,1030,251],[53,1175,397],[53,1411,85],[53,1411,349],[53,2289,54],[53,3089,256],[54,66,334],[54,66,404],[54,202,127],[54,785,43],[54,1954,266],[54,2675,467],[54,2911,86],[54,3985,117],[54,3985,211],[54,3985,331],[55,870,383],[55,870,66],[55,870,227],[55,1434,107],[55,1781,66],[55,1850,109],[55,1882,210],[55,1882,154],[56,902,92],[56,902,249],[56,902,365],[56,917,335],[56,917,396],[56,1991,294],[56,1991,314],[56,1991,492],[56,3326,292],[56,3326,310],[56,3326,434],[56,3639,112],[56,3639,128],[57,577,439],[57,971,392],[57,971,428],[57,2939,60],[57,3124,33],[57,3124,82],[57,3923,430],[57,3923,50],[58,909,208],[58,909,312],[58,1184,168],[58,1195,63],[58,1195,318],[58,2230,308],[58,2230,446],[58,2527,59],[58,2527,218],[58,2527,4],[58,3567,180],[58,3593,70],[59,256,126],[59,1329,139],[59,1682,117],[60,2398,189],[60,2398,287],[60,2680,189],[60,2680,28],[60,2708,285],[60,2816,78],[60,2816,89],[60,3411,405],[60,3784,70],[61,1198,246],[61,1198,9],[61,1917,285],[61,1922,433],[61,2463,311],[61,2514,468],[61,3678,36],[62,53,237],[62,53,239],[62,954,139],[62,954,467],[62,1405,371],[62,1405,56],[62,2150,405],[62,2201,9],[62,3500,76],[62,3500,74],[62,3500,328],[63,1754,69],[63,1791,187],[63,2726,226],[63,2819,69],[63,3066,422],[63,3066,189],[63,3739,365],[64,1784,300],[64,2722,462],[64,2735,169],[64,2762,101],[64,2762,247],[64,2775,495],[64,2775,370],[64,2775,480],[64,2814,53],[64,2814,190],[65,64,352],[65,2221,80],[65,2363,167],[65,2363,199],[65,2906,139],[65,3166,140],[66,298,379],[66,583,62],[66,1330,441],[66,1330,105],[66,3882,90],[66,3892,290],[67,1030,468],[67,1030,8],[67,1030,251],[67,1208,356],[67,3070,247],[67,3090,85],[67,3836,492],[68,711,167],[68,711,351],[68,2152,169],[68,3639,112],[68,3639,128],[69,973,91],[69,1982,145],[69,1982,452],[69,2887,106],[69,3123,367],[70,198,72],[70,198,286],[70,317,119],[70,1064,367],[70,2361,234],[70,2361,97],[70,2361,218],[70,3046,35],[70,3046,216],[71,709,396],[71,754,300],[71,1602,260],[71,1757,473],[71,1885,372],[72,1830,296],[72,1952,98],[72,1952,13],[72,2288,131],[72,3049,159],[72,3101,486],[73,1168,191],[73,1168,214],[73,1168,303],[73,1310,384],[73,1310,132],[73,2601,161],[73,3031,466],[73,3103,105],[74,1300,433],[74,1809,143],[74,2468,86],[74,2468,485],[74,2663,9],[75,990,438],[75,1011,375],[75,1011,344],[75,1786,96],[75,2917,357],[75,3232,93],[75,3232,363],[75,3541,340],[75,3792,487],[75,3792,82],[76,2361,234],[76,2361,97],[76,2361,218],[76,3021,460],[76,3349,203],[77,1030,468],[77,1030,8],[77,1030,251],[77,1168,191],[77,1168,214],[77,1168,303],[77,1741,88],[77,2975,434],[77,2975,176],[77,3390,192],[77,3390,219],[78,866,180],[78,1482,129],[78,3312,489],[78,3617,289],[78,3617,29],[78,3832,97],[79,230,57],[79,322,87],[79,322,261],[79,1497,327],[79,2619,210],[79,2619,323],[79,3990,243],[80,145,193],[80,145,368],[80,471,428],[80,1308,179],[80,1308,469],[80,2808,471],[80,3105,295],[81,1115,300],[81,1945,92],[81,1945,392],[81,2233,429],[81,2233,445],[81,3235,444],[81,3517,180],[81,3788,190],[82,553,316],[82,1244,362],[82,1244,214],[82,2494,98],[82,2749,49],[82,2749,385],[83,1177,259],[83,1206,93],[83,1206,42],[83,1303,205],[83,3067,134],[83,3172,38],[83,3845,112],[84,1346,473],[84,1446,100],[84,1746,435],[84,3282,354],[84,3282,64],[85,125,140],[85,392,351],[85,1875,338],[85,3587,339],[85,3676,185],[86,538,96],[86,538,218],[86,672,373],[86,1455,133],[86,2603,103],[86,2931,378],[87,738,260],[87,738,267],[87,1883,360],[87,1904,260],[87,2284,246],[87,2284,25],[87,2561,430],[87,2561,261],[87,2853,143],[87,2853,166],[87,2853,469],[88,647,78],[88,1000,37],[88,1000,80],[88,2449,148],[88,2449,498],[88,3985,117],[88,3985,211],[88,3985,331],[89,182,413],[89,516,407],[89,2982,118],[90,196,94],[90,669,380],[90,1065,497],[90,1065,165],[90,2505,43],[90,2505,92],[90,3701,241],[91,316,395],[91,325,423],[91,530,278],[91,962,146],[91,3449,137],[91,3785,11],[92,1042,9],[92,1260,489],[92,1865,300],[92,2758,100],[93,1139,247],[93,1311,354],[93,2322,105],[93,2520,219],[93,3751,484],[93,3751,333],[93,3751,434],[94,1629,406],[94,1629,372],[94,1957,452],[94,3534,401],[95,1369,176],[95,1511,122],[95,2495,208],[95,3211,478],[95,3299,387],[96,1594,118],[96,1594,253],[96,1594,122],[96,3212,206],[96,3212,398],[96,3326,292],[96,3326,310],[96,3326,434],[97,1213,317],[97,1489,439],[97,1489,111],[97,2787,496],[97,2787,278],[97,3011,291],[97,3011,302],[98,929,447],[98,2531,24],[98,2727,167],[98,2727,405],[98,3256,68],[98,3506,496],[98,3506,455],[99,335,181],[99,1343,120],[99,1375,139],[99,1375,374],[99,2518,114],[99,2518,160],[99,2518,168],[99,3442,116],[99,3946,142],[100,1611,300],[100,2294,395],[100,2294,368],[100,3513,117],[100,3513,268],[100,3669,215],[101,361,71],[101,376,399],[101,730,94],[101,730,265],[101,912,24],[101,912,328],[101,3896,137],[101,3980,233],[101,3980,330],[102,237,418],[102,237,238],[102,345,481],[102,2748,110],[102,3198,490],[102,3615,467],[103,505,489],[103,2276,294],[103,2699,210],[103,2739,144],[103,3230,342],[103,3880,142],[103,3880,446],[104,312,209],[104,1804,314],[104,1943,136],[104,1943,500],[104,2757,333],[104,2757,417],[104,3238,48],[104,3238,350],[104,3431,145],[104,3576,229],[105,542,95],[105,942,49],[105,1000,37],[105,1000,80],[106,1003,373],[106,1923,110],[106,1923,386],[106,2720,279],[106,2841,105],[106,3161,126],[106,3889,421],[107,870,383],[107,870,66],[107,870,227],[107,1376,164],[107,2411,133],[107,2811,21],[107,2811,386],[107,3515,195],[108,661,122],[108,1615,448],[108,1638,146],[108,1638,77],[109,554,267],[109,1996,129],[109,1996,340],[109,2999,443],[109,3600,396],[109,3600,178],[109,3629,94],[109,3629,465],[110,1827,295],[110,2244,487],[110,2517,498],[110,2517,119],[110,2777,271],[110,3011,291],[110,3011,302],[111,296,199],[111,377,123],[111,846,149],[111,846,276],[111,980,30],[111,3694,321],[111,3694,419],[112,173,185],[112,627,264],[112,712,188],[112,712,342],[112,712,487],[112,3546,332],[112,3958,330],[113,2116,287],[113,2214,83],[113,2558,378],[113,3007,242],[113,3007,37],[113,3395,377],[114,213,464],[114,734,435],[114,1392,253],[114,1392,298],[114,3253,250],[114,3253,203],[114,3674,198],[115,91,37],[115,91,486],[115,1630,97],[115,1630,214],[115,1998,483],[115,1998,181],[115,2468,86],[115,2468,485],[115,3121,140],[115,3558,223],[115,3879,283],[116,288,112],[116,566,392],[116,823,474],[116,1601,136],[116,1601,118],[116,3912,153],[117,1126,157],[117,3761,347],[117,3778,381],[117,3956,201],[118,922,329],[118,2711,107],[118,2711,335],[118,3614,158],[119,29,137],[119,448,345],[119,860,222],[119,939,346],[119,1278,194],[119,1357,59],[119,1357,202],[120,169,392],[120,1078,236],[120,2727,167],[120,2727,405],[120,3154,118],[120,3337,320],[120,3410,485],[120,3410,427],[121,371,256],[121,371,104],[121,1057,335],[121,1353,135],[121,1353,219],[121,1723,388],[121,3120,416],[121,3698,200],[122,79,238],[122,79,359],[122,1138,123],[122,2588,149],[122,2827,332],[122,2827,438],[123,358,474],[123,358,368],[123,966,212],[123,2331,106],[123,3523,459],[123,3523,128],[124,114,335],[124,1492,236],[124,1766,213],[124,2403,99],[124,2403,396],[124,2510,255],[124,2510,270],[124,2879,163],[124,3644,460],[124,3644,76],[125,1334,325],[125,2373,179],[125,3857,209],[125,3857,381],[126,49,204],[126,49,484],[126,232,455],[126,563,132],[126,2786,487],[126,3171,278],[126,3414,148],[126,3414,452],[127,1373,159],[127,1433,315],[127,2461,180],[127,3008,424],[127,3160,146],[127,3160,48],[128,195,177],[128,195,375],[128,291,151],[128,1110,160],[129,358,474],[129,358,368],[129,650,175],[129,1601,136],[129,1601,118],[129,3216,6],[129,3961,311],[129,3961,470],[129,3961,10],[130,1777,114],[130,2510,255],[130,2510,270],[130,2527,59],[130,2527,218],[130,2527,4],[130,3612,361],[130,3612,277],[130,3632,334],[130,3632,391],[131,442,182],[131,705,363],[131,1670,150],[131,1670,487],[131,1670,429],[131,2082,279],[131,3965,393],[131,3965,457],[132,620,262],[132,2219,438],[132,2805,449],[132,2920,355],[132,2920,219],[133,1259,184],[133,1638,146],[133,1638,77],[133,2039,313],[133,2963,174],[133,3890,243],[133,3890,387],[133,3890,474],[133,3922,265],[133,3922,418],[133,3922,301],[133,3922,490],[134,506,22],[134,1931,253],[134,1931,312],[134,2168,364],[134,3456,174],[135,765,413],[135,1909,396],[135,1909,407],[135,2369,154],[135,2598,95],[135,2602,85],[135,2843,171],[136,344,268],[136,344,361],[136,1543,145],[136,1543,317],[136,1543,400],[136,2246,155],[136,2246,354],[136,2971,226],[136,3206,313],[136,3948,444],[136,3948,313],[137,80,465],[137,270,423],[138,265,426],[138,265,442],[138,336,161],[138,336,128],[138,1475,71],[138,1645,201],[138,2094,208],[138,2094,406],[138,2348,57],[138,2348,179],[138,2814,53],[138,2814,190],[138,2984,183],[138,2984,71],[138,2984,440],[138,2984,445],[139,609,189],[139,609,191],[139,2099,241],[139,3253,250],[139,3253,203],[139,3391,311],[140,663,408],[140,2750,375],[140,3377,414],[140,3377,259],[140,3904,224],[140,3904,447],[141,1104,488],[141,2413,89],[141,2413,439],[141,2413,343],[141,2687,448],[141,2998,472],[141,2998,426],[141,3281,348],[141,3922,265],[141,3922,418],[141,3922,301],[141,3922,490],[142,153,412],[142,153,178],[142,545,141],[142,707,369],[142,1949,150],[142,3212,206],[142,3212,398],[143,1251,468],[143,1251,134],[143,3282,354],[143,3282,64],[143,3654,228],[144,259,14],[144,299,183],[144,1625,482],[144,1712,341],[144,1935,478],[144,2527,59],[144,2527,218],[144,2527,4],[145,2204,455],[145,2204,458],[145,2525,198],[145,2525,426],[145,3693,229],[146,266,69],[146,266,234],[146,266,25],[146,712,188],[146,712,342],[146,712,487],[146,3262,65],[146,3335,50],[146,3335,204],[146,3335,456],[147,1166,256],[147,1331,440],[147,2217,463],[147,2217,300],[147,2473,234],[147,3243,384],[148,243,94],[148,246,450],[148,246,463],[148,3045,262],[148,3382,319],[148,3382,491],[149,1164,283],[149,1164,244],[149,1164,400],[149,1952,98],[149,1952,13],[149,3081,457],[149,3081,177],[149,3249,391],[150,265,426],[150,265,442],[150,1722,490],[150,1722,170],[150,2729,320],[151,98,198],[151,1965,337],[151,2957,336],[151,2957,448],[151,2957,156],[151,3266,414],[151,3651,213],[151,3651,490],[151,3713,234],[152,1347,387],[152,2119,398],[152,2950,333],[152,3585,308],[152,3585,65],[152,3749,321],[152,3749,53],[152,3962,216],[153,1537,320],[153,1622,283],[153,1622,432],[153,2821,32],[153,2821,170],[153,3673,366],[153,3781,26],[153,3781,257],[154,1368,23],[154,2269,377],[154,2381,416],[154,3142,173],[155,788,238],[155,2308,313],[155,2308,495],[155,2717,226],[155,3095,298],[155,3842,229],[156,426,164],[156,426,402],[156,1798,386],[156,1798,384],[156,1798,121],[156,2228,439],[156,3207,160],[157,224,314],[157,1620,268],[157,2040,243],[157,2040,458],[157,2492,289],[157,2492,248],[157,3000,294],[157,3402,256],[157,3402,461],[157,3402,327],[158,16,173],[158,16,402],[158,151,263],[158,472,200],[158,908,86],[158,1086,58],[158,1086,200],[158,2546,306],[158,2546,314],[158,3638,459],[158,3638,251],[159,43,492],[159,863,198],[159,1745,387],[159,2955,317],[159,2955,370],[159,3432,145],[160,177,487],[160,177,400],[160,3344,143],[160,3501,304],[161,532,192],[161,1466,196],[161,2246,155],[161,2246,354],[161,3173,178],[161,3937,131],[162,132,163],[162,1877,427],[162,1877,371],[162,2477,362],[162,2922,419],[162,2922,109],[162,2922,383],[162,3404,212],[163,485,171],[163,856,390],[163,856,5],[163,1618,369],[163,2142,290],[163,2160,191],[163,2160,439],[163,2160,252],[164,847,123],[164,2043,493],[164,2180,147],[164,2756,56],[164,2756,237],[165,106,243],[165,176,288],[165,176,495],[165,651,359],[165,1730,251],[165,1730,171],[165,2648,265],[165,2648,441],[165,2802,206],[166,4,42],[166,4,282],[166,1630,97],[166,1630,214],[166,3539,137],[166,3862,183],[166,3890,243],[166,3890,387],[166,3890,474],[167,429,323],[167,2775,495],[167,2775,370],[167,2775,480],[167,2776,449],[167,2925,281],[167,3222,283],[168,450,205],[168,1942,175],[168,3895,80],[169,2391,234],[169,3538,481],[169,3651,213],[169,3651,490],[169,3790,50],[169,3790,186],[170,53,237],[170,53,239],[170,1235,113],[170,1235,499],[170,1819,79],[170,1819,178],[170,3338,240],[170,3714,213],[171,716,419],[171,905,405],[171,2291,286],[171,3447,137],[172,631,376],[172,631,227],[172,956,280],[172,1676,72],[172,1676,201],[172,2563,273],[172,2563,222],[172,2955,317],[172,2955,370],[172,3365,387],[172,3683,470],[173,434,407],[173,1982,145],[173,1982,452],[173,2485,407],[173,2657,452],[173,2657,468],[174,615,73],[174,957,493],[174,2363,167],[174,2363,199],[174,3448,76],[174,3448,204],[174,3448,455],[174,3913,185],[174,3913,358],[175,1317,301],[175,1317,323],[175,1317,455],[175,1958,179],[175,2848,19],[176,590,15],[176,590,118],[176,1117,187],[176,1117,62],[176,1591,281],[176,2551,47],[176,2551,305],[176,2613,435],[176,2913,456],[177,1575,448],[177,1586,461],[177,2360,166],[177,2582,417],[177,2901,433],[178,138,420],[178,2736,187],[179,374,277],[179,680,424],[179,3374,436],[179,3922,265],[179,3922,418],[179,3922,301],[179,3922,490],[180,1413,434],[180,1660,301],[180,1660,423],[180,1660,45],[180,2110,489],[180,3880,142],[180,3880,446],[181,21,235],[181,1588,261],[181,2080,157],[181,2080,238],[181,2538,265],[181,2538,46],[181,3359,59],[182,89,384],[182,484,55],[182,891,185],[182,1047,452],[182,1798,386],[182,1798,384],[182,1798,121],[182,3025,246],[183,909,208],[183,909,312],[183,1036,332],[183,1317,301],[183,1317,323],[183,1317,455],[183,1353,135],[183,1353,219],[183,2619,210],[183,2619,323],[184,284,152],[184,1277,355],[184,1483,433],[184,1483,17],[184,1483,445],[184,3143,310],[184,3143,171],[184,3383,194],[185,49,204],[185,49,484],[185,141,350],[185,2212,89],[186,677,410],[186,677,108],[186,735,423],[186,870,383],[186,870,66],[186,870,227],[186,933,198],[186,3945,275],[187,1457,270],[187,1806,166],[187,2059,279],[187,2803,42],[187,2880,337],[188,607,394],[188,738,260],[188,738,267],[188,812,428],[188,1661,222],[188,2525,198],[188,2525,426],[188,3155,332],[188,3314,100],[188,3314,305],[189,1900,261],[190,1486,374],[190,1576,111],[190,1660,301],[190,1660,423],[190,1660,45],[190,2033,423],[190,3885,201],[190,3885,469],[191,2245,203],[191,3494,124],[191,3494,322],[191,3905,236],[191,3917,244],[192,118,213],[192,781,440],[192,781,425],[192,3504,16],[192,3864,162],[193,228,105],[193,1015,68],[193,1015,445],[193,1902,354],[193,1902,426],[193,2330,22],[193,3556,140],[193,3556,355],[194,295,312],[194,305,489],[194,1112,256],[194,1338,409],[194,1338,346],[194,1338,380],[194,2701,301],[195,791,363],[195,1483,433],[195,1483,17],[195,1483,445],[195,1593,208],[195,1593,70],[195,1681,299],[195,2375,366],[195,3723,211],[196,1191,442],[196,1467,404],[196,1846,14],[197,15,491],[197,1323,458],[197,1608,199],[197,3114,245],[197,3382,319],[197,3382,491],[197,3763,375],[198,1543,145],[198,1543,317],[198,1543,400],[198,2639,204],[198,2930,393],[199,712,188],[199,712,342],[199,712,487],[199,3284,68],[199,3485,206],[200,393,306],[200,603,306],[200,2855,143],[201,1226,376],[201,1461,149],[201,2842,433],[201,3920,314],[202,831,169],[202,831,476],[202,831,424],[202,927,411],[202,2644,268],[202,3942,485],[202,3985,117],[202,3985,211],[202,3985,331],[203,826,173],[203,2462,484],[203,2462,355],[203,2577,465],[203,3371,463],[204,1148,444],[204,3808,451],[205,2417,365],[205,2417,243],[205,2417,308],[205,2417,486],[205,2847,387],[206,465,386],[206,799,175],[206,799,252],[206,799,275],[206,799,427],[206,3612,361],[206,3612,277],[206,3961,311],[206,3961,470],[206,3961,10],[207,1168,191],[207,1168,214],[207,1168,303],[207,2194,359],[207,2194,482],[207,3065,429],[208,2940,189],[208,2940,202],[208,3595,447],[209,55,284],[209,351,349],[209,2341,220],[209,3769,407],[210,2532,394],[210,2766,35],[210,2766,148],[210,2967,225],[210,3051,339],[211,799,175],[211,799,252],[211,799,275],[211,799,427],[211,1394,360],[211,1632,405],[211,1684,5],[211,2852,20],[211,3643,280],[212,3048,102],[212,3048,289],[212,3237,247],[212,3957,309],[213,1381,391],[213,1907,382],[213,1907,320],[213,3685,369],[214,1219,404],[214,1460,27],[214,1460,324],[214,1829,41],[214,3458,297],[215,159,232],[215,266,69],[215,266,234],[215,266,25],[215,764,491],[215,2946,490],[215,2946,470],[215,3010,230],[215,3562,450],[216,2076,227],[216,2076,410],[216,2624,18],[216,2849,440],[216,3145,278],[217,432,334],[217,432,277],[217,433,479],[217,552,193],[217,1164,283],[217,1164,244],[217,1164,400],[217,2576,450],[217,2959,59],[217,3451,383],[217,3451,297],[218,18,338],[218,2159,370],[218,2513,296],[218,2940,189],[218,2940,202],[219,975,257],[219,1955,489],[219,1987,269],[219,2312,470],[219,2312,366],[219,2312,340],[220,11,372],[220,451,310],[220,2361,234],[220,2361,97],[220,2361,218],[221,815,55],[221,2151,249],[221,3034,259],[221,3451,383],[221,3451,297],[221,3863,316],[222,876,382],[222,1538,296],[222,1538,51],[222,2374,208],[222,2374,482],[222,3482,232],[223,744,293],[223,1283,369],[223,2079,363],[223,3448,76],[223,3448,204],[223,3448,455],[224,677,410],[224,677,108],[224,2492,289],[224,2492,248],[224,2861,145],[224,3735,227],[224,3944,427],[225,971,392],[225,971,428],[225,1269,348],[225,1407,378],[225,1407,68],[225,2398,189],[225,2398,287],[225,2741,310],[225,2741,393],[225,2912,288],[226,692,359],[226,692,132],[227,34,344],[227,868,127],[227,868,282],[227,2844,302],[227,3165,254],[228,882,494],[228,2548,332],[228,2824,496],[228,2824,22],[228,3001,333],[228,3001,238],[228,3093,399],[228,3890,243],[228,3890,387],[228,3890,474],[229,902,92],[229,902,249],[229,902,365],[229,1070,186],[229,2275,468],[230,463,93],[230,1033,444],[230,1033,403],[230,1033,409],[230,1400,312],[230,1698,355],[230,3151,212],[230,3873,263],[230,3873,296],[230,3873,462],[231,331,315],[231,1614,431],[231,1969,304],[231,2086,23],[231,2086,244],[231,3261,356],[231,3264,330],[231,3264,339],[232,710,399],[232,1228,181],[232,1228,383],[232,1271,456],[232,1271,445],[232,3085,150],[232,3085,372],[232,3981,266],[233,260,286],[233,1233,252],[233,2294,395],[233,2294,368],[233,2530,257],[233,2530,360],[233,2690,285],[233,2690,5],[234,2863,250],[234,3314,100],[234,3314,305],[234,3727,296],[235,198,72],[235,198,286],[235,1873,366],[235,1924,397],[235,2050,468],[235,2553,415],[236,1244,362],[236,1244,214],[236,1849,435],[236,1849,159],[236,1938,247],[236,2479,392],[236,3578,304],[237,322,87],[237,322,261],[237,1622,283],[237,1622,432],[237,2083,226],[237,2083,294],[237,3977,345],[237,3977,460],[238,1671,439],[238,2351,254],[238,2351,364],[238,2707,182],[239,407,461],[239,407,420],[239,1040,469],[239,1040,295],[239,1121,478],[239,1121,379],[239,1121,465],[239,2762,101],[239,2762,247],[239,3473,365],[240,642,412],[240,1159,415],[240,3133,96],[240,3257,130],[240,3550,250],[241,449,457],[241,1861,410],[241,1923,110],[241,1923,386],[241,3375,363],[241,3807,296],[242,711,167],[242,711,351],[242,1310,384],[242,1310,132],[242,1597,231],[242,1597,492],[242,1629,406],[242,1629,372],[242,2141,384],[242,2141,452],[242,3326,292],[242,3326,310],[242,3326,434],[243,728,349],[243,3602,249],[243,3617,289],[243,3617,29],[244,184,242],[244,184,338],[244,431,284],[245,195,177],[245,195,375],[245,538,96],[245,538,218],[245,1659,102],[245,1659,250],[245,1659,339],[245,2040,243],[245,2040,458],[245,2775,495],[245,2775,370],[245,2775,480],[245,2780,38],[245,2780,342],[246,1951,203],[246,2123,113],[246,2123,483],[246,3060,447],[247,1066,15],[247,1066,129],[247,1405,371],[247,1405,56],[247,2689,342],[247,2689,453],[248,1013,204],[248,1013,479],[248,1317,301],[248,1317,323],[248,1317,455],[248,1442,405],[248,1442,341],[248,1462,278],[248,2611,67],[248,2751,364],[248,2761,318],[249,1359,291],[249,1359,21],[249,1659,102],[249,1659,250],[249,1659,339],[249,3013,94],[249,3013,253],[249,3013,360],[249,3081,457],[249,3081,177],[250,1087,476],[250,3789,21],[251,799,175],[251,799,252],[251,799,275],[251,799,427],[251,1996,129],[251,1996,340],[251,3489,189],[251,3512,161],[251,3512,438],[251,3611,404],[252,587,290],[252,928,346],[252,1423,275],[252,3007,242],[252,3007,37],[253,116,77],[253,116,328],[253,1211,385],[253,1211,389],[253,1211,413],[253,3694,321],[253,3694,419],[253,3751,484],[253,3751,333],[253,3751,434],[254,1487,199],[254,1487,388],[254,1696,196],[254,2399,287],[254,3252,290],[255,121,259],[255,121,458],[255,121,465],[255,817,103],[255,817,285],[255,1007,364],[255,2328,99],[255,3134,262],[255,3351,14],[256,913,212],[256,913,147],[257,521,354],[257,887,204],[257,887,305],[257,2475,108],[257,2561,430],[257,2561,261],[257,2974,438],[258,441,435],[258,702,352],[258,2557,319],[258,2676,443],[258,2998,472],[258,2998,426],[258,3751,484],[258,3751,333],[258,3751,434],[259,214,390],[259,214,411],[259,338,1],[259,1902,354],[259,1902,426],[260,231,492],[260,2648,265],[260,2648,441],[260,3870,355],[261,868,127],[261,868,282],[261,1008,273],[261,2312,470],[261,2312,366],[261,2312,340],[261,3749,321],[261,3749,53],[262,72,438],[262,621,344],[262,717,463],[262,717,220],[262,3481,454],[262,3481,254],[263,536,335],[263,2685,276],[263,3987,401],[264,33,456],[264,311,190],[264,311,410],[264,1848,65],[264,1931,253],[264,1931,312],[264,2146,207],[265,369,472],[265,3929,368],[266,405,241],[266,546,338],[266,1067,307],[266,2094,208],[266,2094,406],[266,2493,474],[266,2493,498],[267,692,359],[267,692,132],[267,1142,383],[267,1172,464],[268,835,385],[268,1065,497],[268,1065,165],[268,2386,313],[268,2870,417],[269,782,319],[269,1021,324],[269,1199,250],[269,1424,297],[269,1872,264],[269,3922,265],[269,3922,418],[269,3922,301],[269,3922,490],[269,3951,35],[269,3951,151],[270,799,175],[270,799,252],[270,799,275],[270,799,427],[270,1048,369],[270,2486,288],[270,2486,205],[270,2741,310],[270,2741,393],[271,1690,79],[271,2233,429],[271,2233,445],[271,2456,377],[271,2456,373],[271,2828,405],[272,2178,395],[272,2486,288],[272,2486,205],[272,2680,189],[272,2680,28],[272,3347,338],[272,3582,450],[272,3582,69],[272,3810,233],[273,557,316],[273,1206,93],[273,1206,42],[273,1587,7],[273,2551,47],[273,2551,305],[273,2641,389],[273,3695,316],[274,861,164],[274,926,321],[274,1354,343],[274,1596,293],[274,2006,482],[274,2109,287],[275,444,391],[275,444,344],[275,864,356],[275,2631,435],[275,3143,310],[275,3143,171],[275,3632,334],[275,3632,391],[276,528,429],[276,1241,41],[276,1600,480],[276,2579,413],[277,136,432],[277,1255,61],[277,1255,280],[277,1255,300],[277,1498,295],[277,1590,426],[278,656,318],[278,901,303],[278,3028,194],[279,1161,303],[279,2746,163],[279,2909,297],[280,1013,204],[280,1013,479],[280,1359,291],[280,1359,21],[280,1991,294],[280,1991,314],[280,1991,492],[280,3844,464],[281,572,347],[281,1761,421],[281,2481,455],[282,379,439],[282,1388,411],[282,1477,432],[282,1477,440],[282,2632,461],[282,2632,162],[282,2789,72],[283,769,255],[283,1411,85],[283,1411,349],[283,3181,378],[284,1869,246],[284,1869,322],[284,2456,377],[284,2456,373],[284,2662,464],[284,3760,285],[285,3129,415],[286,1209,59],[286,1209,322],[286,1292,402],[286,2160,191],[286,2160,439],[286,2160,252],[286,2809,423],[287,69,358],[287,69,334],[287,1293,429],[287,3390,192],[287,3390,219],[287,3408,433],[288,104,108],[288,104,374],[288,2691,66],[288,3781,26],[288,3781,257],[288,3913,185],[288,3913,358],[289,1453,96],[289,2091,471],[289,2091,279],[289,2682,137],[290,79,238],[290,79,359],[290,424,291],[290,1860,27],[290,1860,328],[290,3229,125],[291,1559,322],[291,1626,279],[291,2957,336],[291,2957,448],[291,2957,156],[291,3645,443],[292,1790,323],[292,2308,313],[292,2308,495],[292,3040,64],[292,3040,493],[292,3117,357],[292,3393,334],[292,3490,16],[293,1597,231],[293,1597,492],[293,1670,150],[293,1670,487],[293,1670,429],[293,1896,343],[293,2534,189],[293,2815,88],[294,508,306],[294,3001,333],[294,3001,238],[295,1033,444],[295,1033,403],[295,1033,409],[295,1527,125],[295,2610,318],[295,2610,262],[296,428,267],[297,381,475],[297,381,57],[297,2430,271],[297,3304,324],[298,165,476],[298,177,487],[298,177,400],[298,743,391],[298,1609,333],[298,1609,392],[298,2185,98],[299,665,403],[299,1697,360],[299,2083,226],[299,2083,294],[299,3661,422],[299,3661,456],[299,3732,381],[300,426,164],[300,426,402],[301,1768,216],[301,1768,381],[301,1893,403],[301,3396,270],[302,1025,173],[302,1557,466],[302,2433,454],[302,2433,168],[302,2799,197],[302,3670,258],[303,272,444],[303,3238,48],[303,3238,350],[303,3323,337],[303,3786,17],[303,3873,263],[303,3873,296],[303,3873,462],[304,145,193],[304,145,368],[304,1813,349],[304,2091,471],[304,2091,279],[304,2632,461],[304,2632,162],[304,3377,414],[304,3377,259],[305,197,422],[305,1270,95],[305,1270,389],[305,2578,456],[305,3816,200],[306,28,239],[306,1234,388],[306,2657,452],[306,2657,468],[306,2893,335],[307,1481,338],[307,1487,199],[307,1487,388],[307,2367,492],[307,3608,437],[307,3969,424],[308,2080,157],[308,2080,238],[308,3137,38],[308,3137,446],[309,20,209],[309,913,212],[309,913,147],[309,1128,6],[309,1128,494],[309,1134,272],[309,1134,406],[309,1332,317],[310,2409,453],[310,3078,308],[310,3078,442],[310,3540,394],[311,187,409],[311,187,344],[311,2008,223],[311,2008,428],[311,2229,449],[311,2229,402],[312,2001,382],[312,2270,226],[313,2574,41],[313,3715,365],[314,1319,470],[314,3179,347],[315,337,498],[315,781,440],[315,781,425],[315,3111,344],[315,3571,61],[315,3626,454],[316,877,128],[316,1326,84],[316,1326,321],[316,3544,404],[317,963,418],[317,1722,490],[317,1722,170],[317,3199,393],[317,3296,318],[318,2686,436],[318,3965,393],[318,3965,457],[319,1887,483],[319,1887,226],[319,1887,361],[319,2845,370],[319,3251,263],[319,3661,422],[319,3661,456],[320,390,349],[320,1670,150],[320,1670,487],[320,1670,429],[320,3998,380],[321,1454,169],[321,1454,352],[321,1945,92],[321,1945,392],[321,3288,250],[322,409,412],[322,1543,145],[322,1543,317],[322,1543,400],[322,3246,419],[322,3970,325],[323,273,156],[323,1609,333],[323,1609,392],[323,1676,72],[323,1676,201],[323,3038,466],[324,1164,283],[324,1164,244],[324,1164,400],[324,1288,76],[324,2946,490],[324,2946,470],[324,3894,396],[325,684,446],[325,848,178],[325,997,380],[325,3493,329],[325,3883,413],[325,3973,12],[326,940,336],[326,1360,51],[326,1552,418],[326,2194,359],[326,2194,482],[326,3194,3],[326,3794,347],[327,643,120],[327,917,335],[327,917,396],[327,1144,366],[327,1869,246],[327,1869,322],[327,2566,299],[327,3900,352],[328,652,337],[328,3389,292],[329,1211,385],[329,1211,389],[329,1211,413],[329,1584,191],[329,1845,7],[329,2090,401],[329,2090,307],[329,3013,94],[329,3013,253],[329,3013,360],[330,840,127],[330,1768,216],[330,1768,381],[330,2664,82],[330,3857,209],[330,3857,381],[331,1015,68],[331,1015,445],[331,2067,143],[331,2654,408],[331,2797,170],[331,3897,399],[332,708,357],[332,1907,382],[332,1907,320],[333,2403,99],[333,2403,396],[333,3066,422],[333,3066,189],[334,3402,256],[334,3402,461],[334,3402,327],[335,3487,380],[336,184,242],[336,184,338],[336,355,450],[336,1345,414],[336,1345,471],[336,2905,233],[336,3220,444],[336,3600,396],[336,3600,178],[337,94,488],[337,715,373],[337,2922,419],[337,2922,109],[337,2922,383],[338,400,381],[339,849,434],[339,1367,372],[339,3204,350],[340,1125,28],[340,1229,155],[341,599,197],[341,599,492],[341,789,345],[341,902,92],[341,902,249],[341,902,365],[341,3030,467],[342,7,299],[342,7,458],[342,1011,375],[342,1011,344],[342,3127,375],[343,167,231],[343,167,380],[343,344,268],[343,344,361],[343,1721,240],[344,127,352],[344,133,495],[345,513,286],[345,1932,347],[345,3372,20],[346,468,384],[346,1022,467],[346,1465,412],[346,1909,396],[346,1909,407],[347,2449,148],[347,2449,498],[348,144,394],[348,304,471],[348,2518,114],[348,2518,160],[348,2518,168],[348,3409,397],[349,1088,301],[349,1088,162],[350,413,451],[350,1010,378],[350,1658,142],[350,2138,378],[351,135,445],[351,187,409],[351,187,344],[351,1040,469],[351,1040,295],[351,1083,406],[351,2517,498],[351,2517,119],[351,3659,417],[352,371,256],[352,371,104],[352,776,207],[352,1406,312],[353,670,285],[353,691,438],[353,1027,422],[353,1339,357],[353,2756,56],[353,2756,237],[353,2757,333],[353,2757,417],[353,2953,421],[353,2953,96],[353,2953,108],[353,3193,376],[354,2690,285],[354,2690,5],[354,3758,36],[356,574,266],[356,1117,187],[356,1117,62],[356,1427,480],[356,2380,497],[357,457,465],[357,2590,408],[357,3948,444],[357,3948,313],[358,227,451],[358,813,383],[358,813,411],[358,1795,492],[358,2984,183],[358,2984,71],[358,2984,440],[358,2984,445],[358,3305,419],[358,3481,454],[358,3481,254],[359,945,46],[359,2964,43],[360,2346,367],[361,1056,430],[361,3765,199],[362,112,448],[362,153,412],[362,153,178],[362,1477,432],[362,1477,440],[362,1533,386],[362,3644,460],[362,3644,76],[363,406,454],[363,606,130],[363,2370,435],[364,628,431],[364,2413,89],[364,2413,439],[364,2413,343],[364,2817,431],[364,3039,30],[365,761,345],[365,3923,430],[365,3923,50],[366,1375,139],[366,1375,374],[366,3259,454],[367,311,190],[367,311,410],[367,2064,472],[367,2853,143],[367,2853,166],[367,2853,469],[367,3169,484],[368,23,128],[368,88,263],[369,1395,122],[370,640,449],[370,1988,397],[370,2440,239],[371,564,314],[371,564,475],[371,1545,494],[371,1627,393],[371,3655,271],[372,749,144],[372,916,316],[373,943,67],[373,1255,61],[373,1255,280],[373,1255,300],[373,3115,212],[374,208,131],[374,608,156],[374,2031,486],[374,2448,393],[375,2693,491],[375,2693,493],[375,2953,421],[375,2953,96],[375,2953,108],[376,885,429],[376,1154,215],[376,1335,244],[376,2312,470],[376,2312,366],[376,2312,340],[376,3005,483],[377,2137,470],[377,2137,415],[377,2137,10],[377,2600,390],[377,3345,464],[377,3869,414],[377,3982,30],[378,2958,209],[379,334,412],[379,1345,414],[379,1345,471],[379,2030,464],[379,3575,400],[379,3873,263],[379,3873,296],[379,3873,462],[380,86,477],[380,3414,148],[380,3414,452],[381,2693,491],[381,2693,493],[382,633,132],[382,2020,221],[382,2137,470],[382,2137,415],[382,2137,10],[382,2248,22],[383,3619,481],[385,214,390],[385,214,411],[385,1538,296],[385,1538,51],[385,2088,333],[385,2629,431],[386,2209,427],[386,3283,443],[386,3811,442],[387,1860,27],[387,1860,328],[388,1211,385],[388,1211,389],[388,1211,413],[388,1513,401],[388,2351,254],[388,2351,364],[388,3137,38],[388,3137,446],[389,645,421],[389,802,388],[389,802,134],[390,1357,59],[390,1357,202],[390,2217,463],[390,2217,300],[390,2493,474],[390,2493,498],[390,3433,404],[391,251,476],[391,1716,414],[391,2530,257],[391,2530,360],[392,339,276],[392,3762,381],[393,2604,165],[394,1327,436],[394,3384,450],[394,3636,383],[395,676,184],[395,676,424],[395,2342,221],[395,3335,50],[395,3335,204],[395,3335,456],[396,215,206],[396,2953,421],[396,2953,96],[396,2953,108],[397,599,197],[397,599,492],[397,817,103],[397,817,285],[397,1178,451],[397,3908,495],[398,637,214],[398,1147,448],[398,1656,441],[398,1967,432],[398,2853,143],[398,2853,166],[398,2853,469],[399,912,24],[399,912,328],[399,1798,386],[399,1798,384],[399,1798,121],[399,2005,74],[400,154,420],[400,1194,476],[400,2944,431],[401,1338,409],[401,1338,346],[401,1338,380],[401,2141,384],[401,2141,452],[401,3814,366],[402,502,425],[402,1076,414],[402,2689,342],[402,2689,453],[402,3239,125],[403,277,220],[403,1569,418],[403,1718,451],[403,3091,196],[403,3322,473],[404,511,81],[404,511,294],[404,3680,497],[405,2177,246],[406,3048,102],[406,3048,289],[406,3500,76],[406,3500,74],[406,3500,328],[407,802,388],[407,802,134],[408,1240,449],[408,1271,456],[408,1271,445],[408,1594,118],[408,1594,253],[408,1594,122],[408,2894,356],[409,831,169],[409,831,476],[409,831,424],[409,1385,410],[409,2433,454],[409,2433,168],[409,2780,38],[409,2780,342],[409,3513,117],[409,3513,268],[410,2816,78],[410,2816,89],[410,3797,256],[411,241,44],[411,241,467],[411,1416,267],[411,3995,472],[412,626,484],[413,719,123],[413,742,379],[414,2008,223],[414,2008,428],[415,2104,224],[415,2115,454],[415,2523,454],[416,387,220],[416,1685,389],[416,1849,435],[416,1849,159],[416,2090,401],[416,2090,307],[416,2230,308],[416,2230,446],[417,347,462],[417,2121,462],[417,2432,462],[418,354,237],[418,1612,97],[419,701,26],[419,3622,60],[419,3622,110],[420,366,413],[420,414,465],[420,1779,443],[420,3512,161],[420,3512,438],[421,82,271],[421,3494,124],[421,3494,322],[421,3523,459],[421,3523,128],[422,2229,449],[422,2229,402],[422,2899,449],[423,1724,254],[423,1887,483],[423,1887,226],[423,1887,361],[424,336,161],[424,336,128],[424,854,288],[425,327,230],[425,631,376],[425,631,227],[425,2928,154],[425,2957,336],[425,2957,448],[425,2957,156],[425,3040,64],[425,3040,493],[426,1607,309],[426,2724,297],[426,3463,47],[427,590,15],[427,590,118],[427,2265,441],[427,2610,318],[427,2610,262],[428,186,31],[428,1361,18],[428,2053,319],[428,2785,116],[429,1943,136],[429,1943,500],[429,2427,384],[429,2427,175],[430,2237,223],[430,2241,244],[431,3656,83],[432,1121,478],[432,1121,379],[432,1121,465],[432,1521,41],[432,2993,331],[433,1565,195],[434,1473,371],[434,2316,102],[436,246,450],[436,246,463],[436,772,499],[436,1506,450],[436,2634,494],[436,3330,354],[437,41,208],[437,1258,475],[437,1882,210],[437,1882,154],[437,3088,463],[437,3236,3],[437,3699,475],[438,906,160],[439,2519,368],[440,1321,486],[440,2417,365],[440,2417,243],[440,2417,308],[440,2417,486],[441,280,442],[441,2640,477],[441,3334,474],[441,3849,448],[442,91,37],[442,91,486],[443,2984,183],[443,2984,71],[443,2984,440],[443,2984,445],[443,3885,201],[443,3885,469],[445,838,361],[446,1362,452],[446,1580,258],[446,3503,192],[447,1050,340],[447,2774,463],[447,3500,76],[447,3500,74],[447,3500,328],[451,420,361],[451,1666,480],[451,2036,486],[452,3308,477],[453,1864,359],[453,1991,294],[453,1991,314],[453,1991,492],[453,2462,484],[453,2462,355],[453,2538,265],[453,2538,46],[453,3940,135],[454,3589,496],[455,717,463],[455,717,220],[455,2417,365],[455,2417,243],[455,2417,308],[455,2417,486],[456,1863,40],[456,1863,491],[456,1963,485],[457,1033,444],[457,1033,403],[457,1033,409],[457,2000,474],[457,3663,121],[457,3961,311],[457,3961,470],[457,3961,10],[458,1502,491],[458,3556,140],[458,3556,355],[459,720,371],[459,1143,320],[459,1877,427],[459,1877,371],[459,2908,108],[460,1913,339],[460,3402,256],[460,3402,461],[460,3402,327],[460,3629,94],[460,3629,465],[460,3843,381],[461,121,259],[461,121,458],[461,121,465],[461,3027,480],[461,3792,487],[461,3792,82],[462,1773,408],[462,3160,146],[462,3160,48],[463,3313,466],[464,237,418],[464,237,238],[465,266,69],[465,266,234],[465,266,25],[466,564,314],[466,564,475],[466,2260,478],[466,2660,475],[467,3825,107],[468,3484,489],[468,3628,220],[469,100,202],[469,100,343],[469,1356,488],[469,1574,74],[470,3936,422],[471,2243,499],[471,3029,481],[471,3400,490],[471,3609,313],[471,3609,342],[472,244,473],[472,846,149],[472,846,276],[472,3868,481],[473,473,249],[473,473,87],[473,1245,222],[473,1594,118],[473,1594,253],[473,1594,122],[474,3092,84],[475,831,169],[475,831,476],[475,831,424],[475,3565,447],[476,1098,235],[477,253,479],[477,613,479],[477,2633,479],[477,2932,500],[478,1554,291],[478,1998,483],[478,1998,181],[478,2321,483],[479,704,302],[479,736,326],[479,2334,150],[480,1778,446],[480,3385,48],[481,1912,494],[482,57,147],[482,57,224],[482,925,500],[482,1799,186],[482,2343,207],[483,1421,125],[483,3410,485],[483,3410,427],[484,3462,31],[484,3462,155],[484,3506,496],[484,3506,455],[485,171,156],[485,1235,113],[485,1235,499],[485,1699,481],[486,2990,390],[486,3361,244],[487,3764,488],[488,1659,102],[488,1659,250],[488,1659,339],[488,2787,496],[488,2787,278],[488,2824,496],[488,2824,22],[490,855,13],[490,3367,498],[490,3367,384],[491,3264,330],[491,3264,339],[491,3993,495],[493,348,348],[493,609,189],[493,609,191],[493,1919,318],[494,77,229],[494,3367,498],[494,3367,384],[495,2834,196],[496,2085,497],[496,2085,232],[496,2669,497],[496,3707,395],[497,142,178],[497,723,440],[498,276,152],[498,2049,2],[498,3572,240],[499,328,360],[499,1735,193],[499,2978,76],[500,100,202],[500,100,343],[500,432,334],[500,432,277],[500,887,204],[500,887,305],[500,2975,434],[500,2975,176]];

jitters = [100000,20000,10000,100000,100000,10000,20000,100000,20000,10000,1000,20000,20000,20000,10000,10000,2000,100000,10000,10000,20000,20000,100000,100000,20000,20000,100000,10000,50000,20000,1000,20000,10000,20000,100000,20000,20000,10000,50000,50000,20000,10000,10000,10000,100000,20000,10000,100000,20000,1000,100000,100000,20000,20000,10000,100000,10000,20000,100000,10000,10000,10000,2000,20000,100000,10000,20000,20000,2000,20000,20000,20000,100000,100000,100000,10000,100000,10000,100000,10000,20000,100000,100000,20000,20000,20000,100000,100000,1000,10000,20000,20000,100000,1000,100000,20000,10000,100000,10000,20000,20000,20000,20000,2000,100000,20000,20000,10000,10000,20000,10000,100000,20000,10000,10000,10000,100000,1000,20000,10000,1000,10000,10000,10000,20000,100000,20000,10000,10000,50000,20000,100000,20000,20000,1000,2000,20000,100000,10000,100000,20000,10000,100000,20000,2000,20000,20000,100000,10000,10000,10000,100000,10000,1000,2000,10000,100000,1000,20000,10000,100000,10000,10000,20000,10000,100000,100000,20000,20000,10000,10000,100000,1000,20000,20000,100000,10000,10000,20000,20000,10000,20000,100000,20000,20000,20000,10000,20000,10000,20000,10000,100000,100000,20000,20000,100000,5000,20000,5000,1000,100000,20000,10000,20000,100000,10000,50000,100000,10000,20000,10000,10000,10000,100000,20000,20000,10000,20000,100000,10000,100000,20000,10000,10000,20000,2000,20000,100000,2000,20000,10000,20000,10000,20000,20000,10000,10000,10000,10000,10000,10000,20000,100000,10000,5000,100000,10000,10000,100000,10000,100000,10000,100000,10000,1000,20000,100000,100000,100000,20000,10000,100000,1000,100000,20000,20000,10000,2000,100000,10000,20000,20000,100000,50000,10000,1000,10000,20000,20000,10000,100000,20000,10000,10000,10000,10000,50000,20000,10000,10000,10000,50000,50000,100000,10000,20000,100000,10000,20000,20000,20000,20000,20000,10000,100000,1000,20000,100000,20000,10000,10000,100000,2000,100000,20000,100000,20000,20000,100000,10000,100000,10000,100000,100000,1000,20000,100000,10000,1000,10000,20000,100000,100000,50000,1000,20000,10000,20000,20000,100000,20000,5000,50000,100000,20000,20000,100000,20000,10000,20000,20000,100000,100000,100000,20000,10000,100000,20000,10000,10000,50000,10000,20000,10000,2000,20000,10000,10000,10000,100000,10000,20000,20000,20000,5000,100000,10000,20000,10000,1000,20000,100000,20000,20000,10000,10000,100000,1000,100000,10000,10000,10000,20000,20000,20000,20000,20000,10000,20000,10000,1000,10000,20000,100000,10000,20000,1000,100000,10000,10000,20000,10000,1000,10000,20000,1000,2000,20000,10000,10000,100000,100000,20000,20000,10000,100000,10000,20000,50000,50000,10000,10000,100000,100000,20000,20000,100000,100000,10000,20000,10000,10000,10000,20000,20000,1000,100000,10000,100000,20000,20000,1000,10000,20000,100000,100000,10000,5000,100000,10000,10000,2000,100000,10000,10000,100000,20000,20000,10000,100000,20000,20000,20000,10000,100000,10000,1000,100000,1000,20000,20000,50000,100000,10000,100000,20000,10000,10000,20000,20000,5000,20000,20000,20000,5000,10000,10000,20000,20000,50000];

