NumChains = 50;
NumResources = 3;
NumRunnablesInChains = 195;
MemoryBoundOnResource = 1048576;
UtilizationBoundOnResource = 100;

numberOfTasksinChain = [5,5,7,7,5,5,7,5,7,7,7,9,7,5,7,5,5,9,5,9,7,5,9,5,9,5,5,5,9,5,7,7,9,9,7,9,5,9,5,9,5,9,5,9,7,7,7,9,7,7];

runnablesInChains = [226,472,321,442,141,131,392,66,250,270,420,380,123,32,497,71,218,316,411,142,416,404,326,240,217,411,201,277,305,94,44,388,456,229,381,370,25,34,324,121,346,26,456,464,200,237,159,389,205,102,459,418,321,57,246,340,218,413,63,40,205,216,27,222,71,450,79,18,490,239,406,133,229,375,8,52,391,333,92,390,87,86,300,128,341,223,489,58,260,158,382,199,224,301,351,471,118,193,67,284,153,63,322,275,465,23,419,168,248,488,48,261,227,93,250,186,277,288,192,100,464,480,122,425,179,261,314,280,272,188,478,357,111,70,358,132,352,277,446,240,157,108,432,139,295,310,484,298,130,374,41,45,273,84,348,468,94,336,208,395,250,355,452,275,423,443,397,463,435,228,164,279,239,486,482,65,137,309,184,357,274,290,61,395,1,243,88,172,231,449,322,296,308,82,392];

ProcessingTimesOfMessages = [[1,1,1,1,1,1,1,1,1,1,1,1,1],[1,1,1,1,1,1,1,1,1],[1,1,1,1,1,1,1,1,1,1],[1,1,1,1,1,1,1,1],[1,1,1],[1,1,1,1,1,1,1,1],[1,1,1,1,1,1,1,1,1,1,1],[1,1,1,1,1,1],[1,1,1,1,1,1,1,1],[1,1,1,1,1,1],[1,1,1,1,1],[1,1,1,1,1,1,1,1,1],[1,1,1],[1,1,1,1,1,1],[1,1,1,1,1,1,1,1,1,1],[1,1,1,1,1],[1,1,1,2,2,1,1],[1,1,2,1,1,1,1,1,1],[1,1,1,1,1],[1,1,1,1,1,1,1,1,1,1],[1,1,1,1,1,1,1,1],[1,1,1,1,1,1,1,1,1],[1,1,1,1,1,1,1,1,1,1,1,1,1],[1,1,1,1],[1,1,1,1,1],[1,1,1,1,1,1],[1,1,1,1,1,1,1,1,1],[1,1,1,1,1,1],[1,1,1,1,1,1,1,1,1],[1,1,1],[1,1,1,1,1,1,1,1,1],[1,1,1,1],[1,1,1,1,1,1,1,1,1,1],[1,1,1,1,1,1,1,1],[1,1,1,1,1],[1,1,1,1,1,1,1,1,1,1,1,1],[1,1,1,1,1,1,1],[1,1,1,1,1,1,1],[1,1,1,1,1,1,1,1,1,1,1,1,1,1,1],[1,1,1,1],[1,1,1,1,1,1,1,1],[1,1,1,1,1,1],[1,1,1,1,1,1,1],[1,1,1,1,1,1,1,1],[1,1,1,1,1,1,1,1,1,1,1,1],[1,1,1,1,1,1],[1,1,1,1,1,1],[1,1,1,1,1],[1,1,1,1],[1,1,1,1,1,1,1],[1,1,1,1,1,1,1,1,1,1],[1,1,1,1,1,1,1,1,1],[1,1,1,1,1,1,1,1],[1,1,1],[1,1,1,1,1,1],[1,1],[1,1,1,1,1,1,1,1],[1,1,1,1],[1,1,1,1,1,1,1,1,1,1],[1,1,1,1,1,1,1,1,1],[1,1,1,1,1,1,1,1,1,1],[1,1,1,1,1,1,1],[1,1,1,1,1,1,1,1,1],[1,1,1,1,1,1,1,1,1,1,1,1],[1,1,1,1,1,1,1,1,1],[1,1,1,1,1,1,1,1,1],[1,1,1,1,1],[1,1,1,1],[1,1,1,1,1,1,1,1,1],[1,1,1,1,1,1,1],[1,1,1,1,1,1],[1,1,1,1,1],[1,1,1,1,1,1,1],[1,1,1,2,1,1,1],[1,1,1,1,1,1,1,1,1,1],[1,1,1,1,1,1,1,1],[1,1,1,1,1,1],[1,1,1,1,1],[1,1,1,1,1,1,1],[1,1,1,1,1,1,1],[1,1,1,1,1,1,1,1,1,1,1],[1,1,1,1,1,1,1,1],[1,1,1,1,1,1,1],[1,1,1,1,1,1,1,1],[1,1,1],[1,1,1,1,1,1,1,1,1],[1,1,1,1,1,1,1,1,1,1],[1,1,1,1],[1,1,1,1,1,1,1,1],[1,1,1,1,1,1,1,1],[1,1,1,1,1,1,1,1,1],[1,1,1,1,1,1,1,1,1,1,1],[1,1,1,1,1,1,1,1,1,1,1,1],[1,1,1,1,1,1,1],[1,1,1,1,1,1,1],[1,1,1,1,1,1,1,1,1],[1,1,1,1,1,1,1,1,1],[1,1,1,1],[1,1,1,1,1,1,1,1,1],[1,1,1,1,1,1,1],[1,1,2,1,1,1,1],[1,1,1,1,1,1,1,1,1,1,1],[1,1,1,1,1,1,1,1,1,1,1,1],[1,1,1,1,1,1,1,1],[1,1,1,1,1,1,1,1,1,1,1,1,1],[1,1,1,1,1,1,1,1,1,1,1,1,1,1],[1,1,1,1,2,1,1,1,1,1,1],[1,1,1,1,1,1,1,1,1,1,1],[1,1,1,1,1,1,1,1,1,1],[1,1,1,1,1,1],[1,1,1,1,1,1,1],[1,1,1,1,1,1],[1,1,1,1,1],[1,1,1,2,2],[1,1,1,1,1,1],[1,1,1,1,1,1,1,1],[1,1,1,1,1,1,1,1,1,1],[1,1,1,1,1,1],[1,1,1,1,1,1],[1,1,1,1,1],[1,1,1,1,1,1,1,1,1,1],[1,1,1,1,1,1,1,1],[1,1,1,1,1],[1,1,1,1,1],[1,1,1,1,1,1,1,1,1,1,1],[1,1,1,1,1,1,1,1,1],[1,1,1,1,1,1,1,1,1,1,1,1],[1,1,1,1,1,1,2,1,1,1],[1,1,1,1,1,1,1,1],[1,1,1,1,1,1,1,1],[1,1,1,1,1],[1,1,1,1,1,1,1,1,1],[1,1,1,1,2,2,1,1],[1,1,1,1,1,1,1,1],[1,1,1,1,1,1,1,1,1],[1,1,1,1,1,1,1,1,1,1,1],[1,1,1,1,1,1,2,2,1],[1,1,1,1,1,1,1,1],[1,1,1,1],[1,1,1,1,1,1,1,1,1],[1,1,1,1],[1,1,1,1,1,1],[1,1,1,1,1,1,1],[1,1,1,1,1,1,1],[1,1,1],[1,1,1,1,1],[1,1,1,1,1,1,1,1,1,1,1],[1,2,2,1,2,2,1],[1,1,1,1],[1,1,1,1,1,1,1,1,1],[1,1],[1,1,1],[1,1,1,1,1,1,1,1,1,1,1],[1,1,1],[1,1,1],[1,1,1,1,1],[1,1,1,1,1],[1,1,1,1,1,1,1,1,1],[1,1,1,1,1],[1,1,1,1,1,1,1,1,1,1],[1,1,1,1,1,1],[1,1,1,1,1,1,1],[1,1,1,1,1,1,1],[1,1,1,1,1,1,1],[1,1,1,1,1,1,1,1,1,1,2],[1,1,1,1,1,2,1],[1,1,1,1,1,1,1,1,1,1],[1,1,1,1,1,1,1,1,1],[1,1,1,1,1,1,1],[1,1,1,1,1,1,1,1,1,1],[1,1,1,1,1],[1,1,1,2,1,1,1,1,1],[1,1,1,1,1,1,1,1],[1,1,1,1,1],[1,1,1,1,1,1,1,1],[1,1,1,1,1,1,1],[1,1,1,1,1,1],[1,1,1,1,1,1],[1,1,1],[1,1,1],[1,1],[1,1,1,1,1],[1,1,1,1,1,1],[1,1,1,1,1],[1,1,1,1,1,1,1],[1,1,1,1,1,1,1,1,1],[1,1,1,1,1,1,1,1,1,1],[1,1,1,1,1,1,1,1],[1,1,1,1,1,1,1,1,1,1,1,1],[],[1,1,1,1],[1,1,1],[1,1,1,2,1,1,1],[1,1,1,1],[1,1,1,1,1],[1,1,1,1,1,1,1,1,1,1],[1,1,1,1,1,1,1,1,1],[1,1,1],[1,1,1,1,1,1,1],[1,1,1,1,1,1,1,1,1,1],[1,1,1,1],[1],[1,1,1,1,1,1],[1,1,1,1],[1,1,1,1,1,1,1],[1,1,1,1,1,1,1,1,1],[1,1,1,1,1,1],[1,1,1,1,1,1,1,1],[1,1,1,1,1,1,1,1],[1,1,1,1,1,1,1,1,1,1,1,1],[1,1,1,1,1,1,1,1,1,1],[1,1,1,1,1,1,1,1],[1,1,1,1,1,1],[1,1,1,1,1],[1,1,1,1,1],[1,1,1,1,1,1,1,1,1,1,1,1],[1,1,1,1,1,1,1,1,1],[1,1,1,1,1],[1,1],[1,1,1,1,1,1,1],[1,1,1,1,1,1],[1,1,1],[1,1,1,1,1,1],[1,1,1,1,1,1],[1,1,1,1],[1,1,1,1,1,1,1,1,1,1],[1,1,1],[1,1,1,1,1,1,1,1,1,1,1,1],[1,1,1,1,1,1,1,1,1],[1,1,1,1,1,1,1,1,1],[1,1,1,1],[1,1,1,1,1,1,1,1,1,1,1],[1,1,1,1],[1,1,1,1,1],[1,1,1,1,1,1,1,2],[1,1,1,1,1,1],[1,1,1,1,1,1,1,1,1],[1,1,1,1,1,1,1],[1,1,1,1,1,1,1],[1,1,1,1],[1,1,1,1,1,1,1,1,1],[1,1,1,1,1,1,1],[1,1,1,1],[1,1,1,2,1,1,1],[1,1,1,1,1,1,1],[1,1],[1,1,1],[1,1,1,1],[],[1,1],[1,1,1,1,1,1,1],[1,1,1,1,1],[1,1,1,1,1,1],[1,1,1,1,1],[1,1,1,1,1,1,1,1,1],[1,1,1,1,1,1,1,1],[1,1,1,1,1,1,1,1,1],[1,1,1,1,1,1],[1,1,1,1,1,1,1,1,1],[1,1,1,1,1,1,1],[1,1,1,1,1,1,1,1],[1,1,1,1],[1,1,1,1,1],[1,1,1,1,1],[1,1,1,1,1,1,1,1,1],[1,1,1,1],[1,1,1,1,1,1],[1,1,1],[1,1,1,1,1],[1,1,1],[1,1,1,1],[1,1,1,1,1],[1,1,1,1],[1,1,1,1],[1,1,1,1,1,1],[1,1,1,1],[1,1,2,1,1],[1,1],[1,1,1,1],[1,1,1,1,1,1,1,1,1,1],[1,1,1,1],[1,1,2,1,1,1,1,1,1,1,1],[1,1,1,1,1,1,1],[1,1,1],[1,1,1,1,1,1,1,1,1],[1,1,1,1],[1,1,1,1,1,1,1,1],[1,1,1,1,1,1],[1,1,1],[1,1,1,1,1,1,1],[1,1,1,1,1,1,1],[1,1,1,1,1,1,1,1],[1,1,1,1,1,1,1],[1,1,1,1,1],[1,1],[1,1,1,1,1,1],[1],[1,1,1,1,1,1,1,1],[1,1,1],[1,1,1,1,1,1],[1,1,1],[1],[1,1],[1],[1,1,1],[1,1,1,1,1,1],[1,1,1,1,1],[1,1,1,1],[1,1,1],[1,1,1,1,1],[1,1],[1,1,1,1],[1,1,1,1,1,1],[1,1],[1,1,1,1,1,1,1,1,1,1],[1,1,1,1,1,1],[1,1,1,1,1,1,1,1,1,1],[1],[1,1,1],[],[1,1,1,1,1,1,1],[2,1,1,1,1],[1,1,1,1,1,1,1],[1,1,1,1,1],[1,1,1,1,1,1,1,1],[1,1,1,1,1,1],[1,1,1,1,1],[1,1,1,1,1,1,1,1,1],[1,1,1,1,1,1,1,1],[1,1,1,1,1,1],[1,1,1],[1,1,1,1,1,1],[1,1,1,1,1,1,1,1,1],[1,1,1,1,1,1],[1,1],[1,1,1,1],[1,1,1,1,1,1,1],[1,1],[1,1],[1,1,1,1,1,1,1],[1,1,1,1],[1,1],[1,1,1,1,1,1],[1,1,1,1,1,1,1,1,1],[1,1,1,1,1,1,1,1,1],[1,1,1],[1,1,1,1,1,1,1],[1,1,1,2],[1,1,1],[1,1,1,1],[1,1,1,1,1,1,1,1],[1,1,1,1],[1,1,1],[],[1,1,1],[1,1,1],[1,1,1,1,1,1],[1,1,1,1,1,1,1,1,1,1,1,1],[1,1,1],[1,1,1,1,1,1,1],[1,1,1,1,1,1,1,1,1],[1,1,1,1,1,1,1,1,1,1,1,1],[1,1,1,1],[1,1,1,1,1,1,1,1],[1,1,1,1,1,1],[1,1],[1,1,1,1,1,1],[1,1,1,1,1,1,1,1],[1,1,1,1,1,1],[1,1],[1,1,1,1],[],[1,1,1],[1,1,1,1,1],[1,1,1,1,1,1,1],[1,1,1,1,1],[1,1],[1,1,1,1],[1],[1,1,1,1],[1,1,1],[1,1,2,2],[1,1,1,1,1,1],[1,1,1],[1,1,1,1,1,1,1,1,1,1,1],[],[1,1,1,1,1,1,1,1,1],[1,1,1,1],[1,1,1],[1,1,1],[1,1,1,1,1],[1,1,1,1,1],[1,1,1],[1,1,1,1,1,1,1,1],[1,1,1,1,1],[1,1,1,1],[1],[1,1,1,1,1,1],[1,1,1,1,1,1,1],[1,1],[1,1,1,1],[1,1,1,1,1,1],[1,1,1,1,1,1],[1,1],[1,1,1,1,1,1,1,1,1],[1,1,1],[1,1,1,1,1,1,1,1,1,1],[1,1,1],[1,1],[1,1,1,1],[1,1],[1,1,1,1],[1,1,1,1,1,1,1,1],[1,1],[],[1,1,1,1],[1,1,1,1,1],[1,1,1,1],[1,1,1,1,1],[1,1],[1,1,1,1],[1,1,1],[1,1,1],[1,1],[1,1],[1,1,1],[1,1,1,1,1,1,1],[1],[1,1,1,1],[1,1,1,1,1,1],[1,1,1,1],[1,1,1,1,1,1],[1,1,1,1,1,1],[1,1,1,1,1,1,1,1],[1,1,1,1,1],[1,1,1],[1,1,1,1,1,1,1,1,1,1,1,1],[1,1,1,1,1],[1,1,1],[1,1,1,1],[1,1,1,1],[1,1,1,1],[1,1,1,1,1,1,1],[1,1,1,1,1],[2,2,1,1],[1,2],[1,1,1],[1,1,1,1,1],[1,1,1,1],[1,1],[],[1,1],[1],[1,1,1,1,1],[1,1],[1,1,1,1,1,1,1],[],[1,1],[1],[1,1,1,1,1,1,1,1,1],[1,1,1,1],[1,1,1,1,1],[1,1],[1,1],[1,1,1],[1,1,1],[1,1,1,1,1],[1,1,1,1],[1,1,1,1,1],[1],[1],[1,1,1,1,1,1],[1,1,1],[1,1,1],[1,1,1,1,1,1,1,1],[1],[],[1,1],[1,1],[1,1],[1,1],[1,1],[1,1,1,1,1],[1,1,1,1,1],[1,1,1,1],[1],[1],[1],[1,1,1,1],[1,1,1,1,1,1],[1],[1],[1,1],[1],[1,1],[1],[1,1,1,1],[1,1,1,1,1,1],[],[1,1]];

processingTimesRunnables = [14,14,11,13,10,7,14,15,5,11,15,5,10,10,7,9,4,16,13,14,8,9,16,16,10,7,8,16,12,10,6,15,11,13,5,12,13,17,13,12,13,15,8,13,6,11,12,11,10,11,10,13,13,13,15,5,13,12,16,11,11,6,10,11,8,9,14,12,12,15,14,12,6,11,11,11,11,11,13,17,14,12,9,12,16,11,16,12,12,13,13,9,6,11,13,9,10,12,14,5,11,10,12,7,9,11,11,13,7,13,15,4,12,13,16,11,10,7,13,12,12,10,13,11,12,10,9,14,8,13,8,16,12,10,11,12,13,12,15,5,11,12,17,14,10,13,16,11,13,11,13,16,5,10,13,14,10,13,11,11,12,11,13,11,10,6,10,11,12,9,15,8,12,13,12,15,12,10,17,9,7,9,13,14,12,14,14,14,15,11,9,14,13,5,4,12,10,13,12,6,9,11,13,15,4,13,11,12,14,13,9,8,7,13,12,12,13,10,17,15,12,8,7,16,13,8,13,6,13,9,11,10,12,13,11,11,12,7,13,12,13,5,10,13,10,4,10,12,13,16,10,12,10,11,13,12,5,12,12,13,13,10,13,8,12,8,11,13,12,12,5,10,11,6,15,11,11,11,6,10,10,14,11,11,7,7,9,13,13,10,11,13,12,12,10,12,10,9,7,8,11,16,16,14,13,11,7,8,10,13,11,12,12,8,12,9,13,10,4,14,7,12,13,4,14,11,12,14,14,13,13,10,8,9,8,15,12,12,7,13,4,12,13,15,13,9,15,13,8,11,11,8,11,13,10,12,10,13,10,6,8,10,14,10,10,9,12,15,16,5,14,10,11,13,11,11,13,9,12,13,16,5,8,12,11,15,15,8,6,9,6,15,14,14,15,13,10,6,12,12,11,12,13,6,13,6,11,11,17,4,6,15,5,9,9,13,10,7,10,14,7,12,15,11,11,13,8,12,12,13,11,7,11,6,6,13,9,13,12,4,12,12,11,14,13,8,11,6,16,9,13,4,16,6,13,6,10,12,5,6,15,12,13,9,10,14,9,11,7,8,10,14,12,6,13,12,5,5,12,10,14,14,11,14,8,12,13,13,10,12,11,11,11,13,8,15,11,8,10,15];

periods = [20000,20000,100000,10000,100000,5000,20000,20000,50000,10000,10000,100000,20000,100000,1000,10000,20000,100000,20000,10000,100000,20000,5000,100000,10000,10000,100000,100000,100000,100000,20000,50000,20000,10000,20000,20000,100000,1000,20000,20000,10000,100000,20000,20000,10000,20000,20000,10000,100000,20000,100000,20000,20000,100000,1000,100000,100000,20000,100000,5000,20000,100000,20000,100000,2000,20000,100000,10000,100000,20000,100000,20000,5000,20000,10000,10000,20000,20000,100000,20000,100000,20000,10000,10000,5000,10000,50000,20000,100000,10000,10000,50000,20000,20000,10000,20000,20000,10000,100000,10000,20000,20000,20000,10000,10000,100000,10000,10000,50000,100000,10000,20000,10000,20000,20000,100000,100000,10000,100000,100000,10000,10000,50000,20000,10000,10000,10000,10000,100000,100000,10000,20000,10000,100000,20000,10000,2000,10000,10000,100000,10000,20000,10000,100000,10000,10000,10000,10000,20000,100000,100000,20000,20000,100000,100000,20000,100000,100000,10000,100000,100000,100000,20000,10000,2000,10000,2000,5000,100000,20000,10000,20000,20000,100000,10000,10000,20000,10000,20000,20000,100000,100000,50000,10000,10000,20000,20000,10000,20000,50000,100000,20000,100000,20000,10000,20000,100000,20000,100000,10000,20000,20000,20000,10000,20000,10000,10000,20000,20000,100000,100000,10000,20000,100000,20000,100000,20000,100000,20000,5000,100000,100000,10000,100000,10000,100000,20000,1000,10000,100000,20000,20000,10000,10000,50000,10000,10000,10000,10000,100000,20000,100000,20000,100000,5000,100000,20000,10000,100000,20000,100000,20000,20000,10000,20000,1000,20000,100000,100000,20000,20000,20000,100000,10000,10000,100000,10000,20000,10000,20000,100000,20000,10000,10000,5000,10000,20000,20000,10000,20000,20000,20000,100000,100000,100000,10000,10000,20000,20000,10000,10000,100000,5000,20000,10000,20000,5000,100000,20000,10000,100000,20000,100000,100000,20000,20000,100000,20000,2000,10000,20000,100000,2000,20000,2000,20000,100000,100000,10000,50000,100000,20000,10000,10000,100000,100000,100000,100000,20000,50000,100000,20000,20000,10000,100000,20000,100000,10000,1000,100000,10000,20000,10000,10000,1000,10000,100000,20000,10000,1000,10000,20000,10000,20000,20000,100000,10000,20000,10000,10000,100000,1000,10000,10000,10000,20000,10000,10000,50000,10000,20000,10000,20000,10000,10000,100000,100000,20000,20000,50000,10000,100000,100000,10000,20000,20000,20000,10000,10000,50000,20000,20000,2000,1000,20000,20000,1000,10000,20000,10000,50000,20000,10000,100000,10000,10000,10000,20000,100000,20000,20000,20000,100000,10000,20000,100000,20000,100000,5000,50000,20000,100000,5000,100000,10000,20000,10000,20000,100000,100000,20000,10000,20000,20000,1000,20000,10000,1000,20000,100000,100000,10000,1000,100000,100000,100000,10000,10000,20000,100000,1000,5000,100000,50000,10000,10000,100000,20000,20000,100000,100000,100000,1000,10000,5000,20000,10000,20000,20000,100000,10000,100000,1000,10000,10000,100000,20000,10000,20000,10000,10000,2000,10000,100000,10000,10000,20000,10000,20000,100000,10000,50000,20000,100000,100000,10000,100000,2000,10000,10000];

communicationTimeForOrderCriticalMessages = [1,1,1,1,1,1,1,1,1,1,1,1,1,1,1,1,1,1,1,2,1,1,1,1,1,1,1,1,1,1,1,1,1,1,1,1,1,1,1,1,1,1,1,1,1,1,1,1,1,1,1,1,2,1,1,1,1,1,1,1,1,1,1,1,1,1,2,1,1,1,1,1,1,1,1,1,1,1,1,1,1,1,1,1,1,1,1,1,1,1,1,1,1,1,1,1,1,1,1,1,1,1,1,1,1,1,1,1,1,1,1,1,1,1,1,1,1,1,1,1,1,1,1,1,1,1,1,1,1,1,1,1,1,1,1,1,1,1,1,1,1,1,1,1,1];

sizeOfRunnables = [1360,1365,1075,1223,978,615,1383,1415,460,1035,1453,405,948,990,678,835,400,1523,1220,1365,715,830,1545,1583,948,663,775,1530,1173,945,585,1490,1028,1203,460,1145,1210,1605,1300,1125,1280,1475,710,1275,563,1038,1148,1008,983,1083,970,1275,1293,1223,1405,488,1268,1105,1503,1053,1040,580,983,1005,750,805,1323,1170,1188,1433,1365,1173,555,1003,1090,1075,1028,1008,1298,1615,1335,1163,853,1118,1523,1008,1583,1105,1200,1285,1263,803,600,1083,1275,900,938,1133,1393,438,1065,978,1170,700,873,1098,1005,1253,663,1268,1480,393,1128,1225,1595,1088,953,645,1240,1135,1148,983,1253,1045,1135,985,803,1305,708,1270,775,1523,1188,915,1005,1173,1285,1188,1410,483,1030,1165,1615,1318,968,1275,1593,1050,1275,1058,1215,1563,483,953,1268,1365,985,1275,1058,1035,1143,1095,1293,1088,998,533,978,1045,1170,803,1405,710,1118,1280,1185,1490,1128,938,1610,878,633,895,1245,1345,1148,1398,1355,1318,1480,1040,855,1360,1263,475,398,1128,908,1290,1150,515,863,1010,1215,1463,378,1210,1065,1133,1340,1210,803,773,683,1280,1110,1180,1248,998,1620,1463,1165,758,618,1550,1223,750,1253,505,1225,893,1028,983,1118,1268,1053,1030,1155,645,1290,1155,1290,420,978,1210,990,378,908,1118,1248,1560,968,1170,975,1028,1218,1178,430,1178,1143,1240,1268,1000,1258,765,1105,768,1035,1253,1133,1128,460,905,1020,528,1498,1075,1038,1068,505,940,953,1400,1045,1038,633,648,815,1260,1203,960,1028,1203,1128,1135,960,1140,948,815,645,730,1065,1563,1535,1303,1245,1048,645,708,993,1218,1090,1163,1138,780,1155,855,1215,978,400,1323,670,1180,1290,375,1378,1068,1185,1383,1378,1218,1205,950,768,855,738,1498,1178,1135,615,1285,378,1133,1278,1410,1225,895,1415,1258,765,1035,1043,790,1005,1298,963,1163,1000,1248,990,515,775,1000,1335,948,960,830,1103,1448,1595,450,1360,953,1050,1245,1045,1023,1220,825,1185,1253,1545,495,708,1148,1045,1475,1458,738,540,880,548,1463,1308,1308,1470,1255,948,543,1135,1148,1065,1103,1233,555,1203,593,1073,1015,1615,378,588,1470,435,873,885,1215,975,698,983,1303,610,1120,1415,1095,1088,1280,743,1155,1160,1275,1023,670,1015,535,518,1260,880,1208,1103,400,1118,1155,1008,1323,1240,713,1015,593,1593,893,1223,385,1573,543,1223,565,940,1133,435,560,1405,1173,1230,885,983,1350,843,1043,678,793,955,1398,1125,595,1233,1185,498,498,1110,918,1308,1400,1053,1365,713,1178,1203,1275,918,1118,1035,1043,1065,1298,798,1470,1083,775,943,1465];

SenderLabelReceiverOrderCriticalChains = [[226,1758,0,0,472],[472,3877,0,0,321],[442,799,0,0,141],[141,1447,0,0,131],[392,1304,0,0,66],[66,3636,0,0,250],[250,2071,0,0,270],[420,3330,0,0,380],[380,3292,0,0,123],[123,1129,0,0,32],[497,3819,0,0,71],[71,3657,0,0,218],[316,2838,0,0,411],[411,2213,0,0,142],[416,3226,0,0,404],[404,327,1326,0,326],[326,1485,0,0,240],[217,3628,0,0,411],[411,92,0,0,201],[277,602,0,0,305],[305,1697,0,0,94],[94,371,0,0,44],[388,3378,0,0,456],[456,1476,0,0,229],[229,429,0,0,381],[370,840,0,0,25],[25,2562,0,0,34],[34,2104,0,0,324],[121,640,0,0,346],[346,426,0,0,26],[26,2825,0,0,456],[456,2322,0,0,464],[200,2221,0,0,237],[237,577,0,0,159],[159,471,0,0,389],[205,2164,0,0,102],[102,3437,0,0,459],[418,2116,0,0,321],[321,2810,0,0,57],[57,1889,0,0,246],[340,1376,0,0,218],[218,1068,0,0,413],[63,3147,0,0,40],[40,3606,0,0,205],[216,3877,0,0,27],[27,3836,0,0,222],[222,3329,0,0,71],[71,3982,0,0,450],[79,1178,0,0,18],[18,3997,0,0,490],[239,992,0,0,406],[406,2881,0,0,133],[133,2586,0,0,229],[229,135,0,0,375],[8,2014,0,0,52],[52,675,0,0,391],[391,198,0,0,333],[92,3709,0,0,390],[390,3584,0,0,87],[86,2919,0,0,300],[300,3154,0,0,128],[128,3089,0,0,341],[341,3332,0,0,223],[489,2267,0,0,58],[58,463,0,0,260],[158,387,0,0,382],[382,1349,0,0,199],[199,3853,0,0,224],[224,1885,0,0,301],[351,3637,0,0,471],[471,1299,0,0,118],[193,3616,0,0,67],[67,526,0,0,284],[153,120,0,0,63],[63,687,0,0,322],[275,3287,0,0,465],[465,3623,0,0,23],[23,795,0,0,419],[419,557,0,0,168],[248,2257,3117,0,488],[488,3098,0,0,48],[261,3931,0,0,227],[227,364,0,0,93],[93,1511,0,0,250],[186,346,0,0,277],[277,23,0,0,288],[288,3526,0,0,192],[100,2028,0,0,464],[464,3872,0,0,480],[480,2132,0,0,122],[122,232,0,0,425],[179,2353,0,0,261],[261,3780,0,0,314],[314,3582,0,0,280],[280,1107,0,0,272],[188,941,0,0,478],[478,1519,0,0,357],[357,2101,0,0,111],[70,2700,0,0,358],[358,1657,0,0,132],[132,769,0,0,352],[352,2242,0,0,277],[446,445,0,0,240],[240,926,0,0,157],[108,3324,0,0,432],[432,782,0,0,139],[139,846,1101,0,295],[295,917,0,0,310],[484,2969,0,0,298],[298,3377,0,0,130],[374,2083,0,0,41],[41,2034,3609,0,45],[45,2034,0,0,273],[273,271,0,0,84],[348,1408,0,0,468],[468,3379,0,0,94],[336,3146,0,0,208],[208,3276,0,0,395],[395,3853,0,0,250],[250,553,0,0,355],[452,1291,0,0,275],[275,644,0,0,423],[443,53,0,0,397],[397,3675,0,0,463],[463,636,0,0,435],[435,2845,0,0,228],[164,3951,0,0,279],[279,559,0,0,239],[239,2417,0,0,486],[482,3198,0,0,65],[65,960,3192,3240,137],[137,1231,3158,0,309],[184,1569,0,0,357],[357,2054,3912,0,274],[274,147,0,0,290],[61,611,0,0,395],[395,431,0,0,1],[1,1859,0,0,243],[243,3316,0,0,88],[172,1202,0,0,231],[231,1728,0,0,449],[449,3030,0,0,322],[296,2785,0,0,308],[308,2319,0,0,82],[82,1062,0,0,392]];

SenderLabelReceiverNonOrderCriticalChains = [[1,614,2],[1,1426,112],[1,1426,53],[1,1859,243],[1,1859,370],[1,2773,349],[1,3062,468],[1,3531,149],[1,3531,252],[1,3531,60],[1,3531,135],[1,3576,274],[1,3576,489],[2,514,355],[2,1426,112],[2,1426,53],[2,2430,145],[2,3115,8],[2,3115,327],[2,3115,48],[2,3730,13],[2,3730,346],[3,971,14],[3,971,27],[3,971,386],[3,1825,21],[3,2006,56],[3,2904,5],[3,2904,297],[3,2904,386],[3,2978,224],[3,3810,249],[4,624,79],[4,624,338],[4,1973,320],[4,2725,262],[4,2725,10],[4,2807,185],[4,3689,400],[4,3942,158],[5,1224,247],[5,3219,12],[5,3893,321],[6,206,275],[6,486,10],[6,2654,210],[6,2654,176],[6,3235,497],[6,3235,297],[6,3872,85],[6,3872,480],[7,434,181],[7,434,459],[7,479,252],[7,479,396],[7,930,8],[7,1039,232],[7,2545,473],[7,2545,152],[7,3194,276],[7,3194,419],[7,3363,8],[8,1702,290],[8,1702,373],[8,1805,13],[8,2014,52],[8,3867,500],[8,3867,68],[9,749,379],[9,749,274],[9,822,190],[9,822,194],[9,3189,320],[9,3208,32],[9,3931,123],[9,3931,227],[10,1206,145],[10,1661,11],[10,1661,286],[10,2871,185],[10,3581,82],[10,3581,435],[11,944,382],[11,1235,16],[11,2553,343],[11,2609,370],[11,2609,119],[12,1109,124],[12,1109,423],[12,1646,446],[12,2590,14],[12,2590,412],[12,3357,116],[12,3357,485],[12,3559,21],[12,3559,200],[13,1751,143],[13,1751,231],[13,2742,17],[14,1666,21],[14,2478,234],[14,2478,328],[14,2478,399],[14,3364,445],[14,3779,42],[15,373,30],[15,373,256],[15,1241,195],[15,1241,416],[15,1885,55],[15,1885,301],[15,1885,324],[15,2347,38],[15,3532,55],[15,3832,182],[16,1079,219],[16,2569,41],[16,2683,178],[16,2828,273],[16,2828,244],[17,711,19],[17,1288,52],[17,1288,236],[17,2343,155],[17,2343,75],[17,2897,33],[17,3996,201],[18,569,249],[18,579,75],[18,887,499],[18,2495,24],[18,3500,134],[18,3500,234],[18,3997,202],[18,3997,444],[18,3997,490],[19,650,342],[19,1555,231],[19,1992,184],[19,2125,366],[19,2774,22],[20,126,319],[20,1472,269],[20,1729,223],[20,1729,474],[20,2321,354],[20,3227,323],[20,3227,195],[20,3234,25],[20,3234,45],[20,3631,388],[21,1651,179],[21,1651,405],[21,1651,491],[21,3138,249],[21,3450,254],[21,3450,24],[21,3450,150],[21,3450,428],[22,1161,179],[22,1530,33],[22,1530,380],[22,1530,450],[22,1890,98],[22,1890,428],[22,1890,386],[22,2822,311],[22,3597,379],[23,296,433],[23,565,155],[23,795,278],[23,795,419],[23,1522,452],[23,2571,423],[23,2904,5],[23,2904,297],[23,2904,386],[23,3531,149],[23,3531,252],[23,3531,60],[23,3531,135],[24,356,347],[24,1257,307],[24,2258,462],[24,3744,54],[25,150,245],[25,1398,406],[25,2562,34],[25,2837,239],[25,3486,43],[26,2440,157],[26,2825,123],[26,2825,456],[26,2878,262],[26,3234,25],[26,3234,45],[27,965,478],[27,965,259],[27,965,484],[27,1764,308],[27,1764,78],[27,3836,142],[27,3836,222],[27,3836,431],[27,3836,157],[28,67,225],[28,353,67],[28,353,184],[28,764,26],[28,2629,57],[28,3999,30],[29,5,88],[29,5,362],[29,32,221],[29,168,121],[29,168,431],[29,645,16],[29,645,360],[29,3156,42],[29,3452,209],[30,707,335],[30,1188,422],[30,3580,56],[31,180,72],[31,440,61],[31,522,168],[31,965,478],[31,965,259],[31,965,484],[31,2328,199],[31,2328,53],[31,2682,308],[32,865,401],[32,1886,17],[32,1886,401],[32,3435,174],[33,127,203],[33,1845,47],[33,1845,468],[33,2118,58],[33,2118,227],[33,2205,35],[33,2205,287],[33,2848,177],[33,2848,246],[33,3740,486],[34,988,485],[34,988,138],[34,1001,29],[34,2104,324],[34,2373,254],[34,2945,76],[34,3813,472],[34,3813,198],[35,136,354],[35,2033,166],[35,2058,69],[35,3043,427],[35,3466,40],[36,208,234],[36,633,114],[36,821,323],[36,1583,40],[36,1583,418],[36,1647,264],[36,2172,135],[36,2172,32],[36,2172,397],[36,3870,162],[36,3870,110],[36,3870,332],[37,443,88],[37,1977,424],[37,2806,125],[37,2931,120],[37,3014,162],[37,3280,316],[37,3280,56],[38,1788,263],[38,1788,152],[38,2600,451],[38,2854,55],[38,2854,67],[38,2873,339],[38,3359,451],[39,231,78],[39,231,230],[39,524,115],[39,524,368],[39,524,265],[39,524,496],[39,1308,43],[39,2309,418],[39,2901,339],[39,2901,212],[39,2904,5],[39,2904,297],[39,2904,386],[39,3612,190],[39,3612,449],[40,500,281],[40,784,341],[40,3606,205],[40,3732,46],[41,104,447],[41,104,451],[41,496,387],[41,1497,50],[41,2034,273],[41,2034,233],[41,2315,134],[41,3609,45],[42,266,199],[42,911,56],[42,920,151],[42,1036,171],[42,1036,119],[42,1367,320],[43,13,289],[43,406,95],[43,406,253],[43,1890,98],[43,1890,428],[43,1890,386],[43,3801,163],[44,172,309],[44,940,386],[44,1804,46],[44,2016,273],[44,2358,190],[44,2358,227],[44,3097,70],[44,3446,342],[45,371,341],[45,371,44],[45,1034,459],[45,2034,273],[45,2034,233],[45,2529,256],[45,2529,413],[45,2529,76],[45,2529,178],[45,3115,8],[45,3115,327],[45,3115,48],[46,262,96],[46,1625,82],[46,1682,58],[46,1682,484],[46,2989,309],[46,3434,135],[47,1431,428],[47,1509,97],[47,1509,447],[47,3537,458],[47,3598,463],[47,3598,149],[48,748,98],[48,1142,156],[48,1142,68],[48,2549,233],[48,3768,117],[49,1399,31],[49,1543,324],[49,2086,179],[49,2967,476],[50,1332,201],[50,1703,114],[50,2169,250],[50,2169,381],[50,2455,72],[50,3545,198],[50,3693,386],[51,159,161],[51,399,404],[51,1474,69],[51,1474,474],[51,2012,267],[51,2012,463],[51,2012,299],[51,2716,347],[51,2912,54],[51,2912,480],[52,448,410],[52,448,53],[52,675,161],[52,675,249],[52,675,391],[52,1885,55],[52,1885,301],[52,1885,324],[52,3993,84],[53,14,255],[53,1153,327],[53,1153,190],[53,1153,272],[53,1153,297],[53,2124,124],[53,2927,78],[53,2979,307],[54,1065,248],[54,2299,117],[54,3900,81],[55,2596,350],[55,2657,443],[55,3491,390],[55,3969,331],[55,3969,82],[55,3969,256],[56,781,318],[56,1443,419],[57,596,64],[57,596,479],[57,916,380],[57,1369,197],[57,1889,449],[57,1889,246],[57,1995,185],[57,3570,377],[58,463,260],[58,1229,318],[58,2896,77],[58,3320,149],[59,125,191],[59,125,174],[59,1366,3],[59,1366,62],[59,2721,346],[59,3450,254],[59,3450,24],[59,3450,150],[59,3450,428],[59,3946,490],[60,1104,85],[60,1419,356],[60,1939,85],[60,2815,404],[60,2900,337],[60,2900,431],[60,2900,293],[60,3194,276],[60,3194,419],[61,611,395],[61,611,424],[61,1179,224],[61,1179,473],[61,1179,447],[61,2701,102],[61,2701,496],[61,3627,496],[61,3697,481],[61,3847,276],[62,46,88],[62,348,424],[62,1506,482],[62,2338,110],[62,2338,124],[62,2654,210],[62,2654,176],[63,286,215],[63,286,151],[63,436,5],[63,436,204],[63,687,322],[63,1974,489],[63,3147,40],[63,3147,476],[63,3431,311],[64,992,79],[64,992,406],[64,1098,276],[64,1098,232],[64,1098,180],[64,1221,356],[64,1250,150],[64,1250,230],[64,1607,457],[64,3322,116],[64,3510,154],[64,3510,224],[65,793,139],[65,793,173],[65,793,260],[65,960,137],[65,960,144],[65,3192,137],[65,3240,141],[65,3240,137],[65,3342,493],[66,451,193],[66,451,80],[66,1727,9],[66,1846,386],[66,1898,28],[66,1898,86],[66,2898,262],[66,3303,194],[66,3636,250],[67,526,284],[67,1247,464],[67,1247,287],[67,1247,303],[67,3922,160],[68,385,372],[68,2639,252],[68,3770,145],[68,3770,190],[69,606,302],[69,2466,130],[69,2928,298],[69,2976,120],[69,3455,129],[69,3836,142],[69,3836,222],[69,3836,431],[69,3836,157],[70,375,247],[70,624,79],[70,624,338],[70,1228,153],[70,1236,198],[70,2700,196],[70,2700,358],[71,721,212],[71,1078,144],[71,3657,218],[71,3982,238],[71,3982,450],[71,3982,454],[72,744,411],[72,1949,96],[72,2023,433],[72,2805,417],[72,2840,408],[73,483,10],[73,626,168],[73,1425,101],[73,1425,245],[73,2732,293],[73,3766,457],[73,3766,275],[74,878,352],[74,1090,354],[74,1866,152],[74,2577,336],[74,2592,169],[74,3457,81],[74,3684,202],[75,1729,223],[75,1729,474],[75,1968,83],[75,1968,397],[75,2236,117],[75,2236,49],[75,2334,499],[75,3221,281],[75,3983,188],[75,3983,354],[76,275,429],[76,283,398],[76,1328,159],[76,1579,143],[76,1712,83],[76,3982,238],[76,3982,450],[76,3982,454],[77,91,246],[77,249,194],[77,249,328],[77,1063,426],[77,3405,346],[77,3783,49],[78,263,289],[78,477,108],[78,3025,425],[78,3549,500],[78,3549,11],[79,1178,18],[79,1338,222],[79,1338,191],[79,1338,106],[79,1533,202],[79,1533,115],[79,2957,303],[80,634,373],[80,1425,101],[80,1425,245],[80,1580,293],[80,2521,366],[80,2521,89],[80,3666,202],[81,2597,258],[81,2900,337],[81,2900,431],[81,2900,293],[81,3450,254],[81,3450,24],[81,3450,150],[81,3450,428],[81,3690,151],[81,3729,13],[81,3729,220],[82,1062,243],[82,1062,392],[82,1938,300],[82,1938,11],[82,2012,267],[82,2012,463],[82,2012,299],[82,2094,466],[83,1036,171],[83,1036,119],[83,1604,369],[83,3075,289],[83,3972,51],[83,3972,98],[83,3972,239],[84,350,104],[84,689,253],[84,689,29],[84,1409,397],[84,1409,400],[84,3622,148],[84,3755,30],[84,3755,409],[85,1306,19],[85,3628,355],[85,3628,411],[86,454,90],[86,1377,126],[86,1377,312],[86,1833,338],[86,1955,104],[86,2919,254],[86,2919,300],[86,3741,372],[86,3741,378],[87,377,205],[87,793,139],[87,793,173],[87,793,260],[87,934,38],[87,934,183],[87,1950,380],[87,2229,123],[87,2297,92],[87,3596,369],[88,10,97],[88,2614,455],[88,3526,192],[88,3526,208],[89,4,360],[89,96,467],[89,1038,457],[89,1961,259],[89,2151,149],[89,2201,181],[89,3005,472],[89,3005,320],[90,227,100],[90,235,438],[90,986,346],[90,1348,443],[90,2431,268],[90,2741,372],[90,2741,425],[90,4000,349],[91,618,461],[91,822,190],[91,822,194],[91,1123,95],[91,1841,222],[91,1841,237],[91,2245,181],[91,3441,356],[91,3441,141],[92,276,109],[92,1293,190],[92,1566,320],[92,2358,190],[92,2358,227],[92,3709,390],[92,3867,500],[92,3867,68],[92,3982,238],[92,3982,450],[92,3982,454],[93,912,185],[93,1010,248],[93,1010,304],[93,1388,143],[93,1388,170],[93,1511,250],[93,1585,125],[93,1993,192],[93,1993,176],[93,2012,267],[93,2012,463],[93,2012,299],[94,371,341],[94,371,44],[94,1042,180],[94,1042,249],[94,1211,213],[94,1211,412],[94,2499,101],[95,1330,491],[95,1675,496],[95,2324,211],[95,3131,370],[95,3357,116],[95,3357,485],[95,3663,113],[96,1352,156],[96,1366,3],[96,1366,62],[96,1429,197],[96,1768,37],[96,3345,198],[96,3345,477],[96,3726,467],[96,3726,97],[97,976,108],[97,2338,110],[97,2338,124],[97,2439,202],[97,2439,301],[97,2439,278],[97,2469,288],[97,2469,359],[97,2534,250],[98,1409,397],[98,1409,400],[98,1941,100],[98,3179,74],[99,1392,181],[99,1554,295],[99,1572,266],[99,1572,409],[99,2188,120],[99,2478,234],[99,2478,328],[99,2478,399],[99,3544,307],[100,555,111],[100,2028,464],[100,2848,177],[100,2848,246],[100,2907,364],[100,2907,458],[100,3393,284],[101,406,95],[101,406,253],[101,1683,12],[101,2555,112],[101,2555,145],[101,2868,71],[101,2970,202],[102,428,270],[102,428,433],[102,544,173],[102,3437,459],[102,3531,149],[102,3531,252],[102,3531,60],[102,3531,135],[102,3870,162],[102,3870,110],[102,3870,332],[103,110,113],[103,515,119],[103,515,305],[103,829,144],[103,1793,446],[103,1793,391],[103,1915,411],[103,2484,246],[103,2564,332],[103,2669,285],[103,2669,440],[103,2669,428],[104,492,113],[104,984,438],[104,984,389],[104,1609,113],[104,2845,465],[104,2845,228],[104,2929,123],[104,2929,302],[105,449,111],[105,449,277],[105,1068,118],[105,1068,413],[105,1237,375],[105,2505,338],[105,3121,446],[105,3121,118],[105,3288,354],[105,3658,154],[105,3658,267],[105,3658,414],[105,3658,109],[106,11,158],[106,243,180],[106,243,393],[106,243,209],[106,397,22],[106,397,259],[106,397,472],[106,397,296],[106,397,499],[106,515,119],[106,515,305],[106,966,191],[106,1350,140],[106,3842,491],[107,39,320],[107,230,302],[107,392,486],[107,392,233],[107,1058,27],[107,1083,372],[107,1241,195],[107,1241,416],[107,1478,126],[107,2067,456],[107,2067,410],[108,277,207],[108,279,474],[108,279,80],[108,279,429],[108,1744,225],[108,2182,59],[108,2182,7],[108,2182,146],[108,3324,217],[108,3324,432],[108,3324,112],[109,177,330],[109,388,449],[109,1153,327],[109,1153,190],[109,1153,272],[109,1153,297],[109,2228,247],[109,2228,401],[109,2342,334],[109,2342,35],[110,88,151],[110,1343,476],[110,2756,479],[110,3176,222],[110,3285,377],[110,3738,151],[111,2066,56],[111,2182,59],[111,2182,7],[111,2182,146],[111,2820,376],[111,2903,126],[111,3093,169],[112,1530,33],[112,1530,380],[112,1530,450],[112,2281,204],[112,2281,412],[112,2566,115],[113,452,138],[113,1284,374],[113,2613,400],[113,2613,391],[113,3020,138],[114,3244,276],[114,3244,339],[114,3646,99],[114,3721,486],[114,3721,366],[115,989,477],[115,1388,143],[115,1388,170],[115,1827,132],[115,3197,352],[115,3668,180],[116,34,129],[116,161,218],[116,161,417],[116,473,154],[116,473,100],[116,2738,404],[116,3090,413],[116,3934,193],[117,66,335],[117,66,458],[117,434,181],[117,434,459],[117,1473,224],[117,3259,415],[117,3259,383],[117,3969,331],[117,3969,82],[117,3969,256],[118,1638,138],[118,1791,314],[118,1811,145],[118,2901,339],[118,2901,212],[118,3250,149],[119,464,424],[119,923,445],[119,923,159],[119,1537,386],[119,2048,155],[119,3284,226],[120,1015,453],[120,2253,411],[120,3103,134],[120,3103,429],[120,3103,334],[121,640,346],[121,2613,400],[121,2613,391],[121,2628,52],[121,2884,445],[121,3238,337],[121,3238,427],[121,3238,293],[121,3656,185],[121,3962,171],[122,232,425],[122,436,5],[122,436,204],[122,576,331],[122,1679,475],[122,1935,200],[122,2482,251],[122,3274,464],[123,538,183],[123,1129,32],[123,1129,497],[123,3728,436],[123,3728,269],[124,790,55],[124,1432,127],[124,1468,311],[124,2241,15],[124,2241,49],[125,1709,133],[125,1859,243],[125,1859,370],[125,1886,17],[125,1886,401],[125,2135,128],[125,2135,421],[125,3658,154],[125,3658,267],[125,3658,414],[125,3658,109],[126,1159,236],[126,1159,27],[126,1159,477],[126,1751,143],[126,1751,231],[126,2055,12],[126,3024,194],[126,3024,136],[126,3888,171],[127,761,162],[127,761,290],[127,761,225],[127,839,131],[127,1098,276],[127,1098,232],[127,1098,180],[127,1693,164],[127,2015,270],[127,2015,133],[127,2715,300],[127,2715,435],[128,793,139],[128,793,173],[128,793,260],[128,1247,464],[128,1247,287],[128,1247,303],[128,2448,181],[128,2514,403],[128,2852,94],[128,3089,341],[129,243,180],[129,243,393],[129,243,209],[129,693,296],[129,1685,140],[129,2464,332],[129,2783,422],[129,3206,312],[130,410,443],[130,888,269],[130,1111,201],[130,2563,379],[130,3658,154],[130,3658,267],[130,3658,414],[130,3658,109],[131,323,3],[131,323,471],[131,1911,148],[131,2217,32],[131,3262,219],[132,769,352],[132,1970,215],[132,2241,15],[132,2241,49],[132,2609,370],[132,2609,119],[132,3523,305],[132,3523,492],[132,3523,120],[133,712,221],[133,712,31],[133,786,184],[133,2227,219],[133,2586,26],[133,2586,229],[133,2908,228],[133,2908,368],[134,279,474],[134,279,80],[134,279,429],[134,326,102],[134,1898,28],[134,1898,86],[134,3175,155],[134,3698,283],[135,1798,120],[135,2052,254],[135,2052,68],[135,2607,249],[135,2607,303],[135,2607,410],[135,2761,45],[135,2761,170],[135,3243,202],[136,102,384],[136,397,22],[136,397,259],[136,397,472],[136,397,296],[136,397,499],[136,1185,342],[136,1938,300],[136,1938,11],[136,2007,169],[136,3835,138],[137,705,304],[137,705,313],[137,705,487],[137,1231,309],[137,1599,393],[137,1599,492],[137,2343,155],[137,2343,75],[137,3158,309],[138,389,141],[138,389,306],[138,3658,154],[138,3658,267],[138,3658,414],[138,3658,109],[138,3712,353],[138,3712,478],[139,813,146],[139,846,295],[139,1101,295],[139,2208,209],[140,642,47],[140,943,434],[140,1731,132],[140,1731,423],[140,2037,151],[140,2410,190],[140,3324,217],[140,3324,432],[140,3324,112],[141,458,264],[141,1447,131],[141,2289,79],[141,2494,56],[142,1126,361],[142,2747,156],[142,2747,112],[142,3103,134],[142,3103,429],[142,3103,334],[143,353,67],[143,353,184],[143,1167,242],[143,1616,492],[143,2632,28],[143,2838,379],[143,2838,411],[144,261,460],[144,427,142],[144,427,231],[144,1707,295],[144,2267,445],[144,2267,58],[144,3857,199],[145,1456,267],[145,2712,350],[145,2712,421],[146,241,159],[146,605,276],[146,749,379],[146,749,274],[146,1873,388],[147,17,388],[147,575,157],[147,575,130],[147,575,414],[147,575,289],[147,651,488],[147,768,163],[147,1010,248],[147,1010,304],[147,1204,207],[147,3268,142],[148,251,37],[148,1349,199],[148,1349,447],[148,1765,268],[148,3721,486],[148,3721,366],[148,3731,347],[149,269,359],[149,941,478],[149,941,333],[149,1422,170],[150,164,453],[150,164,475],[150,286,215],[150,286,151],[150,510,326],[150,1829,422],[150,2327,131],[150,2828,273],[150,2828,244],[151,2528,160],[151,3473,174],[152,961,172],[152,1470,299],[152,3807,192],[153,120,63],[153,120,383],[153,619,275],[153,957,145],[153,2529,256],[153,2529,413],[153,2529,76],[153,2529,178],[153,2795,179],[153,2968,179],[153,3554,420],[154,3997,202],[154,3997,444],[154,3997,490],[155,3758,268],[155,3758,374],[155,3971,249],[156,1904,377],[156,2786,60],[156,2791,390],[156,3556,393],[156,3556,219],[157,1179,224],[157,1179,473],[157,1179,447],[157,1668,213],[157,1668,176],[158,387,382],[158,1810,312],[158,2408,340],[158,3439,335],[158,3770,145],[158,3770,190],[158,3984,395],[158,3984,174],[158,3984,363],[159,471,389],[159,471,434],[159,964,15],[159,964,372],[159,2508,403],[160,125,191],[160,125,174],[160,645,16],[160,645,360],[160,1338,222],[160,1338,191],[160,1338,106],[160,2269,218],[160,2555,112],[160,2555,145],[161,1022,263],[161,1169,218],[161,1968,83],[161,1968,397],[161,3392,304],[161,3699,318],[162,1731,132],[162,1731,423],[162,1857,313],[162,1857,363],[162,2439,202],[162,2439,301],[162,2439,278],[163,1584,201],[163,3153,109],[163,3510,154],[163,3510,224],[163,3683,262],[163,3800,51],[163,3800,70],[164,1781,28],[164,3283,471],[164,3458,465],[164,3753,384],[164,3753,452],[164,3809,114],[164,3951,279],[165,243,180],[165,243,393],[165,243,209],[165,812,477],[165,1099,255],[165,1099,159],[165,1107,167],[165,1107,272],[165,2875,315],[165,3306,327],[165,3477,500],[166,294,176],[166,659,14],[166,1288,52],[166,1288,236],[166,2920,406],[166,3063,274],[166,3645,350],[167,394,19],[167,394,381],[167,1894,309],[167,2004,156],[167,2004,302],[167,2004,424],[167,2045,6],[167,2890,182],[167,3293,58],[167,3479,20],[168,913,301],[168,913,220],[168,960,137],[168,960,144],[168,2098,335],[168,2098,295],[168,3753,384],[168,3753,452],[168,3820,67],[169,2323,249],[169,2556,487],[169,3767,316],[169,3767,392],[169,3839,222],[169,3902,266],[169,3902,394],[170,291,198],[170,397,22],[170,397,259],[170,397,472],[170,397,296],[170,397,499],[170,1062,243],[170,1062,392],[170,2515,179],[170,3489,415],[171,1042,180],[171,1042,249],[171,3347,290],[171,3515,314],[171,3812,437],[172,1202,231],[172,1428,34],[172,1428,351],[172,2252,303],[172,2850,334],[172,2850,428],[172,3024,194],[172,3024,136],[172,3145,311],[173,1552,412],[173,1552,304],[173,1614,187],[173,1614,148],[173,1694,439],[173,2130,9],[173,2770,360],[173,3174,273],[174,80,378],[174,1485,240],[174,1485,236],[174,1690,191],[174,2291,191],[175,621,297],[175,1262,5],[175,1534,188],[175,1641,247],[175,1702,290],[175,1702,373],[175,2662,488],[175,3341,295],[176,131,177],[176,231,78],[176,231,230],[176,448,410],[176,448,53],[176,2169,250],[176,2169,381],[177,516,415],[177,1688,246],[177,2419,204],[177,2647,263],[177,2647,466],[177,3022,194],[178,1116,198],[178,1305,425],[178,1385,412],[178,2242,18],[178,2242,277],[178,3991,204],[179,2353,261],[179,3278,232],[179,3278,246],[180,735,352],[180,2024,227],[180,2581,219],[181,229,325],[181,2472,182],[182,198,190],[182,198,333],[182,2363,214],[182,2759,193],[182,3300,210],[183,597,369],[183,1525,235],[183,1525,361],[183,2424,320],[183,2950,330],[183,3315,380],[184,1362,223],[184,1569,357],[184,2018,79],[184,2167,334],[184,3769,195],[185,383,225],[185,397,22],[185,397,259],[185,397,472],[185,397,296],[185,397,499],[185,1488,214],[186,346,277],[186,346,385],[186,536,312],[186,1272,336],[186,1272,421],[186,1653,389],[186,2286,294],[186,3905,192],[186,3905,214],[187,1818,283],[187,1818,48],[187,1951,250],[187,1951,488],[187,2865,251],[187,3421,4],[187,3450,254],[187,3450,24],[187,3450,150],[187,3450,428],[188,941,478],[188,941,333],[188,1138,351],[188,1560,353],[188,1560,391],[188,1988,329],[188,2027,432],[188,2755,195],[189,146,178],[189,427,142],[189,427,231],[189,1249,430],[189,1249,247],[189,1249,209],[189,1901,358],[189,2725,262],[189,2725,10],[189,2916,415],[189,2916,500],[189,3152,379],[191,1250,150],[191,1250,230],[191,1279,171],[191,3973,488],[192,3059,470],[192,3373,466],[192,3373,253],[193,685,442],[193,927,490],[193,927,495],[193,1795,303],[193,1978,258],[193,3616,67],[193,3616,482],[194,1460,428],[194,3487,348],[194,3729,13],[194,3729,220],[195,1249,430],[195,1249,247],[195,1249,209],[195,1884,81],[195,2834,365],[196,89,378],[196,751,468],[196,751,397],[196,1211,213],[196,1211,412],[196,1633,336],[196,1633,461],[196,3534,355],[196,3758,268],[196,3758,374],[197,281,220],[197,979,400],[197,1845,47],[197,1845,468],[197,1851,486],[197,2175,48],[197,2607,249],[197,2607,303],[197,2607,410],[198,479,252],[198,479,396],[198,3010,99],[199,1789,388],[199,2341,240],[199,2341,494],[199,3730,13],[199,3730,346],[199,3853,224],[199,3853,250],[200,1102,405],[200,1428,34],[200,1428,351],[200,2221,237],[200,2919,254],[200,2919,300],[200,3068,443],[200,3972,51],[200,3972,98],[200,3972,239],[201,1903,155],[201,1903,77],[201,2432,30],[201,3239,258],[202,1004,302],[203,151,105],[203,207,491],[203,885,355],[203,1184,493],[203,2523,322],[203,2673,390],[204,1474,69],[204,1474,474],[204,2458,363],[204,2681,13],[205,913,301],[205,913,220],[205,1315,411],[205,1411,402],[205,1748,214],[205,1924,433],[205,2164,102],[206,1077,324],[206,2049,267],[206,2049,363],[206,2108,319],[206,2491,482],[206,2491,248],[206,2777,234],[206,3314,27],[206,3314,272],[207,627,372],[207,1148,467],[207,1967,319],[207,3050,59],[207,3941,481],[207,3941,254],[208,373,30],[208,373,256],[208,932,91],[208,1165,478],[208,1165,306],[208,1439,455],[208,3276,395],[208,3461,487],[209,161,218],[209,161,417],[209,584,402],[209,1335,436],[209,2425,416],[209,2425,83],[209,2425,241],[209,2425,374],[210,314,216],[210,314,319],[210,1109,124],[210,1109,423],[210,2607,249],[210,2607,303],[210,2607,410],[210,3468,440],[210,3583,285],[210,3583,326],[210,3637,163],[210,3637,471],[211,365,453],[211,365,491],[211,1333,214],[211,2070,4],[211,2070,221],[211,2171,248],[211,3677,344],[211,3766,457],[211,3766,275],[211,3817,457],[212,346,277],[212,346,385],[212,581,390],[212,581,281],[212,1375,427],[212,1567,269],[212,2399,448],[212,2427,265],[213,1006,354],[213,2218,354],[213,2317,252],[213,2883,24],[213,2883,494],[213,2965,479],[214,1824,403],[214,1824,468],[214,1824,494],[214,2492,244],[214,3459,136],[215,462,452],[215,1183,314],[215,1378,311],[215,3004,294],[215,3672,442],[216,850,234],[216,2425,416],[216,2425,83],[216,2425,241],[216,2425,374],[216,2627,177],[216,2747,156],[216,2747,112],[216,3877,321],[216,3877,27],[216,3902,266],[216,3902,394],[217,65,175],[217,1075,297],[217,1417,291],[217,1417,434],[217,3200,243],[217,3628,355],[217,3628,411],[217,3983,188],[217,3983,354],[218,503,43],[218,1068,118],[218,1068,413],[218,2417,486],[218,2417,131],[219,2641,281],[219,2641,466],[220,8,427],[220,674,452],[220,2392,465],[220,2392,423],[220,3051,251],[220,3051,495],[220,3155,419],[221,1076,233],[221,1189,331],[221,1311,448],[221,1311,476],[221,3017,350],[221,3035,271],[222,226,446],[222,3047,424],[222,3329,71],[223,310,323],[223,1338,222],[223,1338,191],[223,1338,106],[223,2082,264],[223,2369,376],[224,1885,55],[224,1885,301],[224,1885,324],[224,2052,254],[224,2052,68],[224,2146,125],[225,167,238],[225,365,453],[225,365,491],[225,430,480],[226,1533,202],[226,1533,115],[226,1758,472],[226,1903,155],[226,1903,77],[226,2070,4],[226,2070,221],[226,2118,58],[226,2118,227],[226,2687,446],[227,364,93],[227,3773,155],[227,3865,367],[228,30,338],[228,30,458],[228,984,438],[228,984,389],[228,2172,135],[228,2172,32],[228,2172,397],[228,2656,256],[228,3244,276],[228,3244,339],[228,3598,463],[228,3598,149],[229,19,288],[229,135,54],[229,135,375],[229,429,381],[229,575,157],[229,575,130],[229,575,414],[229,575,289],[229,3522,470],[230,381,271],[230,1153,327],[230,1153,190],[230,1153,272],[230,1153,297],[230,1302,409],[230,1302,272],[230,1632,410],[230,3408,242],[231,542,278],[231,1728,449],[231,2246,6],[231,2661,451],[232,689,253],[232,689,29],[232,1674,70],[232,1674,306],[232,2371,444],[232,2371,257],[232,2371,341],[232,2929,123],[232,2929,302],[232,3314,27],[232,3314,272],[233,63,455],[233,1287,182],[233,2022,287],[233,3355,353],[234,233,429],[234,233,230],[234,419,381],[234,2635,226],[234,2635,381],[235,717,386],[235,1444,420],[235,1927,420],[235,2239,187],[235,2239,454],[235,2342,334],[235,2342,35],[235,2670,225],[236,1067,456],[236,1380,485],[236,2412,376],[236,3227,323],[236,3227,195],[236,3614,238],[237,577,477],[237,577,159],[237,971,14],[237,971,27],[237,971,386],[237,1266,67],[237,1813,65],[237,2150,238],[237,3539,157],[238,1249,430],[238,1249,247],[238,1249,209],[238,1384,481],[238,3503,213],[238,3576,274],[238,3576,489],[239,523,343],[239,992,79],[239,992,406],[239,1564,316],[239,1564,227],[239,2417,486],[239,2417,131],[240,926,157],[240,3278,232],[240,3278,246],[240,3830,368],[241,292,499],[241,292,322],[241,896,408],[241,2162,311],[241,2478,234],[241,2478,328],[241,2478,399],[241,3280,316],[241,3280,56],[242,862,304],[242,2004,156],[242,2004,302],[242,2004,424],[242,2098,335],[242,2098,295],[242,2999,307],[243,753,396],[243,1417,291],[243,1417,434],[243,3316,88],[244,705,304],[244,705,313],[244,705,487],[244,2224,335],[244,2337,289],[244,2667,483],[244,3959,328],[245,712,221],[245,712,31],[245,851,297],[245,851,452],[245,1515,452],[245,2964,186],[245,2973,451],[246,866,260],[246,956,268],[247,2731,310],[247,2942,378],[247,3756,302],[248,1374,480],[248,1756,265],[248,2257,488],[248,3117,488],[250,553,355],[250,2071,270],[251,446,17],[251,446,242],[251,446,312],[251,557,35],[251,557,168],[251,3345,198],[251,3345,477],[252,831,396],[252,905,348],[252,1639,459],[252,3823,465],[252,3823,437],[253,1564,316],[253,1564,227],[253,1750,278],[253,1788,263],[253,1788,152],[253,2580,404],[254,66,335],[254,66,458],[254,2049,267],[254,2049,363],[254,3855,403],[255,1153,327],[255,1153,190],[255,1153,272],[255,1153,297],[255,1636,296],[255,2476,305],[255,2623,270],[255,2623,240],[255,3878,353],[256,1358,339],[256,1358,384],[256,2328,199],[256,2328,53],[256,2706,300],[256,2706,243],[256,3509,345],[256,3509,21],[257,155,373],[257,417,439],[257,1339,441],[257,2850,334],[257,2850,428],[257,2899,481],[257,3654,396],[257,3695,395],[257,3695,310],[258,233,429],[258,233,230],[258,2205,35],[258,2205,287],[258,2401,289],[258,3057,284],[259,724,284],[259,1247,464],[259,1247,287],[259,1247,303],[259,1572,266],[259,1572,409],[259,2608,444],[259,2608,266],[259,3213,271],[260,1500,457],[260,2004,156],[260,2004,302],[260,2004,424],[260,2854,55],[260,2854,67],[260,2885,426],[261,2469,288],[261,2469,359],[261,2594,288],[261,2833,377],[261,3780,314],[261,3845,408],[261,3931,123],[261,3931,227],[262,215,240],[262,3559,21],[262,3559,200],[262,3679,463],[263,2172,135],[263,2172,32],[263,2172,397],[263,3003,366],[263,3436,420],[264,2647,263],[264,2647,466],[264,2679,162],[264,3259,415],[264,3259,383],[265,446,17],[265,446,242],[265,446,312],[265,675,161],[265,675,249],[265,675,391],[265,1160,412],[265,2671,276],[265,2802,269],[266,772,370],[266,1656,409],[266,2350,284],[266,2997,460],[267,508,422],[267,508,5],[267,508,410],[267,2703,286],[267,3130,357],[267,3752,359],[268,1424,478],[268,1630,311],[268,3765,355],[269,969,286],[269,1824,403],[269,1824,468],[269,1824,494],[269,3099,243],[270,1684,299],[270,3312,316],[270,3518,338],[271,815,441],[271,1151,445],[271,1437,335],[271,2722,364],[272,449,111],[272,449,277],[272,801,493],[272,801,330],[272,1737,239],[273,268,370],[273,271,84],[273,3508,472],[273,3577,349],[274,133,319],[274,147,290],[274,759,491],[274,3912,357],[275,534,419],[275,644,423],[275,3238,337],[275,3238,427],[275,3238,293],[275,3287,465],[276,3621,13],[276,3621,73],[276,3941,481],[276,3941,254],[277,23,288],[277,587,25],[277,602,305],[277,3335,42],[277,3399,5],[278,1320,348],[278,2232,396],[279,450,398],[279,559,239],[279,1987,483],[279,3367,464],[280,397,22],[280,397,259],[280,397,472],[280,397,296],[280,397,499],[280,1107,167],[280,1107,272],[280,1979,436],[280,3191,479],[280,3272,341],[281,43,373],[281,2364,146],[281,3433,466],[281,3862,427],[282,389,141],[282,389,306],[282,530,108],[282,1552,412],[282,1552,304],[282,1889,449],[282,1889,246],[282,1914,354],[282,2281,204],[282,2281,412],[282,3644,346],[283,1000,382],[283,2126,180],[283,2700,196],[283,2700,358],[283,3228,383],[283,3266,339],[283,3764,392],[284,611,395],[284,611,424],[284,1324,304],[285,120,63],[285,120,383],[285,528,492],[285,2585,406],[285,2940,377],[285,2940,216],[285,3082,485],[285,3082,172],[285,3965,494],[286,442,450],[286,2575,291],[286,3113,442],[286,3930,21],[287,312,447],[287,1143,349],[287,1143,426],[287,2598,2],[287,3892,464],[287,3984,395],[287,3984,174],[287,3984,363],[288,1588,264],[288,2010,73],[288,3526,192],[288,3526,208],[288,3549,500],[288,3549,11],[289,1159,236],[289,1159,27],[289,1159,477],[290,924,371],[290,1815,407],[290,3324,217],[290,3324,432],[290,3324,112],[290,3509,345],[290,3509,21],[291,1194,263],[291,3366,447],[291,3425,348],[291,3572,349],[291,3734,270],[291,3849,417],[291,3849,477],[292,1880,304],[292,2561,340],[292,2561,481],[292,2988,382],[292,2988,455],[292,3005,472],[292,3005,320],[292,3524,416],[293,456,112],[293,456,419],[293,851,297],[293,851,452],[293,1302,409],[293,1302,272],[293,2127,297],[294,432,495],[294,432,308],[294,1681,415],[294,1691,314],[294,3659,83],[295,917,310],[295,3144,77],[296,323,3],[296,323,471],[296,2712,350],[296,2712,421],[296,2785,308],[296,3470,305],[297,2691,301],[298,591,318],[298,861,78],[298,2341,240],[298,2341,494],[298,2882,461],[298,2882,414],[298,3220,61],[298,3377,130],[299,698,314],[299,1613,426],[299,3704,336],[300,2091,38],[300,2879,448],[300,3103,134],[300,3103,429],[300,3103,334],[300,3154,128],[301,2160,424],[301,2507,85],[301,3016,430],[302,2496,399],[303,395,98],[303,404,453],[304,731,43],[305,358,329],[305,1697,94],[305,3826,333],[306,327,404],[306,341,292],[306,1764,308],[306,1764,78],[306,3441,356],[306,3441,141],[307,300,382],[307,2392,465],[307,2392,423],[307,2907,364],[307,2907,458],[308,135,54],[308,135,375],[308,2319,82],[308,3546,54],[309,1251,482],[309,1834,315],[309,2234,393],[310,481,359],[310,1363,388],[310,1741,62],[310,3249,400],[310,3401,499],[311,2641,281],[311,2641,466],[312,1486,318],[312,2239,187],[312,2239,454],[312,2943,435],[313,1940,189],[313,2029,279],[313,2491,482],[313,2491,248],[313,3616,67],[313,3616,482],[314,750,166],[314,3582,280],[315,456,112],[315,456,419],[315,3302,16],[315,3475,393],[315,3641,486],[315,3641,206],[315,3836,142],[315,3836,222],[315,3836,431],[315,3836,157],[316,1661,11],[316,1661,286],[316,2838,379],[316,2838,411],[316,3813,472],[316,3813,198],[317,103,325],[317,2449,356],[317,2453,318],[317,2610,318],[317,2857,441],[317,3531,149],[317,3531,252],[317,3531,60],[317,3531,135],[317,3916,422],[318,3002,325],[319,1900,299],[319,2387,377],[319,2658,491],[321,607,353],[321,1510,494],[321,2810,57],[321,3424,429],[321,3969,331],[321,3969,82],[321,3969,256],[322,15,459],[322,42,487],[322,586,286],[322,586,147],[322,3369,439],[323,792,154],[323,2548,54],[323,2702,404],[323,3670,398],[323,3670,343],[323,3712,353],[323,3712,478],[324,1818,283],[324,1818,48],[324,2590,14],[324,2590,412],[324,3242,483],[325,109,338],[325,249,194],[325,249,328],[325,1358,339],[325,1358,384],[325,2816,492],[325,3121,446],[325,3121,118],[326,491,378],[326,1485,240],[326,1485,236],[326,3006,50],[326,3440,444],[326,3685,332],[327,1099,255],[327,1099,159],[327,1800,313],[327,1917,223],[327,2736,440],[328,1561,356],[328,2439,202],[328,2439,301],[328,2439,278],[328,2529,256],[328,2529,413],[328,2529,76],[328,2529,178],[328,3604,413],[329,1213,479],[329,1867,415],[329,2032,436],[329,2032,104],[329,2413,366],[329,2413,397],[329,2916,415],[329,2916,500],[330,581,390],[330,581,281],[330,1218,387],[330,1390,420],[330,2123,420],[330,2511,372],[331,1414,49],[331,1414,86],[331,2298,366],[332,471,389],[332,471,434],[332,636,435],[332,636,373],[332,2473,470],[332,3162,371],[333,541,292],[333,761,162],[333,761,290],[333,761,225],[333,1033,469],[333,2653,408],[333,2653,72],[333,2706,300],[333,2706,243],[334,394,19],[334,394,381],[334,649,152],[334,649,365],[334,1951,250],[334,1951,488],[335,612,68],[335,2332,36],[336,1095,154],[336,2322,464],[336,2322,195],[336,3146,208],[337,1140,428],[337,2294,462],[337,2570,186],[337,2570,203],[337,3135,416],[337,3670,398],[337,3670,343],[338,476,88],[338,1239,328],[339,1928,350],[339,2522,362],[340,508,422],[340,508,5],[340,508,410],[340,1376,218],[340,3386,470],[340,3705,475],[340,3843,377],[341,971,14],[341,971,27],[341,971,386],[341,3332,223],[342,745,146],[342,3691,402],[343,2653,408],[343,2653,72],[343,3108,367],[343,3361,154],[343,3621,13],[343,3621,73],[344,472,32],[344,1232,348],[344,1651,179],[344,1651,405],[344,1651,491],[344,1752,368],[344,2060,474],[344,3556,393],[344,3556,219],[345,5,88],[345,5,362],[345,2187,443],[345,2251,394],[345,2640,181],[345,3641,486],[345,3641,206],[345,3913,397],[345,3978,463],[346,426,26],[346,2228,247],[346,2228,401],[347,623,409],[347,1530,33],[347,1530,380],[347,1530,450],[347,3506,493],[347,3885,85],[347,3885,472],[348,1408,192],[348,1408,468],[348,2223,16],[348,3976,11],[349,130,62],[349,2908,228],[349,2908,368],[350,1998,463],[350,2545,473],[350,2545,152],[350,3974,342],[351,617,367],[351,709,389],[351,1633,336],[351,1633,461],[351,2559,445],[351,2593,313],[351,3637,163],[351,3637,471],[352,1407,408],[352,1407,497],[352,2242,18],[352,2242,277],[353,27,375],[353,1026,114],[353,3177,47],[355,469,392],[355,3728,436],[355,3728,269],[356,316,450],[356,1993,192],[356,1993,176],[357,1560,353],[357,1560,391],[357,1802,439],[357,2054,274],[357,2101,59],[357,2101,111],[358,307,402],[358,508,422],[358,508,5],[358,508,410],[358,1657,132],[358,2030,379],[358,2425,416],[358,2425,83],[358,2425,241],[358,2425,374],[358,2521,366],[358,2521,89],[359,1346,474],[359,1667,406],[359,3897,461],[360,234,471],[360,577,477],[360,577,159],[360,1165,478],[360,1165,306],[360,1930,401],[360,2168,13],[361,927,490],[361,927,495],[361,1458,498],[361,1518,453],[361,1718,490],[361,1857,313],[361,1857,363],[361,3051,251],[361,3051,495],[362,795,278],[362,795,419],[362,1442,407],[362,2182,59],[362,2182,7],[362,2182,146],[362,2413,366],[362,2413,397],[362,2794,435],[362,2794,495],[362,3583,285],[362,3583,326],[363,1201,65],[363,2635,226],[363,2635,381],[363,3336,455],[364,988,485],[364,988,138],[364,1311,448],[364,1311,476],[364,1822,418],[364,1986,477],[364,3118,496],[364,3338,471],[365,1760,405],[365,1863,414],[365,2140,384],[365,2672,471],[365,2817,426],[365,3069,251],[366,478,9],[366,3304,371],[367,185,406],[367,247,414],[367,2912,54],[367,2912,480],[367,3681,493],[367,3681,341],[368,675,161],[368,675,249],[368,675,391],[368,1272,336],[368,1272,421],[368,1326,326],[368,1326,405],[368,3811,423],[369,1611,390],[369,3348,139],[369,3523,305],[369,3523,492],[369,3523,120],[369,3711,278],[370,683,282],[370,840,25],[371,372,421],[371,1074,451],[371,1589,459],[371,2797,10],[373,1394,477],[373,3081,426],[373,3081,451],[374,319,371],[374,907,339],[374,951,442],[374,2083,41],[374,3947,437],[375,279,474],[375,279,80],[375,279,429],[375,921,455],[375,1557,241],[375,2882,461],[375,2882,414],[376,18,253],[376,737,450],[376,1193,422],[376,3885,85],[376,3885,472],[377,3819,71],[377,3819,139],[378,317,431],[378,3115,8],[378,3115,327],[378,3115,48],[379,857,489],[380,3292,123],[380,3755,30],[380,3755,409],[380,3815,39],[381,2148,331],[381,2623,270],[381,2623,240],[382,586,286],[382,586,147],[382,1349,199],[382,1349,447],[383,535,418],[383,1844,46],[383,2371,444],[383,2371,257],[383,2371,341],[383,2398,302],[384,527,284],[384,948,400],[384,3665,280],[385,168,121],[385,168,431],[385,2032,436],[385,2032,104],[385,2858,337],[385,2883,24],[385,2883,494],[385,3767,316],[385,3767,392],[385,3806,334],[385,3926,415],[387,1157,73],[387,1890,98],[387,1890,428],[387,1890,386],[387,2926,433],[387,3040,402],[387,3984,395],[387,3984,174],[387,3984,363],[388,345,196],[388,1414,49],[388,1414,86],[388,3378,456],[389,903,278],[389,2554,352],[389,3445,157],[390,57,401],[390,57,462],[390,3584,87],[391,198,190],[391,198,333],[391,751,468],[391,751,397],[391,1356,436],[392,22,487],[392,596,64],[392,596,479],[392,1304,66],[392,3987,399],[393,2352,482],[393,3210,498],[393,3673,482],[394,104,447],[394,104,451],[394,1761,473],[394,2811,451],[394,3240,141],[394,3240,137],[394,3581,82],[394,3581,435],[395,428,270],[395,428,433],[395,431,1],[395,3853,224],[395,3853,250],[396,2561,340],[396,2561,481],[396,3849,417],[396,3849,477],[397,3675,463],[398,995,474],[398,3133,471],[398,3726,467],[398,3726,97],[398,3741,372],[398,3741,378],[399,451,193],[399,451,80],[399,1592,165],[399,1614,187],[399,1614,148],[399,1841,222],[399,1841,237],[400,628,271],[400,2892,475],[401,520,454],[401,1496,454],[401,1599,393],[401,1599,492],[402,705,304],[402,705,313],[402,705,487],[402,804,469],[402,1143,349],[402,1143,426],[403,575,157],[403,575,130],[403,575,414],[403,575,289],[403,1061,425],[403,2748,438],[404,1326,326],[404,1326,405],[405,1098,276],[405,1098,232],[405,1098,180],[405,1408,192],[405,1408,468],[405,1660,432],[405,3238,337],[405,3238,427],[405,3238,293],[406,2881,133],[406,3823,465],[406,3823,437],[407,1179,224],[407,1179,473],[407,1179,447],[407,1887,483],[407,2762,47],[407,2940,377],[407,2940,216],[407,3997,202],[407,3997,444],[407,3997,490],[408,2067,456],[408,2067,410],[408,3346,469],[409,2582,40],[409,3296,430],[410,473,154],[410,473,100],[410,2330,448],[410,2470,421],[411,92,201],[411,2213,142],[412,841,417],[412,2669,285],[412,2669,440],[412,2669,428],[413,432,495],[413,432,308],[413,1583,40],[413,1583,418],[413,2062,342],[413,2900,337],[413,2900,431],[413,2900,293],[414,929,24],[414,1156,488],[416,114,80],[416,3226,404],[416,3517,207],[416,3607,369],[417,1824,403],[417,1824,468],[417,1824,494],[417,3500,134],[417,3500,234],[418,668,206],[418,1909,469],[418,2116,321],[418,2893,439],[419,557,35],[419,557,168],[419,2669,285],[419,2669,440],[419,2669,428],[420,3330,359],[420,3330,380],[421,904,489],[421,3870,162],[421,3870,110],[421,3870,332],[422,1732,52],[422,3681,493],[422,3681,341],[423,1106,476],[423,1509,97],[423,1509,447],[424,2570,186],[424,2570,203],[425,2017,294],[425,2128,486],[426,2715,300],[426,2715,435],[426,3217,26],[427,524,115],[427,524,368],[427,524,265],[427,524,496],[427,566,22],[427,2825,123],[427,2825,456],[428,805,500],[429,529,470],[429,2141,450],[429,3235,497],[429,3235,297],[430,57,401],[430,57,462],[430,1634,457],[430,1969,457],[430,3147,40],[430,3147,476],[431,433,434],[431,2761,45],[431,2761,170],[431,3096,434],[432,649,152],[432,649,365],[432,782,139],[432,1434,266],[432,2701,102],[432,2701,496],[433,575,157],[433,575,130],[433,575,414],[433,575,289],[433,2678,160],[433,3055,98],[434,2529,256],[434,2529,413],[434,2529,76],[434,2529,178],[434,2963,444],[434,3972,51],[434,3972,98],[434,3972,239],[435,105,71],[435,1525,235],[435,1525,361],[435,2845,465],[435,2845,228],[436,393,458],[436,3373,466],[436,3373,253],[437,164,453],[437,164,475],[437,524,115],[437,524,368],[437,524,265],[437,524,496],[437,1651,179],[437,1651,405],[437,1651,491],[437,2988,382],[437,2988,455],[437,3041,296],[438,1341,219],[438,2270,440],[438,2306,463],[438,3081,426],[438,3081,451],[439,964,15],[439,964,372],[439,2407,487],[440,923,445],[440,923,159],[440,1238,495],[440,3140,450],[441,1364,460],[441,2620,462],[441,3139,484],[441,3260,497],[442,799,492],[442,799,141],[442,2909,2],[442,3127,8],[443,53,397],[443,53,485],[443,2425,416],[443,2425,83],[443,2425,241],[443,2425,374],[443,2456,101],[444,1682,58],[444,1682,484],[444,1793,446],[444,1793,391],[444,3739,453],[445,2586,26],[445,2586,229],[445,3330,359],[445,3330,380],[446,445,240],[446,3725,394],[447,3523,305],[447,3523,492],[447,3523,120],[448,52,467],[448,2135,128],[448,2135,421],[448,3082,485],[448,3082,172],[449,1776,459],[449,2359,263],[449,2831,14],[449,3030,322],[450,3695,395],[450,3695,310],[452,1291,275],[452,3447,219],[453,3009,470],[454,1672,84],[454,1918,192],[454,1918,499],[454,2099,331],[454,2290,30],[455,1146,152],[455,2026,473],[456,1476,229],[456,2322,464],[456,2322,195],[456,3836,142],[456,3836,222],[456,3836,431],[456,3836,157],[458,564,466],[458,2550,85],[459,3309,91],[460,314,216],[460,314,319],[460,446,17],[460,446,242],[460,446,312],[460,1142,156],[460,1142,68],[460,2794,435],[460,2794,495],[461,12,68],[461,1971,484],[461,3612,190],[461,3612,449],[462,494,476],[462,1028,164],[462,1674,70],[462,1674,306],[462,2493,407],[463,636,435],[463,636,373],[464,3872,85],[464,3872,480],[465,3623,23],[465,3905,192],[465,3905,214],[466,801,493],[466,801,330],[466,1131,438],[467,128,496],[467,392,486],[467,392,233],[467,2101,59],[467,2101,111],[468,799,492],[468,799,141],[468,3195,489],[468,3379,94],[469,934,38],[469,934,183],[469,1118,235],[469,2618,315],[469,3185,161],[470,2719,124],[471,1299,118],[472,524,115],[472,524,368],[472,524,265],[472,524,496],[472,3877,321],[472,3877,27],[473,1562,480],[473,2608,444],[473,2608,266],[474,439,498],[474,2236,117],[474,2236,49],[475,292,499],[475,292,322],[475,965,478],[475,965,259],[475,965,484],[475,1129,32],[475,1129,497],[475,2517,481],[476,2764,187],[478,1519,357],[478,1817,373],[479,1253,344],[479,2750,441],[480,1406,261],[480,2132,122],[481,53,397],[481,53,485],[482,734,498],[482,3198,65],[483,1721,272],[483,1918,192],[483,1918,499],[483,2015,270],[483,2015,133],[484,30,338],[484,30,458],[484,214,279],[484,2969,298],[484,3469,299],[485,1159,236],[485,1159,27],[485,1159,477],[485,2361,499],[486,1692,417],[487,2626,489],[488,3098,48],[489,1377,126],[489,1377,312],[489,2267,445],[489,2267,58],[490,1407,408],[490,1407,497],[490,1538,494],[490,2853,495],[490,3800,51],[490,3800,70],[491,415,94],[492,1897,473],[493,962,363],[493,2003,440],[494,1254,63],[495,2741,372],[495,2741,425],[496,1230,383],[497,28,6],[497,360,499],[497,3819,71],[497,3819,139],[498,1176,215],[498,1668,213],[498,1668,176],[498,2371,444],[498,2371,257],[498,2371,341],[500,1097,458],[500,1701,255]];

jitters = [20000,20000,100000,10000,100000,5000,20000,20000,50000,10000,10000,100000,20000,100000,1000,10000,20000,100000,20000,10000,100000,20000,5000,100000,10000,10000,100000,100000,100000,100000,20000,50000,20000,10000,20000,20000,100000,1000,20000,20000,10000,100000,20000,20000,10000,20000,20000,10000,100000,20000,100000,20000,20000,100000,1000,100000,100000,20000,100000,5000,20000,100000,20000,100000,2000,20000,100000,10000,100000,20000,100000,20000,5000,20000,10000,10000,20000,20000,100000,20000,100000,20000,10000,10000,5000,10000,50000,20000,100000,10000,10000,50000,20000,20000,10000,20000,20000,10000,100000,10000,20000,20000,20000,10000,10000,100000,10000,10000,50000,100000,10000,20000,10000,20000,20000,100000,100000,10000,100000,100000,10000,10000,50000,20000,10000,10000,10000,10000,100000,100000,10000,20000,10000,100000,20000,10000,2000,10000,10000,100000,10000,20000,10000,100000,10000,10000,10000,10000,20000,100000,100000,20000,20000,100000,100000,20000,100000,100000,10000,100000,100000,100000,20000,10000,2000,10000,2000,5000,100000,20000,10000,20000,20000,100000,10000,10000,20000,10000,20000,20000,100000,100000,50000,10000,10000,20000,20000,10000,20000,50000,100000,20000,100000,20000,10000,20000,100000,20000,100000,10000,20000,20000,20000,10000,20000,10000,10000,20000,20000,100000,100000,10000,20000,100000,20000,100000,20000,100000,20000,5000,100000,100000,10000,100000,10000,100000,20000,1000,10000,100000,20000,20000,10000,10000,50000,10000,10000,10000,10000,100000,20000,100000,20000,100000,5000,100000,20000,10000,100000,20000,100000,20000,20000,10000,20000,1000,20000,100000,100000,20000,20000,20000,100000,10000,10000,100000,10000,20000,10000,20000,100000,20000,10000,10000,5000,10000,20000,20000,10000,20000,20000,20000,100000,100000,100000,10000,10000,20000,20000,10000,10000,100000,5000,20000,10000,20000,5000,100000,20000,10000,100000,20000,100000,100000,20000,20000,100000,20000,2000,10000,20000,100000,2000,20000,2000,20000,100000,100000,10000,50000,100000,20000,10000,10000,100000,100000,100000,100000,20000,50000,100000,20000,20000,10000,100000,20000,100000,10000,1000,100000,10000,20000,10000,10000,1000,10000,100000,20000,10000,1000,10000,20000,10000,20000,20000,100000,10000,20000,10000,10000,100000,1000,10000,10000,10000,20000,10000,10000,50000,10000,20000,10000,20000,10000,10000,100000,100000,20000,20000,50000,10000,100000,100000,10000,20000,20000,20000,10000,10000,50000,20000,20000,2000,1000,20000,20000,1000,10000,20000,10000,50000,20000,10000,100000,10000,10000,10000,20000,100000,20000,20000,20000,100000,10000,20000,100000,20000,100000,5000,50000,20000,100000,5000,100000,10000,20000,10000,20000,100000,100000,20000,10000,20000,20000,1000,20000,10000,1000,20000,100000,100000,10000,1000,100000,100000,100000,10000,10000,20000,100000,1000,5000,100000,50000,10000,10000,100000,20000,20000,100000,100000,100000,1000,10000,5000,20000,10000,20000,20000,100000,10000,100000,1000,10000,10000,100000,20000,10000,20000,10000,10000,2000,10000,100000,10000,10000,20000,10000,20000,100000,10000,50000,20000,100000,100000,10000,100000,2000,10000,10000];

