NumChains = 50;
NumResources = 3;
NumRunnablesInChains = 275;
MemoryBoundOnResource = 1048576;
UtilizationBoundOnResource = 100;

numberOfTasksinChain = [7,11,7,11,11,7,11,13,13,13,7,7,13,13,11,9,7,9,9,7,13,13,13,11,9,11,13,11,7,11,9,13,11,7,11,9,7,13,7,7,11,7,13,13,11,13,7,7,9,7];

runnablesInChains = [479,34,262,110,415,345,196,288,258,246,458,263,378,121,238,312,80,489,70,268,476,192,342,107,171,140,259,411,500,179,13,320,296,251,284,27,329,486,478,239,483,202,493,34,214,446,136,200,353,321,140,472,420,244,300,469,398,467,86,69,99,364,301,85,492,135,347,112,95,413,328,428,257,228,4,120,211,203,244,370,472,398,412,172,321,474,276,423,82,155,45,437,52,294,249,486,480,87,157,214,280,229,471,128,182,85,41,375,283,243,270,304,211,260,82,62,111,120,114,311,463,446,355,327,100,90,269,413,224,160,274,433,166,485,258,343,260,334,58,472,191,39,42,340,329,57,389,411,302,161,137,213,261,69,57,484,372,362,242,155,190,336,119,375,220,352,382,168,51,365,447,132,159,314,427,167,33,145,348,349,133,54,176,278,153,195,418,141,233,177,405,335,338,359,170,377,152,288,66,328,437,364,384,282,67,161,237,495,144,76,255,454,442,153,246,375,268,297,379,308,183,170,105,227,299,62,336,112,17,326,394,280,346,4,247,318,98,119,364,312,392,195,85,16,394,69,87,44,219,151,199,71,75,215,187,88,306,173,411,222,37,14,65,452,263,157,383,258,153,424,269,439,135,364,226];

ProcessingTimesOfMessages = [[1,1,1,1],[1,1,1,1,1,1,1,1],[1,1,1,1,1,1,1,1,1,1],[1,1,1,1,1,1,1,1,1,1,1],[1,1,1,1,1,1,1,1,1,1],[1,1,1,1,1,1],[1,1,1,1,1,1,1,1],[1,1,1,1,1,1,1],[1,1,1,1,1],[1,1,1,1,1,1,1],[1,1,1,1,1,1,1,1,1,1,1,1],[1,1,1,1,1,1,1,1,1,1],[1,1,1,1,1,1,1,1,1,1],[1,1,1,1,1,1,1,1,1,1],[1,1,1,1,1,1,1,1,1,1],[1,1,1,1,1,1,2],[1,1,1,1,1,1,1,1],[1,1,1,1,1],[1,1,1,1,1,1,1,1,1,1],[1,1,1,1,1,1],[1,1,1,1,1],[1,1,1,1,1,1,1],[1,1,1,1,1,1,1],[1,1,1,1,1,1,1,1,1,1],[1,1,1,1,1,1,1],[1,1,1,1,1,1,1,1,1,1,1],[1,1,1,1,1,1,1],[2,1,1,1],[1,1,1,1,1,1,1,1,1],[1,1,1,1,1],[1,1,1,1,1,1,1],[1,1,1,1,1,1,1],[1,1,1,1,1,1,1],[1,1,1,1,1],[1,1,1,1,1,1,1,1],[1,1,1,1,1,1,1,1,1,1,1],[1,1,1,1,1,1,1,1],[1,1,1,1,1,1,1,1,1,1,1,1],[1,1,1,1,1,1],[1,1,1,1,1,1,1],[1,1,1,1,1,1,1,1,1,1,1],[1,1,1,1,1,1,1],[1,1,1,1,1,1,1,1],[1,1,1,1,1,1,1,1,1,1,1,1,1],[1,1,1,1,1,1,1,1,1],[1,1,1,1,1,1,1,1,1,1,1],[1,1,1,1,1],[1,1,1,1,1,1,1,1,1,1],[1,1,1,1,1,1,1,1],[1,1,1,1,1,1,1],[1,1,1,1,1,1,1,1],[1,1,1,1,1,1,1,1,1,1,1,1,1,1],[1,1,1,1,1,1,1,1,1],[1,1,1,1,1,1,1,1,1,1,1,1,1,1],[1,1,1,1,1,1,1],[1,1,1,1,1,1,1,1],[1,1,1,1,1,1,1],[1,1,1,1],[1,1,1,1,1,1,1,1],[1,1,1,1,1,1,1],[1,1,1,1,1,1,1,1,1],[1,1,1,1,1,1,1,1,1,1],[1,1,1,1,1],[1,1,1,1,1,1,1,1,1,1,1],[1,1,1,1,1,1,1,1,1],[1,1,1,1,1,1],[1,1,1,1,1,1,1],[1,1,1,1,1,1,1,1],[1,1,1,1,1,2,1],[1,1,1,1],[1,1,1,1,1,1,1,1,1,1],[1,1,1,1,1,1,1,1,1,1,1,1],[1,1,1,1,1,1],[1,1,1,1,1,1,1,1,2,2],[1,1,1,1,1,1,1,1,1,1,1],[1,1,1,1,1,1],[1,1,1,1,1,1,1],[1,1,1,1,1,1,1],[1,1,1,1,1,1,1,1,1,1,1,1],[1,1,1,1,1,1],[1,1,1,1,1,1,1,1,1,1,1,1],[1,1,1],[1,1,1,1],[1,1,1,1,1,1,1,1,1],[1,1,1],[1,1,1,1,1,1,1,1,1],[1,1,1,1,1,1,1],[1,1,1,1,1,1],[1,1,1,2,2,1,1,1,1],[1,1,1,1,1,1,1,1,1],[1,1,1,1,1,1,1,1],[1,1,1,1,1,1,1,1],[1,1,1,1,1,1,1,1,1,1,1,1,1,1,1,1],[1,1,1,1],[1,1,1,1,1],[1,1,1,1,1,1,1,1],[1,1,1,1,1,1,1],[1,1,1,1,1,1],[2,1,1,1,1],[1,1,1],[1,1,1,1,1,1,1,1,1],[1,1,1,1,1,1,1,1],[1,1,1,1,1,1,1],[1,1,1,1,1,1,1,1,1,1,1,1,1,1,1],[1,1,1],[1,1,1,1],[1,1,1,1,1,1,1,1,1],[1,1,1],[1,1,1,1,1],[1,1,1,1],[1,1,1,1,1,1],[1,1,1,1,1,1,1,1],[1,1,1,1,1,1,1],[1,1,1,1,1,1,1,1],[1,1,1,1,1,1,1],[1,1,1,1,1,1],[1,1,1,1,1,1],[1,1,1,1,1,1,1],[1,1,1,1,1],[1,1,1,1,1,1,1],[1,1,1,1,1,1,1],[1,1,1,1,1],[1,1,1,1,1,1,1,1,1,1],[1,1,1,1,1,1],[2,2,1,1,1,1,1],[1,1,1,1,1,1,1,1],[1,1,1,1,1,1,1,1,1,1,1],[1,1,1,1,1,1,1],[1,1,1,1,1,1,1,1,1,1],[1,1,1,1,1,1,1,1,1],[1,1,1,1,1,1,1,1,1,1,1],[1,1,1,1,1],[1,1,1,1,1,1,1,1],[1,1,1,1,1,1,1,1,1],[1,1,2,2,1,1,1,1,1],[1,1,1,1,1,1,1,1,1,1],[1,1,1,1,1,1],[1,1,1],[1,1,1,1,1,1,1],[1,1,1,1,1,1],[1,1,1,1,1,1,1,1,1,1,1],[1,1,1],[1,1,1,1,1,1,1,1,1,1,1],[1,1,1,1,1],[1,1,1,1,1,1],[1,1,1,1,1,1],[1,1,1,1,1,1,1,1,1],[1,1,1,1,1],[1,1,1,1,1,1,1],[1,1,1,1,1],[1,1,1,1,1,1],[1,1,1,1,1,1,1],[1,1,1,1,1,1,1],[1,1,1,1,1,1,1],[1,1,1,1,1,1,1],[1,1,1,1,1,1,1,1],[1,1,1],[1,1,1,1,1,1],[1,1,1,1,1,1,1,1],[1,1,1,1,1,1,1,1,1],[1,1,1,1],[1,1,1,1,1,1],[1,1,1,1,1,1,1,1,1],[1,1,1,1,1,1,1,1,1],[1,1,1,1,1,1,1,1],[1,1,1,1,1,1,1],[1,1,1,1,1,1],[1,1,1,1,1,1],[1,1,1,1,1,1],[1,1,1,1],[1,1,1,1,1,1,1,1,1],[1,1,1,1,1,1],[1,1,1,1,1,1,1],[1,1,1,1,1,1,1,1,1,1,1],[1,1,1],[1,1,1,1,1,1],[1,1,1,1,1,1],[1,1,1,1,1,1,1],[1,1,1,1,2],[1,1,1,1,1,1,1,1,1,1],[1,1,1,1,1,1,1,1],[1,1,1,1,1,1,1,1,1,1],[1,1,1,1,1,1,1],[1,1,1,1],[1,1,1,1,1,1,1,1,1,1],[1,1,1,1,1,1],[1,1,1,1],[1,1,1,1,1,1,1,1,1,1],[1,1,1,1,1,1,1,1],[1,1,1,1,1,1,1,1],[1,1,1,1,1,1],[1,1,1,1,1,1,1,1],[1,1,1,1],[1,1,1,1,1,1,1,1],[1,1,1,1,1],[1,1,1],[1,1,1,1,1],[1,1,1,1,1,1],[1,1,2,2,1,1],[1,1,2,2],[1,1,1,1,1,1],[1,1,1,1,1,1,1,1,1],[1,1,1,1,1,1],[1,1,1,1,1,1,1,1],[1,1,1,1,1,1,1,1,1],[1,1,1,1,1,1],[1,1,1,1,1,1],[1,1,1],[1,1,1,1,1,1,1,1],[1,1,1,1,1],[1,1,1],[1,1,1,1,1,1],[1,1,1,1,1,1,1,1],[1,1,1,1,1,1,1],[1,1,1,1,1,1],[1,1,1,1,1],[1,1,1,1,1,1],[1,1,1,1],[1,1,1],[1,1,1,1],[1,1,1,1],[1,1,1,1,1,1,1,1],[1,1,1,1,1,1,1,1],[1,1,1,1,1],[1,1,1,1,1,1,1,1,1,1],[1,1,1,1,1,1,1,1],[1,1,1,2,1,1,1,1],[1,1,1,1,1],[1,1,1],[1,1,1],[1,1,1,1,1],[1,1,1,1],[1,1,1,1,1,1],[1,1,1,1,1],[1,1,1],[1,1,1,1,1,1,1,1,1,1,1],[1,1,1,1,1,1,1,1],[1,1,1,1,1,1,1,1,1],[1,1,1,1,1,1],[1,1,1,1,1,1,1],[1,1,1,1],[1,1,1],[1,1,1,1,1,1,1,1],[1,1,1,1],[1,1,1,1,1,1,1],[1,1],[1,1,1,1,1,1,1,1,1,1],[1,1,1,1,1,1,1],[1,1,1,1,1,1],[1,1,1,1,1],[1,1,1,1],[1,1],[1,1],[1,1,1,1,1,1],[1,1,1],[1,1],[1,1,1,1],[1,1,1,1,1],[1,1],[1,1,1],[1,1,1,1],[1,1,1,1,1],[1,1,1],[1,1,1,1,1],[1,1],[1,1,1,1,1,1,1],[1,1,1,1,1],[1,1,1,1],[1,1,1,1,1],[1,1,1,1,1,1,1,1],[1,1,1],[1,1,1,1,1,1,1,1,1,1,1],[1,1,1,1,1,1,1],[1,1,1,1,1,1],[1,1,1],[1,1,1,1,1],[1,1,1,1,1,1,1],[1,1,1,1,1,1],[1,1,1,1,1,1,1],[1,1,1,1,1,1,1,1],[1,1,1,1,1,1,1,1,1],[1,1,1,1,1],[1,1,1,1,1,1,1,1,1],[1,1,1,1,1,1],[1,1,1,1,1,1,1,1],[1,1,1,1,1,1],[1,1,1],[1,1,1,1,1,1,1],[1,1,1],[1,1,1,1,1,1,1,1,1],[1,1,1,1,1],[1],[2,1,1,1,1,1],[1],[1,1,1,1],[1,1,1],[1,1,1,1,1,1,1,1],[1,1,1,1],[1,1,1],[1,1,1,1,1,1,1],[1,1,1],[1,1,1,1],[1,1,1,1,1,1],[1,1,1,1],[1,1,1,1,1,1,1,1],[1,1,1],[1,1,1,1,1,1],[1,1,1,1,1,1,1,1],[1,1,1],[1,1,1,1,1,1,1,1],[1,1,1,1,1],[1,1,1],[1,1,1,1],[1,1,1,1,1,1,1,1,1,1],[],[1,1,1,1,1,1,1,1,1],[1,1,1,1,1,1,1],[1,1,1,1,1,1],[1,1,1],[1,1,1,1,1,1],[1,1,1,1,1],[1,1,1],[1,1,1],[1,1],[1,1,1],[1,1],[1,1,1,1],[1,1,1,1,1,1,1,1],[1,1,1,1,1,1,1],[1,1,1,1,1,1],[1,1,1],[1,1,1,1,1,1,1,1,1,1,1],[1,1,1,1],[1,1,1,1,1],[1,1,1,1,1,1],[1,1,1,1,1,1],[1,1,1,1],[1,2],[1,1,1,1,1,1,1,1],[1,1,1,1,1],[1,1,1,1],[1,1,1,1,1],[1],[1,1,1,1,1,1,1,1],[1,1,1,1,1,1],[1,1,1,1,1,1,1,1,1,1,1],[1,1],[1,1,1,1,1,1,1,1],[1,1,1,1],[1,1],[1,1,1,1],[1,1,1,1,1],[1,1,1,1],[1,1,1,1,1,1,1],[1,1,1],[1,1],[1,1,1,1],[1,1,1],[1,1],[],[1,1,1,1],[1,1,1,1,1,1],[1,1,1,1,1,1,1,1,1,1,1,1,1],[1,1,1,1,1,1,1],[1,1,1],[1,1,1,1,1,1,1,1,1,1,1],[1,1,1,1],[1,1],[1,1,1,1,1,1,1],[1,1],[1,1,1,1,1,1,1],[1,1,1,1,1],[1,1],[1,1,1,1,1],[1,1,1,1,1],[1,1,1,1,1],[1,1,1,1,1],[1,1,1,1,1,1,1,1,1,1],[1,1,1],[1,1,1,1,1],[1,1,1,1],[1,1,1],[1,1,1,1,1,1,1,1],[1,1,1,1],[2,1],[1,1,1,1,1],[1,1,1,1,1],[1,1,1],[1,1,1,1],[1,1,1,1,1],[1,1,1],[1,1],[1],[1,1,1],[1,1,1,1,1,1,1],[1],[1,1,1,1],[1,1,1,1],[1,1,1,1,1],[1,1,1,1],[1,1,1,1],[1,1,1,1,1,1,1],[1,1,1],[],[1,1,1,1],[1],[1],[1,1,1,1,1,1,1,1],[1,1,1],[1,1,1,1],[1,1,1,1,1],[1,1,1,1,1,1],[1,1,1,1,1],[1,1,1,1,1,1,1],[1,1,1],[1,1,1,1,1,1],[1],[1,1,1],[],[1,1,1,1],[1,1,1],[],[1,1,1,1,1],[1],[1,1],[1,1,1,1,1,1],[1,1,1,1,1],[1,1,1,1],[1,1,1],[1,1,1],[1,1,1,1,1],[1,1],[1,1,1,1],[1,1,1],[1],[1,1,1,1,1],[1,1,1,1,1],[1,1,1,1],[1,1,1,1],[1,1,1,1],[1,1,1],[1,1,1,1,1],[1,1,1],[1],[1,1,1,1,1,1],[1,1],[1,1,1,1,1,1,1,1],[1,1,1,1,1],[1,1],[1,1,1,1,1,1],[1],[1,1],[1,1,1],[1,1,1,1],[1,1],[1,1],[1],[1,1,1,1,1],[1,1,1,1,1],[1,1,1,1],[1,1],[1,1,1,1,1],[1],[1,1,1],[1,1,1,1,1,1],[1,1],[1,1,1],[],[1,1],[],[1,1,1],[1,1,1],[1,1,1],[1,1,1,1],[1,1],[1,1,1,1,1],[1],[1,1,1],[1],[1,1,1],[1,1,1,1],[1,1,1,1],[1],[1,1],[1,1,1,1,1,1],[1,1,1,1],[1,1,1],[],[1,1,1,1],[1,1,1,1,1,1],[1,1,1],[1,1,1,1,1],[1,1,1,1,1,1],[1,1,1,1],[1,1,1],[1],[1,1,1],[1,1],[1,1,1],[1,1,1,1,1,1,1]];

processingTimesRunnables = [13,11,10,12,12,10,11,13,12,13,10,5,14,13,8,11,15,6,15,13,8,13,15,8,15,12,14,12,15,8,13,10,6,8,11,12,13,7,12,13,14,16,14,11,10,13,5,10,10,8,7,12,15,13,13,12,14,12,7,11,14,16,12,13,13,9,16,12,10,12,8,11,11,9,11,11,13,10,12,8,5,16,8,15,12,5,11,6,7,13,6,7,12,5,10,14,14,5,6,13,7,10,13,12,12,12,6,16,12,14,15,12,14,11,13,13,12,17,16,10,12,8,14,9,13,7,14,15,5,10,4,13,10,9,12,16,10,11,12,6,10,13,13,15,12,16,10,10,15,11,10,16,12,5,16,15,14,12,11,10,6,13,10,11,10,10,6,10,12,11,9,7,13,8,6,5,5,13,6,11,10,12,13,13,13,8,7,10,10,10,12,17,15,16,14,6,13,5,16,13,13,12,13,13,13,14,13,11,13,5,16,10,12,13,17,9,5,10,17,12,9,16,10,10,11,14,7,13,12,15,12,13,14,11,6,16,14,13,8,11,12,10,9,10,13,10,13,8,9,10,13,11,13,11,12,13,11,9,13,10,13,14,9,10,11,5,13,12,5,9,10,11,10,16,6,8,13,13,8,12,16,11,10,5,10,11,12,15,8,5,12,9,10,13,16,13,5,15,12,11,5,11,7,6,10,13,8,11,12,11,12,7,4,6,10,14,5,5,11,7,13,11,12,12,16,10,11,11,10,7,7,11,14,17,11,5,13,12,13,11,8,14,17,14,6,5,9,6,13,9,13,12,5,11,11,12,12,12,9,12,10,7,13,7,13,11,10,15,12,9,11,16,17,11,9,14,9,14,7,12,14,14,15,12,11,11,5,12,16,10,13,8,8,6,16,17,8,6,15,11,6,13,5,16,7,11,14,8,13,8,12,5,10,8,12,7,13,15,10,13,11,7,5,11,6,9,5,13,12,12,17,11,11,16,11,12,6,6,12,8,10,6,13,10,12,14,7,13,11,13,16,10,13,13,12,10,5,15,12,12,16,10,10,12,7,16,12,12,7,12,16,6,10,5,8,6,12,14,14,16,12,5,9,6,12,11,10,13,13,11,13,14,15,12,9,6,11,5,12,6];

periods = [20000,20000,20000,10000,20000,20000,10000,10000,20000,10000,20000,100000,100000,20000,10000,100000,100000,20000,20000,10000,10000,100000,20000,20000,100000,20000,100000,10000,10000,10000,20000,20000,20000,10000,100000,20000,20000,20000,20000,10000,100000,20000,10000,20000,100000,100000,10000,20000,10000,10000,100000,100000,10000,100000,20000,100000,20000,10000,10000,100000,10000,10000,100000,20000,20000,100000,20000,2000,20000,100000,1000,10000,20000,20000,1000,2000,10000,100000,100000,100000,10000,10000,10000,100000,100000,20000,20000,1000,10000,100000,10000,20000,20000,10000,100000,20000,20000,10000,20000,100000,100000,1000,20000,20000,10000,20000,10000,100000,20000,10000,10000,100000,20000,10000,100000,20000,20000,100000,10000,10000,20000,20000,20000,100000,10000,20000,2000,10000,10000,20000,20000,1000,20000,10000,100000,10000,20000,20000,100000,10000,5000,20000,1000,2000,20000,10000,1000,100000,100000,2000,20000,10000,100000,20000,10000,20000,20000,100000,1000,100000,20000,20000,20000,100000,10000,100000,20000,100000,20000,10000,10000,10000,1000,50000,20000,100000,5000,10000,20000,50000,10000,100000,10000,20000,100000,20000,1000,100000,20000,10000,20000,10000,20000,100000,100000,100000,100000,20000,20000,10000,20000,20000,10000,20000,1000,10000,100000,1000,10000,100000,10000,1000,20000,10000,1000,10000,20000,100000,20000,100000,10000,20000,100000,100000,10000,100000,10000,10000,10000,10000,20000,10000,5000,20000,100000,100000,2000,100000,20000,10000,10000,20000,10000,10000,10000,100000,10000,20000,20000,10000,100000,10000,100000,10000,2000,10000,10000,100000,20000,10000,20000,10000,20000,10000,100000,100000,100000,100000,100000,10000,20000,100000,10000,100000,10000,10000,50000,100000,50000,10000,20000,20000,10000,100000,20000,20000,10000,100000,20000,10000,20000,50000,20000,100000,10000,100000,10000,10000,10000,10000,100000,20000,100000,10000,100000,1000,10000,10000,20000,1000,10000,100000,1000,1000,1000,10000,20000,10000,5000,100000,10000,20000,10000,100000,20000,100000,100000,100000,20000,20000,20000,100000,20000,10000,10000,10000,100000,10000,100000,20000,10000,10000,10000,50000,100000,10000,100000,20000,20000,100000,20000,100000,10000,50000,100000,20000,20000,10000,10000,10000,10000,20000,20000,100000,1000,100000,100000,100000,100000,10000,20000,20000,2000,50000,100000,20000,10000,20000,10000,100000,10000,100000,100000,20000,20000,1000,10000,100000,20000,20000,20000,100000,20000,100000,10000,10000,100000,10000,10000,2000,10000,20000,10000,10000,5000,1000,20000,20000,10000,10000,20000,10000,100000,20000,100000,20000,20000,100000,10000,10000,20000,10000,10000,100000,50000,10000,20000,100000,20000,20000,20000,100000,100000,50000,100000,10000,100000,20000,100000,20000,20000,2000,20000,10000,100000,10000,1000,100000,20000,20000,10000,20000,20000,2000,100000,50000,20000,20000,10000,50000,100000,10000,10000,100000,20000,10000,20000,20000,10000,20000,10000,10000,20000,10000,50000,10000,10000,20000,10000,20000,20000,10000,20000,20000,100000,20000,100000,10000,100000,20000,20000,100000,20000,20000,2000,20000,50000,100000,20000,20000];

communicationTimeForOrderCriticalMessages = [1,1,1,1,1,1,1,1,1,1,1,1,1,1,1,1,1,1,1,1,1,1,1,1,1,1,1,1,1,1,1,1,1,1,1,1,1,1,1,1,1,1,1,1,1,1,1,1,1,2,1,1,1,1,1,1,1,1,1,1,1,1,1,1,1,1,1,1,1,1,1,1,1,1,1,1,1,1,1,1,1,1,1,1,1,1,1,1,1,1,1,1,1,1,1,1,1,1,1,1,1,1,1,1,1,1,1,1,1,1,1,1,1,1,1,1,1,1,1,1,1,1,1,1,1,1,1,1,1,1,1,1,1,1,1,1,1,1,1,1,1,1,1,1,1,1,1,1,1,1,1,1,1,1,1,1,1,1,2,1,1,1,1,1,1,1,1,1,1,1,1,1,1,1,1,1,1,1,1,1,1,1,1,1,1,1,1,1,1,1,1,1,1,1,1,1,1,1,1,1,1,1,1,1,1,1,1,1,1,1,1,1,1,1,1,1,1,1,1,1,1,1,1,1,1];

sizeOfRunnables = [1218,1075,910,1135,1170,940,1065,1298,1158,1248,925,488,1335,1223,798,1098,1410,555,1448,1210,715,1208,1465,758,1498,1133,1333,1180,1425,743,1293,978,515,775,1045,1163,1290,683,1118,1298,1333,1600,1303,1060,963,1253,428,953,960,750,690,1135,1485,1218,1233,1118,1383,1185,645,1050,1305,1513,1128,1295,1295,815,1518,1185,970,1178,705,1023,1058,880,1088,1023,1290,1000,1165,765,458,1550,790,1475,1143,435,1048,580,625,1235,593,638,1198,438,918,1305,1335,463,525,1215,650,918,1298,1180,1180,1128,520,1560,1128,1368,1453,1163,1368,1095,1238,1283,1110,1620,1573,910,1188,765,1305,900,1235,670,1335,1438,483,940,383,1253,945,848,1163,1600,938,1088,1165,565,975,1275,1263,1480,1195,1555,938,970,1485,1088,948,1545,1133,408,1583,1448,1383,1143,1098,955,510,1275,975,1038,955,960,578,945,1193,1098,858,630,1240,760,520,490,495,1295,505,1068,923,1170,1253,1238,1300,705,683,905,985,960,1150,1615,1475,1593,1355,525,1253,475,1593,1233,1255,1140,1210,1290,1300,1308,1293,1065,1253,490,1535,915,1155,1203,1610,900,490,908,1620,1113,825,1518,950,933,1020,1398,670,1218,1185,1438,1155,1255,1393,1028,593,1513,1333,1268,765,1015,1173,938,843,913,1238,985,1210,728,895,945,1240,1098,1215,1028,1195,1238,1008,870,1210,983,1285,1365,893,940,1065,435,1290,1165,458,843,960,1010,990,1573,570,715,1268,1280,753,1110,1578,1095,953,420,983,1013,1143,1463,710,460,1133,840,970,1293,1600,1215,460,1480,1188,1088,468,1080,655,510,940,1275,705,1013,1145,1050,1158,700,378,588,963,1305,490,480,1090,638,1270,1080,1155,1105,1583,940,1098,1058,933,655,630,1088,1360,1610,1068,468,1215,1118,1225,1075,768,1355,1605,1335,598,490,810,520,1260,818,1258,1178,483,1060,1028,1158,1113,1155,855,1150,955,690,1290,603,1205,1073,950,1430,1150,878,1020,1503,1605,1085,895,1350,870,1383,638,1178,1305,1333,1425,1195,1080,1013,473,1155,1595,993,1225,750,728,513,1523,1615,708,543,1415,1045,570,1285,430,1540,653,1058,1388,795,1218,743,1143,428,1000,760,1113,633,1278,1495,910,1253,1030,685,473,1085,528,900,405,1240,1195,1185,1605,1015,1038,1528,1045,1110,553,575,1113,723,998,558,1248,968,1113,1305,653,1245,1080,1220,1588,998,1290,1295,1173,938,500,1415,1195,1188,1588,960,918,1113,640,1508,1133,1193,625,1143,1595,573,960,490,773,533,1133,1400,1378,1563,1173,468,803,520,1128,1030,955,1230,1278,1050,1285,1368,1420,1128,895,570,1008,450,1118,540];

SenderLabelReceiverOrderCriticalChains = [[479,1629,0,0,34],[34,1884,0,0,262],[262,2539,0,0,110],[415,525,0,0,345],[345,2567,0,0,196],[196,3060,0,0,288],[288,312,0,0,258],[258,3739,0,0,246],[458,1608,0,0,263],[263,3717,0,0,378],[378,2889,0,0,121],[238,454,0,0,312],[312,2463,0,0,80],[80,117,0,0,489],[489,2998,0,0,70],[70,457,0,0,268],[476,2738,0,0,192],[192,1219,0,0,342],[342,343,575,0,107],[107,3674,0,0,171],[171,1469,0,0,140],[259,273,0,0,411],[411,1310,0,0,500],[500,3216,0,0,179],[13,1902,0,0,320],[320,1056,0,0,296],[296,1136,0,0,251],[251,3667,0,0,284],[284,2554,0,0,27],[329,457,0,0,486],[486,2088,0,0,478],[478,3649,0,0,239],[239,244,0,0,483],[483,2900,0,0,202],[202,529,0,0,493],[34,3307,0,0,214],[214,2675,0,0,446],[446,536,0,0,136],[136,3282,0,0,200],[200,3138,0,0,353],[353,3660,0,0,321],[140,2725,0,0,472],[472,635,0,0,420],[420,888,0,0,244],[244,3200,0,0,300],[300,1969,0,0,469],[469,360,0,0,398],[467,1829,0,0,86],[86,2057,0,0,69],[69,3139,0,0,99],[364,2865,0,0,301],[301,3848,0,0,85],[85,1563,0,0,492],[135,850,0,0,347],[347,3006,0,0,112],[112,3950,0,0,95],[95,3014,0,0,413],[413,3655,0,0,328],[328,1007,0,0,428],[257,90,0,0,228],[228,1887,2957,0,4],[4,1944,0,0,120],[120,2036,0,0,211],[211,2243,0,0,203],[203,3775,0,0,244],[370,1495,0,0,472],[472,584,0,0,398],[398,2816,0,0,412],[412,3165,0,0,172],[172,2957,0,0,321],[474,3201,0,0,276],[276,1388,0,0,423],[423,543,0,0,82],[82,1055,0,0,155],[45,2443,0,0,437],[437,33,0,0,52],[52,3182,0,0,294],[249,1679,0,0,486],[486,3916,0,0,480],[480,3631,0,0,87],[87,1010,0,0,157],[214,2156,2307,0,280],[280,799,0,0,229],[229,172,0,0,471],[471,660,0,0,128],[182,3233,0,0,85],[85,3420,0,0,41],[41,1375,0,0,375],[283,2972,0,0,243],[243,3964,0,0,270],[270,1173,0,0,304],[304,3496,0,0,211],[211,3335,0,0,260],[260,1962,0,0,82],[62,86,0,0,111],[111,2122,0,0,120],[120,2302,0,0,114],[114,1506,0,0,311],[311,2401,0,0,463],[463,1590,0,0,446],[355,346,0,0,327],[327,802,0,0,100],[100,2500,0,0,90],[90,779,0,0,269],[269,3717,0,0,413],[413,3633,0,0,224],[160,1880,0,0,274],[274,1044,0,0,433],[433,1652,0,0,166],[166,2190,0,0,485],[485,1261,0,0,258],[343,2352,0,0,260],[260,3914,0,0,334],[334,2350,0,0,58],[58,27,0,0,472],[191,1335,0,0,39],[39,3442,0,0,42],[42,546,0,0,340],[340,3601,0,0,329],[329,2357,0,0,57],[389,3337,0,0,411],[411,3716,0,0,302],[302,3783,0,0,161],[161,776,0,0,137],[137,1482,0,0,213],[213,2655,0,0,261],[69,2912,0,0,57],[57,1292,0,0,484],[484,2973,0,0,372],[372,3673,0,0,362],[362,3623,0,0,242],[155,2944,3218,0,190],[190,1155,0,0,336],[336,3709,0,0,119],[375,799,0,0,220],[220,1343,0,0,352],[352,3214,0,0,382],[382,3820,0,0,168],[168,670,0,0,51],[365,338,0,0,447],[447,609,0,0,132],[132,272,3384,0,159],[159,469,0,0,314],[427,1614,0,0,167],[167,3862,0,0,33],[33,191,2911,0,145],[145,2911,0,0,348],[348,1184,0,0,349],[349,2161,0,0,133],[54,812,0,0,176],[176,2037,0,0,278],[278,3040,0,0,153],[153,2722,0,0,195],[195,1528,0,0,418],[141,1051,1305,2990,233],[233,2303,0,0,177],[177,1644,0,0,405],[335,3094,0,0,338],[338,2924,0,0,359],[359,1174,0,0,170],[170,3299,0,0,377],[377,1412,0,0,152],[288,364,0,0,66],[66,83,0,0,328],[328,3467,0,0,437],[437,2521,0,0,364],[384,1714,0,0,282],[282,2682,0,0,67],[67,2977,0,0,161],[237,1983,0,0,495],[495,1098,0,0,144],[144,3347,0,0,76],[76,3237,0,0,255],[255,3978,0,0,454],[454,2872,0,0,442],[153,3263,0,0,246],[246,2137,0,0,375],[375,736,0,0,268],[297,3893,0,0,379],[379,3651,0,0,308],[308,1031,0,0,183],[170,760,0,0,105],[105,3832,0,0,227],[227,3015,0,0,299],[299,80,0,0,62],[62,1815,0,0,336],[112,1177,0,0,17],[17,2669,0,0,326],[326,897,2413,0,394],[280,1243,0,0,346],[346,2889,0,0,4],[4,1477,0,0,247],[247,608,0,0,318],[318,3686,0,0,98],[98,1027,0,0,119],[364,164,0,0,312],[312,2082,0,0,392],[392,1216,0,0,195],[195,2482,0,0,85],[85,280,0,0,16],[16,1714,0,0,394],[69,3627,0,0,87],[87,3562,0,0,44],[44,2858,0,0,219],[219,1977,0,0,151],[151,1373,0,0,199],[71,596,3186,0,75],[75,1390,2285,0,215],[215,1788,0,0,187],[187,3047,0,0,88],[88,700,2394,0,306],[306,1862,0,0,173],[411,2575,0,0,222],[222,2626,0,0,37],[37,226,0,0,14],[65,5,2598,0,452],[452,3550,0,0,263],[263,3873,0,0,157],[383,3067,0,0,258],[258,783,0,0,153],[153,2426,0,0,424],[424,2975,0,0,269],[439,2835,0,0,135],[135,3161,0,0,364],[364,1753,0,0,226]];

SenderLabelReceiverNonOrderCriticalChains = [[1,381,9],[1,637,263],[1,932,163],[1,1058,3],[2,229,232],[2,1089,340],[2,1484,366],[2,1484,169],[2,2775,491],[2,3189,271],[2,3412,6],[2,3546,57],[3,616,438],[3,1572,332],[3,1572,498],[3,1749,440],[3,1749,466],[3,2739,441],[3,3628,42],[3,3628,5],[3,3628,345],[3,3992,199],[4,1236,7],[4,1236,350],[4,1236,401],[4,1477,247],[4,1601,121],[4,1887,406],[4,1887,228],[4,1944,120],[4,1944,487],[4,1944,391],[4,3937,196],[5,1273,142],[5,1273,460],[5,1668,154],[5,1668,294],[5,2073,309],[5,2073,163],[5,2816,76],[5,2816,412],[5,3554,443],[5,3569,6],[6,284,234],[6,284,367],[6,1592,122],[6,2871,379],[6,3069,11],[6,3991,118],[7,1447,8],[7,2858,155],[7,2858,31],[7,2858,244],[7,2858,260],[7,2858,327],[7,2858,219],[7,3129,419],[8,375,294],[8,1102,422],[8,1142,401],[8,1280,244],[8,1280,482],[8,1295,10],[8,2962,49],[9,1454,18],[9,1454,266],[9,1454,330],[9,2842,193],[9,3887,25],[10,295,50],[10,295,161],[10,295,418],[10,1209,211],[10,2342,94],[10,2997,472],[10,3329,160],[11,22,148],[11,22,365],[11,22,444],[11,610,175],[11,1170,349],[11,1170,408],[11,1704,144],[11,2281,475],[11,2281,18],[11,3103,14],[11,3808,133],[11,3808,353],[12,524,421],[12,524,13],[12,645,321],[12,645,273],[12,703,485],[12,835,325],[12,906,326],[12,906,422],[12,2462,66],[12,2917,62],[13,812,176],[13,812,485],[13,1578,464],[13,1578,51],[13,1683,424],[13,1902,320],[13,1902,344],[13,2525,492],[13,2958,22],[13,2958,465],[14,823,44],[14,1302,333],[14,1302,484],[14,1302,360],[14,1584,28],[14,3182,294],[14,3182,106],[14,3182,307],[14,3236,1],[14,3236,467],[15,1229,20],[15,1620,241],[15,1620,144],[15,1923,306],[15,2403,409],[15,2458,363],[15,2458,409],[15,2856,382],[15,2856,170],[15,3123,316],[16,81,27],[16,467,443],[16,1714,282],[16,1714,394],[16,3565,256],[16,3760,360],[16,3762,186],[17,195,45],[17,389,140],[17,522,51],[17,2216,229],[17,2669,305],[17,2669,326],[17,3174,355],[17,3687,22],[18,878,28],[18,1639,236],[18,1639,334],[18,2464,422],[18,3077,19],[19,374,152],[19,1064,7],[19,1064,117],[19,2026,299],[19,2048,85],[19,3095,478],[19,3120,31],[19,3638,218],[19,3638,47],[19,3638,289],[20,1964,241],[20,2221,21],[20,2632,487],[20,3207,156],[20,3305,486],[20,3988,419],[21,1341,171],[21,1801,28],[21,2731,323],[21,3592,124],[21,3592,456],[22,1120,330],[22,1120,226],[22,1511,246],[22,2211,403],[22,2629,45],[22,3933,264],[22,3933,84],[23,2506,306],[23,3094,419],[23,3094,338],[23,3609,36],[23,3837,55],[23,3837,499],[23,3899,382],[24,434,427],[24,1218,478],[24,1218,327],[24,1273,142],[24,1273,460],[24,1668,154],[24,1668,294],[24,2170,43],[24,2170,364],[24,3973,33],[25,470,196],[25,708,129],[25,708,399],[25,1633,70],[25,1826,364],[25,3557,5],[25,3557,481],[26,754,221],[26,1302,333],[26,1302,484],[26,1302,360],[26,1317,318],[26,1317,391],[26,1816,36],[26,2144,388],[26,2521,186],[26,2521,364],[26,2868,480],[27,422,35],[27,718,148],[27,2254,187],[27,2572,422],[27,2572,104],[27,3054,312],[27,3643,100],[28,1385,40],[28,2502,396],[28,2502,326],[28,3891,359],[29,569,58],[29,1047,458],[29,1047,246],[29,1047,81],[29,2170,43],[29,2170,364],[29,2832,409],[29,3349,128],[29,3349,420],[30,1163,358],[30,1900,386],[30,1900,34],[30,3537,283],[30,3537,388],[31,51,393],[31,241,385],[31,1677,343],[31,1677,357],[31,1677,339],[31,3343,499],[31,3734,466],[32,135,247],[32,623,69],[32,782,276],[32,1374,256],[32,1374,491],[32,1744,446],[32,1744,132],[33,191,145],[33,1410,69],[33,1410,192],[33,1674,352],[33,2911,348],[33,2911,142],[33,3438,247],[34,430,40],[34,1884,262],[34,3307,214],[34,3348,324],[34,3348,157],[35,410,73],[35,541,60],[35,993,203],[35,1552,148],[35,1848,251],[35,1848,464],[35,3981,407],[35,3981,206],[36,86,111],[36,86,67],[36,1950,259],[36,2130,65],[36,2592,478],[36,2592,108],[36,2592,113],[36,3140,295],[36,3140,429],[36,3460,355],[36,3460,292],[37,41,284],[37,226,14],[37,226,322],[37,1224,184],[37,2033,40],[37,2203,39],[37,2475,259],[37,2920,493],[38,524,421],[38,524,13],[38,959,196],[38,1069,450],[38,1845,189],[38,1845,373],[38,2443,104],[38,2443,437],[38,2443,373],[38,2730,234],[38,3041,82],[38,3248,76],[39,281,325],[39,752,53],[39,1876,257],[39,1876,493],[39,2091,290],[39,3442,42],[40,31,298],[40,570,240],[40,1949,43],[40,1949,113],[40,3222,231],[40,3222,228],[40,3972,238],[41,107,267],[41,646,244],[41,1047,458],[41,1047,246],[41,1047,81],[41,1187,125],[41,1187,465],[41,1375,375],[41,1375,368],[41,1756,32],[41,2119,45],[42,546,340],[42,2307,280],[42,2307,408],[42,2408,64],[42,3089,67],[42,3578,319],[42,3849,64],[43,311,357],[43,311,59],[43,1650,95],[43,2106,58],[43,2441,138],[43,2441,373],[43,3024,23],[43,3024,256],[44,1277,494],[44,1652,193],[44,1652,166],[44,1652,373],[44,2858,155],[44,2858,31],[44,2858,244],[44,2858,260],[44,2858,327],[44,2858,219],[44,3032,55],[44,3032,303],[44,3102,416],[45,1239,397],[45,1545,301],[45,2443,104],[45,2443,437],[45,2443,373],[45,2502,396],[45,2502,326],[45,3242,100],[45,3242,115],[46,743,305],[46,1169,127],[46,1169,14],[46,1276,60],[46,1276,407],[46,1276,254],[46,1292,484],[46,1292,138],[46,1292,301],[46,2999,356],[46,3912,95],[47,174,81],[47,1151,414],[47,1490,467],[47,2819,359],[47,2819,323],[48,56,441],[48,643,62],[48,1891,23],[48,1891,289],[48,2288,449],[48,2367,72],[48,2367,106],[48,2481,336],[48,2481,417],[48,2633,484],[49,2674,252],[49,2674,175],[49,2906,206],[49,3152,251],[49,3219,361],[49,3219,289],[49,3416,18],[49,3416,50],[50,2293,254],[50,2367,72],[50,2367,106],[50,2486,94],[50,2591,444],[50,3262,430],[50,3262,119],[51,333,219],[51,333,217],[51,365,217],[51,981,47],[51,981,304],[51,981,470],[51,1550,56],[51,2136,52],[52,1936,432],[52,2306,70],[52,2306,185],[52,2858,155],[52,2858,31],[52,2858,244],[52,2858,260],[52,2858,327],[52,2858,219],[52,3182,294],[52,3182,106],[52,3182,307],[52,3567,196],[52,3787,413],[53,1133,245],[53,1133,414],[53,1904,287],[53,2053,305],[53,2364,306],[53,2364,77],[53,2637,68],[53,3432,475],[53,3606,370],[54,812,176],[54,812,485],[54,940,63],[54,1776,370],[54,1776,170],[54,2592,478],[54,2592,108],[54,2592,113],[54,2876,9],[54,2927,223],[54,3317,430],[54,3317,43],[54,3317,375],[54,3816,325],[55,1443,458],[55,2105,282],[55,2105,294],[55,3317,430],[55,3317,43],[55,3317,375],[55,3886,142],[56,518,439],[56,518,393],[56,1325,395],[56,1356,173],[56,1356,268],[56,2153,79],[56,3813,247],[56,3935,194],[57,1292,484],[57,1292,138],[57,1292,301],[57,2729,460],[57,3013,467],[57,3013,487],[57,3162,125],[58,27,472],[58,2772,203],[58,2934,72],[58,3422,232],[59,65,82],[59,951,206],[59,1054,461],[59,3046,412],[59,3046,422],[59,3264,204],[59,3264,356],[59,3925,265],[60,844,388],[60,844,252],[60,1654,63],[60,3410,168],[60,3706,138],[60,3706,297],[60,3946,333],[61,788,344],[61,788,496],[61,788,317],[61,1329,379],[61,1329,293],[61,2847,403],[61,3416,18],[61,3416,50],[61,3713,94],[62,2,260],[62,2,480],[62,86,111],[62,86,67],[62,1764,271],[62,1764,95],[62,1815,292],[62,1815,336],[62,2314,16],[62,2314,476],[63,1189,382],[63,1598,74],[63,2417,433],[63,2417,390],[63,3314,443],[64,1332,252],[64,1724,429],[64,1813,162],[64,2430,499],[64,2430,448],[64,2430,151],[64,2430,454],[64,2478,295],[64,2478,478],[64,3212,341],[64,3212,438],[65,5,452],[65,99,219],[65,250,87],[65,1703,35],[65,2013,349],[65,2013,210],[65,2598,452],[65,2982,371],[65,2982,333],[66,83,328],[66,94,78],[66,2095,320],[66,2518,286],[66,2518,97],[66,3957,70],[67,64,325],[67,1978,92],[67,1978,204],[67,2115,483],[67,2187,92],[67,2977,161],[67,2977,326],[68,171,400],[68,1652,193],[68,1652,166],[68,1652,373],[68,2277,296],[68,2277,107],[68,3273,55],[68,3850,76],[69,1514,335],[69,1514,387],[69,1932,85],[69,1932,299],[69,2912,57],[69,3139,99],[69,3627,87],[70,12,80],[70,457,486],[70,457,268],[70,3415,200],[71,429,313],[71,596,75],[71,596,406],[71,1304,88],[71,1937,456],[71,1937,474],[71,2181,187],[71,2181,368],[71,2992,146],[71,3186,75],[72,32,83],[72,2155,89],[72,2858,155],[72,2858,31],[72,2858,244],[72,2858,260],[72,2858,327],[72,2858,219],[72,3059,73],[72,3182,294],[72,3182,106],[72,3182,307],[73,2687,93],[73,2751,499],[73,2883,481],[73,2883,80],[73,3594,419],[73,3594,146],[74,355,470],[74,1972,391],[74,2160,232],[74,2160,441],[74,2571,443],[74,2587,117],[74,2587,133],[74,2768,106],[74,3151,87],[74,3151,419],[75,1390,476],[75,1390,215],[75,1786,213],[75,1786,111],[75,2285,215],[75,2877,359],[75,2877,88],[75,2967,299],[75,3317,430],[75,3317,43],[75,3317,375],[76,318,400],[76,1469,372],[76,1469,127],[76,1469,140],[76,3237,255],[76,3452,150],[77,1137,381],[77,1985,436],[77,2239,319],[77,2314,16],[77,2314,476],[77,2815,228],[77,3579,105],[78,202,188],[78,454,455],[78,454,312],[78,2615,418],[78,3133,303],[78,3492,433],[78,3659,100],[79,182,149],[79,182,243],[79,573,355],[79,1149,33],[79,1353,10],[79,1353,489],[79,2286,95],[79,2286,315],[79,2935,322],[79,2935,296],[79,3836,269],[79,3836,304],[80,117,489],[80,660,128],[80,660,253],[80,660,147],[80,2022,417],[80,2705,264],[81,369,356],[81,777,377],[81,777,323],[81,1241,426],[81,1500,285],[81,3253,444],[81,3253,105],[81,3253,296],[81,3709,449],[81,3709,119],[81,3709,410],[81,3709,189],[82,184,13],[82,1055,155],[82,2649,9],[83,1620,241],[83,1620,144],[83,1634,360],[83,3926,200],[84,89,82],[84,479,434],[84,479,149],[84,479,457],[84,2236,30],[84,2236,78],[84,3718,109],[84,3848,85],[84,3848,294],[85,280,16],[85,1563,492],[85,3420,41],[86,872,221],[86,1235,384],[86,1746,167],[86,1978,92],[86,1978,204],[86,2011,453],[86,2057,69],[86,3032,55],[86,3032,303],[87,1010,157],[87,1245,396],[87,1245,126],[87,1980,222],[87,1980,313],[87,3562,44],[87,3562,421],[88,700,306],[88,1029,102],[88,2394,146],[88,2394,306],[88,3775,244],[88,3775,359],[89,930,319],[89,930,471],[89,1453,190],[89,1913,311],[89,1913,437],[89,2326,276],[89,2505,409],[89,2505,436],[89,3012,380],[90,164,312],[90,164,368],[90,164,218],[90,582,135],[90,779,269],[90,911,108],[90,3558,153],[90,3916,253],[90,3916,480],[91,808,304],[91,808,203],[91,1203,229],[91,2341,105],[91,3117,450],[91,3117,245],[91,3190,200],[91,3190,370],[92,1871,156],[92,1871,352],[92,1990,157],[92,2613,167],[92,2613,287],[92,3109,83],[92,3264,204],[92,3264,356],[93,1185,353],[93,1185,351],[93,1980,222],[93,1980,313],[93,2232,214],[93,2232,370],[93,2232,471],[93,2858,155],[93,2858,31],[93,2858,244],[93,2858,260],[93,2858,327],[93,2858,219],[93,2893,231],[93,2893,183],[93,3265,463],[94,21,356],[94,579,287],[94,579,463],[94,971,257],[95,273,139],[95,273,411],[95,3014,413],[95,3562,44],[95,3562,421],[96,542,391],[96,542,466],[96,865,302],[96,1671,239],[96,2646,287],[96,2958,22],[96,2958,465],[96,3424,122],[97,1928,162],[97,1928,340],[97,2452,431],[97,2478,295],[97,2478,478],[97,2523,98],[97,3106,499],[98,614,251],[98,1027,119],[98,1027,373],[98,1967,432],[98,1967,111],[98,2402,260],[99,228,28],[99,1707,430],[99,2003,46],[99,2003,137],[99,3379,181],[100,2500,90],[100,3367,309],[100,3367,108],[101,849,489],[101,929,255],[101,929,108],[101,1479,210],[101,1899,477],[101,2893,231],[101,2893,183],[101,3114,224],[101,3730,218],[102,1026,205],[102,1150,103],[102,1276,60],[102,1276,407],[102,1276,254],[102,1381,166],[102,1410,69],[102,1410,192],[103,912,138],[103,1139,80],[103,1329,379],[103,1329,293],[103,2138,58],[103,3143,109],[103,3150,177],[104,386,29],[104,386,246],[104,386,379],[104,386,237],[104,1949,43],[104,1949,113],[104,1992,137],[104,2306,70],[104,2306,185],[104,2430,499],[104,2430,448],[104,2430,151],[104,2430,454],[104,2512,106],[104,2512,380],[105,483,119],[105,551,495],[105,3832,227],[106,1655,421],[106,1784,235],[106,3049,138],[106,3547,473],[107,328,108],[107,343,317],[107,343,472],[107,1412,451],[107,1412,152],[107,1928,162],[107,1928,340],[107,3674,324],[107,3674,171],[108,219,389],[108,2295,369],[108,3030,115],[109,1170,349],[109,1170,408],[109,1639,236],[109,1639,334],[109,3241,343],[110,1711,204],[110,3695,114],[110,3716,300],[110,3716,302],[111,1173,478],[111,1173,304],[111,2122,120],[111,2225,250],[111,3645,298],[111,3645,469],[112,67,303],[112,1057,275],[112,1057,397],[112,1177,17],[112,3557,5],[112,3557,481],[112,3815,182],[112,3950,95],[113,531,68],[113,581,202],[113,1064,7],[113,1064,117],[113,1747,468],[113,2002,297],[113,2002,332],[114,1323,129],[114,1323,221],[114,1506,311],[114,2461,25],[114,2616,396],[114,3253,444],[114,3253,105],[114,3253,296],[115,1145,487],[115,1571,320],[115,1571,366],[115,1953,253],[115,3519,118],[115,3591,238],[115,3691,445],[116,216,121],[116,302,175],[116,774,458],[116,1888,132],[116,3358,259],[116,3360,467],[117,805,234],[117,2638,184],[117,2827,118],[117,2827,47],[117,3748,407],[117,3748,391],[118,607,98],[118,607,496],[118,928,158],[118,2674,252],[118,2674,175],[118,3488,21],[118,3488,423],[119,1932,85],[119,1932,299],[119,2499,242],[119,2499,125],[119,3743,381],[120,1187,125],[120,1187,465],[120,2036,211],[120,2107,311],[120,2302,114],[120,2487,396],[120,2487,199],[121,88,248],[121,2409,269],[121,2409,127],[121,3534,425],[121,3534,295],[121,3853,356],[121,3974,161],[122,1155,336],[122,1155,220],[122,1358,374],[122,2070,163],[122,2701,324],[123,272,156],[123,272,159],[123,543,177],[123,543,252],[123,543,82],[123,1176,261],[123,1180,473],[123,1856,139],[123,2172,130],[123,3104,207],[124,944,94],[124,1986,356],[124,2339,274],[124,2513,382],[124,2513,481],[124,2810,207],[125,1913,311],[125,1913,437],[125,2298,132],[125,2327,335],[125,2787,250],[125,3776,198],[125,3776,230],[126,799,220],[126,799,229],[126,799,345],[126,970,118],[126,1287,322],[126,2141,179],[126,3776,198],[126,3776,230],[127,525,144],[127,525,345],[127,1328,454],[127,2430,499],[127,2430,448],[127,2430,151],[127,2430,454],[127,2443,104],[127,2443,437],[127,2443,373],[127,3093,255],[128,808,304],[128,808,203],[128,956,317],[128,956,459],[128,3539,483],[128,3594,419],[128,3594,146],[129,1543,216],[129,1681,178],[129,1681,212],[129,2532,251],[129,2532,406],[129,2532,172],[129,2628,278],[129,2628,448],[129,2707,24],[129,3573,321],[130,333,219],[130,333,217],[130,1210,387],[130,1228,402],[130,1228,169],[130,2003,46],[130,2003,137],[130,2431,84],[130,2644,343],[131,140,126],[131,140,182],[131,140,374],[131,798,257],[131,1128,219],[131,1343,352],[131,1343,141],[131,1951,50],[131,1951,481],[131,2073,309],[131,2073,163],[132,272,156],[132,272,159],[132,891,436],[132,1830,143],[132,3384,159],[133,1101,407],[133,1276,60],[133,1276,407],[133,1276,254],[133,2468,175],[133,3323,438],[133,3323,463],[133,3846,201],[134,349,233],[134,384,230],[134,1323,129],[134,1323,221],[134,1792,469],[134,1792,416],[134,2446,333],[134,3219,361],[134,3219,289],[135,850,347],[135,1580,164],[135,1612,211],[135,1612,7],[135,1795,273],[135,3161,263],[135,3161,309],[135,3161,466],[135,3161,364],[136,792,224],[136,3037,477],[136,3040,153],[136,3040,135],[136,3282,200],[136,3282,310],[136,3566,145],[136,3566,292],[136,3623,242],[136,3623,463],[137,1044,433],[137,1044,172],[137,1482,213],[137,3797,151],[137,3977,201],[137,3977,30],[138,62,172],[138,62,242],[138,3856,413],[139,2856,382],[139,2856,170],[139,3505,347],[139,3505,424],[139,3729,206],[139,3786,284],[139,3786,445],[140,1589,287],[140,1691,22],[140,1691,210],[140,2394,146],[140,2394,306],[140,2725,472],[141,543,177],[141,543,252],[141,543,82],[141,1051,233],[141,1305,233],[141,2499,242],[141,2499,125],[141,2606,319],[141,2990,233],[141,3681,110],[141,3681,177],[142,606,162],[142,1641,296],[142,1708,494],[143,660,128],[143,660,253],[143,660,147],[143,1097,386],[143,1798,460],[143,2175,315],[143,2364,306],[143,2364,77],[143,2563,406],[143,3350,366],[143,3350,344],[144,991,400],[144,1366,237],[144,2120,448],[144,2120,476],[144,3347,76],[145,2820,404],[145,2820,384],[145,2910,213],[145,2911,348],[145,2911,142],[145,3320,15],[146,590,210],[146,780,9],[146,2191,253],[146,3214,181],[146,3214,382],[146,3555,145],[147,487,159],[147,1681,178],[147,1681,212],[147,2788,425],[147,2788,187],[147,2988,315],[147,3196,216],[147,3196,83],[147,3313,165],[148,749,158],[148,1218,478],[148,1218,327],[148,1844,312],[148,2533,290],[149,477,491],[149,2628,278],[149,2628,448],[149,2998,70],[149,2998,265],[149,3664,439],[149,3948,197],[150,1621,417],[150,1621,454],[150,2522,186],[150,2652,255],[150,3597,338],[151,763,154],[151,1014,480],[151,1373,199],[151,1823,271],[151,2586,256],[151,2586,178],[152,3,275],[152,158,462],[152,404,419],[152,423,360],[152,2200,165],[152,3893,109],[152,3893,379],[153,2229,97],[153,2229,384],[153,2426,424],[153,2722,195],[153,3225,179],[153,3225,176],[153,3263,246],[154,519,198],[154,1878,91],[154,1878,28],[154,3301,150],[154,3316,200],[154,3872,430],[154,3971,191],[155,1643,438],[155,2457,245],[155,2944,190],[155,3218,190],[155,3521,149],[155,3748,407],[155,3748,391],[156,1340,421],[156,1393,134],[156,3449,401],[156,3709,449],[156,3709,119],[156,3709,410],[156,3709,189],[156,3903,169],[157,421,484],[157,492,411],[157,2557,461],[158,450,380],[158,2696,168],[158,3395,488],[158,3395,486],[158,3395,228],[158,3984,265],[159,469,314],[159,652,365],[159,1944,120],[159,1944,487],[159,1944,391],[159,3544,173],[159,3783,161],[159,3783,315],[160,303,432],[160,1677,343],[160,1677,357],[160,1677,339],[160,1851,318],[160,1880,274],[160,1930,291],[160,2264,355],[160,2809,259],[161,776,137],[161,1111,329],[161,2819,359],[161,2819,323],[162,2422,331],[162,2580,242],[162,3440,189],[162,3440,500],[162,3485,445],[162,3696,301],[163,689,219],[163,1245,396],[163,1245,126],[163,1454,18],[163,1454,266],[163,1454,330],[163,1876,257],[163,1876,493],[163,3810,204],[164,1256,475],[164,1256,495],[164,1748,387],[164,1748,195],[164,2441,138],[164,2441,373],[164,3660,439],[164,3660,321],[164,3780,327],[165,432,471],[165,438,444],[165,438,452],[165,1383,184],[165,2287,211],[165,2287,392],[165,2536,379],[165,2536,318],[166,1226,91],[166,1657,223],[166,1875,392],[166,2190,485],[166,2190,489],[166,2382,483],[166,3451,116],[167,1782,90],[167,1782,285],[167,3234,375],[167,3234,148],[167,3632,291],[167,3862,33],[168,670,51],[168,1039,235],[168,2848,274],[168,3140,295],[168,3140,429],[168,3268,268],[169,169,217],[169,438,444],[169,438,452],[169,611,429],[169,1619,496],[169,2358,301],[170,760,105],[170,1670,124],[170,3299,377],[170,3299,464],[171,655,262],[171,1469,372],[171,1469,127],[171,1469,140],[171,1706,234],[171,1706,192],[171,1706,354],[171,1706,293],[171,2703,275],[172,85,354],[172,803,415],[172,906,326],[172,906,422],[172,2957,321],[172,2957,4],[173,164,312],[173,164,368],[173,164,218],[173,765,385],[173,1921,443],[173,2483,208],[173,2647,212],[174,895,361],[174,895,267],[174,1074,292],[174,1663,275],[174,1663,109],[174,1699,425],[174,1719,180],[174,1719,425],[174,3757,25],[174,3964,270],[174,3964,434],[175,2,260],[175,2,480],[175,2925,272],[176,234,430],[176,234,454],[176,1092,6],[176,2037,278],[176,2351,138],[176,3692,256],[177,930,319],[177,930,471],[177,1261,34],[177,1261,258],[177,1261,453],[177,1644,405],[178,455,385],[178,1360,274],[178,1776,370],[178,1776,170],[178,2110,365],[178,3483,264],[178,3975,122],[179,2817,390],[179,2817,479],[179,3292,276],[179,3377,261],[179,3963,165],[180,257,456],[180,1912,398],[180,2281,475],[180,2281,18],[180,2692,277],[180,3459,456],[180,3566,145],[180,3566,292],[180,3592,124],[180,3592,456],[181,182,149],[181,182,243],[181,1041,177],[181,1467,486],[181,2236,30],[181,2236,78],[181,3296,183],[181,3877,342],[182,340,392],[182,1134,229],[182,1134,327],[182,1374,256],[182,1374,491],[182,3233,85],[182,3461,171],[182,3628,42],[182,3628,5],[182,3628,345],[183,347,358],[183,645,321],[183,645,273],[183,1879,477],[183,2209,232],[183,2883,481],[183,2883,80],[184,572,110],[184,3230,457],[184,3324,20],[184,3689,415],[185,341,301],[185,341,343],[185,1162,188],[185,3256,253],[185,3354,337],[185,3460,355],[185,3460,292],[185,3628,42],[185,3628,5],[185,3628,345],[186,1562,110],[186,2489,452],[186,2548,289],[186,2733,193],[186,3281,417],[186,3281,349],[187,1107,84],[187,1946,205],[187,3047,88],[187,3482,389],[188,311,357],[188,311,59],[188,1344,368],[188,2532,251],[188,2532,406],[188,2532,172],[188,3161,263],[188,3161,309],[188,3161,466],[188,3161,364],[189,79,430],[189,2002,297],[189,2002,332],[189,2161,133],[189,2161,285],[189,2229,97],[189,2229,384],[189,2755,198],[190,824,311],[190,824,240],[190,824,328],[190,1155,336],[190,1155,220],[190,2471,221],[190,3046,412],[190,3046,422],[191,935,309],[191,989,263],[191,1335,39],[191,1787,493],[191,2476,362],[191,2976,410],[192,788,344],[192,788,496],[192,788,317],[192,1219,490],[192,1219,342],[192,3369,446],[192,3656,475],[192,3656,257],[193,2043,338],[193,2043,314],[193,2213,451],[193,2851,114],[194,258,190],[194,552,265],[194,552,32],[194,552,111],[194,552,368],[194,3537,283],[194,3537,388],[194,3644,326],[195,327,457],[195,1498,297],[195,1528,418],[195,2482,85],[195,2617,142],[196,1377,92],[196,1523,117],[196,3060,288],[197,2515,320],[197,3253,444],[197,3253,105],[197,3253,296],[197,3731,300],[198,111,217],[198,293,242],[198,1885,470],[198,1885,188],[198,2892,271],[198,3996,21],[199,756,71],[199,905,371],[199,1612,211],[199,1612,7],[199,2855,88],[199,2855,286],[200,1452,225],[200,3138,353],[200,3151,87],[200,3151,419],[201,2061,281],[201,2061,311],[201,2277,296],[201,2277,107],[201,3365,393],[201,3499,56],[202,529,493],[202,844,388],[202,844,252],[202,1870,102],[202,2100,271],[202,2100,247],[202,2105,282],[202,2105,294],[202,2850,464],[203,685,277],[203,1581,230],[203,1887,406],[203,1887,228],[203,3775,244],[203,3775,359],[204,966,381],[204,966,281],[204,1706,234],[204,1706,192],[204,1706,354],[204,1706,293],[204,1799,362],[204,2666,158],[205,177,208],[205,1024,281],[205,1732,259],[205,2046,372],[205,3395,488],[205,3395,486],[205,3395,228],[205,3586,498],[205,3586,365],[206,1263,240],[206,1302,333],[206,1302,484],[206,1302,360],[206,1664,483],[206,2894,209],[207,14,284],[207,118,268],[207,221,350],[207,1254,411],[207,1254,347],[207,3257,292],[208,1571,320],[208,1571,366],[208,3318,406],[209,1237,455],[209,1237,280],[209,1760,477],[209,2273,142],[209,2630,403],[209,3176,370],[209,3808,133],[209,3808,353],[210,729,405],[210,741,420],[210,741,254],[210,1561,288],[210,3429,243],[211,2243,203],[211,3328,46],[211,3335,260],[212,595,214],[212,827,495],[212,1948,44],[212,1969,315],[212,1969,469],[212,3707,306],[213,2116,356],[213,2655,261],[213,2828,362],[213,2845,486],[213,3161,263],[213,3161,309],[213,3161,466],[213,3161,364],[214,2156,280],[214,2307,280],[214,2307,408],[214,2536,379],[214,2536,318],[214,2675,446],[214,2686,479],[215,120,386],[215,304,360],[215,739,365],[215,819,406],[215,1757,313],[215,1788,187],[216,818,257],[216,2667,270],[216,3097,252],[216,3097,349],[216,3556,444],[217,1356,173],[217,1356,268],[217,3222,231],[217,3222,228],[217,3534,425],[217,3534,295],[218,26,375],[218,2812,398],[218,3427,199],[218,3897,1],[219,1529,286],[219,1977,151],[219,2038,89],[220,698,347],[220,1343,352],[220,1343,141],[220,2611,353],[221,3710,176],[221,3861,369],[221,3876,229],[221,3939,275],[222,579,287],[222,579,463],[222,1605,351],[222,1944,120],[222,1944,487],[222,1944,391],[222,2626,37],[222,3622,431],[223,723,451],[223,1110,265],[223,1815,292],[223,1815,336],[223,2491,288],[223,2762,337],[223,3968,415],[223,3968,403],[224,428,428],[224,1062,184],[224,1481,437],[224,1973,345],[224,2196,357],[225,755,421],[225,1764,271],[225,1764,95],[225,1808,256],[225,1942,408],[225,2479,334],[225,3236,1],[225,3236,467],[225,3337,361],[225,3337,411],[226,532,294],[226,1047,458],[226,1047,246],[226,1047,81],[226,2147,455],[226,2380,369],[226,3656,475],[226,3656,257],[227,2232,214],[227,2232,370],[227,2232,471],[227,2597,423],[227,3015,299],[227,3836,269],[227,3836,304],[227,3867,262],[228,128,269],[228,1057,275],[228,1057,397],[228,2957,321],[228,2957,4],[229,172,471],[229,2111,230],[229,2363,426],[230,563,290],[230,601,313],[230,3371,259],[231,513,473],[231,2180,331],[231,2905,377],[231,2905,494],[231,3386,287],[232,1133,245],[232,1133,414],[232,3977,201],[232,3977,30],[233,2303,110],[233,2303,177],[233,2466,261],[233,2466,171],[233,2466,417],[233,2878,319],[234,1768,240],[234,2258,352],[234,2726,226],[234,3968,415],[234,3968,403],[235,40,366],[235,1018,435],[235,1419,336],[236,777,377],[236,777,323],[236,824,311],[236,824,240],[236,824,328],[236,1676,380],[236,1676,423],[236,1871,156],[236,1871,352],[236,2286,95],[236,2286,315],[237,234,430],[237,234,454],[237,437,400],[237,929,255],[237,929,108],[237,1726,454],[237,1983,495],[237,2930,255],[238,454,455],[238,454,312],[238,1214,374],[238,1555,481],[238,2340,498],[238,2982,371],[238,2982,333],[238,3674,324],[238,3674,171],[239,244,483],[239,1962,261],[239,1962,82],[239,2101,376],[239,2752,384],[239,3392,294],[240,608,318],[240,608,422],[240,608,404],[240,3190,200],[240,3190,370],[240,3242,100],[240,3242,115],[241,1119,346],[241,2043,338],[241,2043,314],[241,2493,131],[242,2935,322],[242,2935,296],[242,3602,218],[243,892,334],[243,981,47],[243,981,304],[243,981,470],[243,1542,410],[243,2588,385],[243,3964,270],[243,3964,434],[244,976,39],[244,976,220],[244,976,317],[244,3200,300],[245,314,18],[245,1228,402],[245,1228,169],[245,1469,372],[245,1469,127],[245,1469,140],[245,2504,164],[246,2137,375],[246,3098,350],[247,608,318],[247,608,422],[247,608,404],[247,1454,18],[247,1454,266],[247,1454,330],[247,3161,263],[247,3161,309],[247,3161,466],[247,3161,364],[248,131,83],[248,1134,229],[248,1134,327],[248,2148,100],[248,3097,252],[248,3097,349],[248,3258,485],[249,1124,295],[249,1679,486],[249,2108,235],[249,2558,289],[249,2704,21],[249,2744,389],[250,832,459],[250,2480,101],[250,2587,117],[250,2587,133],[250,2716,260],[251,2972,500],[251,2972,243],[251,3293,393],[251,3667,284],[252,443,246],[252,2683,360],[253,2490,350],[253,3684,1],[254,22,148],[254,22,365],[254,22,444],[254,1185,353],[254,1185,351],[254,1736,402],[255,1839,354],[255,2921,241],[255,3978,454],[256,1075,113],[256,2566,295],[257,90,228],[257,2450,266],[257,2800,233],[257,2800,275],[258,783,153],[258,1891,23],[258,1891,289],[258,2361,239],[258,3739,246],[259,273,139],[259,273,411],[260,1962,261],[260,1962,82],[260,3914,334],[261,1268,61],[261,2592,478],[261,2592,108],[261,2592,113],[262,1663,275],[262,1663,109],[262,2539,110],[262,2905,377],[262,2905,494],[263,3717,413],[263,3717,378],[263,3873,157],[264,690,338],[264,690,490],[264,2013,349],[264,2013,210],[264,2700,331],[265,2613,167],[265,2613,287],[266,45,267],[266,161,461],[266,1088,326],[266,1484,366],[266,1484,169],[266,2317,175],[266,3678,433],[267,235,249],[267,669,449],[267,2862,30],[267,3348,324],[267,3348,157],[268,1677,343],[268,1677,357],[268,1677,339],[268,3055,368],[269,3128,289],[269,3374,179],[269,3374,261],[269,3717,413],[269,3717,378],[270,341,301],[270,341,343],[270,1043,482],[270,1173,478],[270,1173,304],[270,1697,298],[270,3076,175],[270,3503,334],[271,1797,265],[271,2410,128],[271,3300,241],[272,140,126],[272,140,182],[272,140,374],[272,790,336],[272,790,463],[272,1409,278],[272,1409,277],[272,2544,415],[272,2639,388],[272,3276,367],[272,3576,397],[273,141,307],[273,1560,466],[273,3395,488],[273,3395,486],[273,3395,228],[273,3765,299],[273,3771,342],[274,1044,433],[274,1044,172],[274,1786,213],[274,1786,111],[274,2276,400],[274,2574,324],[275,2481,336],[275,2481,417],[275,3589,404],[276,1388,423],[276,1981,231],[276,2473,208],[276,2669,305],[276,2669,326],[277,97,358],[277,248,130],[277,1719,180],[277,1719,425],[277,2618,279],[277,3933,264],[277,3933,84],[278,489,288],[278,2233,305],[278,2788,425],[278,2788,187],[278,3040,153],[278,3040,135],[279,36,456],[279,1558,292],[279,3228,292],[279,3350,366],[279,3350,344],[279,3362,99],[279,3895,455],[280,675,436],[280,799,220],[280,799,229],[280,799,345],[280,1243,346],[280,3638,218],[280,3638,47],[280,3638,289],[281,226,14],[281,226,322],[281,343,317],[281,343,472],[281,3117,450],[281,3117,245],[281,3721,317],[281,3830,60],[281,3830,322],[282,2044,302],[282,2257,484],[282,2681,393],[282,2682,67],[282,2804,458],[283,557,343],[283,1428,492],[283,1428,342],[283,2795,488],[283,2795,482],[283,2972,500],[283,2972,243],[283,3005,96],[283,3507,193],[284,535,399],[284,1292,484],[284,1292,138],[284,1292,301],[284,2554,27],[284,3561,216],[285,498,470],[285,976,39],[285,976,220],[285,976,317],[285,981,47],[285,981,304],[285,981,470],[285,3790,468],[286,1530,448],[286,2800,233],[286,2800,275],[286,3002,333],[286,3125,351],[286,3378,419],[287,2001,302],[287,2583,338],[287,2583,191],[288,312,258],[288,364,66],[288,552,265],[288,552,32],[288,552,111],[288,552,368],[288,1567,498],[289,268,305],[289,1691,22],[289,1691,210],[290,295,50],[290,295,161],[290,295,418],[290,1902,320],[290,1902,344],[290,3212,341],[290,3212,438],[290,3374,179],[290,3374,261],[291,516,258],[291,945,450],[291,1394,322],[291,3196,216],[291,3196,83],[292,1193,344],[293,153,492],[293,732,417],[293,1406,300],[293,1625,311],[293,2417,433],[293,2417,390],[294,842,376],[295,2790,420],[295,2790,497],[295,3100,463],[295,3213,298],[296,894,77],[296,1136,251],[296,1175,140],[297,77,338],[297,1514,335],[297,1514,387],[297,2304,445],[297,2583,338],[297,2583,191],[297,3893,109],[297,3893,379],[298,445,185],[298,3261,63],[298,3920,26],[298,3920,147],[299,80,62],[299,1023,194],[299,1408,323],[300,1969,315],[300,1969,469],[300,2035,438],[300,2061,281],[300,2061,311],[300,2938,361],[300,2938,470],[301,862,49],[301,3848,85],[301,3848,294],[302,290,340],[302,3688,363],[302,3783,161],[302,3783,315],[303,1237,455],[303,1237,280],[303,2118,493],[303,3191,475],[303,3191,343],[303,3560,353],[304,2643,316],[304,3087,447],[304,3087,479],[304,3496,211],[305,1706,234],[305,1706,192],[305,1706,354],[305,1706,293],[305,2977,161],[305,2977,326],[305,3593,324],[305,3593,217],[306,1370,192],[306,1370,322],[306,1862,173],[307,502,399],[307,730,360],[307,1547,419],[307,1908,208],[307,2015,403],[307,2086,360],[308,152,387],[308,371,249],[308,636,494],[308,966,381],[308,966,281],[308,1031,183],[308,1752,404],[308,3083,409],[309,826,429],[309,1291,250],[309,3252,325],[310,786,331],[310,1900,386],[310,1900,34],[310,2497,357],[310,2497,386],[310,2689,365],[310,3115,386],[310,3908,313],[311,386,29],[311,386,246],[311,386,379],[311,386,237],[311,2401,463],[312,597,34],[312,2082,392],[312,2463,80],[313,87,315],[313,440,264],[313,440,194],[313,3136,447],[314,22,148],[314,22,365],[314,22,444],[314,277,254],[314,277,315],[314,715,55],[314,2532,251],[314,2532,406],[314,2532,172],[314,3901,170],[316,790,336],[316,790,463],[316,1106,422],[316,1730,462],[316,3645,298],[316,3645,469],[316,3770,341],[316,3814,404],[316,3814,220],[317,386,29],[317,386,246],[317,386,379],[317,386,237],[317,3456,444],[317,3488,21],[317,3488,423],[318,1120,330],[318,1120,226],[318,1519,471],[318,2790,420],[318,2790,497],[318,3686,98],[319,63,405],[319,1336,23],[319,1642,405],[320,613,427],[320,1056,109],[320,1056,296],[320,1696,350],[320,2190,485],[320,2190,489],[321,886,381],[321,1127,409],[321,2458,363],[321,2458,409],[321,3595,423],[322,1317,318],[322,1317,391],[322,2956,339],[323,246,131],[323,1401,330],[323,2448,335],[324,567,428],[324,1958,358],[325,1284,468],[325,1782,90],[325,1782,285],[326,897,394],[326,2413,394],[327,802,100],[327,2287,211],[327,2287,392],[327,3145,388],[328,122,302],[328,122,418],[328,122,424],[328,1007,428],[328,1848,251],[328,1848,464],[328,2214,432],[328,3467,437],[329,249,467],[329,457,486],[329,457,268],[329,1516,390],[329,2357,57],[329,2783,7],[329,2783,484],[330,620,93],[330,620,347],[330,2284,407],[330,2625,431],[330,2657,389],[330,2742,449],[331,100,150],[331,2926,481],[331,3705,333],[332,190,68],[332,501,461],[332,2169,134],[332,2430,499],[332,2430,448],[332,2430,151],[332,2430,454],[332,2442,456],[332,3638,218],[332,3638,47],[332,3638,289],[333,976,39],[333,976,220],[333,976,317],[333,3574,91],[334,552,265],[334,552,32],[334,552,111],[334,552,368],[334,2350,58],[335,1883,359],[335,2197,473],[335,2197,341],[335,2963,208],[335,3094,419],[335,3094,338],[336,3605,381],[336,3709,449],[336,3709,119],[336,3709,410],[336,3709,189],[336,3751,103],[337,183,435],[337,495,254],[337,2877,359],[337,2877,88],[338,1156,99],[338,2924,359],[339,6,383],[339,356,432],[339,518,439],[339,518,393],[339,617,492],[339,1370,192],[339,1370,322],[339,1645,424],[340,3262,430],[340,3262,119],[340,3601,329],[340,3920,26],[340,3920,147],[341,907,477],[341,988,351],[341,2780,457],[341,3796,451],[342,575,107],[342,699,436],[342,705,350],[342,956,317],[342,956,459],[343,2352,260],[344,187,368],[344,895,361],[344,895,267],[344,1278,167],[344,1706,234],[344,1706,192],[344,1706,354],[344,1706,293],[345,1349,485],[345,1349,194],[345,1967,432],[345,1967,111],[345,2567,196],[345,2594,443],[346,634,420],[346,1390,476],[346,1390,215],[346,1749,440],[346,1749,466],[346,2232,214],[346,2232,370],[346,2232,471],[346,2889,121],[346,2889,4],[346,3064,412],[347,3006,112],[347,3930,355],[348,42,314],[348,1184,349],[348,1254,411],[348,1254,347],[348,1437,140],[348,3033,372],[348,3062,385],[348,3870,72],[349,871,232],[349,1368,245],[349,2161,133],[349,2161,285],[350,2512,106],[350,2512,380],[351,277,254],[351,277,315],[351,494,376],[351,2081,440],[352,1300,448],[352,2181,187],[352,2181,368],[352,3214,181],[352,3214,382],[353,2919,73],[353,3391,48],[353,3660,439],[353,3660,321],[354,488,425],[354,507,410],[354,507,434],[354,1424,460],[354,2174,31],[354,2174,483],[354,3532,434],[355,346,327],[355,3282,200],[355,3282,310],[356,3225,179],[356,3225,176],[357,1591,470],[357,2184,421],[357,2817,390],[357,2817,479],[358,1353,10],[358,1353,489],[358,1515,381],[359,1174,170],[359,2564,462],[361,380,459],[361,1015,337],[361,2498,201],[361,3635,488],[362,745,468],[362,1621,417],[362,1621,454],[362,2010,497],[362,3623,242],[362,3623,463],[363,552,265],[363,552,32],[363,552,111],[363,552,368],[363,1308,416],[363,1924,453],[363,2505,409],[363,2505,436],[363,3709,449],[363,3709,119],[363,3709,410],[363,3709,189],[363,3798,449],[364,164,312],[364,164,368],[364,164,218],[364,1753,226],[364,1878,91],[364,1878,28],[364,2865,301],[365,338,445],[365,338,447],[365,2195,393],[366,1480,7],[366,1792,469],[366,1792,416],[366,2858,155],[366,2858,31],[366,2858,244],[366,2858,260],[366,2858,327],[366,2858,219],[366,3681,110],[366,3681,177],[367,1207,416],[367,2045,489],[367,2837,1],[367,3728,397],[368,2120,448],[368,2120,476],[369,122,302],[369,122,418],[369,122,424],[369,1188,49],[369,3278,222],[369,3786,284],[369,3786,445],[370,1495,472],[370,3620,451],[371,1845,189],[371,1845,373],[371,3323,438],[371,3323,463],[371,3706,138],[371,3706,297],[371,3789,385],[372,690,338],[372,690,490],[372,2296,441],[372,3673,362],[372,3855,449],[373,1244,73],[373,3932,488],[374,505,475],[374,1387,107],[374,1874,497],[374,3024,23],[374,3024,256],[375,736,268],[375,799,220],[375,799,229],[375,799,345],[375,3195,122],[376,1087,389],[376,1316,235],[376,1687,458],[376,2246,497],[376,3306,407],[377,1412,451],[377,1412,152],[377,2178,446],[377,2802,404],[377,3910,396],[378,104,227],[378,479,434],[378,479,149],[378,479,457],[378,1731,188],[378,2031,273],[378,2031,495],[378,2889,121],[378,2889,4],[378,3177,262],[379,828,395],[379,3359,455],[379,3651,308],[380,824,311],[380,824,240],[380,824,328],[380,1296,394],[380,2985,325],[381,1748,387],[381,1748,195],[381,2572,422],[381,2572,104],[382,2316,24],[382,2968,304],[382,3820,168],[383,383,471],[383,1036,397],[383,1648,392],[383,2362,485],[383,2576,157],[383,2576,497],[383,3067,258],[383,3445,396],[384,134,408],[384,321,398],[384,1714,282],[384,1714,394],[385,366,401],[385,3653,29],[386,231,293],[386,596,75],[386,596,406],[386,3981,407],[386,3981,206],[387,2174,31],[387,2174,483],[387,3350,366],[387,3350,344],[387,3668,347],[388,1248,395],[388,1802,461],[388,2579,435],[389,329,429],[389,3337,361],[389,3337,411],[389,3526,402],[390,534,278],[390,1646,468],[390,2160,232],[390,2160,441],[390,3864,493],[391,274,373],[391,1380,394],[391,1445,484],[392,592,424],[392,1216,195],[393,18,434],[394,1407,97],[394,2487,396],[394,2487,199],[395,708,129],[395,708,399],[395,1470,474],[395,2145,57],[395,2145,248],[395,2938,361],[395,2938,470],[396,1728,161],[397,1238,428],[397,1572,332],[397,1572,498],[397,3380,435],[398,1063,435],[398,2247,477],[398,2816,76],[398,2816,412],[399,271,404],[399,2444,401],[399,3553,471],[399,3682,469],[399,3817,139],[400,181,495],[400,2000,442],[400,3593,324],[400,3593,217],[401,620,93],[401,620,347],[401,1676,380],[401,1676,423],[402,671,374],[402,1954,483],[402,2466,261],[402,2466,171],[402,2466,417],[402,3137,450],[402,3747,427],[403,1541,462],[403,1976,459],[403,3823,384],[405,479,434],[405,479,149],[405,479,457],[405,2112,415],[406,2034,83],[407,126,468],[408,295,50],[408,295,161],[408,295,418],[408,1403,66],[408,2197,473],[408,2197,341],[408,3234,375],[408,3234,148],[409,604,479],[409,3586,498],[409,3586,365],[410,741,420],[410,741,254],[410,2909,100],[410,3966,158],[411,1310,500],[411,2575,222],[411,2777,236],[411,3716,300],[411,3716,302],[412,1027,119],[412,1027,373],[412,1810,282],[412,3165,172],[412,3367,309],[412,3367,108],[413,658,105],[413,1169,127],[413,1169,14],[413,3633,224],[413,3655,328],[414,168,451],[414,1951,50],[414,1951,481],[414,3025,473],[414,3281,417],[414,3281,349],[414,3907,8],[415,525,144],[415,525,345],[415,697,440],[416,68,457],[416,284,234],[416,284,367],[416,788,344],[416,788,496],[416,788,317],[417,382,290],[418,693,464],[418,787,401],[418,1354,498],[420,888,244],[420,3124,193],[420,3299,377],[420,3299,464],[421,2319,473],[421,3505,347],[421,3505,424],[423,543,177],[423,543,252],[423,543,82],[423,910,337],[423,3345,418],[424,2975,269],[425,1071,227],[425,3493,197],[426,1375,375],[426,1375,368],[426,2374,446],[426,2454,479],[426,3830,60],[426,3830,322],[427,507,410],[427,507,434],[427,1614,167],[427,2052,405],[427,3158,216],[428,1104,136],[428,1722,137],[428,3070,358],[428,3967,459],[429,1349,485],[429,1349,194],[429,1999,435],[430,2783,7],[430,2783,484],[430,3980,98],[431,2113,434],[431,2950,470],[431,3119,470],[431,3349,128],[431,3349,420],[432,3274,433],[432,3570,371],[433,334,452],[433,1652,193],[433,1652,166],[433,1652,373],[434,3191,475],[434,3191,343],[434,3518,128],[435,95,120],[436,313,102],[436,313,394],[436,542,391],[436,542,466],[436,653,482],[437,33,52],[437,941,96],[437,1091,209],[437,2521,186],[437,2521,364],[438,2075,119],[438,2294,30],[438,3933,264],[438,3933,84],[439,773,150],[439,1626,123],[439,2415,61],[439,2835,135],[440,757,457],[440,942,494],[440,1910,410],[440,3879,70],[441,1035,453],[441,2093,235],[441,2746,468],[442,594,329],[442,839,145],[442,2516,331],[442,3671,426],[442,3890,431],[443,1261,34],[443,1261,258],[443,1261,453],[444,2449,460],[445,1578,464],[445,1578,51],[445,2827,118],[445,2827,47],[445,3013,467],[445,3013,487],[446,536,136],[446,2183,197],[447,313,102],[447,313,394],[447,609,132],[447,1236,7],[447,1236,350],[447,1236,401],[447,2100,271],[447,2100,247],[448,608,318],[448,608,422],[448,608,404],[448,2518,286],[448,2518,97],[449,3087,447],[449,3087,479],[450,338,445],[450,338,447],[450,607,98],[450,607,496],[450,702,63],[450,3759,488],[451,2039,476],[452,2691,491],[452,3550,263],[453,523,480],[453,948,12],[453,984,480],[454,140,126],[454,140,182],[454,140,374],[454,2872,442],[455,1791,474],[455,3905,487],[456,1270,99],[456,2376,116],[457,442,369],[458,1608,263],[458,1744,446],[458,1744,132],[458,2973,372],[458,2973,174],[459,554,469],[459,1937,456],[459,1937,474],[459,3440,189],[459,3440,500],[460,694,29],[460,2349,94],[460,2497,357],[460,2497,386],[461,2375,30],[461,3614,248],[462,545,479],[462,1280,244],[462,1280,482],[462,2088,478],[462,2088,477],[463,1590,446],[464,1428,492],[464,1428,342],[464,3075,280],[465,914,468],[465,1009,170],[465,1109,392],[465,1293,395],[465,2513,382],[465,2513,481],[466,405,469],[466,3680,124],[467,225,268],[467,1829,86],[467,2023,10],[469,360,112],[469,360,398],[471,660,128],[471,660,253],[471,660,147],[472,584,398],[472,635,420],[472,982,2],[473,2409,269],[473,2409,127],[473,3302,337],[474,1476,117],[474,2176,479],[474,2993,126],[474,3201,276],[475,2576,157],[475,2576,497],[476,148,310],[476,1056,109],[476,1056,296],[476,2738,192],[476,3617,197],[477,1505,291],[478,2855,88],[478,2855,286],[478,3649,239],[479,1629,34],[480,62,172],[480,62,242],[480,3631,87],[481,2031,273],[481,2031,495],[481,3814,404],[481,3814,220],[482,577,488],[482,1008,220],[482,1219,490],[482,1219,342],[483,2900,202],[484,2973,372],[484,2973,174],[485,1261,34],[485,1261,258],[485,1261,453],[485,2466,261],[485,2466,171],[485,2466,417],[486,2088,478],[486,2088,477],[486,3916,253],[486,3916,480],[487,175,9],[487,2346,59],[487,2694,230],[489,297,341],[489,717,32],[489,2998,70],[489,2998,265],[490,440,264],[490,440,194],[490,1488,496],[490,1533,496],[490,2282,496],[490,2416,491],[491,427,499],[491,3837,55],[491,3837,499],[492,122,302],[492,122,418],[492,122,424],[492,2145,57],[492,2145,248],[493,360,112],[493,360,398],[493,386,29],[493,386,246],[493,386,379],[493,386,237],[494,1275,47],[494,1909,61],[494,2586,256],[494,2586,178],[495,1098,144],[495,2820,404],[495,2820,384],[496,2668,367],[497,1785,488],[497,2303,110],[497,2303,177],[498,3250,3],[498,3807,425],[499,1236,7],[499,1236,350],[499,1236,401],[500,1256,475],[500,1256,495],[500,1409,278],[500,1409,277],[500,1885,470],[500,1885,188],[500,3216,179]];

jitters = [20000,20000,20000,10000,20000,20000,10000,10000,20000,10000,20000,100000,100000,20000,10000,100000,100000,20000,20000,10000,10000,100000,20000,20000,100000,20000,100000,10000,10000,10000,20000,20000,20000,10000,100000,20000,20000,20000,20000,10000,100000,20000,10000,20000,100000,100000,10000,20000,10000,10000,100000,100000,10000,100000,20000,100000,20000,10000,10000,100000,10000,10000,100000,20000,20000,100000,20000,2000,20000,100000,1000,10000,20000,20000,1000,2000,10000,100000,100000,100000,10000,10000,10000,100000,100000,20000,20000,1000,10000,100000,10000,20000,20000,10000,100000,20000,20000,10000,20000,100000,100000,1000,20000,20000,10000,20000,10000,100000,20000,10000,10000,100000,20000,10000,100000,20000,20000,100000,10000,10000,20000,20000,20000,100000,10000,20000,2000,10000,10000,20000,20000,1000,20000,10000,100000,10000,20000,20000,100000,10000,5000,20000,1000,2000,20000,10000,1000,100000,100000,2000,20000,10000,100000,20000,10000,20000,20000,100000,1000,100000,20000,20000,20000,100000,10000,100000,20000,100000,20000,10000,10000,10000,1000,50000,20000,100000,5000,10000,20000,50000,10000,100000,10000,20000,100000,20000,1000,100000,20000,10000,20000,10000,20000,100000,100000,100000,100000,20000,20000,10000,20000,20000,10000,20000,1000,10000,100000,1000,10000,100000,10000,1000,20000,10000,1000,10000,20000,100000,20000,100000,10000,20000,100000,100000,10000,100000,10000,10000,10000,10000,20000,10000,5000,20000,100000,100000,2000,100000,20000,10000,10000,20000,10000,10000,10000,100000,10000,20000,20000,10000,100000,10000,100000,10000,2000,10000,10000,100000,20000,10000,20000,10000,20000,10000,100000,100000,100000,100000,100000,10000,20000,100000,10000,100000,10000,10000,50000,100000,50000,10000,20000,20000,10000,100000,20000,20000,10000,100000,20000,10000,20000,50000,20000,100000,10000,100000,10000,10000,10000,10000,100000,20000,100000,10000,100000,1000,10000,10000,20000,1000,10000,100000,1000,1000,1000,10000,20000,10000,5000,100000,10000,20000,10000,100000,20000,100000,100000,100000,20000,20000,20000,100000,20000,10000,10000,10000,100000,10000,100000,20000,10000,10000,10000,50000,100000,10000,100000,20000,20000,100000,20000,100000,10000,50000,100000,20000,20000,10000,10000,10000,10000,20000,20000,100000,1000,100000,100000,100000,100000,10000,20000,20000,2000,50000,100000,20000,10000,20000,10000,100000,10000,100000,100000,20000,20000,1000,10000,100000,20000,20000,20000,100000,20000,100000,10000,10000,100000,10000,10000,2000,10000,20000,10000,10000,5000,1000,20000,20000,10000,10000,20000,10000,100000,20000,100000,20000,20000,100000,10000,10000,20000,10000,10000,100000,50000,10000,20000,100000,20000,20000,20000,100000,100000,50000,100000,10000,100000,20000,100000,20000,20000,2000,20000,10000,100000,10000,1000,100000,20000,20000,10000,20000,20000,2000,100000,50000,20000,20000,10000,50000,100000,10000,10000,100000,20000,10000,20000,20000,10000,20000,10000,10000,20000,10000,50000,10000,10000,20000,10000,20000,20000,10000,20000,20000,100000,20000,100000,10000,100000,20000,20000,100000,20000,20000,2000,20000,50000,100000,20000,20000];

