NumChains = 50;
NumResources = 3;
NumRunnablesInChains = 273;
MemoryBoundOnResource = 1048576;
UtilizationBoundOnResource = 100;

numberOfTasksinChain = [9,13,11,11,9,11,13,13,11,9,13,7,11,11,9,11,13,11,7,7,7,7,9,11,7,11,13,13,9,11,11,13,9,9,9,9,7,7,9,9,9,13,7,9,11,13,7,11,7,9];

runnablesInChains = [337,493,164,482,234,391,351,94,396,379,61,46,295,205,230,285,220,447,401,108,26,146,87,352,490,192,439,382,104,476,60,316,451,357,272,151,21,91,220,4,321,24,259,71,465,365,175,499,121,404,235,327,161,29,426,81,113,101,177,229,293,111,72,499,65,236,461,210,352,6,254,486,3,205,332,285,290,411,1,21,118,178,437,374,383,249,242,90,435,37,24,430,137,290,86,148,391,212,51,410,396,209,391,6,286,249,204,387,338,233,239,106,15,299,307,480,318,160,455,146,117,168,324,123,331,82,205,415,14,61,246,159,164,406,477,211,157,204,94,55,385,431,467,400,140,416,441,465,231,143,13,377,196,147,297,248,237,36,151,137,438,434,392,14,379,66,210,128,55,392,133,49,179,58,100,455,281,176,105,45,414,65,310,426,68,77,322,101,133,40,2,38,500,287,171,363,447,232,481,74,289,180,98,85,220,274,488,205,390,19,167,354,49,180,252,66,440,400,316,286,218,410,159,127,309,157,94,459,164,423,115,241,475,99,195,291,107,173,102,320,13,53,499,198,408,419,485,223,294,291,469,371,228,366,227,275,397,131,170,441,281,8,369,11,20,338,325,395,176,306,499,222,97];

ProcessingTimesOfMessages = [[1,1,1,1,1,1],[1,1,1,1,1,1],[1,1,1,1,1,1],[1,1,1,1,1,1,1,1,1,1],[1,1,1,1,1,1,1,1,1,1],[1,1,1,1,1,1,1],[1,1,1,1,1,1,1],[1,1,1,1,1,1,1],[1,1,1,1,1,1,1],[1,1,1,1,1,1,1],[1,1,1,1,1,1,1],[1,1,1,1,1,1,1,1,1],[1,1,1],[1,1,1,1,1,1,1],[1,1,1,1],[1,1,1,1,1,1,1,1,1,1],[1,1,1,1,1],[1,1,1,1,1,1,1,1],[1,1,1,1,1,1,1],[1,1,1,1,1,1,1,1,1,1,1,1,1,1],[1,1,1,1,1,1,1,1,1],[1,1,1,1,1],[1,1,1,1,1,1,1,1,1,1,1],[1,1,1,1,1,1,1],[1,1,1,1,1,1,1],[1,1,1,1,1,1],[1,1,1,1,1,1],[1,1,1,1,1,1,1,1,1],[1,1,1,1,1,1,1,1,1],[1,1,1,1,1,1],[1,1,1,1,1],[1,1,1,1,1],[1,1,1,1,1,1,1,1,1,1],[1,1,1,1,1,1,1,1,1,1,1],[1,1,1],[1,1,1,1,1],[1,1,1,1,1,1,1,1,1,1,1],[1,1,1,1,1,1,1],[1,1,1,1,1,1,1,1,1,1],[1,1,1,1,1,1,1,1,1],[1,1,1,1,1,1,1,1,1,1,1],[1,1,1,1,1,1,1],[1,1,1,1,1,1],[1,1,1,1,1,1,1],[1,1,1,1,1],[1,1,1,1,1,1,1,1],[1,1,1],[1,1,1,1,1,1,1,1],[1,1,1,1,1,1,1],[1,1,1,1,1,1,1],[1,1,1,1,1,1],[1,1,1,1,1,1,1,1,1],[1,1,1,1,1,1,1],[1,1,1,1,1],[1,1,1,1,1,1,1,1,1],[1,1,1],[1,1,1,1,1,1,1,1,1,1,1],[1,1,1,1,1,1,1,1],[1,1,1,1,1,1,1,1,1,1],[1,1,1,1,1,1],[1,1,1,1,1,1,1,1,1,1,1,1,1,1],[1,1,1,1,1,1,1],[1,1,1,1,1,1,1,1],[1,1,1,1,1,1,1],[1,1,1,1,1,1,1,1,1,1,1],[1,1,1,1,1,1,1,1,1,1,1,1],[1,1,1,1,1,1,1],[1,1,1,1,1],[1,1,1,1,1,1,1,1],[1,1,1,1,1,1,1,1,1],[1,1,1,1,1],[1,1,1,1,1,1,1,1],[1,1,1,1,1,1,1],[1,1,1,1,1,1,1,1,1,1],[1,1,1,1,1,1],[1,1,1,1,1,1],[1,1,1,1],[1,1,1,1,1,1,1,1,1,1,1,1,1],[1,1,1,1,1,1,1,1],[1,1,1,1,1,1,1,1,1],[1,1,1,1,1,1],[1,1,1],[1,1,1,1,1,1,1,1],[1,1,1,1,1],[1,1,1,1,1,1,1,1,1,1,1,1],[1,1,1,1,1,1,1,1],[1,1,1,1,1,1],[1,1,1,1,1,1,1,1,1],[1,1,1,1,1,1,1],[1,1,1,1,1,1],[1,1],[1,1,1,1,1,1,1],[1,1,1,1,1,1],[2,1,1,1,1],[1,1,1,1],[1,1,1,1,1,1,1,1,1],[1,1,1,1,1,1,1,1,1,1],[1,1,1,1,1],[1,1,1,1,1,1,1,1],[1,1,1,1,1],[1,1,1,1,1,1,1,1,1,1],[1,1,1,1,1,1,1,1],[1,1,1,1,1,1,1],[1,1,1,1,1,1,1,1,1,1,1,1,1],[1,1,1,1,1,1,1,1],[1,1,1,1,1,1,1,1,1],[1,1,1,1,1,1,1],[1,1,1,1,1,1,1],[1,1,1,1,1,1,1,1,1],[1,1,1,1,1],[1,1,1,1,1,1,1,1,1,1,1],[1,1,1,1,1,1,1,1,1,1,1,1],[1,1,1,1,1],[1,1,1,1,1,1,1,1],[1,1],[1,1,1,1,1,1,1,1],[1,1,1,1,1,1,1],[1,1,1,1,1],[1,1,1,1,1],[1,1,1,1,1,1,1,1,1,1,1],[1,1,1,1,1,1,1,1],[1,1,1,1,1],[1,1,1,1,1,1,1,1,1],[1,1,1,1,1,1,1],[1,1,1,1,1,1,1],[1,1,1,1,1,1,1,1,1],[1,1,1,1,1,1,1,1],[1,1,1,1,1,1],[1,1,1,1,1],[1,1,1,2],[1],[1,1,1,1,1,1,1,1],[1,1,1,1,1],[1,1,1,1,1,1,1,1],[1,1,1],[1,1,1,1,1],[1,1,1,1,1,1,1],[1,1,1,1,1,1,1,1,1],[1,1,1,1,1,1,1],[1,1,1,1],[1,1,1,1,1,1,1,1,1,1],[1,1,1,1,1,1],[1,1,1,1],[1,1,1,1,1,1],[1,1,1,1,1,1,1],[1,1,1,1,1,1,1,1,1,1],[1,1,1,1,1,1,1],[1,1,1,1,1,1],[1,1,1,1,1,1,1],[1,1,1,1,1,1,1],[1,1,1,1,1],[1,1,1],[1,1,1,1],[1,1,1,1],[1,1,1,1,1,1,1,1],[1,1,1,1,1,1],[1,1,1,1,1,1,1,1],[1,1,1,1,1,1,1,1],[1,1,1,1,1,1],[1,1,1,1,1,1],[1,1,1,1,1,1,1,1],[1,1,1,1,1,1,1,1,1],[1,1,1,1,1,1,1,1,1],[1,1,1,1,1,1,1,1,1],[1,1,1,1,1,1,1,1],[1,1,1,1,1,1,1],[1,1,1,1,1,1,1,1],[1,1,1,1,1,1,1,1],[1,1,1,1],[1,1,1,1,1],[1,1,1,1,1,1],[1,1,1,1,1,1,1,1,1,1],[1,1,1,1,1],[1,1,1,1,1,1,1,1,1,1,1],[1,1,1],[1,1,1,1,2,1],[1,1,1,1,1],[1,1,1,1,1],[1,1,1,1,1,1,1,1,1,1],[1,1,1],[1,1,1,1,1,1,1],[1,1,1,1,1,1,1,1,1,1,1,1],[1,1,1,1,1,1,1],[1,1,1,1,1,1,1,1,1],[1,1,1,1,1,1,1,1],[1,1,1,1],[1,1,1,1,1,1,1,1,1],[1,1,1,1,1,1,1],[1,1,1,1],[1,1,1,1,1],[1,1,1,1,1,1,1],[1,1,1,1,1,1,1,1],[1,1,1,1,1,1,1,1,1,1,1],[1,1,1,1,1,1],[1,1,1,1,1,1],[1,1,1,1,1,1,1],[1,1,1,1],[1,1,1,1,1,1,1,1,1],[1,1,1,1,1,1],[1,1,1,1,1,1,1,1,1,1],[1,1,1,1,1,1,1,1,1,1],[1,1,1,1],[1,1,1,1,1],[1,1,1,1,1],[1,1,1,1,1],[1,1,1,1,1,1,1],[1,1,1,1,1,1,1,1],[2,1,1,1,1,1],[1,1,1,1,1,1,1],[1,1,1,1,1],[1,1,1,1,1,1,1],[1,1,1,1,1,1,1,1,1],[1,1,1,1,1],[1,1,1,1,1,1,1],[1,1,1,1,1,1,1,1,1,1],[1,1,1,1,1,1,1,1,1],[1,1,1,1,1,1],[1,1,1,1,1,1,1,1,1,1,1,1],[1,1,1,1,1,1,1,1,1],[1,1,1,1,1],[1,1,1,1,1,1,1,1,1],[1,1,1,1,1],[1,1,1,1,1,1,1],[1,1,1,1,1,1,1,1],[1,1,1,1,1],[1,1,1,1],[1,1,1,1,1],[1,1,1,1,1,1,1],[1,1],[1,1,1,1],[1,1,1,1,1,1],[1,1,1,1],[1,1,1,1,1,1],[1,1],[1,1,1,1,1],[1,1,1,1,1],[1,1,1,1,1,1,1,1,1],[1,1,1,1,1,1],[1,1,1,1,1,1],[1,1,1,1,1,2,2,1,1,1],[1,1,1,1,1,1],[1,1,1,1,1,1],[1,1,1,1,1,1,1,1],[1,1,1,1,1,1,1],[1,1,1,1,1,1,1,1,1],[1,1,1,1,1,1,1,1],[1,1,1],[1,1,1,1,1,1,1,1],[1,1,1,1],[1,1,1,1,1,1],[1,1,1,1,1,1,1,1,1,1,1,1],[1,1,1,1,1,1],[1,1,1,1,1,1,1,1,1],[1,1,1,1,1],[1,1,1,1,1],[1,1,1,1,1,1],[1,1,1],[1,1,1,1,1,1],[1,1,1,1,1,1],[1,1,1],[1,1,1],[1,1,1,1,1,1,1,1,1,1,1,1],[1,1,1,1,1],[1,1,1,1,1,1,1],[1,1,1,1,1,1,1],[1,1,1,1,1,1],[1,1,1,1,1],[1,1,1],[1,1,1,1,1],[1,1,1,1,1,1,2,2],[1,1,1,1,1],[1,1,1,1],[1,1,1,1,1,1],[1,1,1,1,1,1,1,1],[1,1,1,1,1,1,1,1],[1,1,1,1,1,1,1,1],[1,1,1,1,1],[1,1],[1,1,1],[1,1,1,1,1,1,1,1],[1,1,1,1],[1,1,1,1],[1,1,1,1,1,1,1],[1,1,1,1],[1,1,1],[1,1],[1,1,1,1],[1,1,1,1,1,1,1,1],[1,1,1,1,1,1],[1,1,1],[1,1,1,1,1,1],[1,1,1,1,1,1,1],[1,1,1],[1,1,1,1,1],[1,1,1,1,1,1,1],[1,1,1,1,1],[1,1,1,1],[1,1,1,1,1],[1,1],[1,1,1,1],[1,1,1,1,1,1],[1,1,1,1,1,1,1,1],[1,2],[1,1,1,1,1,1,1,1],[1,1,1,1],[1,1,1,1,1,1,1],[1,1,1,1,1,1,1,1,1,1],[1,1,2,1,1,1],[1,1,1,1],[1,1,1,1,1,1,1],[1],[1,1],[1,1,1,1],[1,1,1,1,1,1],[1,1,1,1,1],[1,1,1],[1,1,1],[1,1,1,1,1],[1,1,1,1],[1,1,1,1,1,1],[1,1,1,1,1],[1,1,1,1,1],[1,1,1,1,1,1,1,1,1],[1,1,1,1],[1,1,1],[1,1,1,1,1,1,1],[1,1,1,1,1],[1,1,1,1,1],[1,1],[1,1,1,1,1,1,1,1],[1,1,1,1,1,1,1,1,1],[1,1],[1,1,1],[1,1,1,1,1,1,1],[1,1,1,1,1],[1,1,1,1],[1,1,1,1,1,1,1],[1,1],[1,1,1,2,2],[1,1,1],[1,1,1,1,1,1,1,1,1],[1,1,1],[1,1,1,1,1],[1,1,1,1,1,1,1,1,1],[1,1,1,1,1],[1],[1,1,1,1,1,1,1],[],[1,1,1,1,1],[1,1,1,1],[1,1],[1,1,1,1,1,1,1,1,1],[1,1,1,1,1,1,1],[1,1,1,1,1,1,1,1,1,1],[1],[1,1,1,1,1],[1,1,1,1,1,1,1],[1,1,1,1,1,1,1,1],[1,1,1,1,1,1,1,1,1],[1,1,1,1],[1,1,1],[1,1],[1,1,1,1],[1,1,1,1,1],[1,1,1,1],[1],[1,1,1,1,1,1],[1,1,1,1],[1,1,1],[1,1,1,1,1],[1,1],[1,1,1,1,1,1,1,1,1],[1,1,1],[1,1,1,1,1,1,1,1,1],[1,1,1,1,1,1,1,1],[1,1,1],[1,1,1,1],[1,1,1,1,1,1,1],[1,1,1],[1,1,1,1],[1,1,1],[1,1,1,1],[1,1],[1,1,1,1,1,1,1],[1,1,1],[1,1,1,1,1,1,1,1,1],[1,1,1,1,1],[1,1,1,1,1,1,1,1,1,1,1],[1,1,1,1,1],[1,1,1],[1,1,1,1],[1,1,1,1,1],[1],[1,1,1,1],[1],[1,1,1],[1,1,1,1,1,1,1,1,1,1,1,1],[1,1],[1,1,1,1],[1,1,1,1,1],[1,1,1,1,1],[],[1,1,1,1,1,1,1,1,1,1],[1,1,1,1,1],[1,1,1],[1,1,1,1],[1,1,1,1],[1,1,1,1],[1,1,1,1],[1,1,1,1,1],[1,1,1],[],[1,1,1],[1,1],[1,1,1],[1,1,1,1],[1,1,1,1,1,1,1,1,1],[1,1,1,1,1],[1,1,1,1,1,1],[1],[],[1,1],[1,1],[1,1,1,1,1,1],[1,1,1],[1,1,1,1,1],[1,1,1,1,1,1,1,1,1],[1],[1,1,1],[1,1,1,1,1,1],[1,1,1],[1,1,1,1,1,1,1,1],[1],[1],[1,1,1],[1,1,1,1,1,1],[1,1,1],[1],[1,1,1],[1,1,1,1,1],[1,1,1,1],[],[],[1,1],[1],[1,1],[1],[1,1,1],[1,1,1,1],[1],[1,1],[1,1],[1,1],[1,1],[1,1,1,1,1,1],[1,1,1,1,1,1,1],[1,1],[1,1,1],[1],[1],[],[1,1,1,1],[1,1],[1,1,1,1],[1,1],[1,1,1,1],[1,1,1,1],[1,1,1,1,1],[1,1,1,1,1],[1,1,1],[1,1,1,1,1,1],[1],[1,1,1],[1],[1,1,1,1],[1,1,1,1,1,1,1],[1,1,1,2,2],[1,1],[],[1,1,1,1,1,1],[1,1,1],[1,1,1,1],[1],[1,1,1],[1,1,1,1],[1,1,1,1,1,1],[1,1,1],[1,1,1,1,1,1],[1,1],[1,1,1],[1,1],[1],[1,1,1],[],[],[],[],[1,1,1],[1,1,1,1,1,1],[1,1,1]];

processingTimesRunnables = [6,16,7,13,10,12,10,13,13,13,6,7,10,14,12,12,7,12,14,14,9,7,13,8,13,6,14,12,11,13,6,11,16,10,16,7,13,13,12,10,7,6,5,11,5,13,10,11,16,15,13,13,11,15,11,7,16,13,6,13,12,10,5,5,14,13,15,15,10,10,9,13,4,11,10,12,11,10,7,5,10,11,15,6,10,8,11,10,12,11,10,4,13,13,11,13,11,16,14,13,7,10,5,6,12,10,12,16,6,7,11,5,13,13,8,13,14,4,12,13,6,15,12,13,5,14,10,13,13,10,10,13,11,8,8,12,13,11,5,11,12,12,11,10,13,10,10,8,13,6,9,12,11,10,10,13,5,12,6,9,13,13,10,13,13,9,15,6,13,11,6,12,8,5,11,10,14,12,12,12,8,14,14,12,13,9,12,12,6,16,13,11,14,14,5,12,12,12,8,12,9,4,11,10,6,7,11,12,7,16,5,10,10,15,10,12,11,16,9,11,15,14,10,10,8,10,5,16,13,13,9,10,12,11,12,11,12,8,6,10,11,12,13,12,11,11,6,12,13,5,7,5,12,8,11,13,13,9,9,13,7,8,11,10,11,7,6,14,11,10,15,12,13,12,11,10,13,13,12,11,5,12,10,14,9,10,7,8,7,10,6,12,8,8,14,11,10,10,13,13,10,13,8,10,4,9,5,12,9,8,14,9,16,13,9,11,15,10,12,5,11,13,9,15,12,12,13,9,13,6,13,12,17,14,11,12,13,7,16,8,7,16,16,14,10,12,10,7,11,5,12,14,12,5,10,12,10,10,11,10,4,13,10,7,10,13,15,7,11,13,10,9,15,12,11,9,7,9,9,13,8,7,13,12,14,14,5,10,6,11,13,8,11,11,13,16,12,12,13,13,9,14,8,7,16,17,13,10,13,11,10,12,8,12,13,8,12,13,12,14,10,12,12,7,16,13,13,9,16,16,10,10,6,13,11,13,13,6,13,15,11,5,8,6,6,7,8,16,9,11,13,13,13,12,12,13,11,5,10,5,13,6,13,5,12,11,13,6,12,13,6,13,16,7,11,11,11,13,13,13,11,12,16,16,12,12,10,9,12,13,10,10,16,5,7,12,11,9,6,14];

periods = [10000,10000,10000,10000,100000,20000,20000,100000,10000,20000,100000,10000,100000,20000,20000,20000,10000,10000,10000,1000,10000,100000,10000,10000,20000,20000,10000,10000,100000,10000,20000,1000,10000,100000,10000,100000,10000,10000,10000,10000,100000,100000,100000,100000,100000,20000,100000,1000,10000,20000,20000,20000,100000,20000,20000,100000,1000,10000,10000,20000,20000,100000,10000,10000,100000,20000,10000,100000,20000,10000,100000,100000,10000,10000,100000,100000,100000,100000,10000,5000,10000,10000,100000,20000,10000,20000,20000,100000,100000,20000,10000,100000,100000,20000,10000,100000,100000,10000,2000,10000,10000,100000,100000,50000,100000,20000,100000,20000,10000,100000,100000,20000,10000,100000,20000,5000,20000,10000,20000,5000,100000,100000,10000,20000,100000,50000,20000,20000,20000,1000,5000,20000,10000,20000,10000,10000,10000,10000,100000,100000,100000,20000,100000,100000,2000,20000,100000,20000,20000,10000,10000,5000,2000,10000,100000,50000,20000,100000,20000,100000,100000,100000,100000,20000,20000,1000,10000,20000,100000,100000,10000,10000,100000,10000,100000,100000,10000,10000,10000,10000,100000,20000,20000,20000,10000,10000,5000,50000,100000,100000,10000,50000,20000,1000,2000,100000,100000,100000,20000,20000,20000,20000,10000,20000,10000,100000,10000,50000,20000,20000,20000,20000,10000,20000,100000,1000,20000,20000,20000,10000,20000,100000,2000,20000,20000,100000,5000,2000,10000,10000,100000,10000,1000,20000,100000,100000,100000,100000,1000,10000,20000,20000,20000,2000,50000,20000,100000,100000,20000,10000,20000,10000,50000,20000,20000,20000,20000,10000,100000,20000,1000,10000,5000,5000,20000,20000,10000,10000,10000,10000,10000,20000,5000,10000,5000,20000,10000,50000,100000,1000,100000,20000,20000,100000,10000,20000,10000,10000,10000,10000,2000,10000,100000,2000,10000,20000,100000,1000,20000,10000,10000,10000,20000,20000,5000,100000,20000,20000,20000,100000,5000,10000,20000,10000,20000,20000,20000,100000,10000,100000,10000,100000,10000,20000,1000,10000,100000,10000,100000,20000,10000,10000,10000,20000,20000,10000,20000,1000,10000,5000,10000,100000,10000,10000,10000,100000,100000,10000,20000,20000,20000,20000,2000,10000,10000,100000,20000,10000,10000,50000,10000,20000,10000,20000,100000,2000,5000,100000,100000,1000,2000,20000,20000,20000,10000,10000,100000,10000,20000,10000,10000,50000,20000,10000,20000,100000,1000,1000,10000,10000,20000,10000,20000,100000,1000,20000,5000,10000,20000,20000,20000,10000,10000,100000,10000,20000,20000,100000,10000,20000,10000,10000,20000,100000,10000,100000,20000,10000,100000,20000,100000,1000,20000,10000,10000,100000,1000,100000,10000,10000,20000,100000,20000,10000,10000,20000,10000,10000,50000,20000,100000,10000,100000,10000,10000,20000,10000,20000,5000,10000,20000,5000,10000,50000,100000,50000,2000,20000,20000,20000,100000,20000,20000,10000,100000,20000,20000,5000,2000,10000,50000,20000,100000,20000,2000,20000,20000,100000,50000,100000,10000,20000,100000,1000,100000,10000,1000,10000,100000,50000,1000,100000,20000,10000,20000,20000,100000,20000,100000,10000];

communicationTimeForOrderCriticalMessages = [1,1,1,1,1,1,1,1,1,1,1,1,1,1,1,1,1,1,1,1,1,1,1,1,1,1,1,1,1,1,1,1,1,1,1,1,1,1,1,1,1,1,1,1,1,1,1,1,1,1,1,1,1,1,1,1,1,1,1,1,1,1,1,1,1,1,1,1,1,1,1,1,1,1,1,1,1,1,1,1,1,1,1,1,1,1,1,1,1,1,1,1,1,1,1,1,1,1,1,1,1,1,1,1,1,1,1,1,1,1,1,1,1,1,1,1,1,1,1,1,1,1,1,1,1,1,1,1,1,1,1,1,1,1,1,1,1,1,1,1,1,1,1,1,1,1,1,1,1,1,1,1,1,1,1,1,1,1,1,1,1,1,1,1,1,1,1,1,1,1,1,1,1,1,1,1,1,1,1,1,1,1,1,1,1,1,1,1,1,1,1,1,1,1,1,1,1,1,1,1,1,1,1,1,1,1,1,1,1,1,1,1,1,1,1,1,1,1,1,1,1,1,1];

sizeOfRunnables = [593,1578,660,1280,953,1178,978,1283,1253,1253,520,610,990,1335,1118,1135,648,1180,1340,1303,850,648,1223,798,1240,565,1303,1128,1073,1278,533,1035,1503,963,1593,620,1215,1278,1158,998,683,565,460,1095,488,1258,948,1080,1560,1420,1255,1278,1068,1410,1023,625,1518,1283,528,1268,1120,975,445,408,1383,1203,1410,1463,955,940,848,1268,398,1088,983,1135,1040,955,613,490,915,1005,1443,550,923,750,1060,910,1120,1090,983,375,1285,1223,1035,1233,1080,1568,1365,1203,673,945,498,593,1108,960,1158,1530,515,653,1083,405,1220,1238,788,1235,1328,375,1188,1210,510,1475,1140,1203,463,1308,968,1210,1218,990,960,1263,1073,755,733,1165,1278,1020,460,1060,1135,1178,1083,963,1278,978,970,718,1230,588,858,1140,1073,910,990,1203,413,1180,510,880,1300,1215,1000,1240,1210,805,1463,520,1270,1058,563,1105,743,450,1015,938,1400,1198,1133,1170,775,1360,1308,1128,1233,825,1103,1143,593,1523,1285,1073,1303,1360,435,1165,1118,1188,705,1133,863,378,1075,953,528,683,1023,1110,633,1540,478,903,913,1448,908,1128,1058,1535,865,1073,1490,1388,960,945,705,948,420,1568,1203,1203,818,968,1120,1080,1143,1023,1163,705,585,963,1008,1110,1203,1170,1015,1090,505,1180,1203,468,658,495,1113,793,1083,1285,1280,833,840,1248,623,743,1060,938,1068,620,513,1360,1058,938,1410,1188,1230,1143,1020,978,1275,1275,1140,1095,483,1178,955,1388,873,948,668,708,678,933,580,1103,745,743,1398,1038,963,965,1210,1240,983,1248,745,990,390,873,495,1150,848,728,1355,810,1560,1295,888,1053,1415,983,1185,423,1050,1233,825,1410,1125,1188,1215,830,1293,565,1208,1150,1605,1383,1053,1105,1230,673,1540,738,700,1593,1600,1373,915,1165,975,685,1083,465,1173,1398,1105,475,918,1110,983,988,1073,940,393,1248,953,683,918,1225,1405,700,1030,1215,905,893,1470,1160,1050,888,625,835,895,1220,720,683,1238,1103,1365,1313,488,985,585,1020,1275,708,1073,1030,1293,1528,1165,1195,1268,1245,870,1305,780,633,1600,1605,1245,948,1258,1100,950,1150,750,1193,1215,753,1105,1255,1185,1318,975,1135,1113,630,1568,1263,1258,870,1528,1583,993,985,543,1293,1058,1280,1263,528,1210,1405,1040,468,723,528,570,653,710,1568,873,1095,1300,1283,1270,1118,1180,1203,1080,468,953,490,1270,558,1210,483,1105,1068,1210,505,1118,1300,528,1235,1530,615,1030,1065,1015,1255,1205,1223,1023,1105,1555,1550,1123,1195,993,843,1148,1235,923,940,1600,420,603,1120,1020,845,593,1360];

SenderLabelReceiverOrderCriticalChains = [[337,1423,0,0,493],[493,380,0,0,164],[164,3055,0,0,482],[482,3069,0,0,234],[391,3653,0,0,351],[351,2781,0,0,94],[94,3698,0,0,396],[396,1307,0,0,379],[379,1320,0,0,61],[61,3791,0,0,46],[295,189,0,0,205],[205,2475,0,0,230],[230,2766,0,0,285],[285,132,0,0,220],[220,1737,0,0,447],[401,3172,0,0,108],[108,2255,0,0,26],[26,1936,0,0,146],[146,2883,0,0,87],[87,2668,0,0,352],[490,3840,0,0,192],[192,343,950,0,439],[439,3522,0,0,382],[382,450,0,0,104],[476,232,0,0,60],[60,3606,0,0,316],[316,3592,0,0,451],[451,437,0,0,357],[357,3798,0,0,272],[151,3528,0,0,21],[21,3905,0,0,91],[91,1051,0,0,220],[220,272,0,0,4],[4,3508,0,0,321],[321,2238,0,0,24],[259,2013,0,0,71],[71,884,0,0,465],[465,2132,0,0,365],[365,3747,0,0,175],[175,3095,0,0,499],[499,2183,0,0,121],[404,1213,0,0,235],[235,1526,0,0,327],[327,3288,0,0,161],[161,1222,0,0,29],[29,3432,0,0,426],[81,3822,0,0,113],[113,2459,0,0,101],[101,2728,0,0,177],[177,3219,0,0,229],[293,4,0,0,111],[111,3776,0,0,72],[72,1070,3097,0,499],[499,1868,0,0,65],[65,1918,0,0,236],[236,3890,0,0,461],[210,352,0,0,352],[352,2454,0,0,6],[6,3018,0,0,254],[486,1414,0,0,3],[3,3067,0,0,205],[205,1724,0,0,332],[332,754,0,0,285],[285,2955,0,0,290],[411,3605,0,0,1],[1,1185,0,0,21],[21,2163,0,0,118],[118,2559,0,0,178],[178,3547,0,0,437],[374,2412,0,0,383],[383,1565,0,0,249],[249,2484,0,0,242],[242,1899,0,0,90],[435,2362,0,0,37],[37,873,0,0,24],[24,2527,0,0,430],[430,326,0,0,137],[137,1918,0,0,290],[86,2092,0,0,148],[148,3640,0,0,391],[391,253,0,0,212],[212,3094,0,0,51],[51,3042,0,0,410],[410,1897,0,0,396],[209,3524,0,0,391],[391,1959,0,0,6],[6,912,0,0,286],[286,3150,0,0,249],[249,2053,0,0,204],[387,2273,0,0,338],[338,2503,0,0,233],[233,610,2071,0,239],[106,2530,0,0,15],[15,2593,0,0,299],[299,310,0,0,307],[480,2233,0,0,318],[318,1658,0,0,160],[160,3310,0,0,455],[146,1159,0,0,117],[117,1002,0,0,168],[168,2707,0,0,324],[123,1604,0,0,331],[331,2150,0,0,82],[82,3206,0,0,205],[205,1101,0,0,415],[14,2143,0,0,61],[61,2163,0,0,246],[246,922,0,0,159],[159,3198,0,0,164],[164,1634,0,0,406],[477,2070,0,0,211],[211,3443,0,0,157],[157,2175,0,0,204],[94,3815,0,0,55],[55,3241,0,0,385],[385,2381,0,0,431],[431,3336,0,0,467],[467,199,0,0,400],[140,300,3097,0,416],[416,2581,0,0,441],[441,2295,0,0,465],[465,1851,0,0,231],[231,3887,0,0,143],[143,249,0,0,13],[377,608,0,0,196],[196,540,0,0,147],[147,994,0,0,297],[297,100,0,0,248],[248,1290,0,0,237],[237,953,0,0,36],[151,2722,0,0,137],[137,2771,0,0,438],[438,1299,0,0,434],[434,1878,0,0,392],[14,3262,0,0,379],[379,376,0,0,66],[66,592,0,0,210],[210,513,0,0,128],[128,3005,0,0,55],[392,3447,0,0,133],[133,42,0,0,49],[49,3990,0,0,179],[179,3415,0,0,58],[58,846,0,0,100],[455,274,0,0,281],[281,1126,0,0,176],[176,262,0,0,105],[105,101,0,0,45],[45,1188,0,0,414],[414,1384,2729,0,65],[310,668,1805,0,426],[426,3747,0,0,68],[68,3363,0,0,77],[77,3167,0,0,322],[101,2575,0,0,133],[133,3003,0,0,40],[40,2757,0,0,2],[2,3064,0,0,38],[500,2326,0,0,287],[287,2483,0,0,171],[171,2554,0,0,363],[363,2413,0,0,447],[232,2014,0,0,481],[481,1917,0,0,74],[74,1984,0,0,289],[289,1750,0,0,180],[98,1415,0,0,85],[85,1014,0,0,220],[220,943,0,0,274],[488,2897,0,0,205],[205,3618,0,0,390],[390,1573,0,0,19],[167,2906,0,0,354],[354,1197,0,0,49],[49,1404,0,0,180],[180,846,0,0,252],[66,80,0,0,440],[440,1115,0,0,400],[400,2361,0,0,316],[316,2416,0,0,286],[218,1447,0,0,410],[410,3007,0,0,159],[159,2448,0,0,127],[127,275,0,0,309],[157,191,0,0,94],[94,3974,0,0,459],[459,2519,0,0,164],[164,23,0,0,423],[423,3839,0,0,115],[115,3892,0,0,241],[475,3393,0,0,99],[99,3128,0,0,195],[195,2535,0,0,291],[107,2385,0,0,173],[173,1762,0,0,102],[102,2655,0,0,320],[320,445,0,0,13],[53,1397,0,0,499],[499,502,0,0,198],[198,571,0,0,408],[408,1111,0,0,419],[419,285,0,0,485],[223,1340,1557,0,294],[294,1358,0,0,291],[291,1267,0,0,469],[469,732,0,0,371],[371,2700,0,0,228],[228,76,0,0,366],[227,3989,0,0,275],[275,491,0,0,397],[397,2623,0,0,131],[170,237,0,0,441],[441,3046,0,0,281],[281,1175,0,0,8],[8,1241,0,0,369],[369,3164,0,0,11],[20,797,2615,0,338],[338,2573,0,0,325],[325,1598,2221,0,395],[176,177,0,0,306],[306,1274,0,0,499],[499,3097,0,0,222],[222,2260,0,0,97]];

SenderLabelReceiverNonOrderCriticalChains = [[1,733,412],[1,1010,402],[1,1185,21],[1,3044,455],[1,3044,4],[1,3044,416],[2,590,135],[2,1691,320],[2,2250,3],[2,3045,23],[2,3045,47],[2,3064,38],[3,2396,4],[3,3067,205],[3,3087,9],[3,3479,311],[3,3925,229],[3,3925,361],[4,715,342],[4,715,224],[4,1150,211],[4,1150,257],[4,2303,260],[4,2303,182],[4,2420,17],[4,2420,402],[4,3508,321],[4,3508,447],[5,46,8],[5,46,224],[5,702,342],[5,873,340],[5,873,24],[5,873,345],[5,1426,497],[5,3691,107],[5,3950,318],[5,3950,457],[6,648,475],[6,912,221],[6,912,286],[6,912,305],[6,3018,254],[6,3929,7],[6,3929,206],[7,843,351],[7,1043,335],[7,1043,434],[7,1072,285],[7,1271,16],[7,1347,497],[7,1347,10],[8,743,95],[8,767,491],[8,1241,369],[8,1241,488],[8,2045,312],[8,2045,232],[8,3346,11],[9,82,146],[9,256,98],[9,894,17],[9,1446,91],[9,1617,210],[9,1617,220],[9,3531,458],[10,118,45],[10,118,452],[10,762,31],[10,2345,410],[10,2786,67],[10,3185,16],[10,3185,258],[11,574,171],[11,1281,181],[11,1353,448],[11,1353,92],[11,1871,22],[11,3228,196],[11,3228,105],[12,541,180],[12,541,211],[12,653,18],[12,1123,409],[12,1244,344],[12,1244,269],[12,1761,481],[12,2675,288],[12,3831,369],[13,759,487],[13,972,22],[13,2124,156],[14,270,163],[14,863,50],[14,2143,61],[14,2443,152],[14,2521,26],[14,2893,259],[14,3262,379],[15,257,52],[15,1713,257],[15,2593,299],[15,3801,379],[16,1617,210],[16,1617,220],[16,2597,246],[16,2625,260],[16,2625,86],[16,2853,427],[16,3089,115],[16,3089,371],[16,3089,340],[16,3608,21],[17,320,283],[17,320,454],[17,1428,18],[17,2895,58],[17,3085,149],[18,1247,398],[18,1800,279],[18,1800,290],[18,2054,265],[18,2678,438],[18,2738,171],[18,3483,22],[18,3483,285],[19,495,491],[19,495,472],[19,1392,279],[19,1392,360],[19,1990,238],[19,2094,226],[19,3973,108],[20,80,56],[20,80,440],[20,343,453],[20,343,439],[20,660,227],[20,797,338],[20,1014,32],[20,1014,346],[20,1014,220],[20,1014,441],[20,2075,434],[20,2615,380],[20,2615,457],[20,2615,338],[21,4,24],[21,4,111],[21,161,454],[21,1077,376],[21,2163,246],[21,2163,122],[21,2163,132],[21,2163,118],[21,3905,91],[22,1441,141],[22,2576,1],[22,3011,34],[22,3011,395],[22,3187,428],[23,224,25],[23,224,135],[23,2032,109],[23,2032,217],[23,2640,28],[23,2748,383],[23,2748,494],[23,3746,56],[23,3746,180],[23,3746,414],[23,3768,281],[24,644,316],[24,644,295],[24,1001,197],[24,1001,140],[24,2253,27],[24,2253,496],[24,2527,430],[25,234,324],[25,553,234],[25,553,283],[25,1286,431],[25,1390,467],[25,1472,154],[25,2104,46],[26,663,339],[26,1452,69],[26,1936,190],[26,1936,146],[26,2133,272],[26,2310,87],[27,26,299],[27,957,146],[27,2512,74],[27,2569,423],[27,2569,470],[27,2929,91],[28,279,395],[28,279,450],[28,279,382],[28,678,213],[28,2227,332],[28,3060,197],[28,3244,35],[28,3819,317],[28,3819,55],[29,447,96],[29,588,78],[29,803,36],[29,803,331],[29,1793,91],[29,2127,242],[29,3201,36],[29,3201,304],[29,3432,426],[30,47,194],[30,228,33],[30,228,54],[30,399,49],[30,1043,335],[30,1043,434],[31,515,50],[31,649,315],[31,1069,412],[31,1739,77],[31,3802,466],[32,639,338],[32,1674,37],[32,2765,373],[32,2765,343],[32,3343,48],[33,309,36],[33,460,272],[33,1014,32],[33,1014,346],[33,1014,220],[33,1014,441],[33,1765,118],[33,1859,488],[33,2669,114],[33,2669,348],[34,28,382],[34,28,500],[34,842,215],[34,2223,359],[34,2278,393],[34,2278,143],[34,2278,481],[34,2295,259],[34,2295,310],[34,2295,465],[34,3409,43],[35,812,348],[35,1006,291],[35,1961,414],[36,2126,34],[36,2126,144],[36,2795,496],[36,3414,490],[36,3501,41],[37,268,456],[37,268,471],[37,873,340],[37,873,24],[37,873,345],[37,951,174],[37,951,287],[37,1399,166],[37,2164,51],[37,2451,355],[37,2451,424],[38,1057,169],[38,2564,256],[38,2695,442],[38,2913,79],[38,2985,260],[38,3929,7],[38,3929,206],[39,507,399],[39,507,106],[39,1253,86],[39,1549,13],[39,2160,82],[39,2160,154],[39,3128,289],[39,3128,81],[39,3128,195],[39,3633,77],[40,411,402],[40,421,63],[40,563,328],[40,563,364],[40,563,488],[40,1714,186],[40,2191,387],[40,2191,100],[40,2757,2],[41,122,82],[41,122,296],[41,122,317],[41,219,75],[41,219,241],[41,254,136],[41,1026,181],[41,1026,466],[41,1402,461],[41,2806,271],[41,2859,45],[42,690,151],[42,690,231],[42,3081,43],[42,3097,222],[42,3097,140],[42,3097,416],[42,3548,126],[43,1934,35],[43,1947,461],[43,2320,281],[43,3487,473],[43,3487,44],[43,3842,62],[44,391,231],[44,941,72],[44,941,481],[44,2336,282],[44,2449,350],[44,2449,478],[44,3105,429],[45,410,94],[45,1188,414],[45,1188,30],[45,1588,444],[45,3737,53],[46,688,84],[46,922,159],[46,922,143],[46,922,313],[46,3383,148],[46,3540,107],[46,3540,168],[46,3984,140],[47,2429,189],[47,2746,158],[47,3278,177],[48,439,39],[48,439,326],[48,2161,130],[48,2533,153],[48,2533,98],[48,2571,338],[48,3446,23],[48,3634,325],[49,512,484],[49,1404,149],[49,1404,180],[49,2272,361],[49,2272,401],[49,3838,63],[49,3990,179],[50,251,119],[50,608,196],[50,608,472],[50,1677,48],[50,2039,276],[50,2039,496],[50,2959,396],[51,395,316],[51,490,202],[51,506,124],[51,2872,69],[51,2874,132],[51,3042,410],[52,516,324],[52,715,342],[52,715,224],[52,945,256],[52,989,90],[52,1029,243],[52,2887,340],[52,2887,349],[52,2918,446],[53,452,183],[53,694,121],[53,1397,499],[53,1614,75],[53,1614,265],[53,1794,178],[53,2368,467],[54,1400,225],[54,2197,377],[54,2283,439],[54,3030,185],[54,3169,67],[55,755,84],[55,3103,350],[55,3241,244],[55,3241,385],[55,3398,229],[55,3398,339],[55,3746,56],[55,3746,180],[55,3746,414],[56,1459,262],[56,2293,160],[56,3209,92],[57,448,254],[57,448,338],[57,1050,130],[57,1438,370],[57,1523,212],[57,1523,239],[57,1775,149],[57,1775,325],[57,2383,194],[57,2685,233],[57,2685,334],[58,846,100],[58,846,252],[58,1914,268],[58,2790,312],[58,3023,95],[58,3023,346],[58,3755,234],[58,3755,177],[59,455,158],[59,455,279],[59,455,493],[59,717,486],[59,1354,267],[59,3194,418],[59,3194,330],[59,3814,137],[59,3898,67],[59,3903,82],[60,12,69],[60,2569,423],[60,2569,470],[60,3565,401],[60,3606,316],[60,3646,481],[61,541,180],[61,541,211],[61,772,191],[61,772,104],[61,1796,217],[61,2163,246],[61,2163,122],[61,2163,132],[61,2163,118],[61,2272,361],[61,2272,401],[61,3791,46],[61,3791,451],[61,3791,225],[62,1064,242],[62,1064,381],[62,2156,65],[62,2196,273],[62,2916,3],[62,3218,68],[62,3566,442],[63,1554,384],[63,1554,232],[63,1554,300],[63,1751,186],[63,3465,62],[63,3709,280],[63,3837,93],[63,3837,138],[64,21,445],[64,509,252],[64,561,359],[64,3031,380],[64,3452,278],[64,3577,145],[64,3577,462],[65,1384,414],[65,1918,236],[65,1918,251],[65,1918,290],[65,2582,161],[65,2582,123],[65,3044,455],[65,3044,4],[65,3044,416],[65,3373,451],[65,3373,68],[66,80,56],[66,80,440],[66,484,150],[66,592,210],[66,1737,447],[66,1737,9],[66,2670,42],[66,3255,125],[66,3255,126],[66,3255,128],[66,3255,497],[66,3308,478],[67,942,479],[67,942,7],[67,942,294],[67,1799,405],[67,2257,70],[67,2321,314],[67,2321,235],[68,2307,143],[68,2487,220],[68,2731,72],[68,3363,77],[68,3726,125],[69,1278,128],[69,1278,249],[69,1278,494],[69,1692,35],[69,1692,137],[69,3472,131],[69,3472,173],[69,3976,115],[70,986,473],[70,1065,135],[70,1649,381],[70,3117,409],[70,3117,197],[70,3154,453],[70,3154,290],[70,3603,151],[70,3603,284],[71,97,175],[71,884,465],[71,999,78],[71,2988,426],[71,3883,384],[72,1070,499],[72,1070,225],[72,1623,488],[72,2848,76],[72,2848,471],[72,3097,222],[72,3097,140],[72,3097,416],[73,828,314],[73,1269,231],[73,1330,230],[73,2240,101],[73,2240,346],[73,2949,75],[73,3886,244],[74,1314,230],[74,1314,335],[74,1984,289],[74,1984,203],[74,2989,76],[74,2989,412],[74,3126,110],[74,3198,101],[74,3198,167],[74,3198,164],[75,820,77],[75,820,364],[75,2103,462],[75,2103,394],[75,2697,489],[75,3518,347],[76,960,92],[76,2021,54],[76,2545,160],[76,2545,414],[76,3795,259],[76,3988,175],[77,202,478],[77,1157,239],[77,2975,89],[77,3167,322],[78,261,416],[78,1098,306],[78,1098,298],[78,1554,384],[78,1554,232],[78,1554,300],[78,2163,246],[78,2163,122],[78,2163,132],[78,2163,118],[78,2325,236],[78,2325,226],[78,2619,250],[79,122,82],[79,122,296],[79,122,317],[79,333,287],[79,2026,348],[79,3483,22],[79,3483,285],[79,3896,288],[80,943,274],[80,943,275],[80,1293,311],[80,1547,273],[80,2027,264],[80,2380,148],[80,2380,93],[80,2803,436],[80,2803,116],[81,1692,35],[81,1692,137],[81,1728,361],[81,2621,145],[81,3468,271],[81,3822,113],[82,2428,98],[82,2428,400],[82,3206,205],[83,500,122],[83,738,245],[83,1535,173],[83,2398,497],[83,2575,88],[83,2575,133],[83,3546,337],[83,3546,168],[84,358,313],[84,1064,242],[84,1064,381],[84,1654,131],[84,1655,309],[85,808,402],[85,808,473],[85,1001,197],[85,1001,140],[85,1014,32],[85,1014,346],[85,1014,220],[85,1014,441],[85,1897,396],[85,1897,438],[85,2810,348],[85,3151,131],[86,1450,436],[86,1492,100],[86,2092,148],[86,2092,274],[86,3447,133],[86,3447,119],[86,3815,55],[86,3815,407],[87,332,391],[87,2020,416],[87,2418,115],[87,2668,380],[87,2668,50],[87,2668,352],[88,1410,207],[88,1410,342],[88,2004,471],[88,2004,408],[88,2439,474],[88,2652,249],[88,2862,90],[88,3869,475],[88,3869,102],[89,1067,10],[89,1706,118],[89,1995,421],[89,2435,421],[89,2435,402],[89,3135,432],[89,3862,154],[90,1207,371],[90,3118,313],[90,3417,94],[90,3889,30],[90,3889,85],[90,3889,136],[91,1051,220],[91,2610,113],[92,748,80],[92,1711,208],[92,1711,484],[92,2380,148],[92,2380,93],[92,2476,381],[92,2965,360],[93,95,377],[93,148,170],[93,751,441],[93,2062,113],[93,3180,241],[93,3180,455],[94,839,95],[94,3698,396],[94,3815,55],[94,3815,407],[94,3974,459],[95,1111,392],[95,1111,419],[95,1311,277],[95,3090,197],[96,331,47],[96,331,483],[96,808,402],[96,808,473],[96,1163,396],[96,2998,79],[96,2998,346],[96,3117,409],[96,3117,197],[97,149,189],[97,317,434],[97,317,447],[97,1979,86],[97,1979,147],[97,2238,110],[97,2238,202],[97,2238,24],[97,3523,19],[97,3523,178],[98,742,487],[98,742,266],[98,1415,85],[98,2528,47],[98,2603,261],[99,587,457],[99,1326,223],[99,2248,199],[99,2755,145],[99,3020,153],[99,3128,289],[99,3128,81],[99,3128,195],[100,41,83],[100,298,450],[100,706,250],[100,1119,269],[100,3841,135],[101,984,333],[101,984,319],[101,1899,203],[101,1899,90],[101,2575,88],[101,2575,133],[101,2728,177],[101,3679,450],[101,3679,278],[101,3679,356],[102,2103,462],[102,2103,394],[102,2655,320],[102,2920,293],[102,2920,385],[102,2920,395],[102,3555,273],[102,3759,107],[103,208,489],[103,1310,498],[103,1310,244],[103,2991,461],[103,3076,134],[103,3224,336],[103,3766,150],[104,46,8],[104,46,224],[104,497,258],[104,497,417],[104,2393,87],[104,2393,385],[104,2393,396],[104,2838,439],[104,2962,278],[104,3255,125],[104,3255,126],[104,3255,128],[104,3255,497],[105,101,45],[105,2093,360],[105,2093,35],[105,2415,137],[105,2741,482],[105,2741,161],[105,3864,98],[105,3864,247],[106,199,243],[106,199,400],[106,1101,415],[106,1101,362],[106,1742,125],[106,2530,15],[106,2530,350],[106,3039,493],[106,3701,438],[107,505,143],[107,505,401],[107,1276,176],[107,1664,247],[107,2385,173],[107,3009,431],[107,3009,312],[108,1356,115],[108,1356,293],[108,2255,26],[108,2292,103],[108,3248,222],[108,3364,312],[108,3836,373],[109,279,395],[109,279,450],[109,279,382],[109,1827,262],[109,2162,171],[109,2162,135],[109,2162,472],[109,2231,292],[109,2242,320],[110,757,198],[110,757,493],[110,947,140],[110,1225,461],[110,2374,247],[111,20,329],[111,20,377],[111,308,162],[111,308,414],[111,2393,87],[111,2393,385],[111,2393,396],[111,2774,303],[111,3658,347],[111,3658,479],[111,3776,72],[112,566,282],[112,1278,128],[112,1278,249],[112,1278,494],[112,1368,129],[112,1989,460],[112,1989,452],[112,2039,276],[112,2039,496],[112,2818,495],[112,2818,165],[112,3786,246],[113,2423,381],[113,2423,335],[113,2459,101],[113,2459,248],[113,3110,136],[114,2229,144],[114,2800,443],[114,2897,205],[114,2897,396],[114,2897,189],[114,3746,56],[114,3746,180],[114,3746,414],[115,1709,304],[115,3892,241],[116,183,177],[116,1744,311],[116,2068,351],[116,2068,120],[116,2184,152],[116,2218,152],[116,2719,131],[116,2719,387],[117,131,467],[117,403,119],[117,1002,168],[117,1002,468],[117,1767,190],[117,2043,368],[117,3744,436],[118,188,33],[118,188,179],[118,1752,305],[118,2074,307],[118,2559,178],[119,365,42],[119,365,308],[119,655,70],[119,2574,153],[119,2574,127],[120,84,131],[120,405,340],[120,414,353],[120,482,122],[120,482,275],[120,1212,93],[120,1212,119],[120,1212,434],[120,2574,153],[120,2574,127],[120,3027,393],[121,146,227],[121,2162,171],[121,2162,135],[121,2162,472],[121,3255,125],[121,3255,126],[121,3255,128],[121,3255,497],[122,24,200],[122,24,394],[122,775,394],[122,2691,492],[122,3726,125],[123,551,477],[123,596,358],[123,949,208],[123,1244,344],[123,1244,269],[123,1346,167],[123,1346,334],[123,1346,298],[123,1604,331],[124,24,200],[124,24,394],[124,2779,448],[124,3457,32],[124,3577,145],[124,3577,462],[124,3900,308],[125,1346,167],[125,1346,334],[125,1346,298],[125,3487,473],[125,3487,44],[125,3630,199],[125,3936,293],[126,381,156],[126,857,90],[126,857,286],[126,1563,81],[126,1563,398],[126,1563,136],[126,2142,439],[126,2791,454],[126,2898,82],[127,275,309],[127,537,330],[127,737,247],[127,1002,168],[127,1002,468],[127,1089,142],[127,2502,278],[127,2502,350],[128,1775,149],[128,1775,325],[128,2029,282],[128,2068,351],[128,2068,120],[128,3005,55],[129,852,257],[129,992,121],[129,1344,133],[129,3620,413],[129,3620,403],[130,1433,370],[130,2117,395],[130,2117,377],[130,3405,194],[131,3893,152],[132,795,200],[132,1306,415],[132,1802,214],[132,1806,451],[132,1806,234],[132,2771,357],[132,2771,438],[132,3857,317],[133,42,49],[133,1886,285],[133,3003,40],[133,3925,229],[133,3925,361],[134,335,202],[134,488,394],[134,488,416],[134,495,491],[134,495,472],[134,632,308],[134,1139,399],[134,3611,420],[135,1875,167],[135,1893,445],[135,2467,288],[136,690,151],[136,690,231],[136,1639,138],[136,2281,232],[136,3613,412],[137,365,42],[137,365,308],[137,1918,236],[137,1918,251],[137,1918,290],[137,2771,357],[137,2771,438],[138,480,365],[138,488,394],[138,488,416],[138,1686,445],[138,1686,469],[138,2541,444],[138,3474,412],[138,3523,19],[138,3523,178],[139,833,206],[139,833,165],[139,1310,498],[139,1310,244],[139,1979,86],[139,1979,147],[139,2974,158],[140,300,416],[140,625,176],[140,1723,478],[140,2787,189],[141,31,139],[141,31,480],[141,380,223],[141,380,164],[141,1385,215],[141,1537,8],[141,2677,5],[141,2677,113],[141,2781,94],[141,2781,237],[142,240,446],[142,265,299],[142,265,424],[142,618,317],[142,719,428],[142,1323,157],[143,249,300],[143,249,13],[143,2540,277],[143,2540,390],[144,27,60],[144,525,369],[144,1274,327],[144,1274,499],[144,3864,98],[144,3864,247],[145,637,27],[145,637,457],[145,785,225],[145,2015,153],[145,3525,124],[145,3950,318],[145,3950,457],[146,513,128],[146,513,218],[146,513,121],[146,637,27],[146,637,457],[146,1159,117],[146,2883,206],[146,2883,495],[146,2883,87],[146,3807,218],[147,308,162],[147,308,414],[147,994,297],[147,1024,366],[147,1046,63],[147,1140,156],[147,2577,170],[148,1682,453],[148,2545,160],[148,2545,414],[148,3180,241],[148,3180,455],[148,3640,391],[149,564,153],[149,564,423],[149,2750,467],[149,3053,283],[149,3902,210],[149,3965,383],[149,3965,391],[150,531,433],[150,1234,314],[150,1335,384],[150,1335,355],[150,1719,442],[150,2690,429],[150,3739,492],[151,186,321],[151,794,333],[151,2722,137],[151,3528,21],[151,3926,267],[152,647,187],[152,2660,187],[152,3859,420],[153,1801,457],[153,1856,385],[153,1856,42],[153,1856,223],[154,168,191],[154,1992,53],[154,2533,153],[154,2533,98],[155,709,169],[155,709,261],[155,712,203],[155,712,298],[155,902,500],[155,1936,190],[155,1936,146],[155,3788,346],[156,283,454],[156,392,188],[156,1404,149],[156,1404,180],[156,3384,413],[156,3384,10],[157,191,94],[157,854,139],[157,2175,204],[157,2175,341],[157,2256,296],[157,3062,201],[157,3510,260],[157,3510,344],[158,1014,32],[158,1014,346],[158,1014,220],[158,1014,441],[158,1478,162],[158,2711,38],[158,2780,405],[158,2938,148],[159,511,495],[159,2448,127],[159,2638,210],[159,3198,101],[159,3198,167],[159,3198,164],[160,1952,329],[160,3310,455],[160,3472,131],[160,3472,173],[160,3894,449],[160,3894,468],[161,1222,29],[161,2117,395],[161,2117,377],[161,2668,380],[161,2668,50],[161,2668,352],[161,3597,74],[161,3644,170],[162,427,455],[162,455,158],[162,455,279],[162,455,493],[162,1942,415],[162,1942,213],[162,2459,101],[162,2459,248],[162,3355,480],[163,661,281],[163,1795,368],[163,2665,73],[163,2940,267],[163,2948,383],[163,2948,460],[163,3305,247],[163,3305,336],[163,3391,414],[164,23,5],[164,23,423],[164,997,413],[164,997,282],[164,1016,214],[164,1634,406],[164,3055,482],[164,3055,187],[164,3055,256],[165,297,324],[165,626,473],[165,644,316],[165,644,295],[165,1904,304],[165,1904,492],[165,2226,292],[165,2226,495],[166,761,484],[166,1176,479],[166,1176,257],[166,2096,293],[166,2096,370],[166,2653,180],[166,3424,422],[167,122,82],[167,122,296],[167,122,317],[167,129,186],[167,2136,180],[167,2906,354],[167,3853,234],[167,3853,305],[168,697,45],[168,912,221],[168,912,286],[168,912,305],[168,1941,303],[168,2625,260],[168,2625,86],[168,2707,324],[169,1135,84],[169,2056,310],[169,2828,190],[169,3573,318],[170,237,425],[170,237,441],[170,1022,480],[170,1347,497],[170,1347,10],[171,725,252],[171,725,264],[171,2554,363],[171,2677,5],[171,2677,113],[171,3947,292],[172,749,217],[172,749,300],[172,903,370],[172,1785,364],[172,2547,213],[172,3260,238],[172,3320,312],[172,3508,321],[172,3508,447],[172,3596,269],[173,1762,102],[173,2990,181],[173,3228,196],[173,3228,105],[173,3553,279],[174,2177,266],[174,2177,494],[174,2540,277],[174,2540,390],[174,2605,355],[174,2952,15],[174,3185,16],[174,3185,258],[174,3235,465],[174,3235,258],[174,3235,487],[175,598,189],[175,2002,428],[175,3095,499],[176,177,430],[176,177,306],[176,262,105],[176,1129,254],[176,1842,284],[176,2151,191],[177,23,5],[177,23,423],[177,753,255],[177,3219,229],[177,3307,186],[178,615,489],[178,1410,207],[178,1410,342],[178,3434,319],[178,3547,437],[179,223,185],[179,772,191],[179,772,104],[179,1918,236],[179,1918,251],[179,1918,290],[179,2215,378],[179,2215,383],[179,2419,401],[179,3415,58],[180,103,287],[180,846,100],[180,846,252],[181,491,393],[181,491,28],[181,491,397],[181,1392,279],[181,1392,360],[181,1576,473],[181,3692,6],[182,462,193],[182,1070,499],[182,1070,225],[182,1173,488],[182,1173,368],[182,1314,230],[182,1314,335],[182,2238,110],[182,2238,202],[182,2238,24],[182,2936,332],[182,2936,390],[183,915,268],[183,1680,299],[183,1858,373],[183,2071,293],[183,2071,239],[183,3295,219],[183,3685,207],[184,620,208],[184,620,421],[184,987,316],[184,1164,335],[184,1168,296],[184,2384,379],[184,2765,373],[184,2765,343],[184,3232,217],[185,74,306],[185,78,361],[185,123,437],[185,123,459],[185,1091,295],[185,1562,230],[185,1711,208],[185,1711,484],[186,349,392],[186,554,286],[186,1364,87],[186,1364,268],[187,519,44],[187,912,221],[187,912,286],[187,912,305],[187,1268,311],[187,3089,115],[187,3089,371],[187,3089,340],[187,3971,367],[188,1783,208],[188,2614,278],[188,2883,206],[188,2883,495],[188,2883,87],[188,2932,456],[188,3740,278],[189,1028,337],[189,1028,500],[189,2954,446],[189,2954,235],[190,1321,495],[190,1564,443],[190,2129,346],[190,2129,454],[190,3327,443],[191,712,203],[191,712,298],[191,869,470],[191,1666,97],[191,3679,450],[191,3679,278],[191,3679,356],[192,343,453],[192,343,439],[192,950,439],[192,1187,32],[192,1187,333],[192,2896,491],[192,2896,382],[192,3635,253],[193,513,128],[193,513,218],[193,513,121],[193,1081,88],[193,1081,359],[193,2410,202],[193,2410,495],[193,3130,393],[193,3429,228],[193,3743,204],[193,3743,203],[194,709,169],[194,709,261],[194,976,388],[194,1609,42],[194,2532,362],[194,3734,31],[195,116,228],[195,569,343],[195,1464,228],[195,1749,457],[195,2535,291],[195,2881,244],[196,338,197],[196,540,147],[196,1318,421],[196,1596,259],[196,1596,19],[196,3680,341],[196,3816,342],[197,1984,289],[197,1984,203],[197,3114,356],[197,3114,419],[198,455,158],[198,455,279],[198,455,493],[198,571,408],[198,1356,115],[198,1356,293],[198,1832,492],[198,1832,490],[198,3121,497],[199,749,217],[199,749,300],[199,2249,263],[199,2378,130],[199,3116,443],[199,3116,440],[200,616,257],[200,616,97],[200,858,373],[200,1055,423],[200,1523,212],[200,1523,239],[200,2295,259],[200,2295,310],[200,2295,465],[200,3268,423],[201,505,143],[201,505,401],[201,922,159],[201,922,143],[201,922,313],[201,1578,284],[201,2113,14],[201,2113,394],[201,2534,198],[201,2698,79],[202,2234,122],[202,2428,98],[202,2428,400],[202,2980,371],[203,2226,292],[203,2226,495],[203,3196,384],[203,3994,139],[203,3994,495],[204,1150,211],[204,1150,257],[204,1537,8],[204,3755,234],[204,3755,177],[205,1101,415],[205,1101,362],[205,1724,332],[205,2475,230],[205,3618,390],[206,1009,258],[206,1932,203],[206,2294,297],[206,2294,498],[206,2984,412],[206,3109,46],[206,3109,226],[207,543,213],[207,1257,315],[207,2278,393],[207,2278,143],[207,2278,481],[207,3305,247],[207,3305,336],[207,3580,301],[208,1715,454],[208,2230,277],[208,2230,268],[208,2230,238],[208,3084,456],[208,3543,245],[209,197,304],[209,1727,272],[209,2126,34],[209,2126,144],[209,2430,316],[209,3524,391],[209,3757,373],[210,352,352],[210,426,309],[210,513,128],[210,513,218],[210,513,121],[211,313,131],[211,1904,304],[211,1904,492],[211,2954,446],[211,2954,235],[211,3249,221],[211,3443,157],[212,177,430],[212,177,306],[212,192,266],[212,2121,420],[212,3094,51],[212,3427,468],[212,3427,423],[212,3427,230],[212,3705,282],[213,563,328],[213,563,364],[213,563,488],[213,1019,300],[213,2718,305],[214,311,498],[214,1333,472],[214,1362,91],[214,1362,73],[214,2089,282],[214,2674,351],[214,2674,242],[215,91,346],[215,91,30],[215,185,394],[215,1614,75],[215,1614,265],[215,2325,236],[215,2325,226],[215,3889,30],[215,3889,85],[215,3889,136],[216,550,43],[216,584,189],[216,1895,370],[216,2394,298],[216,2616,233],[216,2745,174],[216,2745,459],[216,3799,261],[216,3799,491],[217,857,90],[217,857,286],[217,2162,171],[217,2162,135],[217,2162,472],[217,2389,59],[218,1447,410],[218,1596,259],[218,1596,19],[218,1901,246],[218,1901,260],[218,2423,381],[218,2423,335],[218,2688,234],[218,2688,477],[218,3427,468],[218,3427,423],[218,3427,230],[219,591,319],[219,591,254],[219,744,256],[219,824,391],[219,3631,75],[219,3743,204],[219,3743,203],[219,3844,376],[219,3945,299],[220,272,4],[220,943,274],[220,943,275],[220,1737,447],[220,1737,9],[221,1099,296],[221,1556,482],[221,1573,19],[221,1573,496],[221,2623,131],[221,2623,462],[221,2623,357],[221,3819,317],[221,3819,55],[222,2260,1],[222,2260,97],[222,3231,426],[222,3231,17],[222,3462,318],[223,941,72],[223,941,481],[223,1340,294],[223,1557,294],[223,2032,109],[223,2032,217],[223,3778,291],[224,219,75],[224,219,241],[224,491,393],[224,491,28],[224,491,397],[224,1499,457],[224,1946,401],[224,2663,337],[225,564,153],[225,564,423],[225,2033,329],[225,2206,57],[225,2490,349],[226,701,347],[226,764,27],[226,2178,419],[226,3350,297],[227,740,452],[227,1704,263],[227,2957,159],[227,3494,449],[227,3989,275],[228,76,366],[228,833,206],[228,833,165],[228,3241,244],[228,3241,385],[228,3540,107],[228,3540,168],[229,1226,321],[229,2584,421],[230,22,326],[230,226,252],[230,226,265],[230,2766,285],[231,591,319],[231,591,254],[231,3109,46],[231,3109,226],[231,3360,284],[231,3887,143],[232,747,173],[232,1275,390],[232,1940,445],[232,2014,481],[233,610,239],[233,802,387],[233,2071,293],[233,2071,239],[233,3114,356],[233,3114,419],[234,198,276],[234,1463,329],[235,354,31],[235,354,482],[235,1341,485],[235,1526,327],[235,1736,498],[236,444,441],[236,1364,87],[236,1364,268],[236,3559,497],[236,3890,461],[237,953,421],[237,953,36],[237,953,422],[237,1132,229],[237,1132,348],[237,3023,95],[237,3023,346],[237,3071,123],[237,3495,209],[238,510,461],[238,1480,290],[238,2070,211],[238,2070,210],[238,3009,431],[238,3009,312],[239,353,387],[239,369,474],[239,2191,387],[239,2191,100],[239,2719,131],[239,2719,387],[240,507,399],[240,507,106],[240,1669,449],[240,2235,415],[240,3215,169],[240,3259,268],[240,3259,345],[240,3344,277],[240,3344,366],[240,3754,336],[241,2001,470],[241,2147,463],[241,2352,243],[241,2421,362],[241,2530,15],[241,2530,350],[242,501,255],[242,1514,474],[242,1899,203],[242,1899,90],[242,2177,266],[242,2177,494],[243,784,255],[243,1023,317],[243,1023,464],[243,1023,418],[243,1901,246],[243,1901,260],[243,3338,352],[243,3716,364],[244,77,294],[244,77,494],[244,534,222],[244,534,325],[244,1983,271],[244,3592,451],[244,3592,366],[245,624,169],[245,942,479],[245,942,7],[245,942,294],[245,1608,382],[245,2129,346],[245,2129,454],[245,2140,286],[245,3915,155],[246,922,159],[246,922,143],[246,922,313],[246,1375,229],[246,2230,277],[246,2230,268],[246,2230,238],[246,3010,307],[247,1053,442],[247,1053,256],[247,2788,369],[248,279,395],[248,279,450],[248,279,382],[248,1187,32],[248,1187,333],[248,1290,237],[248,3583,129],[248,3583,408],[249,935,407],[249,1261,30],[249,2053,204],[249,2484,242],[250,20,329],[250,20,377],[250,523,435],[250,1891,326],[250,2301,182],[250,2472,333],[251,448,254],[251,448,338],[251,770,420],[251,997,413],[251,997,282],[251,2034,20],[251,3055,482],[251,3055,187],[251,3055,256],[251,3522,303],[251,3522,382],[251,3532,227],[252,1540,435],[252,2096,293],[252,2096,370],[252,2350,479],[252,2350,301],[252,2961,303],[253,28,382],[253,28,500],[253,810,6],[253,2004,471],[253,2004,408],[253,2502,278],[253,2502,350],[253,3418,456],[253,3769,431],[254,538,351],[254,1790,349],[254,2278,393],[254,2278,143],[254,2278,481],[255,18,428],[255,487,236],[255,487,462],[255,489,24],[255,558,351],[256,1575,114],[256,1575,463],[256,1575,315],[256,2303,260],[256,2303,182],[256,2839,2],[257,982,360],[257,2329,269],[257,3416,333],[258,503,260],[258,964,464],[258,974,156],[258,2230,277],[258,2230,268],[258,2230,238],[259,725,252],[259,725,264],[259,2013,71],[259,2013,341],[259,2460,441],[259,2551,443],[260,211,266],[260,2998,79],[260,2998,346],[261,288,221],[261,570,281],[261,1408,351],[262,265,299],[262,265,424],[262,320,283],[262,320,454],[262,449,385],[262,449,434],[262,1241,369],[262,1241,488],[262,3741,319],[262,3791,46],[262,3791,451],[262,3791,225],[263,582,452],[263,2669,114],[263,2669,348],[263,2856,449],[263,3217,305],[264,609,141],[264,704,367],[264,1756,118],[264,2113,14],[264,2113,394],[264,2536,193],[264,3845,452],[265,1212,93],[265,1212,119],[265,1212,434],[265,3194,418],[265,3194,330],[265,3687,343],[265,3753,303],[266,1512,372],[266,1512,192],[266,1512,56],[266,2358,330],[266,2948,383],[266,2948,460],[267,1071,442],[267,1071,434],[267,1882,254],[267,3473,233],[267,3868,124],[268,3853,234],[268,3853,305],[268,3860,425],[269,429,355],[269,1028,337],[269,1028,500],[269,2451,355],[269,2451,424],[270,2,190],[270,1391,429],[270,1900,301],[270,2092,148],[270,2092,274],[270,2254,339],[270,3851,409],[270,3851,84],[271,59,313],[271,59,447],[271,1084,332],[271,1467,142],[271,3595,376],[272,930,154],[272,2067,12],[272,3965,383],[272,3965,391],[273,367,207],[273,581,305],[273,1747,311],[273,3045,23],[273,3045,47],[273,3279,32],[274,160,247],[274,160,492],[274,1023,317],[274,1023,464],[274,1023,418],[274,1811,381],[274,3641,13],[274,3991,490],[275,323,311],[275,491,393],[275,491,28],[275,491,397],[275,799,367],[275,799,440],[275,868,458],[275,3113,188],[276,873,340],[276,873,24],[276,873,345],[276,1254,324],[276,1667,283],[276,2425,467],[276,2529,133],[276,2699,222],[277,2684,332],[277,3372,329],[277,3372,429],[277,3689,295],[277,3689,354],[278,1482,428],[278,3556,296],[279,826,274],[279,2420,17],[279,2420,402],[280,560,370],[280,865,422],[280,1098,306],[280,1098,298],[280,2025,387],[280,2581,298],[280,2581,441],[280,3827,348],[281,1126,176],[281,1175,222],[281,1175,8],[281,1175,362],[282,285,485],[282,285,270],[282,2160,82],[282,2160,154],[283,249,300],[283,249,13],[283,497,258],[283,497,417],[283,782,105],[283,782,477],[283,2182,472],[284,1740,368],[284,1945,130],[284,2203,443],[284,2884,408],[285,132,220],[285,387,363],[285,2955,290],[286,3150,249],[286,3358,448],[287,360,442],[287,2483,171],[287,3100,321],[287,3356,400],[288,1073,390],[288,1145,216],[288,1942,415],[288,1942,213],[288,2393,87],[288,2393,385],[288,2393,396],[288,2831,497],[289,1750,180],[289,2099,328],[289,3214,404],[289,3238,481],[289,3453,381],[289,3453,483],[290,1488,498],[290,2306,470],[290,2306,162],[291,1267,469],[291,1267,485],[291,2370,270],[291,2729,353],[291,2729,65],[291,3348,371],[292,658,443],[292,658,411],[292,1398,323],[292,2920,293],[292,2920,385],[292,2920,395],[292,3335,429],[293,4,24],[293,4,111],[293,3485,380],[294,708,376],[294,1358,291],[294,2615,380],[294,2615,457],[294,2615,338],[295,174,436],[295,189,205],[295,696,418],[295,984,333],[295,984,319],[295,2745,174],[295,2745,459],[296,1346,167],[296,1346,334],[296,1346,298],[296,3620,413],[296,3620,403],[297,100,248],[297,2868,322],[297,3236,298],[297,3871,266],[298,534,222],[298,534,325],[298,953,421],[298,953,36],[298,953,422],[299,310,307],[299,1027,17],[300,331,47],[300,331,483],[300,728,438],[300,2408,129],[301,83,67],[301,83,248],[301,1350,412],[301,2008,184],[301,2069,355],[301,3587,486],[302,160,247],[302,160,492],[302,803,36],[302,803,331],[302,876,26],[302,978,444],[302,3007,312],[302,3007,159],[303,1239,229],[303,3013,335],[304,1512,372],[304,1512,192],[304,1512,56],[304,1956,433],[304,2623,131],[304,2623,462],[304,2623,357],[304,3234,111],[305,780,337],[305,780,446],[305,2887,340],[305,2887,349],[306,1274,327],[306,1274,499],[306,2152,294],[306,2935,64],[306,3663,280],[306,3689,295],[306,3689,354],[307,196,484],[307,563,328],[307,563,364],[307,563,488],[307,3055,482],[307,3055,187],[307,3055,256],[307,3258,175],[307,3840,192],[307,3840,377],[308,951,174],[308,951,287],[308,1927,121],[308,2246,348],[308,2857,71],[308,2857,110],[309,2061,144],[309,2217,487],[309,3061,425],[309,3061,142],[310,668,426],[310,1805,426],[310,2759,342],[310,3235,465],[310,3235,258],[310,3235,487],[310,3264,485],[311,2114,340],[312,135,22],[312,1144,399],[313,417,472],[313,2901,399],[313,3131,462],[313,3594,393],[314,679,438],[314,2668,380],[314,2668,50],[314,2668,352],[314,2842,321],[314,3162,363],[315,31,139],[315,31,480],[315,296,103],[315,1007,95],[315,2904,178],[316,2416,286],[316,3592,451],[316,3592,366],[317,2037,420],[317,2499,253],[317,2620,371],[318,1233,428],[318,1267,469],[318,1267,485],[318,1658,160],[318,2402,432],[319,879,459],[319,2409,411],[319,2960,409],[319,3205,237],[320,216,377],[320,445,13],[320,953,421],[320,953,36],[320,953,422],[320,2371,343],[321,1103,261],[321,2238,110],[321,2238,202],[321,2238,24],[321,3907,393],[322,830,492],[322,1031,368],[322,3372,329],[322,3372,429],[322,3949,327],[323,535,166],[323,1105,215],[323,1993,336],[323,2137,464],[323,2175,204],[323,2175,341],[323,2215,378],[323,2215,383],[323,2627,479],[324,299,271],[324,2190,81],[324,3837,93],[324,3837,138],[325,1598,395],[325,1787,1],[325,2221,395],[326,553,234],[326,553,283],[326,928,402],[326,1821,159],[326,2404,378],[326,3398,229],[326,3398,339],[327,1173,488],[327,1173,368],[327,1280,268],[327,2735,478],[327,3288,161],[328,886,470],[328,1263,355],[328,1905,226],[328,2888,336],[328,3326,181],[329,93,365],[329,267,369],[330,393,96],[330,393,379],[330,483,390],[330,483,362],[330,621,151],[330,780,337],[330,780,446],[330,1863,40],[331,224,25],[331,224,135],[331,757,198],[331,757,493],[331,1132,229],[331,1132,348],[331,1273,405],[331,2150,82],[331,2150,410],[332,604,339],[332,754,285],[333,1814,308],[333,3061,425],[333,3061,142],[334,11,404],[334,73,463],[334,1277,427],[334,1558,422],[334,1670,490],[334,2410,202],[334,2410,495],[335,1349,58],[335,1362,91],[335,1362,73],[335,3510,260],[335,3510,344],[336,77,294],[336,77,494],[336,969,490],[336,2634,403],[337,274,281],[337,274,349],[337,1423,493],[337,2903,460],[337,3791,46],[337,3791,451],[337,3791,225],[338,2503,233],[338,2573,325],[339,203,389],[339,1626,465],[339,2969,500],[339,3851,409],[339,3851,84],[340,1605,433],[340,2471,397],[340,3736,199],[341,241,447],[341,1023,317],[341,1023,464],[341,1023,418],[341,1430,425],[341,1539,476],[341,1575,114],[341,1575,463],[341,1575,315],[342,620,208],[342,620,421],[342,1429,80],[343,137,60],[343,726,99],[343,1175,222],[343,1175,8],[343,1175,362],[344,121,322],[344,228,33],[344,228,54],[344,1012,389],[344,1245,363],[344,1563,81],[344,1563,398],[344,1563,136],[344,2725,402],[345,483,390],[345,483,362],[345,866,361],[345,3704,361],[345,3751,398],[346,2356,375],[347,1813,392],[347,2170,25],[347,2739,373],[347,3545,386],[347,3679,450],[347,3679,278],[347,3679,356],[349,1686,445],[349,1686,469],[349,1760,448],[349,3125,116],[349,3261,71],[350,2308,398],[350,2308,407],[350,3406,191],[350,3455,413],[351,2781,94],[351,2781,237],[352,1088,493],[352,1353,448],[352,1353,92],[352,1856,385],[352,1856,42],[352,1856,223],[352,2253,27],[352,2253,496],[352,2454,6],[353,2047,366],[353,2470,366],[353,3089,115],[353,3089,371],[353,3089,340],[353,3344,277],[353,3344,366],[354,1081,88],[354,1081,359],[354,1114,342],[354,1197,49],[354,2163,246],[354,2163,122],[354,2163,132],[354,2163,118],[354,2688,234],[354,2688,477],[355,305,431],[356,867,404],[356,1156,494],[356,1230,365],[356,2983,404],[356,3146,489],[357,1026,181],[357,1026,466],[357,1759,458],[357,2131,460],[357,2431,277],[357,2431,465],[357,3798,272],[358,1320,61],[358,1320,438],[358,1543,411],[358,1890,453],[358,2308,398],[358,2308,407],[358,2726,363],[358,3499,153],[359,176,411],[359,176,433],[359,2524,494],[359,2615,380],[359,2615,457],[359,2615,338],[359,2756,417],[359,3011,34],[359,3011,395],[360,336,345],[360,1929,454],[360,3546,337],[360,3546,168],[361,317,434],[361,317,447],[361,3682,362],[362,89,383],[362,342,372],[363,2000,460],[363,2000,435],[363,2148,500],[363,2413,447],[364,882,353],[364,882,496],[364,3657,355],[364,3695,406],[364,3867,407],[365,379,489],[365,1165,106],[365,3747,175],[365,3747,68],[366,698,155],[367,43,452],[367,820,77],[367,820,364],[367,1843,397],[367,2902,2],[367,3956,380],[368,226,252],[368,226,265],[368,2431,277],[368,2431,465],[369,2685,233],[369,2685,334],[369,3164,11],[370,1554,384],[370,1554,232],[370,1554,300],[370,2896,491],[370,2896,382],[371,2700,228],[371,3176,76],[372,1141,109],[372,2267,95],[372,2314,263],[372,2897,205],[372,2897,396],[372,2897,189],[372,3128,289],[372,3128,81],[372,3128,195],[373,1512,372],[373,1512,192],[373,1512,56],[374,85,410],[374,439,39],[374,439,326],[374,449,385],[374,449,434],[374,627,459],[374,650,477],[374,835,474],[374,2412,383],[375,176,411],[375,176,433],[375,979,405],[375,1082,444],[375,1460,119],[375,2322,398],[375,2435,421],[375,2435,402],[376,469,411],[376,1497,450],[376,2796,442],[377,608,196],[377,608,472],[377,861,199],[377,861,446],[378,1017,379],[378,2662,415],[378,2803,436],[378,2803,116],[378,2917,447],[378,2936,332],[378,2936,390],[379,376,66],[379,1320,61],[379,1320,438],[380,942,479],[380,942,7],[380,942,294],[380,3517,183],[381,616,257],[381,616,97],[381,3466,7],[382,450,104],[382,1284,11],[382,2260,1],[382,2260,97],[383,791,91],[383,1565,249],[384,1825,444],[384,2150,82],[384,2150,410],[384,2294,297],[384,2294,498],[384,3994,139],[384,3994,495],[385,14,13],[385,14,477],[385,2381,431],[386,120,497],[386,316,82],[386,675,419],[386,1204,309],[386,2477,421],[386,3255,125],[386,3255,126],[386,3255,128],[386,3255,497],[387,600,56],[387,2273,338],[387,3198,101],[387,3198,167],[387,3198,164],[388,742,487],[388,742,266],[388,2920,293],[388,2920,385],[388,2920,395],[388,3235,465],[388,3235,258],[388,3235,487],[388,3389,422],[388,3799,261],[388,3799,491],[389,390,47],[389,2232,403],[389,3155,464],[389,3408,310],[389,3607,402],[390,1235,96],[390,1573,19],[390,1573,496],[391,253,155],[391,253,212],[391,1959,6],[391,3653,351],[392,88,112],[392,1053,442],[392,1053,256],[392,3447,133],[392,3447,119],[393,3119,327],[394,2045,312],[394,2045,232],[394,3231,426],[394,3231,17],[395,2382,487],[396,1307,379],[396,1457,56],[396,1457,197],[397,118,45],[397,118,452],[397,1989,460],[397,1989,452],[397,2623,131],[397,2623,462],[397,2623,357],[397,3427,468],[397,3427,423],[397,3427,230],[397,3894,449],[397,3894,468],[398,2208,437],[398,2355,412],[399,963,460],[399,988,466],[399,2818,495],[399,2818,165],[400,1872,406],[400,2331,102],[400,2331,459],[400,2361,316],[400,2447,113],[401,253,155],[401,253,212],[401,782,105],[401,782,477],[401,3172,108],[403,237,425],[403,237,441],[403,244,430],[403,1856,385],[403,1856,42],[403,1856,223],[403,2989,76],[403,2989,412],[403,3154,453],[403,3154,290],[404,1213,235],[404,2775,165],[404,3079,302],[404,3583,129],[404,3583,408],[405,425,430],[405,477,439],[405,2244,424],[406,1663,175],[406,2736,451],[406,3319,195],[406,3478,263],[407,67,474],[407,428,433],[407,1060,154],[407,1924,413],[408,143,240],[408,1111,392],[408,1111,419],[408,2587,388],[409,658,443],[409,658,411],[409,1155,435],[409,1877,429],[410,181,375],[410,1897,396],[410,1897,438],[410,3007,312],[410,3007,159],[411,1457,56],[411,1457,197],[411,3605,1],[413,2857,71],[413,2857,110],[413,3074,445],[414,2729,353],[414,2729,65],[415,1252,486],[415,2963,279],[415,3178,353],[416,83,67],[416,83,248],[416,2581,298],[416,2581,441],[417,123,437],[417,123,459],[417,594,433],[417,2000,460],[417,2000,435],[417,2500,333],[417,3116,443],[417,3116,440],[417,3756,47],[418,201,248],[418,485,152],[418,2240,101],[418,2240,346],[418,3664,114],[419,188,33],[419,188,179],[419,285,485],[419,285,270],[419,799,367],[419,799,440],[420,3088,89],[422,887,487],[422,2717,15],[423,3175,192],[423,3839,115],[424,32,54],[424,1175,222],[424,1175,8],[424,1175,362],[424,1555,486],[424,3885,442],[425,1194,129],[425,2612,437],[425,3570,462],[426,1911,265],[426,2013,71],[426,2013,341],[426,3747,175],[426,3747,68],[427,1212,93],[427,1212,119],[427,1212,434],[427,2318,117],[427,2331,102],[427,2331,459],[427,3012,484],[427,3159,209],[427,3353,302],[428,2837,461],[429,14,13],[429,14,477],[429,2849,224],[430,326,137],[430,3044,455],[430,3044,4],[430,3044,416],[430,3384,413],[430,3384,10],[431,2093,360],[431,2093,35],[431,3336,467],[432,487,236],[432,487,462],[432,752,292],[432,2403,315],[432,2626,214],[432,3889,30],[432,3889,85],[432,3889,136],[433,3997,474],[434,1878,392],[435,819,453],[435,2362,37],[435,2465,44],[436,882,353],[436,882,496],[436,1563,81],[436,1563,398],[436,1563,136],[436,1975,114],[437,1071,442],[437,1071,434],[437,3102,450],[438,1299,434],[439,281,235],[439,3522,303],[439,3522,382],[440,301,345],[440,861,199],[440,861,446],[440,1115,400],[440,1407,160],[441,2295,259],[441,2295,310],[441,2295,465],[441,3046,281],[444,1243,450],[444,2411,445],[445,3493,15],[446,125,238],[446,1406,39],[447,3983,217],[448,1036,290],[448,3858,489],[448,3916,458],[449,814,166],[449,1806,451],[449,1806,234],[449,3636,170],[450,3690,419],[451,119,493],[451,437,357],[452,1272,134],[452,1968,35],[453,1730,494],[453,2022,293],[454,1832,492],[454,1832,490],[455,51,483],[455,274,281],[455,274,349],[455,1248,461],[455,2449,350],[455,2449,478],[456,1176,479],[456,1176,257],[456,1575,114],[456,1575,463],[456,1575,315],[456,1996,72],[456,3040,479],[457,59,313],[457,59,447],[458,2481,463],[458,3402,472],[458,3430,466],[459,2519,164],[460,2798,476],[462,91,346],[462,91,30],[462,2848,76],[462,2848,471],[463,301,345],[463,577,496],[464,768,494],[464,1684,422],[464,3201,36],[464,3201,304],[465,1851,231],[465,2132,365],[466,602,496],[466,2321,314],[466,2321,235],[466,3256,354],[467,199,243],[467,199,400],[467,2582,161],[467,2582,123],[468,268,456],[468,268,471],[468,482,122],[468,482,275],[468,622,495],[469,732,371],[469,1847,475],[469,3133,475],[469,3869,475],[469,3869,102],[470,1210,297],[470,2606,204],[470,2656,69],[471,2350,479],[471,2350,301],[471,2629,479],[471,3441,420],[471,3658,347],[471,3658,479],[472,1568,358],[473,3373,451],[473,3373,68],[473,3376,437],[474,1954,83],[475,1800,279],[475,1800,290],[475,3107,399],[475,3393,99],[476,232,60],[476,1188,414],[476,1188,30],[476,1458,496],[476,1938,469],[476,2741,482],[476,2741,161],[477,954,269],[477,2070,211],[477,2070,210],[477,3259,268],[477,3259,345],[478,823,201],[478,862,483],[480,111,483],[480,184,483],[480,2233,318],[480,2466,430],[480,3453,381],[480,3453,483],[481,1917,74],[481,2674,351],[481,2674,242],[482,2883,206],[482,2883,495],[482,2883,87],[482,3069,234],[483,2978,476],[484,2498,329],[484,3503,491],[484,3686,188],[485,354,31],[485,354,482],[485,2442,296],[485,3257,492],[486,1278,128],[486,1278,249],[486,1278,494],[486,1414,3],[486,2748,383],[486,2748,494],[487,2306,470],[487,2306,162],[487,2802,64],[488,2263,139],[488,2897,205],[488,2897,396],[488,2897,189],[488,3603,151],[488,3603,284],[489,805,130],[489,3370,109],[490,144,388],[490,3840,192],[490,3840,377],[491,3458,369],[491,3656,468],[492,3435,482],[493,380,223],[493,380,164],[493,464,186],[498,1335,384],[498,1335,355],[498,1530,144],[499,502,198],[499,1868,65],[499,2183,121],[499,3097,222],[499,3097,140],[499,3097,416],[500,393,96],[500,393,379],[500,2326,287]];

jitters = [10000,10000,10000,10000,100000,20000,20000,100000,10000,20000,100000,10000,100000,20000,20000,20000,10000,10000,10000,1000,10000,100000,10000,10000,20000,20000,10000,10000,100000,10000,20000,1000,10000,100000,10000,100000,10000,10000,10000,10000,100000,100000,100000,100000,100000,20000,100000,1000,10000,20000,20000,20000,100000,20000,20000,100000,1000,10000,10000,20000,20000,100000,10000,10000,100000,20000,10000,100000,20000,10000,100000,100000,10000,10000,100000,100000,100000,100000,10000,5000,10000,10000,100000,20000,10000,20000,20000,100000,100000,20000,10000,100000,100000,20000,10000,100000,100000,10000,2000,10000,10000,100000,100000,50000,100000,20000,100000,20000,10000,100000,100000,20000,10000,100000,20000,5000,20000,10000,20000,5000,100000,100000,10000,20000,100000,50000,20000,20000,20000,1000,5000,20000,10000,20000,10000,10000,10000,10000,100000,100000,100000,20000,100000,100000,2000,20000,100000,20000,20000,10000,10000,5000,2000,10000,100000,50000,20000,100000,20000,100000,100000,100000,100000,20000,20000,1000,10000,20000,100000,100000,10000,10000,100000,10000,100000,100000,10000,10000,10000,10000,100000,20000,20000,20000,10000,10000,5000,50000,100000,100000,10000,50000,20000,1000,2000,100000,100000,100000,20000,20000,20000,20000,10000,20000,10000,100000,10000,50000,20000,20000,20000,20000,10000,20000,100000,1000,20000,20000,20000,10000,20000,100000,2000,20000,20000,100000,5000,2000,10000,10000,100000,10000,1000,20000,100000,100000,100000,100000,1000,10000,20000,20000,20000,2000,50000,20000,100000,100000,20000,10000,20000,10000,50000,20000,20000,20000,20000,10000,100000,20000,1000,10000,5000,5000,20000,20000,10000,10000,10000,10000,10000,20000,5000,10000,5000,20000,10000,50000,100000,1000,100000,20000,20000,100000,10000,20000,10000,10000,10000,10000,2000,10000,100000,2000,10000,20000,100000,1000,20000,10000,10000,10000,20000,20000,5000,100000,20000,20000,20000,100000,5000,10000,20000,10000,20000,20000,20000,100000,10000,100000,10000,100000,10000,20000,1000,10000,100000,10000,100000,20000,10000,10000,10000,20000,20000,10000,20000,1000,10000,5000,10000,100000,10000,10000,10000,100000,100000,10000,20000,20000,20000,20000,2000,10000,10000,100000,20000,10000,10000,50000,10000,20000,10000,20000,100000,2000,5000,100000,100000,1000,2000,20000,20000,20000,10000,10000,100000,10000,20000,10000,10000,50000,20000,10000,20000,100000,1000,1000,10000,10000,20000,10000,20000,100000,1000,20000,5000,10000,20000,20000,20000,10000,10000,100000,10000,20000,20000,100000,10000,20000,10000,10000,20000,100000,10000,100000,20000,10000,100000,20000,100000,1000,20000,10000,10000,100000,1000,100000,10000,10000,20000,100000,20000,10000,10000,20000,10000,10000,50000,20000,100000,10000,100000,10000,10000,20000,10000,20000,5000,10000,20000,5000,10000,50000,100000,50000,2000,20000,20000,20000,100000,20000,20000,10000,100000,20000,20000,5000,2000,10000,50000,20000,100000,20000,2000,20000,20000,100000,50000,100000,10000,20000,100000,1000,100000,10000,1000,10000,100000,50000,1000,100000,20000,10000,20000,20000,100000,20000,100000,10000];

