NumChains = 50;
NumResources = 3;
NumRunnablesInChains = 256;
MemoryBoundOnResource = 1048576;
UtilizationBoundOnResource = 100;

numberOfTasksinChain = [11,9,11,11,9,11,7,9,9,7,9,11,7,11,11,9,9,11,7,7,11,9,9,11,9,9,9,11,7,9,7,9,7,7,9,11,11,11,9,9,9,11,9,7,7,9,11,9,9,11];

runnablesInChains = [178,292,200,390,278,193,296,325,102,201,467,295,254,106,149,225,35,187,244,456,67,78,217,182,123,213,295,316,455,181,440,85,56,43,226,487,349,449,383,69,131,401,71,98,457,119,329,256,94,392,340,402,433,206,272,350,280,57,13,298,393,492,498,91,379,125,357,90,393,372,255,498,430,44,499,331,395,375,477,127,166,220,408,80,368,182,130,351,447,8,51,264,73,127,359,30,361,180,46,16,135,308,448,77,2,254,246,271,488,362,356,233,210,458,287,480,44,305,393,333,250,162,438,416,295,354,19,373,479,175,216,52,476,261,350,165,163,53,257,341,133,171,191,358,81,97,21,45,218,146,291,310,250,212,84,339,7,487,320,105,260,60,115,490,421,161,353,34,352,89,145,292,129,490,173,445,256,414,308,277,210,49,299,239,238,322,187,470,440,405,315,472,227,332,168,64,31,387,330,325,93,56,269,313,264,452,25,383,347,69,155,127,412,4,495,374,6,488,186,47,209,453,129,471,311,202,57,385,403,62,130,203,353,462,228,5,362,26,487,321,137,28,458,303,69,435,131,66,170,37,147,37,17,339,369,361];

ProcessingTimesOfMessages = [[1,1,1,1,1,1,1],[1,1,1,1,1,1,1,1],[1,1,1,1,1,1,1,1,1],[1,1,1,1,1,1,1],[1,1,1,1,1],[1,1,1,1,1,1,1,1],[1,1,1,1,1,1,1],[1,1,1,1,1,1,1,1],[1,1,1,1,1,1,1,1,1,1,1],[1,1,1,1,1,1],[2,2,2,1,1,1,1,1,1,1,1],[1,1,1,1,1,1,1,1],[1,1,1,1,1,1,1],[1,1,1,1,1,1,1,1,1,1],[1,1],[1,1,1,1,1,1,1,1,1,1,1],[1,1,1,1,1,1,1],[1,1,1,1,1,1,1,1],[1,1,1,1,1],[1,1,1,1,1,1],[1,1,1,1,1,1,1,1],[1,1,1,1,1,1,1,1,1],[1,1,1,1,1],[1,1,1,1,1,1,1,1],[2,2,2,1,1,1,1,1,1,1,1,1,1],[1,1,1,1,1,1,1,1,2,1,1,1,1],[1,1,1,1,1,1,1,1,1,1,1,1,1,1],[1,1,1,1],[1,1,1,1,1],[1,1,1,1,1,1,1,1,2],[1,1,1,1,1,1],[1,1,1,1,1,1,1,1],[1,1,1,1,1,1,1,1,1,1,1],[1,1,1,1,1,1,1],[1,1,1,1,1,1,1,1,1],[1,1,1,1,1],[1,1,1,1,1,1,1],[1,1,1,1,1,1,1,1],[1,1,1,1,1,1,1,1],[1,1,1,1,1,1,1,1,1],[1,1,1,1,1,1,1],[1,1,1,1,1,1,1,1,1],[1,1],[1,1,1,1,1,1,1,1],[1,1,1,1,2,2],[1,1,1,1,1,1,1,1,1],[1,1,1,1,1,1,1,1],[1,1,1,1,1,1,1,1],[1,1,1,1,1],[1,1,1,1,1,1,1,1,1],[1,1,1,1,1,1,1,1,1,1,1,1],[1,1,1,1,1,1,1],[1,1,1,1,1,1,1],[1,1,1],[1,1,1,1,1,1],[1,1,1,1,1,1],[1,1,1,1,1,1],[1,1,1,1,1,1],[1,1,1,1,1,1,1],[1,1,1,1,1,1],[1,1],[1,1,1,1,1,1,1,1,1],[1,1,1,1,1,1,1],[1,1,1,1,1,1,1,1,1,1,1,1,1],[1,1,1,1,1,1,1],[1,1,1,1,1,1,1,1],[1,1,1,1,1,1,1,1,1],[1,1,1,1,1,1,1],[1,1,1,1,1,1],[1,1,1,1,1,1,1,1,1],[1,1,1,1,1,1,1],[1,1,1,1,1],[1,1,1,1,1],[1,1,1,1,1,1,1],[1,1,1,1,2,1,1,1],[1,1,1,1,1,1,1,1],[1,1,1,1,1,1,1,1,1,1,1,1],[1,1,1,1,1,1],[1,1,1,1,1,1,1,1],[1,1,1,1,1],[1,1,1,1,1,1,1],[1,1,1,1,1,1],[1,1,1,1,1,1,1,1,1,1,1,1],[1,1,1,1,1,1,1],[1,1,1,1,1,1,1,1,1,1,1,1],[1,1,1,1,1,1,1,1],[1,1,1,1,1,1,1,1,1,1],[1,1,1,1,1],[1,1,1,1,1,1,1,1,1,1],[1,1,1,1,1,1,1,1],[1,1,1,1,1,1,1,1],[1,1,1,1,1],[1,1,1,1,1,1,1,1,1,1],[1,1,1,1,1,1,1,1,1,1,1],[1,1,1,1,1,1,1,1],[1,1,1,1,1],[1,1,1,1,1,1,1,1],[1,1,1,1,1,1,1,1,1],[1,1,1,1,1,1,1,1,1,1,1],[1,1,1,1,1,1,1,1],[1,1,1,1,1],[1,1,1,1,1,1,1,1,1,1],[1,1,1,1,1],[1,1,1,1,1],[1,1,1,1],[1,1,1,1,1],[1,1,1,1,1,1,1,1],[1,1,1,1,1,1,1,1,2,2,1,1],[1,1,1,1,1,1,1,1],[1,1,1,1,1,1,1],[1,1,1,1,1,1,1,1,1,1,1,2],[1,1,1,1,1,1,1,1],[1,1,1,1,1,1],[1,1,1,1,1,1,1,1],[1,1,1,1,1],[1,1,1,1,1,1,1],[1,1,1,1,1,1,1,1,1],[1,1],[1,1,1,1,1,1],[1,1,1,1,1,1,1,1,1,1],[1,1,1,1,1],[1,1,1],[1,1,1,1,1,1,1,1,1,1],[1,1,1,1,1,1,1,1,1,1],[1,1,1,1],[1,1,1,1,1,1,1],[1,1,1,1,1],[1,1,1,1,1,1,1,1,1],[1,1,1,1],[1,1,1,1,1,1,1,1,1],[1,1,1,1,1,1],[1,1,1,1,1,1,1],[1,1,1,1,1,1,1],[2,2,1,1,1,1,1,1],[1,1,1,1],[1,1,1,1,1,1,1],[1,1,1,1,1,1,1,1],[1,1,1,1],[1,1,1,1,1,1],[1,1,1,1,1,1,1,1],[1,1,1,1,1,1,1,1,1,1,1,1],[1,1,1,1,1,1,1,1,1],[1,1,1,1,1,1],[1,1,1,1,1,1,1],[1,1,1,1,1,1,1],[1,1,1,1,1,1,1],[1,1,2,1,1,1,1,1,1],[1,1,1,1,1,1],[1,1,1],[1,1,1,1,1,1,1],[1,1,1,1,1,1,1,1,1],[1,1],[1,1,1,1,1,1,1,1,1],[2,1,1,1,1],[1,1,1,1,1],[1,1,1,1,1,1],[1,1,1,1,1,1,1,1,1],[1,1,1,1],[1,1,1,1,1,1,1,1,1,1,1,1],[1,1,1,1,1,1],[1,1,1,1,1],[1,1,1,1,1],[1,1],[1,1,1],[1,1,1,1,1,1,1,1],[1,1,1,1,1,1],[1,1,1,1,1,1,1,1],[1,1,1],[1,1],[1,1,1,1,1,1,1,1,1,1,1],[1,2,2,2,1,1,1],[1,1],[1,1,1,1],[1,1,1,1,1,1,1,1],[1,1,1,1,1,1,1,1],[1,1,1,1,1,1,1,1,1,1,1],[1,1,1,1,1],[1,1,1,1,1,1,1,1],[1,1,1,1,1],[1,1,1,1,1,1],[1,1,1,1,1,1],[1,1,1,1,1,2,1],[1,1,2,2,1],[1,1,1,1,1],[1,1,1,1,1,1,1,1],[1,1,1,1],[1,1,1,1,1,1,1,1,1],[1,1,1,1,1,1],[1,1,1,1,1,1],[1,1,1],[1,1,1,1,1,1,1],[2,1,1,1,1,1,1,1],[1,1,1,1,1],[1,1,1,1,1,1,1,1,1,1,1],[1,1,1,1],[1,1,1,1,1,1,1],[1,1,1,1,1,1,1,1],[1,1,1,1,2,1,1,1],[1,1,1,1,1,1,1,1,1,1],[1,1,1,1,1,1,1],[1,1,1,1,1,1],[1,1,1,1,1,1,1],[1,1,1,1,1],[1,1],[1,1,1,1,1,1,1],[1,1,1,1,1],[1,1,1,1,1,1,1,1,1],[1,1,1,1,1,1],[1,1,1,1,1],[1,1,1,1,1],[1,1],[1,1,1,1,1,1],[1,1,1,1,1,1,1,1],[1,1,1,1,1,1],[1,2,1,1,1,1,1,1,1],[2,1,1,1,1,1],[1,1,1,1,1,1],[1,1,1,1,1,1,1,1],[1,1,1,1,1,1,1,1,1,1],[1,1,1,1,1,1,1,1],[1,1],[1,1,1,1,1,1,1],[1,1,1,1,1,2,1,1],[1,1,1,1,1,1,1,1,1],[1,1,1,1,1,1],[1,1,1,1,1,1,1,1,1],[1,1,1,1,1,1,1,1,1],[1,1,1,1,1,1],[1,1,1,1,1,1],[1,1,1,1,1,1,1,1],[1,1,1,1,1,1,1,1],[1,1,1,1,1,1,1,1],[1,1,1,1,1,1,1],[1,1,1,1,1,1],[1,1,1,1],[1,1,1,1,1,1,1,1,1,1,1],[1,1,1,1],[1,1,1,1,1],[1,1,1,1,1],[1,1,1,1],[1,1,1,1,1,1],[1,1],[2,2,2,1,1],[1,1,1,1,1],[1,1,1,1],[1,1,1,1,1],[1,1,1,1,1,1,1],[1,1,1,1],[1,1,1,1,1,1],[1,1,1,1,1,1,1,1,1],[1,1,1,1,1,1,1,1],[1,1,1,1,1],[1,1,1,1,1,1,1],[1,1,1,1],[1,1,1],[1,1,1],[1,1,1,1,1],[1,1,1,1,1,1],[1,1,1,1,1],[1],[1,1,1,1,1,1,1,1],[1,1,2],[1,1,1,1,1],[1,1,1,1,1,1,1,1],[1,1,1,1,1,1,1,1],[1,1,1,1,1,1,1,1],[1,1,1,1],[1,1,1],[1,1,1,1,1,1,1,1],[1,1,1,1,1,1,1,1,1],[1,1,1,1,1,1,1],[1,1,1],[1,1,1,1],[1,1,1,1],[1,1,1,1,1,1,1,1,1],[1,1,1,1,1,1,1,1],[1,1,1,1,1,1,1],[1,1,1,1],[1,1,1,1,1,1,1,1],[1,1,1,1,1,1,1],[1,1],[1,1,1,1,1,1,1,1,1,1,1],[1,1,1,1],[1,1,1,1,1,1,1],[1,1,1,1,1,1,1],[1,1,1,1,1],[1,1,1,1,1,1,1],[1],[1,1,1,1,1,1],[1,1,1,1],[1,1,1,1],[1,1,2,1,1],[1,1,1,1,1,1,1,1,1],[1,1,1,1,1,1,1,1],[1,1,1,1],[1,1,1,1,1,1,1],[1,1,1,1,1,1,1],[1,1],[1,1,1,1],[1,1,1,1],[1,1,1,1],[1,1,1,1,1,1,1,1],[1,1,1,1,1,1,1,1,1],[1,1,1,1,1],[1,1,1],[1,1,1,1,1],[1,1,1],[1,1,1,1,1,1],[1,1,1,1,1],[1,1],[1,1,1,1,1,1,1,1,1,1,1],[1,1,1,1],[1,1,1,1,1,1],[1,1,1,1,1,1],[1,1,1],[1,1,1,1,1,1],[1,1,1,1,1,1],[1,1,1,1,1,1,1,1],[1,1,1,1,1,1,1,1,1,1],[1],[1,1,1,1,1,1,1],[1,1,1,1],[1,1,1,1,1],[1,1,1,1,1],[1,1,1,1,1,1],[1,1,1,1,1,1],[1,1,1,1,1,1],[1,1,1,1,1,1,1,1],[1,1,1,1],[1,1,1,1,1,1],[1,1,1,1],[1],[1,1,1],[1],[1,1,1],[1,1,1,1],[1,1],[1,1],[1,1,1,1,1,1,1,1,1],[1,1,1,1,1],[1,1,1,1],[1,1,1,1,1,1],[1,1],[1,1,1,1,1,1,1,1,1,1,1],[1,1,1,1,1,1,1],[1,1,1,1],[1,1],[1,1,1,1,1,1,1,1],[1,1,1,1,1,1,1],[1,1,1,1,1,1,1],[1,1,1,1,1,1,1],[2,2,1,1,1,1,1,1],[1,1,1,1,1,1],[1,1,1,1,1,1,1],[1,1,1,1,1,1,1,1,1,1,1,1],[1,1],[1,1,1,2,2,2],[1,1,1,1],[1,1,1,1],[1,1,1,1,1,1],[1],[1,1,1],[1,1,1,1,1,1,1,1],[1,1,1,1,1,1,1],[1,1],[1,1,1,1],[1,1,1,1],[1,1,1],[1,1,1,1],[1,1,1,1,1,1,1,1],[],[1,1,1,1,1],[1,1,1,1],[1,1,1,1],[1,1],[1],[1,1,1,1,1,1,1,1],[1,1,1,1,1,1,1,1],[1,1,1,1,1,1],[1,1],[1,1,1,1,1],[1,1,1],[1,1,1,1,1],[1,1,1,1,1],[1,1,1,1,1,1,1,1],[1,1,1,1,1,1,1,1,1,1],[1,1,1,1,1,1],[2,2,1],[1,1],[1,1,1],[1,1],[1,1,1,1,1,1],[1,1,1,1,1],[1,1,1,1],[1,1,1],[1,1,1,2,1,1,1,1],[1,1,1,1,1,1,1],[1,1,1],[1,1,1,1],[1,1,1],[1,1,1],[1,1,1],[1,1,1,1,1],[1,1,1,1],[1,1],[1,1,1,1,1],[1,1,1,1,1,1],[1,1,1,1,1,1],[1,1,1,1,1,1,1,1,1,1,1,1,1],[1,1,1,1,1],[1,1],[1],[1,1,1,1,1,1,1,1],[1,1,2,1,1],[1,1,1],[1,1,1,1],[1,1,1],[1,1,1,1,1,1,1,1],[1,1],[1,1,1,1,1,1],[1,1],[1,1,1,1,1,1,1,1],[1,1,1],[1,1,1,1],[],[1,1,1],[1,1,1,1,1,1,1,1,1,1],[],[],[1,1],[],[1,1,1,1,1],[2,1,1],[1,1,1,1],[1],[1,1,1,1],[1,1,1,1],[1,1,1,1],[1],[1,1],[1,1,1,1,1,1,1,1],[1,1,1,1,1,1,1],[1,1,1,1,1],[1,1,1,1,1],[1,1,1,1,1,1],[1,1,1,1,1,1,1,1,1,1],[1,1,1,1,1,1,1],[1],[],[1,1,1,1],[1,1],[1,1,1,1,1,1,1,1],[1],[1,1,1,1],[1,1,1,1],[1],[1,1,1],[1,1,1],[1,1,1],[],[1,1,1,1],[1],[1,1],[1,1,1,1,1,1],[1,1,1,1,1,1],[1,1,1],[1],[1,1,1,1,1],[1,1,1,1,1],[1,1,1,1,1,1],[1,1],[1,1,1],[1,1],[1,1],[1,1],[1,1],[1,1,1,1,1],[1,1,1,1,1,1],[1,1],[2,2,2,1,1,1],[1],[],[1],[1,1,1,1],[1,1],[1,1,1,1],[1,1,1],[1,1],[1,1],[1],[1,1,1,1,1],[1],[1,1],[1,1,1],[1,1],[],[1],[1,1,1,1],[1],[1,1]];

processingTimesRunnables = [6,12,12,4,8,11,5,12,9,13,7,16,11,13,5,15,16,10,9,5,7,13,14,7,11,8,12,11,5,12,13,4,11,5,13,12,17,9,11,12,11,8,12,7,13,9,12,14,11,10,10,6,11,10,16,10,10,13,16,8,13,10,12,6,12,6,7,6,14,9,11,7,9,9,9,12,11,5,13,8,14,7,7,10,11,10,8,8,7,7,14,8,10,12,10,12,14,11,7,16,5,14,5,10,6,13,12,9,11,12,6,11,16,6,14,12,13,14,6,12,16,14,8,10,10,12,11,15,13,11,13,15,10,6,13,10,13,9,8,13,9,16,10,13,11,10,9,15,13,12,12,12,13,12,7,12,15,13,6,7,17,16,6,9,9,13,7,16,9,6,13,13,13,6,8,15,14,12,10,13,13,12,14,8,8,15,7,10,12,7,15,8,11,16,13,13,9,13,13,12,12,13,13,7,5,8,12,6,5,8,12,12,14,12,12,11,13,11,8,13,6,10,11,13,9,15,7,7,12,5,11,10,12,13,12,7,11,10,13,10,6,5,13,10,10,11,11,10,12,12,11,6,13,14,15,17,12,5,16,7,13,5,7,7,15,8,8,9,13,15,12,9,11,13,8,14,11,11,13,13,8,13,13,10,13,5,13,10,9,6,12,11,8,13,9,12,8,5,13,15,13,8,13,13,7,15,14,7,13,13,16,13,17,8,12,9,12,4,12,11,10,13,13,11,9,12,7,10,12,10,10,14,7,6,12,13,10,12,5,12,16,13,5,13,8,11,11,14,15,15,14,6,10,8,13,11,11,13,6,12,7,13,7,13,8,15,11,15,12,12,13,13,15,6,7,11,13,6,12,16,15,13,16,11,15,14,10,14,8,14,13,10,7,10,5,13,10,11,11,12,12,11,11,12,11,8,9,12,6,12,9,11,8,16,15,11,7,13,15,11,5,7,9,7,10,12,11,16,12,7,13,12,8,12,10,13,11,5,13,10,13,10,11,14,14,13,10,9,13,8,13,12,7,11,15,9,10,10,13,6,11,8,10,14,10,9,11,12,13,4,9,13,11,10,13,13,5,10,15,13,13,5,12,10,15,5,14,13,13,11,4,6,13,10,11,4,10,11,12,5];

periods = [50000,20000,2000,10000,100000,20000,100000,10000,20000,50000,10000,100000,20000,20000,20000,100000,100000,10000,1000,10000,2000,10000,10000,10000,100000,100000,20000,100000,100000,100000,20000,20000,1000,20000,20000,10000,100000,20000,10000,5000,100000,10000,10000,20000,2000,100000,20000,10000,100000,10000,10000,50000,20000,10000,100000,10000,20000,100000,10000,10000,10000,20000,20000,20000,10000,100000,10000,20000,100000,10000,100000,5000,10000,20000,100000,10000,20000,10000,20000,10000,1000,10000,10000,20000,10000,20000,20000,20000,100000,20000,100000,5000,10000,10000,20000,10000,1000,10000,10000,20000,50000,20000,5000,100000,10000,20000,50000,10000,100000,5000,10000,10000,20000,10000,10000,10000,100000,20000,10000,20000,10000,20000,20000,10000,100000,10000,10000,1000,10000,20000,100000,20000,1000,10000,100000,100000,100000,20000,10000,20000,10000,10000,10000,10000,100000,2000,100000,20000,20000,20000,20000,100000,50000,10000,10000,10000,100000,100000,10000,100000,20000,20000,20000,10000,20000,10000,100000,10000,10000,100000,1000,10000,10000,100000,1000,100000,10000,100000,10000,100000,10000,20000,10000,10000,100000,20000,10000,10000,10000,1000,1000,10000,100000,20000,100000,100000,10000,20000,100000,100000,20000,20000,20000,20000,100000,50000,100000,10000,20000,100000,10000,20000,20000,20000,10000,50000,10000,2000,2000,10000,10000,100000,50000,10000,20000,100000,10000,100000,5000,20000,100000,20000,100000,20000,10000,100000,5000,10000,10000,1000,10000,20000,20000,10000,100000,20000,5000,10000,100000,20000,10000,100000,5000,20000,20000,10000,20000,50000,20000,10000,50000,100000,20000,10000,10000,100000,100000,100000,10000,100000,20000,50000,100000,20000,50000,20000,100000,100000,10000,50000,100000,10000,100000,10000,10000,20000,20000,100000,10000,2000,20000,100000,20000,20000,20000,20000,10000,20000,100000,100000,10000,100000,100000,5000,20000,20000,20000,100000,10000,20000,10000,100000,10000,2000,10000,20000,5000,10000,20000,100000,100000,10000,10000,20000,20000,100000,10000,10000,10000,20000,20000,10000,20000,2000,100000,10000,20000,100000,100000,10000,20000,10000,10000,20000,100000,20000,100000,50000,100000,50000,20000,100000,20000,1000,100000,100000,100000,1000,10000,20000,100000,100000,10000,100000,20000,10000,2000,20000,100000,10000,10000,20000,1000,10000,20000,10000,20000,50000,100000,20000,10000,20000,100000,10000,20000,10000,20000,10000,20000,100000,10000,10000,20000,20000,20000,10000,10000,10000,20000,100000,100000,10000,20000,10000,10000,20000,20000,10000,100000,100000,1000,10000,100000,100000,10000,20000,100000,10000,20000,50000,20000,10000,10000,100000,10000,10000,20000,10000,10000,20000,5000,20000,50000,100000,100000,100000,2000,20000,100000,10000,10000,100000,50000,50000,10000,10000,20000,100000,100000,20000,100000,100000,10000,100000,10000,10000,10000,100000,10000,100000,20000,20000,10000,20000,10000,20000,20000,100000,20000,10000,10000,10000,10000,20000,100000,50000,20000,5000,1000,20000,100000,10000,100000,10000,10000,50000,100000,20000,2000,10000,20000,20000,100000,10000,10000,20000,10000,20000,20000,100000];

communicationTimeForOrderCriticalMessages = [1,1,1,1,1,1,1,1,1,1,1,1,1,1,1,1,1,1,1,1,1,1,1,1,1,1,1,1,1,1,1,1,1,1,1,1,1,1,1,1,1,1,1,1,1,1,1,1,1,1,1,1,1,1,1,1,1,1,1,1,1,1,1,1,1,1,1,1,1,2,1,1,1,1,1,1,1,2,1,1,1,1,1,1,1,1,1,1,1,1,1,1,1,1,1,1,1,1,1,1,1,1,1,1,1,1,1,1,1,1,1,1,1,1,2,1,1,1,1,1,1,1,1,1,1,1,1,1,1,1,1,1,1,1,1,1,1,1,1,1,1,1,1,1,1,1,1,1,1,1,1,1,1,1,1,1,1,1,1,1,1,1,1,1,1,1,1,1,1,1,1,1,1,1,1,1,1,1,1,1,1,1,1,1,1,1,1,1,1,1,1,1,1,1,1,1,1,1,1,1,1,2,1,1,1,1];

sizeOfRunnables = [563,1140,1155,398,735,1035,495,1128,895,1300,660,1530,1075,1295,468,1480,1508,938,895,453,693,1248,1305,618,1023,705,1155,1058,450,1125,1290,393,1045,445,1220,1158,1615,880,1028,1165,1050,738,1165,693,1295,825,1135,1323,1095,918,1000,535,1038,948,1503,990,938,1230,1523,788,1225,955,1108,533,1198,510,618,600,1373,820,1008,613,840,858,850,1200,1098,495,1203,715,1323,625,678,945,1088,923,715,743,660,620,1303,780,918,1113,963,1140,1305,1015,620,1555,428,1388,483,985,523,1253,1188,885,1080,1103,510,1028,1600,588,1398,1195,1283,1383,543,1125,1540,1328,713,990,938,1140,1075,1470,1255,1058,1283,1410,963,573,1223,910,1245,880,723,1245,863,1595,965,1215,1005,975,820,1485,1298,1185,1143,1188,1268,1155,645,1185,1430,1225,505,603,1615,1508,593,863,835,1258,615,1513,900,595,1298,1210,1275,575,723,1490,1378,1113,923,1245,1275,1143,1368,745,773,1425,698,985,1103,645,1443,783,1098,1523,1268,1283,855,1233,1240,1193,1143,1238,1253,603,473,760,1133,505,458,755,1113,1155,1308,1185,1170,1023,1225,1068,795,1300,533,918,1080,1235,825,1420,608,630,1188,458,1023,993,1140,1298,1163,620,1023,968,1280,1000,535,438,1290,983,940,1083,1098,948,1185,1148,1015,580,1238,1318,1433,1620,1173,490,1563,663,1300,430,623,678,1415,745,780,868,1215,1465,1155,813,1065,1290,713,1305,1075,1010,1210,1285,760,1230,1248,968,1275,438,1275,970,890,535,1180,1073,730,1240,810,1160,730,453,1290,1485,1285,780,1210,1283,638,1485,1308,633,1283,1203,1573,1275,1620,748,1158,865,1133,393,1118,1030,918,1210,1275,1098,863,1188,645,1000,1165,948,948,1388,613,548,1138,1285,970,1173,450,1160,1563,1290,435,1230,788,1005,1038,1335,1490,1463,1355,510,953,768,1255,1053,1050,1243,550,1133,638,1253,648,1283,758,1410,1035,1465,1148,1120,1260,1263,1415,555,693,1058,1298,593,1165,1563,1490,1263,1573,1015,1458,1340,978,1393,750,1398,1258,990,675,975,480,1235,970,1053,1030,1170,1188,1045,1080,1163,1083,798,900,1110,540,1158,863,1058,798,1560,1470,1098,610,1243,1415,1060,420,630,818,630,928,1160,1043,1595,1188,700,1280,1120,753,1183,985,1255,1005,490,1248,910,1293,943,1030,1303,1383,1203,903,813,1290,750,1248,1160,660,1075,1470,885,993,948,1275,528,1085,780,978,1335,948,803,1083,1158,1243,390,900,1285,1035,948,1268,1300,495,930,1485,1220,1215,405,1165,948,1490,423,1373,1268,1300,1028,375,543,1223,948,1013,375,968,1083,1150,488];

SenderLabelReceiverOrderCriticalChains = [[178,3130,0,0,292],[292,483,0,0,200],[200,2983,0,0,390],[390,3047,0,0,278],[278,3872,0,0,193],[296,21,0,0,325],[325,1449,0,0,102],[102,3897,0,0,201],[201,2777,0,0,467],[295,3836,0,0,254],[254,1708,0,0,106],[106,809,0,0,149],[149,138,0,0,225],[225,337,0,0,35],[187,2431,0,0,244],[244,507,0,0,456],[456,3873,0,0,67],[67,3385,0,0,78],[78,3624,0,0,217],[182,2728,0,0,123],[123,905,0,0,213],[213,1079,0,0,295],[295,2441,0,0,316],[455,1786,0,0,181],[181,2499,0,0,440],[440,1941,0,0,85],[85,3347,0,0,56],[56,3259,0,0,43],[226,3573,0,0,487],[487,3461,0,0,349],[349,2353,0,0,449],[383,487,0,0,69],[69,1294,0,0,131],[131,1061,0,0,401],[401,1496,0,0,71],[98,1495,0,0,457],[457,2753,0,0,119],[119,2132,0,0,329],[329,95,0,0,256],[94,2464,0,0,392],[392,3911,0,0,340],[340,3399,0,0,402],[433,1734,0,0,206],[206,791,0,0,272],[272,141,0,0,350],[350,2609,2832,0,280],[57,3530,0,0,13],[13,2103,0,0,298],[298,863,0,0,393],[393,2392,0,0,492],[492,1532,0,0,498],[91,3631,0,0,379],[379,3730,0,0,125],[125,792,0,0,357],[90,3885,0,0,393],[393,758,0,0,372],[372,821,0,0,255],[255,226,0,0,498],[498,3066,0,0,430],[44,282,0,0,499],[499,820,3865,0,331],[331,1258,0,0,395],[395,441,0,0,375],[375,3315,0,0,477],[127,2668,0,0,166],[166,2887,0,0,220],[220,614,0,0,408],[408,3391,0,0,80],[368,3378,0,0,182],[182,3228,0,0,130],[130,2968,0,0,351],[351,2601,0,0,447],[8,1788,0,0,51],[51,2416,0,0,264],[264,3821,0,0,73],[73,2926,0,0,127],[127,1279,0,0,359],[30,2576,0,0,361],[361,543,0,0,180],[180,1151,0,0,46],[16,2188,0,0,135],[135,3850,0,0,308],[308,1492,0,0,448],[77,1093,0,0,2],[2,993,0,0,254],[254,3281,0,0,246],[246,2987,0,0,271],[271,2837,0,0,488],[362,1956,0,0,356],[356,613,0,0,233],[233,49,0,0,210],[210,2279,0,0,458],[287,3019,0,0,480],[480,707,0,0,44],[44,807,0,0,305],[305,3630,0,0,393],[333,3548,0,0,250],[250,907,0,0,162],[162,189,0,0,438],[438,297,0,0,416],[416,3047,0,0,295],[354,419,0,0,19],[19,1029,0,0,373],[373,2724,0,0,479],[479,1639,0,0,175],[216,1463,1849,0,52],[52,126,0,0,476],[476,870,0,0,261],[261,3624,0,0,350],[165,3649,0,0,163],[163,931,0,0,53],[53,1836,0,0,257],[257,2627,0,0,341],[133,1376,2723,0,171],[171,2013,0,0,191],[191,1141,0,0,358],[358,2730,0,0,81],[81,2957,0,0,97],[21,990,2311,0,45],[45,757,0,0,218],[218,545,0,0,146],[291,128,0,0,310],[310,562,0,0,250],[250,1777,0,0,212],[212,560,0,0,84],[339,830,0,0,7],[7,1951,0,0,487],[487,3118,0,0,320],[105,1618,0,0,260],[260,709,0,0,60],[60,1192,0,0,115],[115,491,2376,0,490],[421,2510,3331,0,161],[161,3115,0,0,353],[353,3865,0,0,34],[352,2449,0,0,89],[89,3546,0,0,145],[145,2689,0,0,292],[129,3457,0,0,490],[490,898,0,0,173],[173,339,0,0,445],[445,3914,0,0,256],[414,895,0,0,308],[308,3379,0,0,277],[277,3690,0,0,210],[210,480,0,0,49],[49,3534,0,0,299],[239,2772,0,0,238],[238,1518,0,0,322],[322,384,0,0,187],[187,3452,0,0,470],[470,1312,0,0,440],[405,2525,0,0,315],[315,1002,0,0,472],[472,3237,0,0,227],[227,3644,0,0,332],[332,2072,0,0,168],[64,3785,0,0,31],[31,890,0,0,387],[387,2424,0,0,330],[330,3127,0,0,325],[93,3256,0,0,56],[56,913,0,0,269],[269,654,0,0,313],[313,548,0,0,264],[452,1548,0,0,25],[25,3855,0,0,383],[383,1718,0,0,347],[347,1345,0,0,69],[155,1564,0,0,127],[127,2587,0,0,412],[412,3780,0,0,4],[4,3131,0,0,495],[495,273,0,0,374],[6,953,0,0,488],[488,3431,0,0,186],[186,342,0,0,47],[47,1838,0,0,209],[453,1211,0,0,129],[129,3079,0,0,471],[471,263,0,0,311],[202,116,0,0,57],[57,1820,0,0,385],[385,1901,0,0,403],[62,828,0,0,130],[130,2806,0,0,203],[203,2598,0,0,353],[353,3840,0,0,462],[228,2392,0,0,5],[5,3060,0,0,362],[362,503,0,0,26],[26,1118,0,0,487],[487,2848,0,0,321],[137,526,0,0,28],[28,3742,0,0,458],[458,2920,0,0,303],[303,1728,0,0,69],[435,1998,0,0,131],[131,2775,0,0,66],[66,3182,0,0,170],[170,3241,0,0,37],[147,1375,0,0,37],[37,2137,0,0,17],[17,3144,0,0,339],[339,1702,3621,0,369],[369,3113,0,0,361]];

SenderLabelReceiverNonOrderCriticalChains = [[1,1825,266],[1,2224,223],[1,2586,158],[1,3267,149],[1,3267,261],[1,3745,3],[1,3832,31],[2,113,436],[2,645,268],[2,645,22],[2,705,6],[2,830,7],[2,830,274],[2,993,254],[2,3922,162],[3,204,70],[3,655,21],[3,655,221],[3,1427,257],[3,1813,405],[3,1813,417],[3,2806,442],[3,2806,203],[3,2806,306],[4,667,229],[4,753,287],[4,979,8],[4,979,144],[4,3027,30],[4,3131,495],[4,3613,423],[5,136,71],[5,2111,7],[5,2697,20],[5,2697,457],[5,3060,362],[6,953,488],[6,1965,97],[6,2210,133],[6,2210,394],[6,2210,96],[6,3405,264],[6,3405,70],[6,3790,14],[7,903,259],[7,903,174],[7,964,12],[7,1951,487],[7,1951,368],[7,2273,267],[7,3117,135],[8,555,11],[8,555,500],[8,1577,390],[8,1577,473],[8,1788,51],[8,2962,472],[8,3097,342],[8,3750,312],[9,294,126],[9,294,294],[9,580,305],[9,728,118],[9,809,15],[9,809,149],[9,2054,461],[9,2461,338],[9,2461,212],[9,3931,15],[9,3931,341],[10,936,165],[10,2377,358],[10,2377,394],[10,2587,412],[10,2587,433],[10,2967,231],[11,129,40],[11,129,397],[11,129,451],[11,1274,457],[11,1274,72],[11,1638,197],[11,1638,481],[11,2377,358],[11,2377,394],[11,2811,24],[11,3961,376],[12,36,16],[12,499,117],[12,534,49],[12,1947,412],[12,1947,338],[12,3630,66],[12,3630,393],[12,3667,493],[13,464,242],[13,569,205],[13,1241,295],[13,2058,300],[13,2103,298],[13,2943,15],[13,3622,209],[14,1160,218],[14,1160,493],[14,2059,360],[14,2059,494],[14,2059,430],[14,2155,45],[14,2812,286],[14,3083,346],[14,3449,288],[14,3638,15],[15,1075,91],[15,1647,31],[16,1763,158],[16,1847,315],[16,1847,454],[16,1847,52],[16,2158,17],[16,2188,489],[16,2188,135],[16,2276,67],[16,2276,443],[16,2864,84],[16,2922,104],[17,1100,336],[17,1100,75],[17,2626,383],[17,2902,242],[17,2902,222],[17,3144,339],[17,3144,384],[18,360,119],[18,452,371],[18,1402,23],[18,1473,425],[18,1473,115],[18,2270,256],[18,2875,184],[18,2875,139],[19,182,446],[19,1029,373],[19,1477,33],[19,1477,210],[19,1477,444],[20,505,36],[20,1737,279],[20,2868,78],[20,2868,358],[20,3843,364],[20,3919,425],[21,990,45],[21,1180,290],[21,2179,146],[21,2311,185],[21,2311,260],[21,2311,45],[21,2375,427],[21,3509,334],[22,234,135],[22,234,327],[22,1294,131],[22,1294,452],[22,3123,243],[22,3123,43],[22,3139,39],[22,3139,374],[22,3262,239],[23,53,228],[23,401,36],[23,1284,169],[23,3497,322],[23,3689,15],[24,608,130],[24,1334,48],[24,1334,68],[24,3108,325],[24,3180,129],[24,3819,105],[24,3819,58],[24,3839,243],[25,129,40],[25,129,397],[25,129,451],[25,2077,455],[25,2077,104],[25,2470,155],[25,2470,343],[25,2592,210],[25,2592,298],[25,3819,105],[25,3819,58],[25,3855,308],[25,3855,383],[26,632,28],[26,632,101],[26,1118,487],[26,2128,222],[26,2200,481],[26,2919,30],[26,2919,345],[26,2919,359],[26,3671,468],[26,3997,288],[26,3997,54],[26,3997,154],[26,3997,337],[27,69,298],[27,69,398],[27,1700,149],[27,2352,184],[27,2352,476],[27,3159,57],[27,3159,124],[27,3194,412],[27,3194,32],[27,3194,175],[27,3411,148],[27,3885,404],[27,3885,113],[27,3885,393],[28,2739,325],[28,3274,131],[28,3493,29],[28,3742,458],[29,276,349],[29,449,338],[29,1526,424],[29,1888,343],[29,1888,49],[30,1,34],[30,1,41],[30,1,162],[30,574,410],[30,1018,396],[30,1018,86],[30,2127,347],[30,2127,424],[30,2576,361],[31,890,387],[31,2122,404],[31,2592,210],[31,2592,298],[31,2679,55],[31,2679,221],[32,1,34],[32,1,41],[32,1,162],[32,26,44],[32,1243,236],[32,2166,298],[32,2687,203],[32,3934,162],[33,384,187],[33,384,191],[33,384,429],[33,1666,190],[33,1710,488],[33,1710,191],[33,3443,15],[33,3443,336],[33,3443,118],[33,3660,97],[33,3783,354],[34,1493,450],[34,1849,497],[34,1849,22],[34,1849,216],[34,2531,234],[34,2692,35],[34,3565,310],[35,63,213],[35,63,444],[35,220,425],[35,220,430],[35,1934,473],[35,3807,57],[35,3807,211],[35,3957,235],[35,3957,318],[36,1821,269],[36,1821,483],[36,2082,302],[36,2335,380],[36,3300,48],[37,91,424],[37,2137,17],[37,2137,389],[37,2537,421],[37,2537,49],[37,2713,429],[37,2979,321],[38,1230,309],[38,2271,201],[38,2271,68],[38,2442,323],[38,2442,147],[38,3091,440],[38,3335,307],[38,3871,65],[39,2152,240],[39,2954,242],[39,3697,357],[39,3697,248],[39,3842,213],[39,3893,43],[39,3974,190],[39,3974,310],[40,426,72],[40,426,156],[40,587,103],[40,1495,457],[40,1495,229],[40,2366,288],[40,3208,72],[40,3208,287],[40,3555,92],[41,1113,460],[41,2199,199],[41,2386,10],[41,2762,105],[41,3032,268],[41,3153,281],[41,3946,55],[42,652,43],[42,1847,315],[42,1847,454],[42,1847,52],[42,1992,315],[42,2885,285],[42,2885,330],[42,3123,243],[42,3123,43],[43,2097,65],[43,2097,465],[44,282,429],[44,282,499],[44,807,320],[44,807,244],[44,807,305],[44,970,57],[44,970,73],[44,3827,106],[45,757,218],[45,868,290],[45,2902,242],[45,2902,222],[45,3061,138],[45,3061,367],[46,1128,435],[46,1137,481],[46,1304,99],[46,1304,108],[46,2828,439],[46,2828,421],[46,3381,454],[46,3401,174],[46,3401,409],[47,922,64],[47,1395,182],[47,1395,440],[47,1530,68],[47,1530,423],[47,1604,407],[47,1838,209],[47,3973,123],[48,1092,353],[48,1092,380],[48,2076,61],[48,2936,368],[48,2936,222],[48,3628,54],[48,3655,464],[48,3655,420],[49,469,176],[49,469,187],[49,591,387],[49,819,55],[49,3534,299],[50,212,500],[50,2466,105],[50,2466,211],[50,3247,173],[50,3405,264],[50,3405,70],[50,3530,13],[50,3530,455],[50,3757,487],[51,69,298],[51,69,398],[51,2416,264],[51,2416,149],[51,2416,239],[51,2565,322],[51,2565,343],[51,2878,277],[51,2878,443],[51,2878,485],[51,3159,57],[51,3159,124],[52,126,476],[52,483,200],[52,483,275],[52,944,129],[52,1849,497],[52,1849,22],[52,1849,216],[53,64,380],[53,638,54],[53,1836,257],[53,1860,306],[53,2675,18],[53,3724,101],[53,3724,438],[54,610,59],[54,1991,348],[54,2400,193],[55,375,24],[55,3141,242],[55,3141,237],[55,3554,171],[55,3730,109],[55,3730,125],[56,913,269],[56,1942,185],[56,2744,254],[56,2744,112],[56,3259,43],[56,3259,168],[57,1589,74],[57,1820,193],[57,1820,385],[57,2913,259],[57,3530,13],[57,3530,455],[58,103,339],[58,378,252],[58,849,231],[58,849,411],[58,3466,125],[58,3719,227],[59,970,57],[59,970,73],[59,1186,221],[59,1385,61],[59,2442,323],[59,2442,147],[59,3318,73],[60,489,323],[60,489,428],[60,489,166],[60,1192,115],[60,2519,356],[60,3282,155],[61,2991,200],[61,3944,255],[62,538,77],[62,828,130],[62,1485,385],[62,2489,406],[62,2667,150],[62,3096,163],[62,3217,283],[62,3217,339],[62,3217,439],[63,220,425],[63,220,430],[63,1765,331],[63,2510,161],[63,2510,421],[63,2776,68],[63,3433,189],[64,481,260],[64,481,453],[64,481,470],[64,1515,489],[64,1518,74],[64,1518,322],[64,2485,179],[64,2485,406],[64,2485,356],[64,2876,186],[64,3256,56],[64,3256,395],[64,3785,31],[65,743,155],[65,1274,457],[65,1274,72],[65,2020,208],[65,3259,43],[65,3259,168],[65,3446,72],[66,498,71],[66,2579,4],[66,3182,170],[66,3279,490],[66,3997,288],[66,3997,54],[66,3997,154],[66,3997,337],[67,1948,83],[67,2485,179],[67,2485,406],[67,2485,356],[67,3009,164],[67,3385,78],[67,3386,76],[67,3386,234],[67,3386,346],[68,844,232],[68,1187,74],[68,2416,264],[68,2416,149],[68,2416,239],[68,2968,351],[68,2968,372],[69,1101,362],[69,1101,405],[69,1101,437],[69,1294,131],[69,1294,452],[69,2348,451],[70,57,211],[70,114,103],[70,114,356],[70,1304,99],[70,1304,108],[70,1459,273],[70,1459,305],[70,2839,92],[70,3276,456],[71,1191,167],[71,1744,428],[71,1744,132],[71,2354,367],[71,2354,419],[71,2680,19],[71,3469,65],[72,1548,25],[72,1548,317],[72,2857,281],[72,2857,110],[72,3423,304],[73,2926,127],[73,2998,78],[73,3341,332],[73,3341,455],[73,3341,149],[74,3127,61],[74,3127,325],[74,3249,483],[74,3249,459],[74,3595,153],[74,3595,319],[74,3654,130],[75,210,38],[75,210,469],[75,240,343],[75,240,402],[75,400,117],[75,1514,135],[75,3431,186],[75,3431,390],[76,923,98],[76,923,479],[76,1306,321],[76,1764,248],[76,1844,239],[76,1967,148],[76,1967,74],[76,3888,207],[77,1,34],[77,1,41],[77,1,162],[77,1033,401],[77,1033,462],[77,1033,262],[77,1093,2],[77,1157,498],[77,1951,487],[77,1951,368],[77,2510,161],[77,2510,421],[78,669,201],[78,785,134],[78,3624,163],[78,3624,217],[78,3624,350],[78,3624,287],[79,905,52],[79,905,213],[79,1776,416],[79,2384,346],[79,2733,86],[79,2798,387],[79,2798,466],[79,2949,88],[80,172,164],[80,756,283],[80,756,141],[80,2325,334],[80,3889,25],[81,626,133],[81,626,472],[81,1557,193],[81,2190,150],[81,2957,97],[81,3244,88],[81,3244,349],[82,1280,86],[82,1773,160],[82,1773,363],[82,2736,280],[82,3006,129],[82,3006,342],[83,104,370],[83,607,112],[83,607,377],[83,607,371],[83,1018,396],[83,1018,86],[83,2139,487],[83,2410,471],[83,2925,156],[83,3194,412],[83,3194,32],[83,3194,175],[84,291,380],[84,504,274],[84,903,259],[84,903,174],[84,1956,387],[84,1956,356],[84,3620,169],[85,456,483],[85,456,482],[85,1101,362],[85,1101,405],[85,1101,437],[85,2081,195],[85,2081,494],[85,2318,172],[85,3045,114],[85,3347,56],[85,3943,347],[85,3943,443],[86,663,82],[86,663,189],[86,906,354],[86,1033,401],[86,1033,462],[86,1033,262],[86,3894,95],[86,3894,238],[87,89,378],[87,89,162],[87,236,95],[87,594,125],[87,594,448],[87,1911,500],[87,1973,410],[87,2786,305],[87,3291,186],[87,3512,269],[88,252,102],[88,252,351],[88,2093,416],[88,2939,122],[88,3394,242],[89,392,312],[89,838,316],[89,1903,435],[89,1903,96],[89,2225,43],[89,2806,442],[89,2806,203],[89,2806,306],[89,3546,435],[89,3546,145],[90,588,22],[90,588,307],[90,773,368],[90,1103,69],[90,1103,112],[90,3885,404],[90,3885,113],[90,3885,393],[91,986,96],[91,986,458],[91,1847,315],[91,1847,454],[91,1847,52],[91,2831,400],[91,3631,379],[91,3906,377],[92,726,46],[92,1042,103],[92,1092,353],[92,1092,380],[92,3305,73],[93,1370,75],[93,2303,145],[93,2303,319],[93,2303,272],[93,2614,96],[93,3196,260],[93,3256,56],[93,3256,395],[93,3798,98],[93,3798,188],[94,122,81],[94,294,126],[94,294,294],[94,663,82],[94,663,189],[94,1248,256],[94,1670,119],[94,1800,440],[94,2464,152],[94,2464,392],[94,2534,109],[95,600,104],[95,600,438],[95,1695,164],[95,1810,492],[95,2344,421],[95,2344,280],[95,2344,140],[95,3337,243],[96,786,155],[96,1103,69],[96,1103,112],[96,2037,198],[96,2618,179],[97,676,121],[97,676,136],[97,2327,358],[97,2327,324],[97,2985,373],[97,3576,354],[97,3992,371],[97,3992,18],[98,861,267],[98,1495,457],[98,1495,229],[98,2021,423],[98,2021,490],[98,2838,315],[98,3211,473],[98,3221,192],[98,3221,114],[99,716,114],[99,1235,159],[99,1506,211],[99,1595,34],[99,1595,263],[99,1823,425],[99,2647,195],[99,3997,288],[99,3997,54],[99,3997,154],[99,3997,337],[100,575,232],[100,575,317],[100,583,340],[100,654,313],[100,654,202],[100,1952,31],[100,1952,113],[100,3012,78],[101,624,66],[101,722,273],[101,1310,332],[101,1310,206],[101,3210,32],[102,596,254],[102,787,331],[102,965,150],[102,2073,110],[102,3865,418],[102,3865,499],[102,3865,34],[102,3865,163],[102,3865,331],[102,3897,201],[103,341,229],[103,584,247],[103,584,110],[103,840,6],[103,2755,431],[104,588,22],[104,588,307],[104,797,239],[104,972,448],[104,1781,268],[105,1198,184],[105,1618,260],[105,3122,152],[105,3998,274],[106,192,3],[106,809,15],[106,809,149],[106,2307,157],[106,3876,294],[107,331,206],[107,1407,285],[107,1407,476],[107,2352,184],[107,2352,476],[107,3007,350],[107,3199,476],[107,3499,426],[108,74,183],[108,302,440],[108,1658,313],[108,2059,360],[108,2059,494],[108,2059,430],[108,2728,123],[108,2728,121],[108,2941,115],[108,2941,473],[108,3954,429],[108,3954,227],[109,1482,335],[109,1668,242],[109,1668,332],[109,2807,267],[109,3299,176],[109,3401,174],[109,3401,409],[109,3481,127],[110,264,101],[110,1578,381],[110,2796,431],[110,3141,242],[110,3141,237],[110,3465,400],[110,3465,229],[111,179,235],[111,1008,359],[111,2220,107],[111,2220,324],[111,2220,168],[111,2220,471],[111,2220,453],[111,2834,208],[111,2875,184],[111,2875,139],[111,3725,495],[111,3727,185],[112,1047,158],[112,1734,206],[112,2209,434],[112,3442,116],[112,3624,163],[112,3624,217],[112,3624,350],[112,3624,287],[113,424,10],[113,424,152],[113,627,204],[113,1025,151],[113,1251,365],[113,1448,190],[114,694,489],[114,694,147],[114,694,438],[114,2215,142],[114,2982,415],[114,3341,332],[114,3341,455],[114,3341,149],[115,491,267],[115,1471,184],[115,2376,490],[115,3221,192],[115,3221,114],[116,214,179],[116,795,169],[116,2011,168],[116,2011,281],[116,2025,405],[116,3851,289],[116,3981,251],[117,206,306],[117,1068,281],[117,1622,196],[117,2311,185],[117,2311,260],[117,2311,45],[117,2346,479],[117,2346,90],[117,3330,249],[118,1270,263],[118,3252,203],[119,887,172],[119,915,467],[119,1677,189],[119,1677,334],[119,2132,329],[119,3017,139],[120,822,291],[120,1203,313],[120,2303,145],[120,2303,319],[120,2303,272],[120,2646,326],[120,3033,249],[120,3033,221],[120,3821,73],[120,3821,221],[121,2094,182],[121,2094,343],[121,3488,374],[121,3717,230],[121,3717,372],[122,2551,320],[122,2568,20],[122,2568,484],[123,905,52],[123,905,213],[123,1610,186],[123,1610,378],[123,1900,294],[123,1967,148],[123,1967,74],[123,3267,149],[123,3267,261],[123,3460,300],[124,777,320],[124,1054,244],[124,1240,137],[124,1240,163],[124,1418,174],[124,2827,445],[124,2859,60],[124,2859,313],[124,3487,139],[124,3487,253],[125,357,135],[125,792,357],[125,1229,312],[125,2473,249],[126,1590,226],[126,1590,471],[126,1813,405],[126,1813,417],[126,1972,255],[126,2513,169],[126,2616,79],[127,1279,359],[127,1697,197],[127,2587,412],[127,2587,433],[127,2668,166],[128,873,148],[128,1537,411],[128,1901,1],[128,1901,365],[128,1901,403],[128,2732,190],[128,2868,78],[128,2868,358],[128,3219,175],[129,1701,172],[129,1909,422],[129,3079,471],[129,3457,490],[130,590,151],[130,590,301],[130,2806,442],[130,2806,203],[130,2806,306],[130,2968,351],[130,2968,372],[130,3458,434],[130,3458,396],[131,348,195],[131,1061,401],[131,1885,120],[131,1885,497],[131,2652,121],[131,2775,66],[132,527,416],[132,1386,52],[132,1665,330],[132,2083,286],[132,2160,353],[132,2243,198],[132,2594,375],[133,1376,171],[133,1729,248],[133,1729,333],[133,2530,373],[133,2723,171],[133,3538,240],[133,3732,449],[134,486,221],[134,486,439],[134,956,249],[134,956,408],[134,2294,412],[134,2749,258],[134,3807,57],[134,3807,211],[135,1786,181],[135,1786,235],[135,2493,369],[135,3850,308],[136,223,80],[136,765,226],[136,1747,281],[136,2416,264],[136,2416,149],[136,2416,239],[136,2932,493],[137,526,28],[137,2392,5],[137,2392,145],[137,2392,492],[137,3340,451],[137,3661,245],[137,3855,308],[137,3855,383],[138,1876,315],[138,2133,163],[138,2281,274],[138,3751,60],[139,776,494],[139,1501,392],[139,2391,169],[139,2565,322],[139,2565,343],[139,2673,159],[140,1260,17],[140,1260,375],[140,1332,179],[140,1459,273],[140,1459,305],[140,2126,166],[140,3532,469],[140,3675,412],[141,613,233],[141,613,415],[141,860,282],[141,2295,322],[141,2779,271],[141,3341,332],[141,3341,455],[141,3341,149],[141,3624,163],[141,3624,217],[141,3624,350],[141,3624,287],[142,140,192],[142,140,433],[142,474,397],[142,474,402],[142,595,143],[142,595,486],[142,1416,311],[142,3957,235],[142,3957,318],[143,1145,159],[143,2213,392],[143,2284,426],[143,2577,208],[143,3068,107],[143,3884,412],[144,42,441],[144,559,224],[144,2686,332],[144,3062,105],[144,3062,422],[144,3964,231],[144,3964,84],[145,365,196],[145,365,299],[145,885,288],[145,1675,91],[145,1675,384],[145,2590,40],[145,2689,292],[146,160,58],[146,1467,75],[146,1564,127],[146,1564,328],[146,2088,290],[146,2679,55],[146,2679,221],[147,572,43],[147,572,280],[147,1375,37],[147,2344,421],[147,2344,280],[147,2344,140],[147,2346,479],[147,2346,90],[147,2539,152],[148,1702,324],[148,1702,369],[148,3149,126],[148,3798,98],[148,3798,188],[148,3969,401],[149,138,225],[149,2068,276],[149,3761,182],[150,393,95],[150,393,235],[150,553,243],[150,708,73],[150,708,257],[150,1761,263],[150,3606,212],[151,478,140],[151,478,479],[151,1312,440],[151,1312,385],[151,1312,309],[151,2345,291],[151,2411,441],[151,3519,257],[151,3519,346],[152,1303,20],[152,3168,321],[153,1283,275],[153,1535,433],[153,2303,145],[153,2303,319],[153,2303,272],[153,2350,348],[153,2754,295],[153,3655,464],[153,3655,420],[154,1566,137],[154,1632,211],[154,2125,426],[154,2287,10],[154,3901,414],[155,1022,473],[155,1564,127],[155,1564,328],[155,3462,461],[155,3462,168],[156,245,402],[156,435,286],[156,1962,352],[156,3130,323],[156,3130,292],[156,3682,206],[157,1287,121],[157,1287,204],[157,1300,115],[157,2311,185],[157,2311,260],[157,2311,45],[157,2836,168],[157,3062,105],[157,3062,422],[158,1334,48],[158,1334,68],[158,1654,118],[158,1655,451],[159,1729,248],[159,1729,333],[159,1826,172],[159,2220,107],[159,2220,324],[159,2220,168],[159,2220,471],[159,2220,453],[159,3088,498],[159,3088,177],[159,3172,207],[159,3172,438],[160,747,470],[160,882,483],[160,2168,44],[160,3066,252],[160,3066,485],[160,3066,430],[161,700,303],[161,1799,305],[161,1831,319],[161,2219,462],[161,3115,353],[162,189,438],[162,1901,1],[162,1901,365],[162,1901,403],[162,1930,243],[163,931,53],[163,1653,214],[164,3119,225],[164,3595,153],[164,3595,319],[165,807,320],[165,807,244],[165,807,305],[165,2071,298],[165,3649,163],[165,3724,101],[165,3724,438],[165,3810,358],[166,33,6],[166,1477,33],[166,1477,210],[166,1477,444],[166,2588,188],[166,2887,220],[167,354,205],[167,694,489],[167,694,147],[167,694,438],[167,2861,244],[167,2977,245],[167,3468,47],[167,3596,335],[168,240,343],[168,240,402],[168,2184,189],[169,492,173],[169,3581,271],[170,252,102],[170,252,351],[170,530,361],[170,530,341],[170,1033,401],[170,1033,462],[170,1033,262],[170,1650,128],[170,1650,439],[170,3241,288],[170,3241,37],[171,1083,190],[171,2013,7],[171,2013,362],[171,2013,191],[171,3077,425],[171,3444,106],[171,3590,240],[172,2097,65],[172,2097,465],[173,117,100],[173,339,445],[173,1777,147],[173,1777,212],[174,783,203],[174,783,424],[174,2315,320],[174,3485,371],[174,3546,435],[174,3546,145],[174,3887,388],[174,3887,379],[175,744,186],[175,744,411],[175,849,231],[175,849,411],[175,1358,5],[175,1358,278],[175,2368,456],[175,2368,11],[176,114,103],[176,114,356],[176,660,282],[176,660,361],[176,660,433],[176,660,448],[176,987,223],[176,2353,51],[176,2353,449],[176,2389,178],[176,3358,173],[177,823,77],[177,1473,425],[177,1473,115],[177,1698,138],[177,2290,329],[178,754,327],[178,1771,288],[178,1936,222],[178,2453,303],[178,2915,205],[178,2915,488],[178,3130,323],[178,3130,292],[179,1217,407],[179,1217,466],[179,1974,391],[179,3393,483],[179,3393,252],[180,1151,46],[180,1773,160],[180,1773,363],[180,2498,245],[180,3233,475],[180,3942,166],[181,323,342],[181,410,215],[181,2207,318],[181,2499,360],[181,2499,440],[181,3134,224],[182,607,112],[182,607,377],[182,607,371],[182,2728,123],[182,2728,121],[182,3228,130],[182,3635,154],[183,1486,376],[183,2163,312],[183,3061,138],[183,3061,367],[183,3830,267],[184,509,327],[184,509,302],[184,3006,129],[184,3006,342],[184,3896,360],[185,450,175],[185,783,203],[185,783,424],[185,3800,262],[185,3800,465],[185,3885,404],[185,3885,113],[185,3885,393],[186,342,47],[186,2526,460],[186,2526,29],[186,3627,183],[187,752,471],[187,752,485],[187,1090,450],[187,1090,86],[187,2431,244],[187,3033,249],[187,3033,221],[187,3398,459],[187,3452,470],[188,266,491],[188,752,471],[188,752,485],[188,1055,122],[188,1545,328],[188,3743,79],[189,2220,107],[189,2220,324],[189,2220,168],[189,2220,471],[189,2220,453],[189,2554,138],[190,803,122],[190,803,464],[190,1043,191],[191,350,76],[191,350,111],[191,1141,358],[191,3997,288],[191,3997,54],[191,3997,154],[191,3997,337],[192,1859,190],[192,2936,368],[192,2936,222],[192,3024,17],[192,3467,197],[192,3666,92],[192,3666,225],[192,3666,459],[193,995,144],[193,2537,421],[193,2537,49],[193,2731,56],[193,3400,273],[194,99,267],[194,99,291],[194,99,474],[194,133,353],[194,530,361],[194,530,341],[194,968,295],[194,2216,382],[194,3541,242],[194,3802,482],[194,3802,233],[195,622,19],[195,760,326],[195,2031,436],[195,3271,401],[196,1903,435],[196,1903,96],[196,2924,396],[196,2924,417],[196,3150,312],[196,3455,362],[196,3680,481],[197,1431,272],[197,1947,412],[197,1947,338],[197,2396,453],[197,3717,230],[197,3717,372],[197,3914,256],[197,3914,402],[198,502,428],[198,1671,214],[198,2271,201],[198,2271,68],[198,2907,294],[198,3244,88],[198,3244,349],[198,3289,322],[199,594,125],[199,594,448],[199,2718,297],[199,2718,216],[199,2783,379],[199,3208,72],[199,3208,287],[199,3310,67],[199,3310,435],[199,3310,375],[200,1337,451],[200,2919,30],[200,2919,345],[200,2919,359],[200,2983,390],[200,3393,483],[200,3393,252],[201,37,152],[201,37,157],[201,555,11],[201,555,500],[201,2494,368],[201,2777,467],[202,116,57],[202,175,245],[202,175,346],[202,409,341],[202,1943,181],[202,3307,234],[202,3648,177],[203,1216,292],[203,2598,353],[203,3621,369],[203,3621,164],[203,3621,367],[204,563,215],[204,1169,301],[205,80,306],[205,80,419],[205,1160,218],[205,1160,493],[205,3172,207],[205,3172,438],[205,3374,357],[206,791,167],[206,791,272],[206,1327,415],[206,1327,261],[206,1374,205],[207,1955,316],[207,2609,189],[207,2609,280],[207,2627,341],[207,2627,217],[207,2627,226],[207,2895,352],[207,3943,347],[207,3943,443],[208,655,21],[208,655,221],[208,2970,390],[208,2970,275],[208,3008,228],[208,3383,425],[209,196,333],[209,298,238],[209,552,158],[209,1922,453],[209,3749,341],[210,415,8],[210,415,12],[210,415,306],[210,480,49],[210,2279,458],[211,2285,256],[211,3733,336],[212,560,84],[212,708,73],[212,708,257],[212,876,258],[212,904,93],[212,904,430],[213,424,10],[213,424,152],[213,1079,295],[213,2371,121],[213,2744,254],[213,2744,112],[213,3931,15],[213,3931,341],[214,78,293],[214,568,322],[214,738,319],[214,850,478],[214,850,230],[214,3500,321],[215,286,370],[215,458,340],[215,2424,412],[215,2424,330],[215,2424,69],[215,2627,341],[215,2627,217],[215,2627,226],[215,2771,363],[216,326,258],[216,1463,362],[216,1463,52],[216,1483,486],[216,1961,261],[216,3636,258],[217,208,220],[217,572,43],[217,572,280],[217,982,92],[217,1050,63],[217,2205,428],[218,545,146],[218,545,287],[218,1342,216],[218,1440,59],[218,2986,367],[218,2986,457],[218,3249,483],[218,3249,459],[219,262,241],[219,329,367],[219,1347,334],[219,1503,420],[219,2354,367],[219,2354,419],[219,2719,462],[219,2719,451],[219,2719,172],[219,2782,314],[220,614,240],[220,614,408],[220,1336,301],[220,1395,182],[220,1395,440],[220,2853,318],[220,3726,202],[220,3945,431],[221,1613,36],[221,1613,238],[222,99,267],[222,99,291],[222,99,474],[222,1219,262],[222,1601,371],[222,3640,160],[222,3640,454],[223,234,135],[223,234,327],[223,1437,125],[223,1610,186],[223,1610,378],[223,2674,161],[223,2800,228],[223,2973,36],[224,353,291],[224,1682,391],[224,2361,366],[224,2612,366],[224,2612,468],[224,2612,495],[224,2842,241],[224,3139,39],[224,3139,374],[225,337,35],[225,2261,448],[225,2261,480],[225,2407,323],[225,2696,450],[225,2696,188],[226,338,253],[226,1674,499],[226,2223,88],[226,3310,67],[226,3310,435],[226,3310,375],[226,3573,500],[226,3573,2],[226,3573,487],[227,54,388],[227,1287,121],[227,1287,204],[227,1746,376],[227,1746,429],[227,3280,264],[227,3280,391],[227,3644,332],[227,3644,398],[228,1527,454],[228,1527,45],[228,1929,10],[228,2392,5],[228,2392,145],[228,2392,492],[229,383,90],[229,383,356],[229,469,176],[229,469,187],[229,2320,237],[229,2918,100],[230,297,416],[230,297,497],[230,522,423],[230,1580,430],[230,1677,189],[230,1677,334],[230,3114,317],[230,3114,413],[231,365,196],[231,365,299],[231,744,186],[231,744,411],[231,1461,106],[231,1461,42],[231,1461,482],[231,2569,252],[232,1423,438],[232,1969,270],[232,2327,358],[232,2327,324],[232,3020,21],[232,3386,76],[232,3386,234],[232,3386,346],[233,49,210],[233,1358,5],[233,1358,278],[233,2210,133],[233,2210,394],[233,2210,96],[233,2808,151],[234,314,456],[234,2210,133],[234,2210,394],[234,2210,96],[234,3198,211],[234,3711,307],[235,423,482],[235,1497,238],[235,1937,260],[235,3215,340],[236,710,442],[236,1001,347],[236,1323,278],[236,2096,148],[236,2448,375],[236,2719,462],[236,2719,451],[236,2719,172],[236,3217,283],[236,3217,339],[236,3217,439],[237,269,431],[237,1864,170],[237,1933,431],[237,2951,304],[238,1518,74],[238,1518,322],[238,3066,252],[238,3066,485],[238,3066,430],[239,325,468],[239,419,394],[239,419,19],[239,2180,465],[239,2772,238],[240,1400,401],[240,1547,203],[240,2992,411],[240,3592,260],[241,1313,300],[241,1891,426],[241,2540,265],[241,2559,170],[241,3178,306],[241,3178,479],[242,1675,91],[242,1675,384],[243,2013,7],[243,2013,362],[243,2013,191],[243,3436,307],[243,3436,181],[244,75,305],[244,507,456],[244,1590,226],[244,1590,471],[244,1727,282],[245,3443,15],[245,3443,336],[245,3443,118],[245,3977,294],[246,1105,274],[246,1928,61],[246,1928,490],[246,2721,474],[246,2987,271],[247,639,253],[247,814,304],[247,1407,285],[247,1407,476],[247,2009,492],[247,2857,281],[247,2857,110],[248,2296,376],[248,2976,28],[248,3161,377],[248,3303,387],[249,350,76],[249,350,111],[249,2526,460],[249,2526,29],[249,3185,458],[249,3909,435],[250,119,287],[250,119,418],[250,177,238],[250,907,389],[250,907,162],[250,1560,375],[250,1777,147],[250,1777,212],[250,3570,462],[251,287,309],[251,413,152],[251,1499,337],[251,1499,391],[251,1662,141],[251,1662,191],[251,2709,228],[251,2789,376],[252,803,122],[252,803,464],[252,1104,309],[252,2938,401],[252,3984,127],[253,324,192],[253,324,481],[253,1893,449],[253,2340,118],[253,2533,37],[253,2533,262],[253,2963,304],[254,487,69],[254,487,393],[254,1708,106],[254,3281,246],[255,226,498],[255,1591,399],[255,2501,461],[256,1766,165],[256,2274,495],[256,3371,497],[257,1003,286],[257,2627,341],[257,2627,217],[257,2627,226],[257,3048,82],[258,547,420],[258,2276,67],[258,2276,443],[258,2478,348],[258,3894,95],[258,3894,238],[259,1715,291],[259,1840,382],[259,2007,200],[259,3070,360],[259,3070,271],[260,709,60],[261,344,272],[261,645,268],[261,645,22],[261,1074,275],[261,3624,163],[261,3624,217],[261,3624,350],[261,3624,287],[262,651,356],[262,2492,116],[262,3479,183],[263,561,142],[263,2332,344],[263,2696,450],[263,2696,188],[263,2873,475],[264,489,323],[264,489,428],[264,489,166],[264,1363,425],[264,3765,380],[264,3765,428],[264,3821,73],[264,3821,221],[265,190,284],[265,3144,339],[265,3144,384],[265,3280,264],[265,3280,391],[265,3456,289],[265,3456,146],[265,3829,279],[266,349,347],[266,660,282],[266,660,361],[266,660,433],[266,660,448],[266,727,365],[266,1553,361],[266,3735,436],[267,511,448],[267,511,234],[267,511,410],[267,1686,172],[268,432,480],[268,1949,270],[268,2666,307],[269,398,482],[269,398,492],[269,654,313],[269,654,202],[269,3194,412],[269,3194,32],[269,3194,175],[269,3688,374],[270,875,126],[270,1573,449],[270,2845,173],[270,3241,288],[270,3241,37],[270,3458,434],[270,3458,396],[270,3652,278],[270,3652,405],[271,548,264],[271,548,343],[271,548,209],[271,907,389],[271,907,162],[271,2785,356],[271,2837,488],[272,48,443],[272,141,350],[272,3317,444],[273,1650,128],[273,1650,439],[273,1749,257],[273,3696,386],[274,134,382],[274,791,167],[274,791,272],[274,2632,333],[275,548,264],[275,548,343],[275,548,209],[275,2344,421],[275,2344,280],[275,2344,140],[275,2885,285],[275,2885,330],[275,3728,232],[276,763,164],[276,763,461],[276,1183,497],[276,1703,399],[276,2250,333],[276,2485,179],[276,2485,406],[276,2485,356],[277,509,327],[277,509,302],[277,733,60],[277,1368,383],[277,1869,376],[277,1877,361],[277,3690,210],[278,521,492],[278,658,299],[278,3260,345],[278,3872,193],[279,956,249],[279,956,408],[279,1310,332],[279,1310,206],[279,2960,318],[279,3214,428],[279,3336,285],[279,3344,28],[280,660,282],[280,660,361],[280,660,433],[280,660,448],[280,896,82],[280,1784,420],[280,2832,350],[281,1063,453],[281,3155,103],[282,106,314],[282,106,435],[282,481,260],[282,481,453],[282,481,470],[282,2919,30],[282,2919,345],[282,2919,359],[282,3473,425],[282,3487,139],[282,3487,253],[283,2467,194],[283,2729,53],[283,3536,179],[283,3968,336],[284,52,371],[284,1791,120],[284,1875,299],[284,3145,336],[284,3634,389],[284,3634,432],[284,3634,463],[285,120,471],[285,584,247],[285,584,110],[285,3003,290],[285,3428,5],[285,3640,160],[285,3640,454],[286,1295,450],[286,2915,205],[286,2915,488],[286,3363,296],[286,3993,469],[287,807,320],[287,807,244],[287,807,305],[287,2357,389],[287,2357,482],[287,3019,465],[287,3019,480],[288,2959,320],[289,89,378],[289,89,162],[289,590,151],[289,590,301],[289,1038,27],[289,2257,428],[290,282,429],[290,282,499],[290,2099,349],[290,2277,268],[291,128,310],[291,2748,324],[291,3519,257],[291,3519,346],[292,483,200],[292,483,275],[292,1721,310],[292,2222,35],[292,3560,475],[293,14,403],[293,162,393],[293,1051,431],[293,1815,421],[293,1904,380],[293,2029,419],[293,2029,466],[293,2499,360],[293,2499,440],[294,1524,419],[294,2533,37],[294,2533,262],[294,3865,418],[294,3865,499],[294,3865,34],[294,3865,163],[294,3865,331],[295,755,72],[295,2441,316],[295,3836,3],[295,3836,254],[296,21,325],[296,270,310],[296,1057,466],[296,1228,298],[296,1228,218],[296,2423,477],[296,2693,365],[297,1260,17],[297,1260,375],[297,2390,342],[297,2471,463],[297,2690,405],[297,3294,374],[297,3937,314],[298,863,393],[298,3770,499],[299,904,93],[299,904,430],[299,3697,357],[299,3697,248],[300,2461,338],[300,2461,212],[300,3795,460],[300,3985,23],[301,404,398],[301,674,485],[301,3456,289],[301,3456,146],[302,390,369],[302,493,493],[302,1132,455],[302,1132,352],[302,1305,335],[302,2705,404],[302,2705,263],[302,2708,355],[303,393,95],[303,393,235],[303,575,232],[303,575,317],[303,694,489],[303,694,147],[303,694,438],[303,1502,392],[303,1728,69],[304,3114,317],[304,3114,413],[304,3362,180],[304,3454,189],[304,3637,50],[305,284,114],[305,3630,66],[305,3630,393],[306,426,72],[306,426,156],[306,3310,67],[306,3310,435],[306,3310,375],[307,600,104],[307,600,438],[307,2633,177],[308,478,140],[308,478,479],[308,1492,448],[308,3197,326],[308,3379,277],[308,3805,165],[309,1100,336],[309,1100,75],[309,1944,384],[309,3376,491],[309,3769,276],[310,562,250],[310,2372,337],[311,1575,300],[311,2424,412],[311,2424,330],[311,2424,69],[311,2463,62],[311,2612,366],[311,2612,468],[311,2612,495],[311,2705,404],[311,2705,263],[311,3584,118],[312,186,364],[312,1552,449],[312,3960,255],[312,3960,389],[313,548,264],[313,548,343],[313,548,209],[313,1026,33],[313,2603,259],[313,2958,204],[314,237,334],[314,1027,437],[314,1162,334],[314,2726,334],[314,2726,478],[314,2844,241],[315,389,459],[315,1002,472],[315,2805,467],[316,1193,492],[316,1878,185],[316,2449,89],[316,2449,142],[316,2508,389],[316,2683,5],[317,121,431],[317,1952,31],[317,1952,113],[317,2331,431],[317,3974,190],[317,3974,310],[318,384,187],[318,384,191],[318,384,429],[318,1413,329],[318,1499,337],[318,1499,391],[318,2924,396],[318,2924,417],[319,1357,346],[319,2211,429],[319,2719,462],[319,2719,451],[319,2719,172],[319,3865,418],[319,3865,499],[319,3865,34],[319,3865,163],[319,3865,331],[320,2446,357],[321,2220,107],[321,2220,324],[321,2220,168],[321,2220,471],[321,2220,453],[321,3836,3],[321,3836,254],[322,384,187],[322,384,191],[322,384,429],[322,3067,283],[323,2090,408],[323,2260,459],[323,3273,470],[323,3644,332],[323,3644,398],[324,1917,379],[324,2059,360],[324,2059,494],[324,2059,430],[324,3175,330],[325,688,299],[325,758,128],[325,758,372],[325,1449,102],[325,1662,141],[325,1662,191],[326,191,490],[326,1577,390],[326,1577,473],[326,2970,390],[326,2970,275],[326,3416,362],[327,1129,321],[327,1888,343],[327,1888,49],[327,2644,473],[327,2824,366],[327,3582,381],[328,459,337],[328,1640,426],[328,1746,376],[328,1746,429],[328,1862,361],[328,3666,92],[328,3666,225],[328,3666,459],[329,95,256],[329,1453,246],[329,3258,178],[329,3453,456],[330,1327,415],[330,1327,261],[330,1465,332],[330,2149,372],[330,3127,61],[330,3127,325],[331,1258,395],[331,2745,335],[331,2745,437],[331,2871,337],[332,2072,168],[333,2116,395],[333,3548,250],[333,3861,427],[334,3076,143],[335,775,82],[335,2903,269],[335,3694,338],[336,4,481],[336,2300,101],[336,3992,371],[336,3992,18],[337,988,78],[337,3075,289],[338,2373,468],[338,3813,369],[339,830,7],[339,830,274],[339,1702,324],[339,1702,369],[339,2466,105],[339,2466,211],[339,3621,369],[339,3621,164],[339,3621,367],[340,749,457],[340,2612,366],[340,2612,468],[340,2612,495],[340,3399,402],[341,1178,414],[341,1178,393],[341,1217,407],[341,1217,466],[342,308,307],[342,2607,475],[342,2607,81],[342,3621,369],[342,3621,164],[342,3621,367],[343,657,371],[343,2865,459],[344,140,192],[344,140,433],[344,1424,365],[344,1432,345],[344,1976,160],[344,2124,390],[344,2798,387],[344,2798,466],[344,3386,76],[344,3386,234],[344,3386,346],[345,614,240],[345,614,408],[345,1227,248],[345,1227,469],[345,1268,395],[345,1311,417],[345,2402,90],[346,607,112],[346,607,377],[346,607,371],[346,2542,450],[347,1345,69],[347,2894,364],[348,676,121],[348,676,136],[348,1362,423],[348,1362,416],[348,1461,106],[348,1461,42],[348,1461,482],[348,1551,265],[349,175,245],[349,175,346],[349,986,96],[349,986,458],[349,2239,439],[349,2353,51],[349,2353,449],[350,63,213],[350,63,444],[350,2609,189],[350,2609,280],[350,3443,15],[350,3443,336],[350,3443,118],[351,210,38],[351,210,469],[351,1309,403],[351,2601,447],[351,2934,464],[351,3462,461],[351,3462,168],[352,486,221],[352,486,439],[352,632,28],[352,632,101],[352,2449,89],[352,2449,142],[352,2544,427],[352,2921,63],[353,3840,462],[353,3865,418],[353,3865,499],[353,3865,34],[353,3865,163],[353,3865,331],[354,419,394],[354,419,19],[354,1307,310],[354,1953,411],[354,3178,306],[354,3178,479],[354,3404,183],[355,383,90],[355,383,356],[355,660,282],[355,660,361],[355,660,433],[355,660,448],[355,1463,362],[355,1463,52],[355,2094,182],[355,2094,343],[355,2564,400],[355,3963,390],[356,613,233],[356,613,415],[357,106,314],[357,106,435],[357,901,379],[357,2013,7],[357,2013,362],[357,2013,191],[358,1920,56],[358,2730,81],[358,3964,231],[358,3964,84],[359,1014,283],[359,1454,255],[359,1780,351],[359,3563,413],[360,1362,423],[360,1362,416],[360,1652,219],[360,3284,204],[360,3284,284],[360,3526,399],[361,543,180],[362,503,26],[362,1956,387],[362,1956,356],[363,73,407],[363,73,484],[363,274,299],[363,322,381],[363,578,388],[363,1744,428],[363,1744,132],[363,1870,138],[364,1339,415],[364,1595,34],[364,1595,263],[364,1638,197],[364,1638,481],[364,1999,208],[364,3377,383],[365,2074,407],[365,2684,368],[366,203,384],[366,867,370],[366,1691,495],[366,3539,19],[367,1373,437],[367,2745,335],[367,2745,437],[367,2757,398],[368,1032,395],[368,3378,182],[368,3664,496],[369,1224,463],[369,1224,214],[369,3113,361],[369,3441,80],[370,923,98],[370,923,479],[370,1491,456],[370,3070,360],[370,3070,271],[370,3695,233],[370,3887,388],[370,3887,379],[372,100,400],[372,821,255],[372,1293,200],[372,2859,60],[372,2859,313],[373,1405,342],[373,1555,411],[373,2724,479],[373,3164,54],[374,515,472],[374,687,245],[374,2697,20],[374,2697,457],[375,1346,388],[375,3315,477],[376,418,495],[377,2014,488],[377,2041,157],[377,3573,500],[377,3573,2],[377,3573,487],[377,3634,389],[377,3634,432],[377,3634,463],[378,415,8],[378,415,12],[378,415,306],[378,979,8],[378,979,144],[378,1227,248],[378,1227,469],[378,2823,301],[379,166,88],[379,3573,500],[379,3573,2],[379,3573,487],[379,3730,109],[379,3730,125],[380,2470,155],[380,2470,343],[381,1299,391],[381,1660,496],[381,3361,456],[381,3925,460],[381,3925,273],[382,826,237],[382,1522,467],[382,2982,415],[383,169,48],[383,487,69],[383,487,393],[383,762,447],[383,1718,347],[384,46,405],[384,472,391],[384,1808,472],[384,1885,120],[384,1885,497],[385,73,407],[385,73,484],[385,79,496],[385,612,474],[385,1901,1],[385,1901,365],[385,1901,403],[385,3034,462],[386,250,496],[386,250,499],[386,1036,423],[386,1530,68],[386,1530,423],[386,1707,453],[386,2021,423],[386,2021,490],[386,2314,463],[386,3494,445],[387,984,432],[387,2424,412],[387,2424,330],[387,2424,69],[387,2464,152],[387,2464,392],[388,2941,115],[388,2941,473],[388,3994,486],[389,586,419],[389,665,144],[390,2761,50],[390,3047,278],[390,3047,295],[391,1558,490],[391,1558,476],[392,37,152],[392,37,157],[392,566,160],[392,1240,137],[392,1240,163],[392,3911,340],[393,758,128],[393,758,372],[393,2392,5],[393,2392,145],[393,2392,492],[394,761,421],[394,1146,59],[394,2129,268],[394,2801,388],[395,441,375],[395,2828,439],[395,2828,421],[396,850,478],[396,850,230],[396,1259,404],[396,3275,422],[396,3652,278],[396,3652,405],[396,3800,262],[396,3800,465],[397,415,8],[397,415,12],[397,415,306],[397,1614,429],[397,2098,472],[397,3187,398],[397,3286,104],[398,3227,199],[398,3236,500],[398,3979,482],[399,355,406],[399,1197,155],[399,2567,462],[399,3874,477],[400,283,413],[400,1208,424],[400,3713,493],[401,1496,71],[401,2718,297],[401,2718,216],[402,255,273],[402,1913,122],[402,2655,118],[403,1837,466],[403,3112,376],[403,3200,492],[403,3348,416],[403,3838,467],[404,2063,204],[404,2081,195],[404,2081,494],[404,2620,400],[405,946,30],[405,2525,315],[406,824,195],[406,1613,36],[406,1613,238],[406,2374,215],[406,2560,433],[407,1101,362],[407,1101,405],[407,1101,437],[407,1850,488],[407,2148,89],[407,2195,496],[408,2077,455],[408,2077,104],[408,2688,324],[408,3391,80],[408,3765,380],[408,3765,428],[409,1512,439],[409,2220,107],[409,2220,324],[409,2220,168],[409,2220,471],[409,2220,453],[409,2726,334],[409,2726,478],[409,2994,337],[409,3801,460],[409,3833,434],[409,3886,434],[409,3886,247],[410,45,42],[410,1132,455],[410,1132,352],[410,2349,434],[410,2475,497],[411,259,58],[411,2414,297],[412,3780,4],[413,1178,414],[413,1178,393],[413,1668,242],[413,1668,332],[413,1821,269],[413,1821,483],[413,2127,347],[413,2127,424],[414,895,308],[414,1796,38],[414,2622,359],[414,2714,436],[414,3092,331],[415,108,484],[415,756,283],[415,756,141],[416,119,287],[416,119,418],[416,3047,278],[416,3047,295],[417,852,381],[417,1778,493],[417,2595,458],[418,481,260],[418,481,453],[418,481,470],[418,857,19],[418,3414,453],[418,3475,422],[418,3954,429],[418,3954,227],[419,43,461],[419,1699,498],[420,565,164],[420,646,444],[420,771,486],[420,1312,440],[420,1312,385],[420,1312,309],[421,911,266],[421,3331,161],[422,489,323],[422,489,428],[422,489,166],[422,1175,441],[422,2368,456],[422,2368,11],[422,3802,482],[422,3802,233],[423,2568,20],[423,2568,484],[423,3924,436],[424,80,306],[424,80,419],[424,629,289],[424,3971,93],[426,2337,113],[426,3086,475],[426,3086,445],[427,99,267],[427,99,291],[427,99,474],[427,585,292],[427,2092,432],[427,2878,277],[427,2878,443],[427,2878,485],[427,3088,498],[427,3088,177],[430,436,474],[430,1397,474],[432,19,80],[432,518,466],[432,2029,419],[432,2029,466],[432,3905,39],[433,97,23],[433,1734,206],[433,3989,228],[434,456,483],[434,456,482],[434,2137,17],[434,2137,389],[435,1998,131],[436,3238,449],[436,3238,481],[436,3925,460],[436,3925,273],[437,51,225],[437,912,489],[437,2188,489],[437,2188,135],[438,297,416],[438,297,497],[438,3436,307],[438,3436,181],[439,1542,259],[440,94,91],[440,1941,85],[441,414,485],[441,626,133],[441,626,472],[441,1065,470],[441,3587,100],[441,3666,92],[441,3666,225],[441,3666,459],[442,1013,460],[442,1928,61],[442,1928,490],[442,2657,449],[442,3238,449],[442,3238,481],[442,3642,452],[443,295,444],[443,1444,44],[443,1477,33],[443,1477,210],[443,1477,444],[444,247,476],[444,595,143],[444,595,486],[444,1558,490],[444,1558,476],[445,1902,455],[445,2011,168],[445,2011,281],[445,2231,446],[445,3914,256],[445,3914,402],[446,1126,463],[446,1849,497],[446,1849,22],[446,1849,216],[446,2496,153],[446,2878,277],[446,2878,443],[446,2878,485],[446,3676,406],[446,3949,180],[447,250,496],[447,250,499],[447,1090,450],[447,1090,86],[447,1366,496],[447,1625,467],[447,3430,426],[448,1411,42],[450,3634,389],[450,3634,432],[450,3634,463],[450,3773,29],[451,1382,378],[451,2972,341],[452,324,192],[452,324,481],[452,570,460],[452,1548,25],[452,1548,317],[452,3086,475],[452,3086,445],[452,3748,483],[453,1211,129],[454,209,243],[454,2162,43],[454,2253,134],[454,2966,61],[455,1786,181],[455,1786,235],[455,3019,465],[455,3019,480],[456,3873,67],[457,2357,389],[457,2357,482],[457,2753,119],[458,66,1],[458,2050,134],[458,2920,303],[459,185,499],[459,1224,463],[459,1224,214],[461,222,480],[461,3217,283],[461,3217,339],[461,3217,439],[462,1253,417],[463,1125,9],[463,2427,430],[464,398,482],[464,398,492],[464,825,284],[464,2261,448],[464,2261,480],[464,3612,442],[465,511,448],[465,511,234],[465,511,410],[465,1527,454],[465,1527,45],[465,2016,473],[466,1228,298],[466,1228,218],[466,3936,54],[467,3402,137],[468,1461,106],[468,1461,42],[468,1461,482],[468,2136,177],[468,2177,475],[469,567,221],[469,1238,266],[469,2228,136],[469,2607,475],[469,2607,81],[470,1312,440],[470,1312,385],[470,1312,309],[470,2356,230],[470,3886,434],[470,3886,247],[471,263,311],[471,2420,272],[472,1820,193],[472,1820,385],[472,3237,227],[473,763,164],[473,763,461],[474,343,496],[474,589,55],[475,545,146],[475,545,287],[476,870,261],[476,939,63],[477,146,378],[477,1710,488],[477,1710,191],[477,2330,491],[477,3028,496],[478,1252,338],[478,2388,212],[478,2584,196],[478,2591,366],[478,3960,255],[478,3960,389],[479,671,61],[479,1639,175],[480,129,40],[480,129,397],[480,129,451],[480,707,44],[480,1084,300],[480,1123,51],[481,1938,246],[483,1134,418],[484,800,494],[484,1020,494],[484,1753,494],[484,3490,443],[485,101,90],[485,405,467],[486,345,491],[486,690,377],[486,1987,382],[486,2444,489],[487,2848,321],[487,3118,320],[487,3461,349],[488,3431,186],[488,3431,390],[489,3776,447],[489,3804,154],[490,898,173],[491,2986,367],[491,2986,457],[491,3417,493],[491,3465,400],[491,3465,229],[492,1532,498],[493,474,397],[493,474,402],[494,2121,247],[494,3284,204],[494,3284,284],[495,273,374],[495,1789,29],[497,258,122],[498,3066,252],[498,3066,485],[498,3066,430],[498,3459,172],[499,820,331],[500,1793,432],[500,3619,254]];

jitters = [50000,20000,2000,10000,100000,20000,100000,10000,20000,50000,10000,100000,20000,20000,20000,100000,100000,10000,1000,10000,2000,10000,10000,10000,100000,100000,20000,100000,100000,100000,20000,20000,1000,20000,20000,10000,100000,20000,10000,5000,100000,10000,10000,20000,2000,100000,20000,10000,100000,10000,10000,50000,20000,10000,100000,10000,20000,100000,10000,10000,10000,20000,20000,20000,10000,100000,10000,20000,100000,10000,100000,5000,10000,20000,100000,10000,20000,10000,20000,10000,1000,10000,10000,20000,10000,20000,20000,20000,100000,20000,100000,5000,10000,10000,20000,10000,1000,10000,10000,20000,50000,20000,5000,100000,10000,20000,50000,10000,100000,5000,10000,10000,20000,10000,10000,10000,100000,20000,10000,20000,10000,20000,20000,10000,100000,10000,10000,1000,10000,20000,100000,20000,1000,10000,100000,100000,100000,20000,10000,20000,10000,10000,10000,10000,100000,2000,100000,20000,20000,20000,20000,100000,50000,10000,10000,10000,100000,100000,10000,100000,20000,20000,20000,10000,20000,10000,100000,10000,10000,100000,1000,10000,10000,100000,1000,100000,10000,100000,10000,100000,10000,20000,10000,10000,100000,20000,10000,10000,10000,1000,1000,10000,100000,20000,100000,100000,10000,20000,100000,100000,20000,20000,20000,20000,100000,50000,100000,10000,20000,100000,10000,20000,20000,20000,10000,50000,10000,2000,2000,10000,10000,100000,50000,10000,20000,100000,10000,100000,5000,20000,100000,20000,100000,20000,10000,100000,5000,10000,10000,1000,10000,20000,20000,10000,100000,20000,5000,10000,100000,20000,10000,100000,5000,20000,20000,10000,20000,50000,20000,10000,50000,100000,20000,10000,10000,100000,100000,100000,10000,100000,20000,50000,100000,20000,50000,20000,100000,100000,10000,50000,100000,10000,100000,10000,10000,20000,20000,100000,10000,2000,20000,100000,20000,20000,20000,20000,10000,20000,100000,100000,10000,100000,100000,5000,20000,20000,20000,100000,10000,20000,10000,100000,10000,2000,10000,20000,5000,10000,20000,100000,100000,10000,10000,20000,20000,100000,10000,10000,10000,20000,20000,10000,20000,2000,100000,10000,20000,100000,100000,10000,20000,10000,10000,20000,100000,20000,100000,50000,100000,50000,20000,100000,20000,1000,100000,100000,100000,1000,10000,20000,100000,100000,10000,100000,20000,10000,2000,20000,100000,10000,10000,20000,1000,10000,20000,10000,20000,50000,100000,20000,10000,20000,100000,10000,20000,10000,20000,10000,20000,100000,10000,10000,20000,20000,20000,10000,10000,10000,20000,100000,100000,10000,20000,10000,10000,20000,20000,10000,100000,100000,1000,10000,100000,100000,10000,20000,100000,10000,20000,50000,20000,10000,10000,100000,10000,10000,20000,10000,10000,20000,5000,20000,50000,100000,100000,100000,2000,20000,100000,10000,10000,100000,50000,50000,10000,10000,20000,100000,100000,20000,100000,100000,10000,100000,10000,10000,10000,100000,10000,100000,20000,20000,10000,20000,10000,20000,20000,100000,20000,10000,10000,10000,10000,20000,100000,50000,20000,5000,1000,20000,100000,10000,100000,10000,10000,50000,100000,20000,2000,10000,20000,20000,100000,10000,10000,20000,10000,20000,20000,100000];

