numChains = 15;

numberOfTasksinChain = [7,3,7,7,5,3,7,3,5,5,5,3,5,7,5];

runnablesInChains = [8,3,93,22,75,97,62,18,61,91,29,83,70,90,71,57,66,86,28,64,28,39,21,92,78,20,8,69,89,53,27,23,68,11,60,70,30,29,72,5,51,16,78,2,66,32];

processingTimesOfMessages = [[1,1,1,1,1,1],[1,1,1,1,1],[1,1,1,1],[1,1,1,1,1,1],[1,1,1,1,1],[1,1],[1,1,1],[1,1,1],[1],[1,1,1],[1,1,1,1,1],[1,1,1],[1,1,1,1,1],[1,1],[1],[1,1],[1,1,1,1,1],[1,1,1],[1,1,1,1,1,1],[1,1,1,1],[1,1,1,1],[1,1],[1,1,1,1,1],[1,1,1],[1],[1,1,1],[1],[1],[1,1,1],[1,1,1],[1,1],[1,1],[1,1],[1,1,1,1,1],[1,1,1],[1,1,1,1],[1,1,1],[1],[1,1,1,1,1,1],[],[1],[1,1],[1,1,1,1,1],[1,1,1],[1,1,1,1,1],[1,1,1,1,1],[1,1,1],[1],[1],[1,1],[1,1],[1,1],[1,1],[1,1,1],[1,1,1,1],[1],[1,1],[1],[1],[1,1,1],[1,1,1],[1,1,1],[1,1,1,1,1,1,1],[1,1,1],[1],[1],[1,1],[1,1],[1,1],[1,1,1,1],[1],[1],[1,1],[1,1,1,1,1],[1],[1,1,1],[],[1,1,1,1],[1],[1],[],[1,1],[1,1],[1,1,1],[1,1],[1,1,1],[1],[1,1],[1],[1,1,1],[1],[1,1,1,1,1],[1],[1,1,1,1],[1,1],[1,1],[],[1,1,1],[1],[1,1]];

processingTimesRunnables = [17,16,17,6,16,9,15,10,14,16,15,17,8,15,14,12,12,13,6,17,20,16,20,13,14,8,7,13,19,16,13,14,17,18,11,13,17,18,13,13,13,14,16,12,14,16,8,14,16,13,13,9,8,14,19,16,16,7,7,8,17,17,10,14,17,14,14,12,16,17,10,16,6,8,7,11,9,15,5,8,13,11,15,6,15,18,16,16,8,20,21,17,16,7,13,8,14,13,16,15];

periods = [10000,100000,20000,50000,1000,100000,10000,20000,5000,10000,100000,20000,100000,50000,50000,1000,10000,20000,100000,20000,20000,20000,100000,100000,100000,10000,10000,20000,20000,20000,100000,100000,10000,100000,10000,20000,100000,100000,20000,10000,10000,100000,10000,2000,1000,10000,100000,2000,100000,100000,1000,10000,10000,10000,10000,10000,100000,100000,1000,20000,20000,20000,100000,20000,20000,100000,50000,100000,20000,20000,100000,20000,100000,100000,20000,50000,100000,1000,10000,1000,5000,100000,20000,10000,10000,20000,50000,100000,10000,20000,20000,1000,20000,10000,10000,20000,20000,20000,100000,10000];

communicationTimeForOrderCriticalMessages = [1,1,1,1,1,1,1,1,1,1,1,1,1,1,1,1,1,1,1,1,1,1,1,1,1,1,1,1,1,1,1];

sizeOfRunnables = [1,1,1,1,1,1,1,1,1,1,1,1,1,1,1,1,1,1,1,1,1,1,1,1,1,1,1,1,1,1,1,1,1,1,1,1,1,1,1,1,1,1,1,1,1,1,1,1,1,1,1,1,1,1,1,1,1,1,1,1,1,1,1,1,1,1,1,1,1,1,1,1,1,1,1,1,1,1,1,1,1,1,1,1,1,1,1,1,1,1,1,1,1,1,1,1,1,1,1,1];

senderLabelReceiverOrderCriticalChains = [[8,203,0,0,3],[3,118,0,0,93],[93,371,0,0,22],[75,253,0,0,97],[62,212,0,0,18],[18,341,0,0,61],[61,183,0,0,91],[29,128,0,0,83],[83,323,0,0,70],[70,237,0,0,90],[71,209,0,0,57],[57,348,0,0,66],[86,211,0,0,28],[64,393,0,0,28],[28,8,0,0,39],[39,193,0,0,21],[92,356,0,0,78],[20,190,0,0,8],[8,127,0,0,69],[89,63,0,0,53],[53,101,0,0,27],[23,254,0,0,68],[68,85,0,0,11],[60,199,0,0,70],[30,302,0,0,29],[29,43,0,0,72],[5,290,0,0,51],[51,243,0,0,16],[16,304,0,0,78],[2,237,0,0,66],[66,72,396,0,32]];

senderLabelReceiverNonOrderCriticalChains = [[1,98,40],[1,98,37],[1,201,27],[1,319,53],[1,336,7],[1,336,62],[2,89,32],[2,89,42],[2,237,66],[2,237,65],[2,237,90],[3,98,40],[3,98,37],[3,118,93],[3,150,12],[4,31,87],[4,104,16],[4,104,15],[4,104,27],[4,116,15],[4,180,2],[5,104,16],[5,104,15],[5,104,27],[5,165,10],[5,290,51],[6,229,38],[6,252,71],[7,185,19],[7,185,35],[7,397,40],[8,127,69],[8,203,82],[8,203,3],[9,389,81],[10,146,28],[10,194,40],[10,360,17],[11,40,47],[11,185,19],[11,185,35],[11,232,81],[11,232,88],[12,83,30],[12,187,45],[12,335,88],[13,104,16],[13,104,15],[13,104,27],[13,286,16],[13,359,24],[14,89,32],[14,89,42],[15,162,5],[16,304,47],[16,304,78],[17,47,15],[17,47,43],[17,171,26],[17,171,95],[17,171,72],[18,215,17],[18,341,61],[18,366,20],[19,82,84],[19,190,8],[19,190,23],[19,190,26],[19,193,21],[19,193,58],[20,131,61],[20,190,8],[20,190,23],[20,190,26],[21,30,49],[21,235,96],[21,269,83],[21,269,80],[22,218,36],[22,229,38],[23,67,37],[23,67,75],[23,254,68],[23,364,9],[23,364,25],[24,183,31],[24,183,91],[24,186,25],[25,161,71],[26,357,85],[26,357,99],[26,400,100],[27,109,33],[28,8,39],[29,43,72],[29,128,83],[29,133,35],[30,204,71],[30,302,48],[30,302,29],[31,14,75],[31,355,38],[32,396,50],[32,396,66],[33,303,59],[33,303,54],[34,203,82],[34,203,3],[34,248,100],[34,323,70],[34,323,79],[35,237,66],[35,237,65],[35,237,90],[36,134,99],[36,134,60],[36,264,94],[36,398,44],[37,259,89],[37,304,47],[37,304,78],[38,331,52],[39,190,8],[39,190,23],[39,190,26],[39,193,21],[39,193,58],[39,380,14],[41,2,48],[42,15,96],[42,305,20],[43,142,55],[43,212,18],[43,212,65],[43,357,85],[43,357,99],[44,182,7],[44,302,48],[44,302,29],[45,113,80],[45,303,59],[45,303,54],[45,363,81],[45,363,80],[46,77,79],[46,139,97],[46,139,89],[46,139,95],[46,349,22],[47,352,49],[47,396,50],[47,396,66],[48,144,9],[49,340,40],[50,240,65],[50,278,73],[51,175,32],[51,243,16],[52,166,79],[52,376,85],[53,101,27],[53,226,56],[54,225,31],[54,361,55],[54,361,67],[55,139,97],[55,139,89],[55,139,95],[55,176,67],[56,121,95],[57,100,73],[57,348,66],[58,153,73],[59,342,34],[60,67,37],[60,67,75],[60,199,70],[61,157,33],[61,183,31],[61,183,91],[62,81,41],[62,212,18],[62,212,65],[63,58,33],[63,139,97],[63,139,89],[63,139,95],[63,173,54],[63,173,77],[63,260,98],[64,330,46],[64,393,59],[64,393,28],[65,37,72],[66,72,32],[67,1,76],[67,202,13],[68,85,11],[68,85,41],[69,85,11],[69,85,41],[70,233,58],[70,237,66],[70,237,65],[70,237,90],[71,209,57],[72,26,86],[73,152,82],[73,152,14],[74,152,82],[74,152,14],[74,299,77],[74,364,9],[74,364,25],[75,253,97],[76,265,87],[76,336,7],[76,336,62],[78,173,54],[78,173,77],[78,269,83],[78,269,80],[79,223,2],[80,132,84],[82,232,81],[82,232,88],[83,323,70],[83,323,79],[84,171,26],[84,171,95],[84,171,72],[85,363,81],[85,363,80],[86,4,91],[86,211,99],[86,211,28],[87,115,81],[88,134,99],[88,134,60],[89,63,53],[90,61,93],[90,85,11],[90,85,41],[91,299,77],[92,171,26],[92,171,95],[92,171,72],[92,287,88],[92,356,78],[93,371,22],[94,41,69],[94,244,6],[94,244,97],[94,276,24],[95,361,55],[95,361,67],[96,244,6],[96,244,97],[98,47,15],[98,47,43],[98,59,87],[99,372,56],[100,211,99],[100,211,28]];

