numChains = 15;

numberOfTasksinChain = [3,5,7,3,5,7,3,7,5,7,7,5,5,7,5];

runnablesInChains = [74,6,29,35,93,9,12,21,28,56,13,1,9,36,23,86,90,10,99,28,75,83,71,14,68,12,5,17,53,67,96,76,68,31,70,87,8,26,72,90,41,63,22,59,48,2,55,57];

processingTimesOfMessages = [[1,1,1],[1,1],[1,1,1,1],[1,1,1],[1,1,1,1],[1,1],[1,1,1,1,1,1,1],[1,1,1],[1,1,1],[1,1,1,1],[1,1,1,1,1],[1,1,1],[1],[1,1,1,1],[1,1],[1,1,1,1,1],[1,1],[1,1,1,1,1,1],[1,1,1,1],[1,1,1,1],[1,1],[1,1,1],[1,1],[1,1,1,1],[1,1],[1],[1,1,1,1,1],[],[1,1,1,1,1],[1,1],[1],[1,1,1,1],[1,1,1],[1,1,1,1],[1,1,1,1],[],[],[1],[1,1,1,1,1,1],[1,1],[1,1,1,1],[1,1,1],[1,1],[1,1,1],[1,1],[1],[1,1,1,1,1],[1,1,1,1],[1,1,1,1],[1,1,1,1,1],[],[1,1,1],[1,1],[1],[1,1,1],[1,1,1],[],[1],[1,1],[1,1,1],[1],[1,1,1],[1,1,1],[1,1,1,1],[1,1,1,1],[1],[1,1,1,1,1],[1,1],[1,1,1,1,1],[1,1,1],[1],[1],[1,1],[1],[1,1,1],[1,1],[1,1],[1,1,1,1],[1,1],[1,1],[1,1,1],[1],[1,1],[],[],[1,1],[1],[1,1,1],[1,1],[1,1,1,1],[1,1],[],[1,1,1],[1,1],[1,1,1,1,1],[],[1,1,1],[],[1,1,1],[1,1,1]];

processingTimesRunnables = [17,16,8,17,15,13,8,15,13,20,13,18,17,13,16,8,18,16,16,21,15,13,7,14,17,14,10,17,16,12,14,12,18,11,15,12,21,16,16,12,15,12,13,18,15,14,14,12,13,16,11,16,11,8,21,11,17,10,16,6,11,7,11,13,16,8,6,13,15,18,14,14,7,17,18,14,14,17,16,17,16,12,10,16,17,17,10,17,15,7,13,8,10,13,10,17,16,12,7,17];

periods = [100000,100000,10000,100000,100000,10000,100000,1000,100000,50000,100000,100000,20000,20000,100000,1000,10000,5000,10000,20000,100000,10000,50000,50000,2000,1000,100000,100000,20000,20000,100000,20000,1000,10000,20000,100000,10000,2000,10000,10000,50000,100000,20000,100000,10000,20000,10000,10000,20000,50000,10000,20000,10000,100000,100000,20000,100000,100000,10000,10000,100000,100000,10000,20000,20000,20000,10000,100000,10000,100000,20000,50000,100000,10000,20000,100000,100000,10000,10000,20000,20000,20000,20000,100000,20000,50000,1000,20000,50000,50000,100000,20000,20000,10000,10000,10000,20000,10000,100000,10000];

communicationTimeForOrderCriticalMessages = [1,1,1,1,1,1,1,1,1,1,1,1,1,1,1,1,1,1,1,1,1,1,1,1,1,1,1,1,1,1,1,1,1];

sizeOfRunnables = [1,1,1,1,1,1,1,1,1,1,1,1,1,1,1,1,1,1,1,1,1,1,1,1,1,1,1,1,1,1,1,1,1,1,1,1,1,1,1,1,1,1,1,1,1,1,1,1,1,1,1,1,1,1,1,1,1,1,1,1,1,1,1,1,1,1,1,1,1,1,1,1,1,1,1,1,1,1,1,1,1,1,1,1,1,1,1,1,1,1,1,1,1,1,1,1,1,1,1,1];

senderLabelReceiverOrderCriticalChains = [[74,131,0,0,6],[29,280,0,0,35],[35,157,0,0,93],[9,389,0,0,12],[12,187,0,0,21],[21,349,0,0,28],[56,232,0,0,13],[1,74,0,0,9],[9,43,0,0,36],[23,13,0,0,86],[86,87,319,0,90],[90,372,0,0,10],[99,398,0,0,28],[75,252,0,0,83],[83,169,0,0,71],[71,255,0,0,14],[68,77,0,0,12],[12,196,0,0,5],[17,26,0,0,53],[53,284,0,0,67],[67,94,0,0,96],[76,22,77,0,68],[68,342,0,0,31],[31,166,0,0,70],[87,145,0,0,8],[8,1,0,0,26],[72,87,0,0,90],[90,340,0,0,41],[63,64,154,0,22],[22,285,0,0,59],[59,137,0,0,48],[2,233,0,0,55],[55,340,0,0,57]];

senderLabelReceiverNonOrderCriticalChains = [[1,36,2],[1,74,9],[1,135,74],[2,212,15],[2,233,55],[3,185,59],[3,188,37],[3,188,52],[3,355,6],[4,49,15],[4,49,55],[4,203,77],[5,129,66],[5,129,84],[5,218,14],[5,218,11],[6,34,94],[6,375,40],[7,14,16],[7,14,17],[7,14,88],[7,14,98],[7,16,21],[7,144,24],[7,316,84],[8,1,26],[8,116,25],[8,358,18],[9,43,36],[9,291,66],[9,389,12],[10,344,96],[10,344,83],[10,385,72],[10,385,89],[11,33,58],[11,118,40],[11,118,57],[11,118,65],[11,217,42],[12,187,21],[12,196,5],[12,196,26],[13,288,20],[14,18,30],[14,118,40],[14,118,57],[14,118,65],[15,284,31],[15,284,67],[16,196,5],[16,196,26],[16,214,33],[16,356,54],[16,356,82],[17,26,53],[17,114,44],[18,14,16],[18,14,17],[18,14,88],[18,14,98],[18,81,28],[18,81,71],[19,41,74],[19,41,88],[19,332,37],[19,336,44],[20,20,46],[20,20,73],[20,20,98],[20,381,63],[21,279,27],[21,349,28],[22,64,78],[22,285,59],[22,313,60],[23,13,86],[23,364,72],[24,49,15],[24,49,55],[24,94,96],[24,94,19],[25,304,38],[25,328,38],[26,50,20],[27,20,46],[27,20,73],[27,20,98],[27,163,28],[27,230,76],[29,153,92],[29,173,56],[29,173,30],[29,280,35],[29,387,56],[30,169,71],[30,169,98],[31,166,70],[32,111,36],[32,173,56],[32,173,30],[32,360,76],[33,48,25],[33,48,45],[33,359,87],[34,120,43],[34,120,57],[34,373,37],[34,384,51],[35,99,79],[35,157,93],[35,188,37],[35,188,52],[38,250,85],[39,51,82],[39,51,4],[39,193,45],[39,215,53],[39,215,58],[39,241,51],[40,120,43],[40,120,57],[41,198,89],[41,198,94],[41,232,13],[41,232,31],[42,3,57],[42,3,80],[42,197,61],[43,93,75],[43,274,80],[44,22,54],[44,22,68],[44,297,61],[45,216,69],[45,246,32],[46,168,87],[47,82,5],[47,82,78],[47,83,43],[47,371,13],[47,371,52],[48,41,74],[48,41,88],[48,192,95],[48,352,53],[49,20,46],[49,20,73],[49,20,98],[49,251,65],[50,243,99],[50,264,72],[50,310,89],[50,385,72],[50,385,89],[52,129,66],[52,129,84],[52,388,1],[53,284,31],[53,284,67],[54,47,18],[55,122,91],[55,340,41],[55,340,57],[56,156,36],[56,232,13],[56,232,31],[58,301,62],[59,134,46],[59,137,48],[60,81,28],[60,81,71],[60,337,58],[61,143,84],[62,37,73],[62,102,77],[62,382,70],[63,154,22],[63,372,10],[63,372,13],[64,3,57],[64,3,80],[64,343,92],[64,377,92],[65,14,16],[65,14,17],[65,14,88],[65,14,98],[66,357,17],[67,11,42],[67,94,96],[67,94,19],[67,218,14],[67,218,11],[68,77,12],[68,342,31],[69,82,5],[69,82,78],[69,164,87],[69,198,89],[69,198,94],[70,262,3],[70,276,23],[70,276,100],[71,255,14],[72,87,90],[73,276,23],[73,276,100],[74,131,6],[75,51,82],[75,51,4],[75,252,83],[76,22,54],[76,22,68],[77,345,63],[77,345,96],[78,14,16],[78,14,17],[78,14,88],[78,14,98],[79,106,61],[79,396,66],[80,356,54],[80,356,82],[81,221,85],[81,286,92],[81,399,85],[82,326,85],[83,169,71],[83,169,98],[86,68,49],[86,319,90],[87,145,8],[88,46,4],[88,46,40],[88,148,51],[89,46,4],[89,46,40],[90,340,41],[90,340,57],[90,372,10],[90,372,13],[91,341,46],[91,354,23],[93,155,97],[93,231,97],[93,363,76],[94,48,25],[94,48,45],[95,211,98],[95,215,53],[95,215,58],[95,344,96],[95,344,83],[97,118,40],[97,118,57],[97,118,65],[99,345,63],[99,345,96],[99,398,28],[100,66,80],[100,371,13],[100,371,52]];

