numChains = 15;

numberOfTasksinChain = [7,3,5,5,7,5,5,5,3,5,5,3,5,3,3];

runnablesInChains = [57,24,33,54,5,63,79,47,30,44,13,40,49,43,96,37,53,15,43,11,73,80,45,94,63,88,24,22,88,34,2,20,56,85,37,10,12,96,9,77,3,37];

processingTimesOfMessages = [[1,1],[1,1,1],[1,1,1,1],[1],[1,1,1,1],[1,1,1],[1,1,1],[1,1,1,1],[1,1],[1,1,1,1,1,1,1],[1,1,1],[1,1],[1,1],[1,1],[1,1],[1,1],[1,1,1,1,1],[1],[1,1,1,1,1],[1,1,1],[1,1,1,1],[1,1,1,1],[1,1,1,1],[1],[1,1,1],[1,1,1],[1,1],[1,1,1,1],[1,1],[1,1,1,1],[1,1,1,1,1],[1,1,1],[1,1,1,1],[1,1],[1,1],[1],[],[1,1,1,1],[1,1,1,1],[1,1,1],[1,1,1,1],[1,1,1,1],[1,1],[1,1,1],[1,1,1],[1,1,1,1,1],[1,1],[1,1,1,1],[1,1,1,1,1],[1],[1,1,1,1],[],[1,1,1],[1,1,1,1],[1,1],[],[1,1,1,1,1],[1,1,1,1,1],[],[1,1],[1],[1],[],[1,1],[1,1],[1,1],[1,1,1,1,1,1],[1,1,1],[1,1,1,1],[1],[1,1,1,1,1,1],[],[1,1,1],[1,1,1],[1,1],[],[1],[1,1,1,1,1,1],[1,1],[1],[],[1],[1,1,1,1,1,1,1],[],[1,1],[1,1,1,1,1],[1,1],[1,1,1],[],[1,1],[],[1],[1],[1,1],[],[1],[1,1],[1],[1,1],[1,1]];

processingTimesRunnables = [16,13,6,16,15,14,21,10,14,16,13,15,17,14,14,18,16,15,13,8,7,15,16,15,7,13,8,16,19,14,13,16,17,16,19,16,13,14,14,6,17,17,11,17,14,13,15,17,20,15,8,18,14,12,8,14,13,14,12,10,20,16,17,10,15,20,16,6,17,6,11,16,14,6,18,14,17,17,15,13,15,17,13,8,8,13,12,7,7,13,8,18,16,14,19,8,15,9,14,9];

periods = [50000,10000,20000,20000,20000,2000,100000,10000,10000,20000,10000,20000,1000,100000,20000,20000,100000,50000,10000,10000,100000,10000,10000,10000,10000,10000,10000,10000,100000,20000,100000,10000,10000,10000,10000,50000,20000,10000,10000,1000,20000,10000,20000,1000,20000,20000,20000,20000,20000,10000,5000,100000,20000,10000,20000,10000,10000,10000,10000,100000,10000,100000,20000,10000,10000,20000,100000,10000,20000,100000,20000,5000,10000,10000,100000,50000,10000,100000,20000,10000,10000,100000,10000,100000,20000,10000,100000,10000,20000,10000,10000,100000,100000,20000,2000,20000,20000,10000,100000,100000];

communicationTimeForOrderCriticalMessages = [1,1,1,1,1,1,1,1,1,1,1,1,1,1,1,1,1,1,1,1,1,1,1,1,1,1,1];

sizeOfRunnables = [1,1,1,1,1,1,1,1,1,1,1,1,1,1,1,1,1,1,1,1,1,1,1,1,1,1,1,1,1,1,1,1,1,1,1,1,1,1,1,1,1,1,1,1,1,1,1,1,1,1,1,1,1,1,1,1,1,1,1,1,1,1,1,1,1,1,1,1,1,1,1,1,1,1,1,1,1,1,1,1,1,1,1,1,1,1,1,1,1,1,1,1,1,1,1,1,1,1,1,1];

senderLabelReceiverOrderCriticalChains = [[57,353,0,0,24],[24,82,0,0,33],[33,210,0,0,54],[5,240,264,0,63],[79,321,0,0,47],[47,397,0,0,30],[44,8,215,0,13],[13,95,0,0,40],[49,385,0,0,43],[43,250,0,0,96],[96,22,0,0,37],[53,249,0,0,15],[15,57,0,0,43],[11,289,0,0,73],[73,388,0,0,80],[45,42,0,0,94],[94,174,0,0,63],[88,353,0,0,24],[22,298,0,0,88],[88,156,0,0,34],[2,81,0,0,20],[20,8,0,0,56],[85,385,0,0,37],[10,265,0,0,12],[12,134,0,0,96],[9,177,0,0,77],[3,210,0,0,37]];

senderLabelReceiverNonOrderCriticalChains = [[1,260,18],[1,272,15],[2,71,9],[2,81,20],[2,204,17],[3,13,4],[3,210,54],[3,210,91],[3,210,37],[4,329,96],[5,150,48],[5,188,12],[5,240,63],[5,264,63],[6,234,36],[6,259,95],[6,259,97],[7,180,52],[7,372,14],[7,372,92],[8,28,9],[8,28,89],[8,91,59],[8,199,29],[9,177,77],[9,177,84],[10,7,32],[10,7,37],[10,52,36],[10,52,49],[10,52,68],[10,109,26],[10,265,12],[11,102,24],[11,235,22],[11,289,73],[12,134,93],[12,134,96],[13,95,40],[13,215,44],[14,144,82],[14,254,21],[15,57,43],[15,96,46],[16,160,41],[16,267,6],[17,120,64],[17,282,79],[17,282,27],[17,333,66],[17,333,60],[18,276,23],[19,23,59],[19,65,25],[19,282,79],[19,282,27],[19,355,6],[20,8,13],[20,8,56],[20,101,16],[21,5,62],[21,177,77],[21,177,84],[21,328,38],[22,67,76],[22,176,28],[22,176,53],[22,298,88],[23,7,32],[23,7,37],[23,362,80],[23,362,95],[24,82,33],[25,3,58],[25,175,27],[25,245,35],[26,56,16],[26,56,94],[26,122,100],[27,6,91],[27,263,7],[28,309,81],[28,327,98],[28,380,89],[28,380,33],[29,220,84],[29,261,70],[30,56,16],[30,56,94],[30,115,50],[30,115,45],[31,225,55],[31,294,92],[31,294,84],[31,313,62],[31,343,52],[32,31,1],[32,290,57],[32,379,77],[33,107,86],[33,210,54],[33,210,91],[33,210,37],[34,40,74],[34,364,12],[35,171,42],[35,361,4],[36,370,76],[38,115,50],[38,115,45],[38,189,36],[38,299,65],[39,311,90],[39,354,70],[39,376,50],[39,377,59],[40,132,8],[40,178,11],[40,221,51],[41,149,85],[41,269,52],[41,269,26],[41,297,56],[42,28,9],[42,28,89],[42,70,81],[42,208,74],[43,224,47],[43,250,96],[44,8,13],[44,8,56],[44,36,30],[45,42,94],[45,269,52],[45,269,26],[46,100,85],[46,307,58],[46,307,61],[46,321,47],[46,321,55],[47,137,81],[47,397,30],[48,162,69],[48,162,3],[48,162,90],[48,198,94],[49,103,56],[49,294,92],[49,294,84],[49,385,37],[49,385,43],[50,257,61],[51,25,72],[51,172,84],[51,351,7],[51,351,72],[53,131,59],[53,249,15],[53,249,91],[54,305,4],[54,305,86],[54,307,58],[54,307,61],[55,77,85],[55,77,100],[57,52,36],[57,52,49],[57,52,68],[57,143,75],[57,353,24],[58,139,65],[58,139,72],[58,139,20],[58,174,63],[58,174,3],[60,10,75],[60,29,18],[61,89,64],[62,214,13],[64,305,4],[64,305,86],[65,44,68],[65,121,95],[66,342,79],[66,342,82],[67,97,72],[67,236,66],[67,342,79],[67,342,82],[67,362,80],[67,362,95],[68,227,76],[68,372,14],[68,372,92],[69,184,61],[69,231,44],[69,380,89],[69,380,33],[70,129,50],[71,48,98],[71,88,89],[71,139,65],[71,139,72],[71,139,20],[71,303,82],[73,176,28],[73,176,53],[73,388,80],[74,52,36],[74,52,49],[74,52,68],[75,333,66],[75,333,60],[77,24,1],[78,18,87],[78,41,99],[78,162,69],[78,162,3],[78,162,90],[78,291,93],[79,321,47],[79,321,55],[80,394,66],[82,80,87],[83,111,90],[83,139,65],[83,139,72],[83,139,20],[83,162,69],[83,162,3],[83,162,90],[85,385,37],[85,385,43],[86,210,54],[86,210,91],[86,210,37],[86,259,95],[86,259,97],[87,134,93],[87,134,96],[88,156,34],[88,229,29],[88,353,24],[90,351,7],[90,351,72],[92,213,2],[93,386,99],[94,174,63],[94,174,3],[96,22,37],[97,79,70],[97,288,64],[98,358,60],[99,77,85],[99,77,100],[100,249,15],[100,249,91]];

