numChains = 15;

numberOfTasksinChain = [3,5,3,5,5,3,7,5,7,3,3,3,7,5,7];

runnablesInChains = [72,59,1,81,40,36,83,84,45,21,87,14,73,63,96,28,30,19,2,18,8,62,11,82,76,46,61,22,56,32,71,81,97,72,90,69,4,11,94,34,91,71,67];

processingTimesOfMessages = [[1,1,1,1,1,1,1],[1,1,1,1],[1,1,1,1,1],[1,1,1,1,1],[1,1,1,1],[1,1,1,1,1,1,1,1],[1,1,1],[1,1,1,1],[1,1,1],[1,1,1,1,1,1],[1,1,1],[1,1,1,1,1,1,1],[1,1,1,1],[1,1,1],[1,1,1,1],[1,1,1,1,1,1,1,1],[1,1],[1],[1,1],[],[1,1,1,1],[1,1],[1,1,1],[1],[1,1,1,1],[1,1,1,1,1,1,1],[1,1],[1,1,1,1,1,1],[1,1,1,1],[1,1,1],[1,1,1,1,1],[1,1,1],[1],[1,1],[1,1,1,1,1],[1],[1],[1,1,1],[1,1],[],[],[1],[1,1,1],[1,1,1,1],[1],[1,1,1,1],[1,1],[1,1,1],[1],[1,1,1],[1,1,1],[1,1],[1],[1,1,1],[1,1,1],[1,1,1],[1,1,1,1,1,1],[1,1,1],[1,1,1],[1,1],[1,1,1],[],[1,1,1,1],[],[1,1,1,1,1,1,1,1,1,1],[1,1,1,1,1,1],[1,1],[1,1,1,1,1,1],[],[1,1,1],[1,1,1],[1,1,1],[1],[],[1],[1],[1,1,1,1,1,1],[1,1],[1,1,1],[1],[1,1],[1,1],[],[1,1],[],[],[1],[1,1],[],[1],[1,1],[1],[1],[],[],[1],[1],[1,1,1],[],[1]];

processingTimesRunnables = [10,17,9,6,19,15,21,16,9,13,15,7,10,8,7,20,18,17,17,8,17,14,8,8,16,6,10,16,17,6,7,21,15,13,17,17,11,16,13,9,13,16,6,6,9,14,19,9,12,14,13,17,9,16,17,16,8,16,19,15,14,12,15,15,17,19,7,15,16,13,17,14,11,18,19,8,16,13,17,15,20,18,9,6,8,21,7,13,16,7,10,14,17,14,17,7,6,10,14,16];

periods = [10000,20000,100000,20000,10000,10000,1000,20000,10000,50000,20000,100000,100000,20000,10000,10000,1000,20000,20000,1000,10000,20000,100000,20000,20000,100000,100000,20000,100000,20000,10000,100000,10000,10000,10000,100000,100000,20000,20000,10000,100000,10000,5000,10000,10000,20000,20000,100000,100000,10000,1000,5000,20000,50000,1000,100000,100000,20000,100000,20000,20000,20000,20000,10000,10000,100000,10000,1000,100000,1000,10000,100000,20000,10000,100000,20000,10000,10000,100000,100000,10000,20000,100000,10000,100000,100000,20000,20000,50000,100000,10000,100000,20000,20000,10000,20000,100000,10000,10000,1000];

communicationTimeForOrderCriticalMessages = [1,1,1,1,1,1,1,1,1,1,1,1,1,1,1,1,1,1,1,1,1,1,1,1,1,1,1,1];

sizeOfRunnables = [1,1,1,1,1,1,1,1,1,1,1,1,1,1,1,1,1,1,1,1,1,1,1,1,1,1,1,1,1,1,1,1,1,1,1,1,1,1,1,1,1,1,1,1,1,1,1,1,1,1,1,1,1,1,1,1,1,1,1,1,1,1,1,1,1,1,1,1,1,1,1,1,1,1,1,1,1,1,1,1,1,1,1,1,1,1,1,1,1,1,1,1,1,1,1,1,1,1,1,1];

senderLabelReceiverOrderCriticalChains = [[72,221,0,0,59],[1,83,0,0,81],[81,319,0,0,40],[36,13,0,0,83],[84,171,0,0,45],[45,35,0,0,21],[87,251,0,0,14],[14,317,0,0,73],[63,136,0,0,96],[28,188,0,0,30],[30,197,0,0,19],[19,185,0,0,2],[18,234,0,0,8],[8,174,0,0,62],[11,73,0,0,82],[82,270,0,0,76],[76,330,0,0,46],[61,314,0,0,22],[56,239,0,0,32],[71,332,0,0,81],[97,350,0,0,72],[72,322,0,0,90],[90,25,0,0,69],[4,354,0,0,11],[11,85,0,0,94],[34,61,0,0,91],[91,42,0,0,71],[71,290,0,0,67]];

senderLabelReceiverNonOrderCriticalChains = [[1,49,89],[1,83,81],[1,83,86],[1,127,34],[1,235,100],[1,235,24],[1,235,5],[2,94,4],[2,224,60],[2,224,36],[2,231,58],[3,78,34],[3,118,7],[3,259,41],[3,259,6],[3,289,27],[4,313,18],[4,313,74],[4,354,77],[4,354,11],[4,396,20],[5,22,21],[5,22,70],[5,84,44],[5,284,73],[6,124,87],[6,124,53],[6,124,85],[6,159,13],[6,159,33],[6,159,74],[6,159,50],[6,370,15],[7,11,20],[7,64,17],[7,248,20],[8,174,62],[8,235,100],[8,235,24],[8,235,5],[9,44,15],[9,253,44],[9,281,41],[10,165,92],[10,165,45],[10,183,54],[10,258,19],[10,354,77],[10,354,11],[11,73,82],[11,85,94],[11,154,18],[12,14,27],[12,105,76],[12,159,13],[12,159,33],[12,159,74],[12,159,50],[12,295,94],[13,51,41],[13,224,60],[13,224,36],[13,294,87],[14,313,18],[14,313,74],[14,317,73],[15,182,16],[15,182,95],[15,395,40],[15,395,47],[16,159,13],[16,159,33],[16,159,74],[16,159,50],[16,342,42],[16,342,60],[16,362,61],[16,362,64],[17,265,40],[17,276,20],[18,234,8],[19,113,22],[19,185,2],[21,42,17],[21,42,71],[21,385,37],[21,385,34],[22,22,21],[22,22,70],[23,206,36],[23,366,78],[23,366,94],[24,321,9],[25,60,75],[25,93,33],[25,93,63],[25,360,39],[26,104,38],[26,104,79],[26,237,29],[26,237,48],[26,310,80],[26,310,36],[26,372,49],[27,319,40],[27,319,24],[28,109,46],[28,109,86],[28,124,87],[28,124,53],[28,124,85],[28,188,30],[29,61,49],[29,61,91],[29,259,41],[29,259,6],[30,196,93],[30,196,96],[30,197,19],[31,67,38],[31,151,42],[31,332,81],[31,332,86],[31,337,62],[32,26,37],[32,385,37],[32,385,34],[33,343,67],[34,61,49],[34,61,91],[35,134,64],[35,165,92],[35,165,45],[35,175,23],[35,267,94],[36,13,83],[37,373,92],[38,155,87],[38,345,39],[38,345,51],[39,342,42],[39,342,60],[42,302,74],[43,21,52],[43,37,49],[43,340,52],[44,212,64],[44,212,43],[44,213,73],[44,213,90],[45,35,21],[46,103,62],[46,103,88],[46,395,40],[46,395,47],[47,62,53],[47,119,71],[48,95,78],[48,104,38],[48,104,79],[49,369,97],[50,82,52],[50,82,91],[50,199,89],[51,278,48],[51,364,75],[51,364,89],[52,196,93],[52,196,96],[53,301,63],[54,33,80],[54,364,75],[54,364,89],[55,226,70],[55,256,68],[55,293,18],[56,68,22],[56,230,83],[56,239,32],[57,83,81],[57,83,86],[57,109,46],[57,109,86],[57,378,69],[57,378,95],[58,103,62],[58,103,88],[58,315,41],[59,328,84],[59,362,61],[59,362,64],[60,54,59],[60,54,74],[61,100,50],[61,100,85],[61,314,22],[63,136,95],[63,136,96],[63,345,39],[63,345,51],[65,159,13],[65,159,33],[65,159,74],[65,159,50],[65,182,16],[65,182,95],[65,220,56],[65,235,100],[65,235,24],[65,235,5],[66,19,28],[66,100,50],[66,100,85],[66,310,80],[66,310,36],[66,379,69],[67,213,73],[67,213,90],[68,124,87],[68,124,53],[68,124,85],[68,212,64],[68,212,43],[68,380,67],[70,93,33],[70,93,63],[70,247,54],[71,290,67],[71,332,81],[71,332,86],[72,128,8],[72,221,59],[72,322,90],[73,252,100],[75,66,90],[76,330,46],[77,82,52],[77,82,91],[77,366,78],[77,366,94],[77,378,69],[77,378,95],[78,136,95],[78,136,96],[79,54,59],[79,54,74],[79,288,83],[80,23,85],[81,319,40],[81,319,24],[82,79,57],[82,270,76],[84,27,24],[84,171,45],[87,251,14],[88,166,93],[88,228,99],[90,25,69],[91,42,17],[91,42,71],[92,216,97],[93,24,23],[96,112,78],[97,350,72],[98,70,99],[98,131,99],[98,194,99],[100,299,97]];

