numChains = 15;

numberOfTasksinChain = [3,3,5,5,7,5,3,5,3,5,3,7,7,3,3];

runnablesInChains = [72,42,44,16,37,56,29,67,62,43,64,19,86,71,61,93,18,51,87,25,83,35,82,39,24,79,11,65,20,50,51,78,11,21,52,32,57,77,52,60,58];

processingTimesOfMessages = [[1,1,1],[1,1],[1,1,1],[1,1,1,1],[1,1,1],[1,1,1,1],[1,1,1,1,1,1,1,1,1],[1,1,1],[1],[1,1,1,1,1,1,1],[1,1],[1,1,1,1,1],[1,1,1],[1,1,1,1,1,1,1],[1,1,1,1],[1,1],[1,1,1],[1,1,1,1,1],[1,1,1,1,1],[1,1,1,1,1,1],[1,1],[1,1,1,1,1,1],[1,1,1],[1,1,1],[1,1,1],[1,1,1,1,1],[1,1,1,1],[1,1,1],[1,1,1],[1,1,1,1],[1,1,1,1],[1,1],[1],[1,1,1,1,1,1],[1,1],[1,1,1,1],[1,1,1,1,1],[1,1],[1,1],[1,1,1,1,1,1],[1,1],[1,1],[1,1,1],[1,1,1],[1],[1,1,1],[1,1,1,1],[1,1],[1],[1,1,1,1,1],[1,1],[1],[1],[1],[1,1],[1,1,1,1],[1],[1,1],[1],[1],[1,1,1,1],[1,1,1,1],[1,1,1,1],[1,1],[1,1],[1,1,1,1,1,1,1],[1,1,1,1],[],[],[1,1,1],[1],[1,1,1,1],[],[1,1,1,1],[1,1,1],[1,1],[1,1,1,1],[1,1],[1,1],[1,1],[],[1],[1,1,1],[1,1,1,1,1],[],[1,1,1,1],[],[1],[1],[1,1,1,1],[1],[1],[1],[1,1,1],[1],[1,1],[],[1],[],[1,1]];

processingTimesRunnables = [18,16,10,14,13,8,14,12,17,19,18,6,19,13,21,13,14,19,17,16,17,12,12,17,8,16,15,16,17,15,14,13,8,12,14,17,7,14,10,10,9,16,17,14,6,16,17,13,17,17,18,17,16,5,12,15,21,16,16,6,21,18,14,10,11,13,8,16,21,17,12,19,18,20,15,16,19,8,17,13,21,15,13,17,18,12,15,16,14,16,20,19,8,9,14,18,13,17,13,19];

periods = [100000,100000,20000,10000,10000,20000,10000,10000,100000,100000,100000,20000,100000,10000,10000,20000,10000,10000,20000,20000,10000,10000,20000,100000,100000,20000,10000,20000,100000,20000,10000,10000,10000,10000,100000,20000,100000,10000,10000,20000,20000,100000,1000,20000,10000,20000,10000,20000,20000,100000,100000,10000,10000,100000,50000,100000,10000,2000,20000,2000,10000,1000,10000,20000,20000,100000,1000,10000,20000,100000,20000,100000,20000,20000,10000,20000,10000,100000,100000,100000,10000,10000,100000,1000,10000,20000,100000,10000,20000,20000,100000,1000,10000,100000,20000,20000,20000,20000,20000,100000];

communicationTimeForOrderCriticalMessages = [1,1,1,1,1,1,1,1,1,1,1,1,1,1,1,1,1,1,1,1,1,1,1,1,1,1];

sizeOfRunnables = [1,1,1,1,1,1,1,1,1,1,1,1,1,1,1,1,1,1,1,1,1,1,1,1,1,1,1,1,1,1,1,1,1,1,1,1,1,1,1,1,1,1,1,1,1,1,1,1,1,1,1,1,1,1,1,1,1,1,1,1,1,1,1,1,1,1,1,1,1,1,1,1,1,1,1,1,1,1,1,1,1,1,1,1,1,1,1,1,1,1,1,1,1,1,1,1,1,1,1,1];

senderLabelReceiverOrderCriticalChains = [[72,196,0,0,42],[44,56,0,0,16],[37,72,0,0,56],[56,118,0,0,29],[67,26,330,0,62],[62,142,0,0,43],[64,259,0,0,19],[19,369,0,0,86],[86,209,0,0,71],[61,183,0,0,93],[93,24,0,0,18],[51,82,0,0,87],[25,7,0,0,83],[83,109,0,0,35],[82,380,0,0,39],[24,392,0,0,79],[79,155,0,0,11],[65,374,0,0,20],[50,178,0,0,51],[51,366,0,0,78],[78,54,0,0,11],[21,119,0,0,52],[52,92,0,0,32],[32,154,0,0,57],[77,155,0,0,52],[60,234,360,0,58]];

senderLabelReceiverNonOrderCriticalChains = [[1,5,3],[1,240,2],[1,240,68],[2,68,54],[2,283,72],[3,18,59],[3,197,81],[3,400,9],[4,43,5],[4,122,63],[4,138,33],[4,138,32],[5,38,8],[5,289,33],[5,289,43],[6,39,94],[6,188,51],[6,341,97],[6,355,12],[7,98,30],[7,98,42],[7,98,45],[7,98,68],[7,115,79],[7,293,76],[7,293,53],[7,293,42],[7,309,35],[8,79,95],[8,79,88],[8,216,28],[9,241,10],[10,98,30],[10,98,42],[10,98,45],[10,98,68],[10,106,13],[10,106,55],[10,368,44],[11,23,8],[11,83,29],[12,7,83],[12,7,92],[12,227,26],[12,289,33],[12,289,43],[13,114,25],[13,224,18],[13,339,24],[14,65,84],[14,65,91],[14,138,33],[14,138,32],[14,178,51],[14,178,21],[14,201,15],[15,311,69],[15,322,64],[15,328,64],[15,328,38],[16,14,48],[16,352,79],[17,11,75],[17,46,84],[17,378,24],[18,6,34],[18,6,43],[18,6,85],[18,6,100],[18,45,19],[19,369,1],[19,369,86],[19,369,88],[19,371,23],[19,371,73],[20,4,49],[20,4,68],[20,4,80],[20,369,1],[20,369,86],[20,369,88],[21,119,52],[21,125,66],[22,6,34],[22,6,43],[22,6,85],[22,6,100],[22,273,74],[22,294,39],[23,343,36],[23,343,85],[23,359,78],[24,72,28],[24,72,56],[24,392,79],[25,7,83],[25,7,92],[25,149,37],[26,4,49],[26,4,68],[26,4,80],[26,59,61],[26,59,69],[27,168,38],[27,193,68],[27,320,47],[27,320,98],[28,89,69],[28,240,2],[28,240,68],[29,20,20],[29,106,13],[29,106,55],[30,293,76],[30,293,53],[30,293,42],[30,327,96],[31,2,54],[31,183,93],[31,183,59],[31,268,39],[32,154,57],[32,333,82],[33,269,53],[34,98,30],[34,98,42],[34,98,45],[34,98,68],[34,320,47],[34,320,98],[35,263,50],[35,265,4],[36,9,9],[36,9,88],[36,361,45],[36,384,22],[37,63,27],[37,72,28],[37,72,56],[37,210,73],[37,210,45],[38,31,75],[38,198,90],[39,210,73],[39,210,45],[40,86,25],[40,165,49],[40,209,71],[40,209,41],[40,313,99],[40,313,41],[41,19,69],[41,173,44],[42,259,19],[42,259,60],[43,293,76],[43,293,53],[43,293,42],[44,56,16],[44,79,95],[44,79,88],[45,21,48],[46,276,71],[46,303,89],[46,315,89],[47,13,77],[47,118,86],[47,118,85],[47,118,29],[48,179,70],[48,362,73],[49,225,96],[50,108,83],[50,178,51],[50,178,21],[50,328,64],[50,328,38],[51,82,87],[51,366,78],[52,92,32],[53,105,16],[54,364,87],[55,147,80],[55,185,65],[56,64,94],[56,118,86],[56,118,85],[56,118,29],[57,258,1],[58,360,87],[58,360,60],[59,143,97],[60,234,58],[61,183,93],[61,183,59],[61,343,36],[61,343,85],[62,26,58],[62,26,67],[62,142,43],[62,395,52],[63,354,82],[63,369,1],[63,369,86],[63,369,88],[64,259,19],[64,259,60],[65,121,71],[65,374,20],[66,6,34],[66,6,43],[66,6,85],[66,6,100],[66,54,91],[66,54,11],[66,397,49],[67,146,60],[67,313,99],[67,313,41],[67,330,62],[70,338,87],[70,360,87],[70,360,60],[71,239,2],[72,118,86],[72,118,85],[72,118,29],[72,196,42],[74,65,84],[74,65,91],[74,159,9],[74,365,57],[75,238,93],[75,371,23],[75,371,73],[76,30,98],[76,398,89],[77,155,52],[77,155,11],[77,357,81],[77,386,81],[78,54,91],[78,54,11],[79,155,52],[79,155,11],[80,59,61],[80,59,69],[82,380,39],[83,67,23],[83,67,95],[83,109,35],[84,98,30],[84,98,42],[84,98,45],[84,98,68],[84,372,21],[86,67,23],[86,67,95],[86,209,71],[86,209,41],[88,57,92],[89,255,99],[90,4,49],[90,4,68],[90,4,80],[90,356,97],[91,184,73],[92,324,5],[93,24,18],[94,26,58],[94,26,67],[94,187,30],[95,256,97],[96,9,9],[96,9,88],[98,332,99],[100,100,85],[100,133,98]];

