numChains = 15;

numberOfTasksinChain = [5,5,3,3,7,5,7,5,3,3,7,5,3,7,7];

runnablesInChains = [40,25,87,9,32,98,76,10,33,93,48,76,58,21,78,68,45,12,38,41,97,30,86,37,85,40,82,20,57,17,28,71,89,6,84,74,42,34,98,75,42,69,46,91,62];

processingTimesOfMessages = [[1,1,1],[1,1,1,1,1,1,1],[1,1,1],[1,1,1],[1,1,1],[1,1,1,1],[1,1,1],[1,1,1,1],[1,1,1],[],[1,1,1],[1,1,1,1],[1,1,1],[],[1,1],[1,1,1],[1,1],[1,1,1],[1,1,1],[1,1,1],[1,1,1,1],[1,1],[1,1],[1,1,1],[1,1,1],[1,1,1,1,1],[1,1,1],[1,1,1],[1,1,1,1],[1,1,1,1],[],[1,1],[1,1],[1,1,1,1,1,1],[1,1,1,1],[1,1],[1,1],[1,1,1,1,1],[1],[1,1],[1,1,1,1],[],[1,1,1,1],[1],[1,1,1],[1,1,1,1,1],[1,1,1],[1,1,1],[],[1,1,1,1],[1,1],[],[1],[1,1],[1,1,1,1],[1,1,1,1,1],[1,1,1,1,1],[1,1,1,1],[1,1],[1],[1],[1],[1,1,1],[1,1,1],[1],[1],[1,1,1,1],[1,1,1,1],[1,1,1,1],[1],[1,1,1],[1],[1],[1,1,1,1],[1],[1,1,1],[1,1,1],[1,1,1,1,1,1,1],[1,1],[1,1,1],[1,1,1,1,1],[1,1],[1],[1,1],[1,1],[1,1,1,1,1],[],[1,1],[1],[],[1,1],[],[1,1],[1,1,1,1],[1,1],[],[],[1],[1],[1,1,1]];

processingTimesRunnables = [15,13,16,15,16,21,10,12,19,8,8,17,13,21,10,8,11,11,8,20,13,15,15,9,16,13,9,13,19,19,15,21,10,15,13,16,17,18,19,13,10,6,12,13,14,19,17,21,16,16,14,13,15,13,18,10,16,14,7,13,5,9,21,14,12,14,17,11,7,13,16,16,16,10,16,15,18,20,21,17,16,18,16,15,16,11,14,16,20,9,20,17,17,14,11,16,10,19,6,11];

periods = [20000,10000,20000,20000,20000,10000,10000,20000,20000,20000,20000,100000,10000,2000,10000,10000,10000,10000,100000,20000,20000,50000,10000,20000,100000,10000,10000,10000,20000,100000,10000,20000,10000,20000,100000,20000,100000,100000,20000,100000,100000,20000,5000,10000,100000,20000,10000,20000,10000,10000,20000,10000,50000,10000,20000,10000,10000,20000,10000,1000,20000,20000,10000,20000,10000,20000,10000,100000,20000,5000,10000,10000,100000,20000,20000,20000,100000,100000,10000,20000,20000,20000,20000,10000,100000,100000,100000,20000,10000,10000,20000,100000,10000,10000,20000,100000,100000,20000,10000,20000];

communicationTimeForOrderCriticalMessages = [1,1,1,1,1,1,1,1,1,1,1,1,1,1,1,1,1,1,1,1,1,1,1,1,1,1,1,1,1,1];

sizeOfRunnables = [1,1,1,1,1,1,1,1,1,1,1,1,1,1,1,1,1,1,1,1,1,1,1,1,1,1,1,1,1,1,1,1,1,1,1,1,1,1,1,1,1,1,1,1,1,1,1,1,1,1,1,1,1,1,1,1,1,1,1,1,1,1,1,1,1,1,1,1,1,1,1,1,1,1,1,1,1,1,1,1,1,1,1,1,1,1,1,1,1,1,1,1,1,1,1,1,1,1,1,1];

senderLabelReceiverOrderCriticalChains = [[40,355,0,0,25],[25,282,0,0,87],[9,158,0,0,32],[32,20,0,0,98],[76,165,0,0,10],[33,209,0,0,93],[48,270,0,0,76],[76,327,0,0,58],[58,301,0,0,21],[78,63,292,0,68],[68,63,0,0,45],[12,41,0,0,38],[38,284,0,0,41],[41,63,0,0,97],[30,358,0,0,86],[86,302,0,0,37],[85,245,0,0,40],[82,173,0,0,20],[57,299,0,0,17],[17,145,0,0,28],[28,187,0,0,71],[89,86,0,0,6],[6,33,0,0,84],[74,217,0,0,42],[34,305,0,0,98],[98,142,0,0,75],[75,24,0,0,42],[69,90,0,0,46],[46,3,0,0,91],[91,119,0,0,62]];

senderLabelReceiverNonOrderCriticalChains = [[1,7,52],[1,288,5],[1,351,3],[2,21,15],[2,21,92],[2,90,46],[2,90,75],[2,292,23],[2,292,68],[2,308,59],[3,152,4],[3,167,47],[3,167,63],[4,133,36],[4,171,8],[4,171,99],[5,108,9],[5,108,21],[5,298,10],[6,17,7],[6,33,84],[6,33,87],[6,91,13],[7,177,68],[7,177,83],[7,328,15],[8,38,48],[8,92,36],[8,92,39],[8,281,42],[9,158,83],[9,158,32],[9,335,62],[11,231,43],[11,307,34],[11,356,14],[12,41,38],[12,184,19],[12,184,79],[12,297,66],[13,141,52],[13,159,11],[13,271,35],[15,286,66],[15,286,16],[16,101,17],[16,139,31],[16,139,99],[17,145,28],[17,370,59],[18,46,52],[18,120,77],[18,120,80],[19,44,73],[19,44,95],[19,321,97],[20,149,54],[20,354,10],[20,354,12],[21,167,47],[21,167,63],[21,304,14],[21,304,91],[22,201,53],[22,359,53],[23,342,4],[23,375,40],[24,193,61],[24,193,19],[24,250,61],[25,25,44],[25,282,87],[25,329,85],[26,9,67],[26,18,65],[26,106,33],[26,106,98],[26,214,97],[27,40,89],[27,48,65],[27,203,31],[28,187,71],[28,286,66],[28,286,16],[29,54,75],[29,237,66],[29,237,76],[29,255,23],[30,221,1],[30,221,70],[30,358,86],[30,358,96],[32,20,22],[32,20,98],[33,209,93],[33,365,49],[34,92,36],[34,92,39],[34,193,61],[34,193,19],[34,305,69],[34,305,98],[35,44,73],[35,44,95],[35,341,20],[35,381,5],[36,295,22],[36,295,44],[37,396,49],[37,396,56],[38,79,16],[38,79,60],[38,128,27],[38,128,87],[38,284,41],[39,350,72],[40,355,3],[40,355,25],[41,63,45],[41,63,96],[41,63,97],[41,202,96],[43,196,30],[43,221,1],[43,221,70],[43,266,50],[44,163,93],[45,112,94],[45,139,31],[45,139,99],[46,3,91],[46,3,100],[46,251,15],[46,295,22],[46,295,44],[47,108,9],[47,108,21],[47,229,65],[48,106,33],[48,106,98],[48,270,76],[50,20,22],[50,20,98],[50,79,16],[50,79,60],[51,223,90],[51,383,41],[53,5,90],[54,73,89],[54,186,9],[55,37,64],[55,237,66],[55,237,76],[55,384,37],[56,21,15],[56,21,92],[56,88,32],[56,380,79],[56,380,72],[57,215,33],[57,215,82],[57,299,17],[57,305,69],[57,305,98],[58,12,70],[58,164,72],[58,164,81],[58,301,21],[59,184,19],[59,184,79],[60,50,82],[61,35,60],[62,285,14],[63,164,72],[63,164,81],[63,253,62],[64,303,69],[64,318,92],[64,346,49],[65,82,30],[66,102,18],[67,354,10],[67,354,12],[67,355,3],[67,355,25],[68,63,45],[68,63,96],[68,63,97],[68,238,70],[69,90,46],[69,90,75],[69,215,33],[69,215,82],[70,289,92],[71,345,89],[71,380,79],[71,380,72],[72,340,51],[73,109,85],[74,174,82],[74,217,42],[74,291,88],[74,373,73],[75,24,42],[76,165,10],[76,165,18],[76,327,58],[77,280,85],[77,358,86],[77,358,96],[78,33,84],[78,33,87],[78,63,45],[78,63,96],[78,63,97],[78,292,23],[78,292,68],[79,173,20],[79,173,90],[80,23,87],[80,304,14],[80,304,91],[81,113,7],[81,177,68],[81,177,83],[81,302,37],[81,302,73],[82,173,20],[82,173,90],[83,96,63],[84,339,94],[84,353,39],[85,245,40],[85,245,52],[86,165,10],[86,165,18],[86,302,37],[86,302,73],[86,361,24],[88,226,14],[88,243,95],[89,86,6],[91,119,62],[91,188,50],[93,120,77],[93,120,80],[94,3,91],[94,3,100],[94,171,8],[94,171,99],[95,245,40],[95,245,52],[98,142,75],[99,137,55],[100,98,31],[100,128,27],[100,128,87]];

