numChains = 15;

numberOfTasksinChain = [7,3,5,7,5,7,7,7,7,5,5,5,3,3,7];

runnablesInChains = [40,68,58,84,47,94,88,91,28,82,23,32,29,63,85,87,20,5,56,93,50,70,26,87,2,15,4,13,7,75,3,86,96,74,18,8,54,21,12,23,79,48,60,66,37,95,1,88,33];

processingTimesOfMessages = [[1,1,1,1],[1,1,1,1,1],[1,1,1,1],[1,1],[1,1,1,1],[1,1,1],[1,1,1,1,1],[1,1,1],[1,1,1,1,1],[1,1,1,1,1],[1,1,1],[1,1,1,1],[1,1],[1,1,1],[1,1],[1,1,1,1,1,1],[1],[1,1,1,1,1],[1,1],[1,1],[1],[1,1],[1,1,1,1],[1,1],[],[1,1],[1,1],[1,1,1],[1,1,1],[1,1,1,1],[1,1,1],[1,1,1],[1,1,1,1],[1,1,1,1],[1,1,1,1],[1,1],[1,1],[1,1,1,1,1,1],[1,1,1,1,1],[1,1],[1],[1],[1,1,1],[1],[1],[1,1],[1,1,1,1,1,1],[1,1,1,1,1],[1],[1,1,1],[1],[1,1,1],[1],[1,1],[1,1,1,1],[1,1,1,1],[1,1,1,1],[1],[],[1,1,1],[1],[1,1,1,1],[1,1,1,1,1,1],[1,1],[1],[1,1],[1,1,1,1],[1,1,1,1,1],[1,1],[1],[],[],[],[1,1,1],[1,1],[1],[1],[1],[],[1,1,1,1],[],[1,1],[1,1,1,1],[],[1,1],[],[],[1,1],[1],[1,1,1,1],[1,1,1],[1,1,1],[1],[],[1,1,1],[1],[1],[1,1],[1],[1,1]];

processingTimesRunnables = [10,13,21,13,16,14,17,21,8,15,16,17,18,9,9,16,21,7,14,14,7,20,17,6,16,9,10,14,6,17,14,11,17,7,18,17,16,18,9,16,17,15,20,14,17,11,17,16,21,10,15,14,18,11,16,7,10,17,13,6,8,10,15,18,19,16,15,18,17,13,11,13,16,11,18,10,14,8,17,8,8,7,9,20,18,18,13,6,16,15,21,11,13,20,15,14,7,15,14,17];

periods = [100000,100000,10000,100000,20000,100000,10000,10000,100000,2000,50000,20000,100000,10000,100000,5000,2000,10000,10000,20000,10000,20000,20000,10000,10000,20000,100000,100000,20000,100000,20000,20000,100000,1000,100000,10000,50000,20000,10000,1000,10000,20000,10000,100000,10000,2000,10000,10000,5000,20000,10000,10000,100000,10000,10000,20000,20000,1000,2000,10000,5000,5000,20000,10000,10000,50000,10000,1000,20000,20000,5000,10000,10000,10000,10000,10000,10000,10000,20000,100000,10000,20000,5000,1000,20000,10000,20000,100000,10000,100000,100000,100000,20000,10000,100000,10000,5000,5000,20000,100000];

communicationTimeForOrderCriticalMessages = [1,1,1,1,1,1,1,1,1,1,1,1,1,1,1,1,1,1,1,1,1,1,1,1,1,1,1,1,1,1,1,1,1,1];

sizeOfRunnables = [1,1,1,1,1,1,1,1,1,1,1,1,1,1,1,1,1,1,1,1,1,1,1,1,1,1,1,1,1,1,1,1,1,1,1,1,1,1,1,1,1,1,1,1,1,1,1,1,1,1,1,1,1,1,1,1,1,1,1,1,1,1,1,1,1,1,1,1,1,1,1,1,1,1,1,1,1,1,1,1,1,1,1,1,1,1,1,1,1,1,1,1,1,1,1,1,1,1,1,1];

senderLabelReceiverOrderCriticalChains = [[40,37,0,0,68],[68,5,0,0,58],[58,363,0,0,84],[47,28,0,0,94],[88,334,0,0,91],[91,34,0,0,28],[82,303,0,0,23],[23,231,0,0,32],[32,310,0,0,29],[63,379,0,0,85],[85,40,0,0,87],[20,248,0,0,5],[5,13,253,0,56],[56,34,0,0,93],[50,111,0,0,70],[70,266,0,0,26],[26,22,0,0,87],[2,370,0,0,15],[15,325,0,0,4],[4,347,0,0,13],[7,156,0,0,75],[75,13,0,0,3],[3,300,0,0,86],[96,384,0,0,74],[74,262,0,0,18],[8,247,0,0,54],[54,241,0,0,21],[12,340,0,0,23],[23,82,0,0,79],[48,289,0,0,60],[66,166,309,0,37],[95,62,239,0,1],[1,137,0,0,88],[88,136,137,0,33]];

senderLabelReceiverNonOrderCriticalChains = [[1,62,95],[1,137,25],[1,137,88],[1,336,6],[2,35,30],[2,370,15],[2,370,25],[2,370,27],[2,383,27],[3,257,52],[3,300,20],[3,300,86],[3,358,8],[4,182,91],[4,347,13],[5,13,3],[5,13,56],[5,135,12],[5,253,56],[6,310,29],[6,310,43],[6,318,15],[7,89,8],[7,89,70],[7,156,75],[7,175,72],[7,291,51],[8,38,9],[8,247,27],[8,247,54],[9,79,89],[9,247,27],[9,247,54],[9,361,97],[9,361,95],[10,9,46],[10,77,17],[10,153,17],[10,153,67],[10,348,79],[11,49,37],[11,102,41],[11,102,37],[12,10,51],[12,288,14],[12,288,30],[12,340,23],[13,154,28],[13,188,44],[14,53,19],[14,147,52],[14,229,48],[15,325,4],[15,386,32],[16,82,25],[16,82,70],[16,82,79],[16,214,49],[16,328,89],[16,328,35],[17,54,16],[18,128,82],[18,128,76],[18,213,88],[18,293,35],[18,293,44],[19,124,42],[19,343,36],[20,225,22],[20,248,5],[21,81,50],[22,17,31],[22,130,6],[23,82,25],[23,82,70],[23,82,79],[23,231,32],[24,235,72],[24,235,46],[26,22,87],[26,70,59],[27,288,14],[27,288,30],[28,184,94],[28,293,35],[28,293,44],[29,282,100],[29,282,57],[29,314,87],[30,235,72],[30,235,46],[30,282,100],[30,282,57],[31,76,2],[31,155,99],[31,168,63],[32,308,65],[32,310,29],[32,310,43],[33,137,25],[33,137,88],[33,171,81],[33,362,41],[34,129,24],[34,129,84],[34,283,58],[34,393,40],[35,277,51],[35,277,64],[35,306,53],[35,306,73],[36,226,71],[36,260,72],[37,166,66],[37,166,45],[38,146,42],[38,191,13],[38,249,54],[38,249,69],[38,328,89],[38,328,35],[39,14,94],[39,102,41],[39,102,37],[39,306,53],[39,306,73],[40,37,68],[40,390,21],[41,345,46],[42,299,58],[43,140,79],[43,140,86],[43,181,65],[44,190,53],[45,178,81],[46,111,45],[46,111,70],[47,28,94],[47,30,22],[47,89,8],[47,89,70],[47,277,51],[47,277,64],[48,249,54],[48,249,69],[48,289,60],[48,361,97],[48,361,95],[49,114,84],[50,111,45],[50,111,70],[50,118,76],[51,278,96],[52,65,69],[52,65,78],[52,65,80],[53,71,40],[54,241,21],[54,280,96],[55,16,73],[55,88,59],[55,117,92],[55,158,93],[56,34,28],[56,34,93],[56,129,24],[56,129,84],[57,227,59],[57,227,94],[57,313,87],[57,350,79],[58,363,84],[60,50,86],[60,106,49],[60,327,61],[61,276,44],[62,67,98],[62,108,19],[62,121,71],[62,312,71],[63,65,69],[63,65,78],[63,65,80],[63,140,79],[63,140,86],[63,379,85],[64,217,59],[64,323,81],[65,263,73],[66,201,97],[66,309,37],[67,92,77],[67,116,86],[67,227,59],[67,227,94],[68,5,58],[68,82,25],[68,82,70],[68,82,79],[68,356,39],[69,128,82],[69,128,76],[70,266,26],[74,262,18],[74,367,75],[74,389,78],[75,13,3],[75,13,56],[76,105,81],[77,96,61],[78,131,83],[80,109,66],[80,370,15],[80,370,25],[80,370,27],[82,148,77],[82,303,23],[83,21,11],[83,21,45],[83,150,43],[83,221,20],[85,40,87],[85,298,36],[88,136,33],[88,334,91],[89,339,100],[90,127,92],[90,166,66],[90,166,45],[90,177,98],[91,34,28],[91,34,93],[91,186,24],[92,65,69],[92,65,78],[92,65,80],[93,267,99],[95,21,11],[95,21,45],[95,239,1],[96,384,74],[97,192,34],[98,153,17],[98,153,67],[99,220,24],[100,300,20],[100,300,86]];

