numChains = 15;

numberOfTasksinChain = [7,3,7,5,7,3,5,5,5,3,7,5,3,7,5];

runnablesInChains = [37,57,63,67,73,78,100,6,21,69,33,19,62,85,60,58,50,45,41,92,36,33,8,35,86,79,90,32,99,36,71,53,63,18,94,25,85,16,91,97,49,76,8,82,79,77];

processingTimesOfMessages = [[1,1],[1,1,1,1],[1,1,1,1],[1,1,1,1,1],[1,1,1,1],[1,1,1],[1,1,1],[1,1],[1,1,1],[1],[1,1,1,1,1],[1,1,1,1],[1,1,1,1],[1,1,1,1],[1,1,1],[1,1,1,1,1],[1,1,1,1,1,1,1,1,1],[1],[1],[1,1,1],[1,1,1,1],[1],[1,1,1,1,1],[1,1,1,1],[1,1,1],[1,1],[1,1,1,1,1],[1,1,1],[1,1],[1,1,1,1],[],[1],[1,1],[1,1,1],[1,1,1,1],[1],[1,1],[1,1,1,1,1],[1,1],[1,1],[1],[1],[1,1,1],[1,1,1,1,1],[1,1],[1,1,1],[1,1,1],[1,1],[1,1],[1,1,1,1],[1,1],[1,1,1,1,1],[1,1],[1,1],[1,1,1,1],[1,1,1,1,1,1,1],[1,1,1],[1,1,1],[1,1],[1],[1],[1],[1,1],[1],[1,1,1,1],[1],[],[1,1],[1,1,1],[1,1],[1,1,1],[1,1],[1,1],[],[1,1],[1,1],[1],[1,1],[1,1,1,1,1,1],[1,1],[1,1],[1,1,1],[],[1],[1],[],[1],[1,1,1,1,1],[1],[1],[],[1],[1,1,1,1],[1,1],[1],[1,1,1],[1],[1],[1,1],[1,1,1]];

processingTimesRunnables = [8,17,18,16,21,7,13,16,5,14,15,14,15,10,14,14,12,17,16,10,13,16,9,16,15,13,15,14,8,17,14,15,17,11,16,10,12,8,19,21,15,16,15,20,9,13,6,16,10,14,17,19,14,9,15,16,8,17,15,8,11,10,10,12,20,21,16,14,14,21,15,19,6,10,14,11,18,8,12,8,9,14,13,15,11,7,15,17,13,13,9,20,7,11,13,17,18,17,17,14];

periods = [10000,100000,100000,50000,10000,2000,1000,10000,20000,10000,20000,20000,50000,10000,20000,20000,1000,10000,100000,20000,2000,10000,1000,10000,20000,1000,20000,20000,10000,100000,20000,100000,100000,100000,10000,100000,10000,20000,50000,20000,20000,1000,20000,10000,20000,10000,100000,20000,10000,20000,20000,20000,10000,20000,20000,1000,10000,20000,20000,20000,100000,100000,10000,20000,5000,100000,10000,20000,2000,10000,10000,100000,20000,100000,20000,10000,100000,20000,100000,100000,50000,100000,20000,50000,20000,10000,5000,10000,1000,100000,20000,100000,50000,20000,20000,100000,10000,20000,100000,2000];

communicationTimeForOrderCriticalMessages = [1,1,1,1,1,1,1,1,1,1,1,1,1,1,1,1,1,1,1,1,1,1,1,1,1,1,1,1,1,1,1];

sizeOfRunnables = [1,1,1,1,1,1,1,1,1,1,1,1,1,1,1,1,1,1,1,1,1,1,1,1,1,1,1,1,1,1,1,1,1,1,1,1,1,1,1,1,1,1,1,1,1,1,1,1,1,1,1,1,1,1,1,1,1,1,1,1,1,1,1,1,1,1,1,1,1,1,1,1,1,1,1,1,1,1,1,1,1,1,1,1,1,1,1,1,1,1,1,1,1,1,1,1,1,1,1,1];

senderLabelReceiverOrderCriticalChains = [[37,291,0,0,57],[57,284,0,0,63],[63,352,0,0,67],[73,108,0,0,78],[100,272,0,0,6],[6,279,0,0,21],[21,374,0,0,69],[33,223,0,0,19],[19,378,0,0,62],[85,276,0,0,60],[60,117,0,0,58],[58,275,0,0,50],[45,342,0,0,41],[92,157,0,0,36],[36,399,0,0,33],[8,47,0,0,35],[35,106,0,0,86],[79,221,292,0,90],[90,200,0,0,32],[99,158,0,0,36],[71,232,0,0,53],[53,104,0,0,63],[63,392,0,0,18],[94,391,0,0,25],[25,68,0,0,85],[16,279,0,0,91],[97,85,0,0,49],[49,110,0,0,76],[76,139,0,0,8],[82,215,0,0,79],[79,128,0,0,77]];

senderLabelReceiverNonOrderCriticalChains = [[1,136,29],[1,136,9],[2,211,15],[2,257,18],[2,300,1],[2,353,96],[3,42,62],[3,220,34],[3,342,31],[3,342,41],[4,170,45],[4,272,6],[4,272,61],[4,278,94],[4,278,39],[5,30,14],[5,121,83],[5,240,8],[5,282,71],[6,279,23],[6,279,21],[6,279,91],[7,53,83],[7,191,84],[7,331,42],[8,47,35],[8,206,10],[9,241,91],[9,241,20],[9,274,40],[10,45,67],[11,26,3],[11,26,64],[11,221,68],[11,221,22],[11,221,90],[12,115,26],[12,115,70],[12,278,94],[12,278,39],[13,76,39],[13,182,11],[13,377,81],[13,377,83],[14,131,28],[14,134,6],[14,134,32],[14,181,24],[15,90,48],[15,306,16],[15,389,60],[16,107,60],[16,255,74],[16,279,23],[16,279,21],[16,279,91],[17,52,42],[17,279,23],[17,279,21],[17,279,91],[17,313,41],[17,313,89],[17,313,22],[17,396,26],[17,396,84],[18,181,24],[19,378,62],[20,146,68],[20,146,1],[20,203,27],[21,49,43],[21,236,20],[21,374,23],[21,374,69],[22,97,75],[23,232,12],[23,232,53],[23,232,46],[23,384,26],[23,384,97],[24,106,57],[24,106,86],[24,139,8],[24,139,29],[25,68,85],[25,68,97],[25,329,51],[26,177,91],[26,177,42],[27,313,41],[27,313,89],[27,313,22],[27,351,59],[27,351,76],[28,86,31],[28,143,22],[28,193,31],[29,266,37],[29,361,95],[30,14,33],[30,48,96],[30,70,96],[30,393,77],[32,334,19],[33,140,10],[33,223,19],[34,161,25],[34,291,92],[34,291,57],[35,106,57],[35,106,86],[35,243,4],[35,348,44],[36,399,33],[37,291,92],[37,291,57],[38,89,9],[38,89,61],[38,93,55],[38,241,91],[38,241,20],[39,89,9],[39,89,61],[40,87,73],[40,144,41],[41,8,54],[42,289,71],[43,41,45],[43,351,59],[43,351,76],[44,154,7],[44,221,68],[44,221,22],[44,221,90],[44,343,80],[45,342,31],[45,342,41],[46,115,26],[46,115,70],[46,179,19],[47,6,66],[47,126,66],[47,333,1],[48,91,75],[48,307,78],[49,110,76],[49,247,48],[50,134,6],[50,134,32],[50,146,68],[50,146,1],[51,16,89],[51,273,91],[52,133,100],[52,133,82],[52,267,58],[52,396,26],[52,396,84],[53,104,63],[53,338,67],[54,163,59],[54,328,73],[55,269,98],[55,292,64],[55,292,90],[55,395,84],[56,26,3],[56,26,64],[56,62,74],[56,125,39],[56,313,41],[56,313,89],[56,313,22],[57,113,70],[57,284,63],[57,284,86],[58,10,86],[58,275,34],[58,275,50],[59,60,81],[59,385,85],[60,117,58],[61,252,72],[62,185,90],[63,352,67],[63,392,18],[64,248,95],[65,13,11],[65,84,87],[65,114,37],[65,114,87],[66,156,45],[68,374,23],[68,374,69],[69,133,100],[69,133,82],[69,235,100],[70,284,63],[70,284,86],[71,232,12],[71,232,53],[71,232,46],[72,64,82],[72,360,74],[73,108,78],[73,302,92],[75,177,91],[75,177,42],[76,139,8],[76,139,29],[77,24,80],[78,377,81],[78,377,83],[79,128,77],[79,221,68],[79,221,22],[79,221,90],[79,292,64],[79,292,90],[80,103,43],[80,349,99],[81,114,37],[81,114,87],[82,215,79],[82,351,59],[82,351,76],[84,277,93],[85,276,60],[87,69,98],[88,68,85],[88,68,97],[88,339,97],[88,384,26],[88,384,97],[89,226,18],[90,200,32],[92,157,36],[93,136,29],[93,136,9],[93,275,34],[93,275,50],[94,250,72],[94,391,25],[95,36,65],[96,232,12],[96,232,53],[96,232,46],[97,85,49],[98,268,36],[99,34,50],[99,158,36],[100,168,47],[100,272,6],[100,272,61]];

