numChains = 15;

numberOfTasksinChain = [3,3,7,5,7,3,7,7,7,3,5,5,7,7,5];

runnablesInChains = [96,54,52,11,23,10,60,19,41,71,5,44,6,31,24,85,65,35,83,15,28,7,96,92,18,49,85,63,65,3,81,32,62,44,73,9,97,84,78,57,73,17,88,51,83,75,55,10];

processingTimesOfMessages = [[1,1,1,1],[1,1,1,1],[1,1,1,1,1,1],[1,1,1],[1],[1,1,1],[1,1,1],[1,1,1,1],[1,1,1,1,1,1],[1,1,1,1],[1,1,1,1,1,1],[1,1,1,1,1],[1,1],[1,1],[1,1,1,1,1,1],[1,1,1,1,1,1],[1,1,1,1,1],[1,1,1,1,1,1],[1,1],[1,1,1,1],[1,1],[1,1,1,1,1,1,1],[1],[1,1,1],[1,1],[1],[1,1,1,1,1],[1],[1,1,1,1],[1,1,1,1],[1,1],[1,1],[],[1,1],[1,1],[1,1,1,1,1,1,1],[1],[1,1],[1,1],[1,1],[1,1,1],[1,1],[1,1,1],[1],[1,1],[1,1,1],[1,1,1,1],[1,1,1,1,1,1,1],[1,1,1,1,1,1],[1,1],[1,1,1],[1,1,1],[],[1],[1,1],[1,1],[1,1,1,1],[1,1],[1,1],[1,1,1],[],[1],[1],[1,1,1,1,1,1],[],[1,1],[1,1],[1,1,1,1,1],[],[],[1,1,1,1,1,1],[1],[1,1,1],[1,1],[1,1,1,1,1,1],[1,1,1,1,1],[],[1,1,1,1,1,1,1],[1,1,1],[],[1,1,1],[1],[1,1],[1],[1,1,1],[],[],[1,1],[1],[1,1,1],[1,1,1],[1],[],[1,1,1,1],[1],[1,1],[],[1],[1,1],[1,1,1,1,1,1]];

processingTimesRunnables = [14,8,21,17,20,15,13,12,17,18,7,12,15,8,20,15,7,11,13,14,9,19,16,11,15,14,13,19,19,18,13,16,10,18,20,6,9,13,10,16,13,16,6,12,14,14,14,12,17,18,17,17,20,17,15,18,13,21,21,16,15,15,7,17,10,13,14,15,17,14,13,16,16,7,17,8,17,16,20,16,13,17,15,15,16,17,13,14,21,11,21,14,13,9,6,16,13,12,15,6];

periods = [100000,100000,10000,20000,10000,20000,10000,50000,100000,50000,10000,20000,100000,20000,100000,20000,100000,10000,50000,5000,5000,20000,50000,20000,10000,20000,100000,100000,100000,5000,20000,20000,50000,100000,100000,20000,100000,100000,100000,100000,10000,20000,20000,20000,20000,20000,10000,20000,10000,1000,100000,10000,20000,10000,50000,100000,100000,10000,20000,50000,20000,20000,10000,20000,10000,1000,20000,20000,20000,20000,10000,20000,100000,1000,50000,20000,20000,100000,1000,100000,10000,100000,100000,100000,10000,20000,20000,100000,10000,100000,20000,10000,100000,20000,20000,10000,100000,5000,10000,2000];

communicationTimeForOrderCriticalMessages = [1,1,1,1,1,1,1,1,1,1,1,1,1,1,1,1,1,1,1,1,1,1,1,1,1,1,1,1,1,1,1,1,1];

sizeOfRunnables = [1,1,1,1,1,1,1,1,1,1,1,1,1,1,1,1,1,1,1,1,1,1,1,1,1,1,1,1,1,1,1,1,1,1,1,1,1,1,1,1,1,1,1,1,1,1,1,1,1,1,1,1,1,1,1,1,1,1,1,1,1,1,1,1,1,1,1,1,1,1,1,1,1,1,1,1,1,1,1,1,1,1,1,1,1,1,1,1,1,1,1,1,1,1,1,1,1,1,1,1];

senderLabelReceiverOrderCriticalChains = [[96,298,0,0,54],[52,81,0,0,11],[23,350,0,0,10],[10,242,0,0,60],[60,242,371,0,19],[41,166,0,0,71],[71,80,0,0,5],[44,12,0,0,6],[6,228,0,0,31],[31,190,0,0,24],[85,250,0,0,65],[35,397,0,0,83],[83,243,0,0,15],[15,295,0,0,28],[7,5,0,0,96],[96,49,0,0,92],[92,19,252,275,18],[49,149,0,0,85],[85,327,0,0,63],[63,383,0,0,65],[3,167,0,0,81],[32,263,0,0,62],[62,137,0,0,44],[73,295,0,0,9],[9,251,0,0,97],[84,191,0,0,78],[78,58,0,0,57],[57,168,0,0,73],[17,269,0,0,88],[88,80,0,0,51],[51,83,0,0,83],[75,262,0,0,55],[55,264,0,0,10]];

senderLabelReceiverNonOrderCriticalChains = [[1,172,27],[1,184,2],[1,184,34],[1,257,17],[2,22,62],[2,22,90],[2,181,13],[2,279,93],[3,10,80],[3,167,81],[3,233,5],[3,353,45],[3,353,61],[3,353,85],[4,241,16],[4,241,6],[4,244,40],[5,373,52],[6,228,31],[6,332,19],[6,332,14],[7,5,96],[7,19,92],[7,209,25],[8,58,23],[8,58,58],[8,58,57],[8,380,95],[9,251,38],[9,251,42],[9,251,70],[9,251,97],[9,281,87],[9,281,13],[10,242,19],[10,242,60],[10,332,19],[10,332,14],[11,54,32],[11,54,79],[11,217,71],[11,252,22],[11,252,92],[11,252,41],[12,161,31],[12,170,36],[12,197,53],[12,197,26],[12,199,14],[13,183,80],[13,388,28],[14,85,69],[14,219,81],[15,79,93],[15,259,32],[15,259,93],[15,295,28],[15,295,9],[15,295,77],[16,2,20],[16,252,22],[16,252,92],[16,252,41],[16,319,23],[16,319,54],[17,180,29],[17,223,26],[17,269,82],[17,269,46],[17,269,88],[18,252,22],[18,252,92],[18,252,41],[18,276,66],[18,276,25],[18,367,47],[19,197,53],[19,197,26],[20,13,33],[20,155,21],[20,166,71],[20,166,21],[21,109,39],[21,229,30],[22,247,97],[22,247,53],[22,247,67],[22,281,87],[22,281,13],[22,318,28],[22,318,93],[23,350,10],[24,247,97],[24,247,53],[24,247,67],[25,87,47],[25,198,41],[26,156,43],[27,41,59],[27,251,38],[27,251,42],[27,251,70],[27,251,97],[28,26,77],[29,118,34],[29,118,69],[29,159,61],[29,391,33],[30,147,98],[30,147,59],[30,242,19],[30,242,60],[31,190,24],[31,333,50],[32,263,62],[32,307,45],[34,104,88],[34,171,84],[35,73,33],[35,397,83],[36,42,61],[36,42,97],[36,83,83],[36,83,44],[36,269,82],[36,269,46],[36,269,88],[37,11,73],[38,278,86],[38,291,56],[39,160,56],[39,177,88],[40,149,85],[40,149,80],[41,166,71],[41,166,21],[41,215,99],[42,249,43],[42,384,44],[43,184,2],[43,184,34],[43,261,50],[44,12,6],[45,88,62],[45,381,86],[46,131,39],[46,147,98],[46,147,59],[47,36,53],[47,58,23],[47,58,58],[47,58,57],[48,21,91],[48,47,61],[48,208,67],[48,251,38],[48,251,42],[48,251,70],[48,251,97],[49,50,64],[49,149,85],[49,149,80],[49,319,23],[49,319,54],[49,339,63],[50,276,66],[50,276,25],[51,83,83],[51,83,44],[51,385,82],[52,8,72],[52,81,11],[52,246,89],[54,174,63],[55,264,10],[55,365,37],[56,124,66],[56,139,4],[57,22,62],[57,22,90],[57,168,73],[57,226,77],[58,153,96],[58,293,89],[59,72,65],[59,72,98],[60,89,95],[60,144,5],[60,371,19],[62,137,44],[63,383,65],[64,42,61],[64,42,97],[64,128,70],[64,295,28],[64,295,9],[64,295,77],[66,18,74],[66,356,74],[67,46,69],[67,280,72],[68,118,34],[68,118,69],[68,169,70],[68,169,94],[68,210,87],[71,80,5],[71,80,51],[71,251,38],[71,251,42],[71,251,70],[71,251,97],[72,277,91],[73,295,28],[73,295,9],[73,295,77],[74,54,32],[74,54,79],[75,103,4],[75,205,1],[75,205,74],[75,241,16],[75,241,6],[75,262,55],[76,35,40],[76,101,86],[76,169,70],[76,169,94],[76,201,30],[78,58,23],[78,58,58],[78,58,57],[78,61,50],[78,269,82],[78,269,46],[78,269,88],[79,353,45],[79,353,61],[79,353,85],[81,64,89],[81,72,65],[81,72,98],[82,43,8],[83,126,7],[83,243,15],[84,191,78],[85,250,65],[85,250,24],[85,327,63],[88,80,5],[88,80,51],[89,1,84],[90,52,79],[90,259,32],[90,259,93],[91,20,9],[91,205,1],[91,205,74],[92,275,18],[94,60,37],[94,247,97],[94,247,53],[94,247,67],[95,290,40],[96,49,92],[96,298,54],[98,312,35],[99,105,26],[99,378,87],[100,96,77],[100,318,28],[100,318,93],[100,353,45],[100,353,61],[100,353,85]];

