numChains = 15;

numberOfTasksinChain = [3,5,3,7,3,3,7,5,3,3,5,5,7,5,3];

runnablesInChains = [27,23,83,21,54,98,25,95,85,19,9,3,74,100,94,2,16,33,59,17,4,72,66,19,31,88,35,3,41,80,26,55,69,41,71,54,68,33,48,99,46];

processingTimesOfMessages = [[1,1],[1,1,1,1],[1,1,1],[1,1,1,1],[1,1,1,1,1],[1,1,1,1],[1,1,1,1],[1,1,1],[1,1],[1,1,1],[1,1,1,1],[1,1,1,1],[1,1,1,1],[1,1,1],[1,1,1,1],[1,1,1,1],[1,1,1],[1,1,1,1,1],[1,1,1],[1,1,1,1],[1,1,1],[1],[1,1,1,1],[1,1,1,1,1,1],[1,1,1],[1,1,1,1],[1,1],[1,1,1],[],[1],[1,1,1],[1],[1,1,1,1,1],[1,1,1],[1,1,1],[1,1,1],[],[1,1,1,1,1],[1,1],[1,1,1,1],[1],[1,1,1,1],[1,1,1],[1,1,1,1,1],[1,1,1],[1,1],[1,1,1,1,1,1],[],[1,1,1,1,1],[1,1,1],[1,1],[1,1,1],[1,1,1,1,1,1],[1,1],[1,1],[1,1],[1,1,1],[1,1],[1,1,1],[1,1,1,1],[],[],[1],[1,1,1,1],[1,1,1],[1,1,1],[1,1],[1],[1,1,1],[1,1,1],[1,1],[],[1],[1,1,1],[1,1],[1],[1,1],[],[1],[1,1,1],[1],[1,1,1],[1,1,1],[],[1,1,1],[1],[1],[],[],[1],[1],[1,1,1],[1],[1],[1,1,1,1],[1,1],[],[1,1,1],[1,1],[1,1,1]];

processingTimesRunnables = [16,20,14,12,17,13,9,13,20,11,10,13,14,13,13,17,13,15,14,20,16,10,20,15,19,9,14,18,14,12,8,10,15,16,10,16,16,15,14,14,16,18,20,12,16,13,14,13,13,18,16,13,15,17,20,8,20,7,16,14,17,15,14,10,15,12,17,15,12,6,8,13,16,7,9,13,14,12,16,20,9,15,14,15,16,16,16,10,16,14,17,17,20,17,15,20,10,9,6,20];

periods = [10000,20000,100000,10000,20000,5000,100000,20000,100000,20000,20000,20000,10000,20000,10000,20000,10000,1000,100000,10000,100000,5000,100000,10000,10000,10000,100000,10000,20000,20000,20000,10000,20000,20000,100000,100000,20000,10000,100000,10000,100000,10000,100000,5000,20000,10000,10000,20000,10000,10000,20000,10000,50000,100000,10000,10000,10000,10000,20000,10000,10000,50000,1000,20000,20000,100000,10000,20000,100000,10000,100000,10000,20000,100000,10000,20000,1000,10000,10000,10000,10000,20000,100000,10000,100000,1000,10000,20000,10000,5000,100000,100000,20000,10000,100000,20000,10000,10000,10000,10000];

communicationTimeForOrderCriticalMessages = [1,1,1,1,1,1,1,1,1,1,1,1,1,1,1,1,1,1,1,1,1,1,1,1,1,1];

sizeOfRunnables = [1,1,1,1,1,1,1,1,1,1,1,1,1,1,1,1,1,1,1,1,1,1,1,1,1,1,1,1,1,1,1,1,1,1,1,1,1,1,1,1,1,1,1,1,1,1,1,1,1,1,1,1,1,1,1,1,1,1,1,1,1,1,1,1,1,1,1,1,1,1,1,1,1,1,1,1,1,1,1,1,1,1,1,1,1,1,1,1,1,1,1,1,1,1,1,1,1,1,1,1];

senderLabelReceiverOrderCriticalChains = [[27,62,0,0,23],[83,221,0,0,21],[21,252,0,0,54],[98,8,0,0,25],[95,38,0,0,85],[85,373,0,0,19],[19,387,0,0,9],[3,222,0,0,74],[100,38,0,0,94],[2,277,0,0,16],[16,31,0,0,33],[33,117,0,0,59],[17,41,391,0,4],[4,21,0,0,72],[66,220,0,0,19],[31,207,0,0,88],[35,106,0,0,3],[3,166,0,0,41],[80,29,0,0,26],[26,142,0,0,55],[69,116,0,0,41],[41,231,0,0,71],[71,134,0,0,54],[68,210,0,0,33],[33,369,0,0,48],[99,99,0,0,46]];

senderLabelReceiverNonOrderCriticalChains = [[1,139,79],[1,286,78],[2,110,11],[2,110,91],[2,172,9],[2,277,16],[3,166,41],[3,222,74],[3,266,7],[4,21,1],[4,21,72],[4,41,17],[4,340,13],[5,21,1],[5,21,72],[5,52,6],[5,304,93],[5,395,37],[6,13,70],[6,13,78],[6,140,68],[6,140,22],[7,244,35],[7,369,48],[7,369,54],[7,369,72],[8,265,16],[8,278,10],[8,360,49],[9,389,21],[9,389,76],[10,152,24],[10,152,64],[10,241,94],[11,117,65],[11,117,59],[11,218,37],[11,349,29],[12,31,14],[12,31,33],[12,141,51],[12,163,56],[13,297,37],[13,297,90],[13,393,48],[13,393,58],[14,104,52],[14,161,45],[14,192,90],[15,44,79],[15,251,58],[15,251,1],[15,371,37],[16,31,14],[16,31,33],[16,251,58],[16,251,1],[17,354,32],[17,354,43],[17,391,4],[18,111,27],[18,111,63],[18,154,63],[18,289,63],[18,296,27],[19,111,27],[19,111,63],[19,387,9],[20,122,9],[20,122,22],[20,362,30],[20,400,53],[21,252,54],[21,252,94],[21,298,86],[22,334,31],[23,75,69],[23,110,11],[23,110,91],[23,315,29],[24,122,9],[24,122,22],[24,285,78],[24,285,89],[24,386,62],[24,386,40],[25,242,62],[25,242,66],[25,375,89],[26,142,96],[26,142,55],[26,158,28],[26,388,58],[27,62,23],[27,254,30],[28,13,70],[28,13,78],[28,185,93],[30,374,44],[31,8,25],[31,8,46],[31,207,88],[32,32,42],[33,117,65],[33,117,59],[33,369,48],[33,369,54],[33,369,72],[34,282,51],[34,297,37],[34,297,90],[35,106,3],[35,378,32],[35,378,90],[36,285,78],[36,285,89],[36,294,39],[38,7,96],[38,29,26],[38,29,89],[38,53,41],[38,176,100],[39,30,71],[39,276,89],[40,135,34],[40,369,48],[40,369,54],[40,369,72],[41,231,71],[42,5,61],[42,55,64],[42,200,7],[42,200,22],[43,46,40],[43,260,30],[43,260,15],[44,153,78],[44,153,51],[44,236,87],[44,378,32],[44,378,90],[45,86,76],[45,86,88],[45,155,86],[46,37,75],[46,398,29],[47,3,81],[47,99,57],[47,99,46],[47,105,50],[47,354,32],[47,354,43],[49,128,81],[49,128,77],[49,293,55],[49,332,99],[49,332,97],[50,92,56],[50,380,2],[50,380,99],[51,152,24],[51,152,64],[52,181,35],[52,332,99],[52,332,97],[53,153,78],[53,153,51],[53,242,62],[53,242,66],[53,386,62],[53,386,40],[54,393,48],[54,393,58],[55,49,36],[55,100,73],[56,373,19],[56,373,99],[57,128,81],[57,128,77],[57,233,84],[58,380,2],[58,380,99],[59,116,41],[59,116,95],[59,248,65],[60,78,72],[60,200,7],[60,200,22],[60,279,98],[63,57,32],[64,140,68],[64,140,22],[64,142,96],[64,142,55],[65,365,88],[65,389,21],[65,389,76],[66,120,45],[66,220,19],[66,320,67],[67,27,87],[67,329,79],[68,210,33],[69,16,20],[69,116,41],[69,116,95],[70,260,30],[70,260,15],[70,330,31],[71,129,76],[71,134,54],[73,43,72],[74,60,73],[74,60,87],[74,246,92],[75,33,84],[75,234,97],[76,178,82],[77,11,61],[77,18,36],[79,59,84],[80,29,26],[80,29,89],[80,136,97],[81,283,6],[82,86,76],[82,86,88],[82,323,88],[83,1,8],[83,198,91],[83,221,21],[85,19,91],[85,373,19],[85,373,99],[86,72,74],[87,201,68],[90,64,43],[91,174,80],[92,60,73],[92,60,87],[92,137,12],[93,263,61],[94,367,62],[95,38,94],[95,38,85],[95,90,17],[95,301,68],[96,252,54],[96,252,94],[98,8,25],[98,8,46],[98,339,48],[99,99,57],[99,99,46],[100,38,94],[100,38,85],[100,281,10]];

