numChains = 15;

numberOfTasksinChain = [7,5,3,3,5,7,5,3,3,5,5,5,7,7,5];

runnablesInChains = [96,48,16,17,32,93,78,38,15,81,11,60,10,30,12,74,35,46,9,69,78,76,79,77,46,49,29,19,37,43,93,2,1,90,23,62,67,38,94,59,91,68,25,49,70];

processingTimesOfMessages = [[1,1,1,1],[1,1,1,1,1],[1,1,1,1],[1,1,1,1],[1,1,1],[1,1,1,1,1,1,1],[1,1,1],[1,1],[1,1,1,1],[1,1,1,1],[1],[1,1,1,1],[1,1,1,1,1],[1],[1,1],[1,1,1,1,1],[1],[1,1,1,1],[1,1,1],[1,1,1],[1,1,1,1,1,1,1],[1,1],[1,1,1],[1,1],[1,1,1],[1,1,1,1,1],[1,1],[1,1,1],[1,1,1,1],[1,1,1,1],[1,1,1,1,1,1,1],[1,1,1,1],[1,1,1],[1],[1],[1],[1,1,1,1,1],[1,1,1],[1],[],[1,1,1,1],[1],[1,1],[1,1],[1,1,1,1],[1],[1,1,1,1,1,1],[1],[1,1,1,1,1],[],[1,1],[1,1,1,1,1],[1,1],[1,1,1,1],[1],[1,1,1,1],[1],[1],[1],[1,1,1],[1,1,1,1,1],[1,1],[1,1],[1,1,1],[1,1],[1,1,1],[1,1,1],[1,1],[1],[],[1,1,1,1],[1,1],[1,1],[1,1,1,1],[1,1],[1],[1],[1,1],[1,1],[1,1],[1,1,1],[1,1,1],[1,1,1],[1],[1],[1,1],[1,1,1,1],[1,1],[1,1],[],[1,1],[],[1,1,1,1],[1,1,1,1],[],[1,1,1,1,1],[],[],[1,1,1,1],[1,1]];

processingTimesRunnables = [17,18,13,10,14,16,16,16,16,16,16,6,11,16,17,7,7,9,16,17,11,10,9,15,11,13,13,17,15,19,17,6,9,16,10,17,20,15,13,13,15,18,17,13,17,7,16,12,14,6,16,20,21,7,8,11,14,7,21,15,11,15,19,21,8,8,17,13,10,5,9,16,15,9,18,17,18,13,20,13,17,12,16,17,8,19,13,11,18,11,20,16,6,14,15,19,8,11,19,16];

periods = [10000,10000,20000,100000,20000,1000,10000,10000,20000,10000,10000,100000,20000,10000,20000,20000,20000,10000,20000,100000,2000,10000,20000,100000,20000,100000,100000,10000,20000,10000,1000,20000,1000,20000,100000,10000,20000,20000,100000,10000,100000,1000,20000,10000,100000,100000,100000,20000,20000,10000,100000,2000,100000,100000,100000,10000,2000,5000,20000,10000,50000,20000,10000,100000,100000,10000,20000,20000,20000,20000,100000,100000,1000,100000,2000,10000,100000,20000,10000,1000,10000,10000,10000,10000,10000,100000,2000,20000,10000,10000,20000,2000,20000,20000,100000,20000,20000,100000,10000,10000];

communicationTimeForOrderCriticalMessages = [1,1,1,1,1,1,1,1,1,1,1,1,1,1,1,1,1,1,1,1,1,1,1,1,1,1,1,1,1,1];

sizeOfRunnables = [1,1,1,1,1,1,1,1,1,1,1,1,1,1,1,1,1,1,1,1,1,1,1,1,1,1,1,1,1,1,1,1,1,1,1,1,1,1,1,1,1,1,1,1,1,1,1,1,1,1,1,1,1,1,1,1,1,1,1,1,1,1,1,1,1,1,1,1,1,1,1,1,1,1,1,1,1,1,1,1,1,1,1,1,1,1,1,1,1,1,1,1,1,1,1,1,1,1,1,1];

senderLabelReceiverOrderCriticalChains = [[96,118,0,0,48],[48,291,0,0,16],[16,251,0,0,17],[32,43,0,0,93],[93,167,0,0,78],[38,48,0,0,15],[81,310,0,0,11],[60,77,0,0,10],[10,356,0,0,30],[12,376,0,0,74],[74,243,0,0,35],[35,374,0,0,46],[9,268,0,0,69],[69,231,0,0,78],[76,341,0,0,79],[77,188,0,0,46],[49,359,0,0,29],[29,362,0,0,19],[37,283,0,0,43],[43,25,0,0,93],[2,5,383,0,1],[1,24,0,0,90],[23,392,0,0,62],[62,163,0,0,67],[67,181,0,0,38],[94,79,0,0,59],[59,155,0,0,91],[91,254,0,0,68],[25,253,0,0,49],[49,261,0,0,70]];

senderLabelReceiverNonOrderCriticalChains = [[1,24,90],[1,174,11],[1,383,7],[1,383,21],[2,5,1],[2,137,69],[2,137,7],[2,383,7],[2,383,21],[3,73,2],[3,141,57],[3,141,69],[3,287,54],[4,32,35],[4,32,50],[4,271,76],[4,271,32],[5,33,25],[5,46,70],[5,312,56],[6,108,90],[6,137,69],[6,137,7],[6,247,42],[6,247,27],[6,247,40],[6,258,81],[7,106,71],[7,106,84],[7,282,24],[8,230,14],[8,230,86],[9,177,28],[9,225,46],[9,268,69],[9,329,17],[10,27,76],[10,32,35],[10,32,50],[10,356,30],[11,182,89],[12,129,20],[12,366,35],[12,366,95],[12,376,74],[13,64,81],[13,183,19],[13,234,14],[13,234,87],[13,234,8],[14,113,44],[15,211,62],[15,388,34],[16,192,25],[16,251,17],[16,251,91],[16,369,79],[16,369,13],[17,57,97],[18,1,4],[18,1,98],[18,350,40],[18,377,90],[19,62,24],[19,62,51],[19,335,12],[20,65,55],[20,75,65],[20,394,39],[21,234,14],[21,234,87],[21,234,8],[21,243,35],[21,243,75],[21,364,83],[21,364,75],[22,12,30],[22,296,36],[23,251,17],[23,251,91],[23,392,62],[24,54,26],[24,228,8],[25,253,49],[25,271,76],[25,271,32],[26,71,27],[26,71,92],[26,247,42],[26,247,27],[26,247,40],[27,204,45],[27,204,72],[28,43,84],[28,43,93],[28,293,34],[29,106,71],[29,106,84],[29,304,50],[29,362,19],[30,37,40],[30,37,42],[30,98,50],[30,98,95],[31,128,73],[31,128,98],[31,160,73],[31,247,42],[31,247,27],[31,247,40],[31,260,38],[32,6,88],[32,43,84],[32,43,93],[32,88,18],[33,37,40],[33,37,42],[33,89,73],[34,55,26],[35,374,46],[36,322,89],[37,163,67],[37,163,59],[37,276,48],[37,283,43],[37,347,58],[38,48,15],[38,48,95],[38,48,53],[39,372,72],[41,232,55],[41,254,68],[41,254,55],[41,386,71],[42,375,41],[43,25,93],[43,45,33],[44,237,63],[44,385,57],[45,19,83],[45,150,64],[45,150,57],[45,324,33],[46,346,14],[47,48,15],[47,48,95],[47,48,53],[47,94,36],[47,270,74],[47,361,51],[48,291,16],[49,261,70],[49,310,11],[49,310,53],[49,310,27],[49,359,29],[51,29,53],[51,123,98],[52,90,22],[52,90,92],[52,176,40],[52,205,5],[52,235,85],[53,378,92],[53,378,64],[54,48,15],[54,48,95],[54,48,53],[54,96,86],[55,81,63],[56,181,38],[56,181,60],[56,195,39],[56,240,66],[57,161,75],[58,53,95],[59,155,91],[60,77,10],[60,144,85],[60,262,17],[61,118,48],[61,118,54],[61,141,57],[61,141,69],[61,257,70],[62,163,67],[62,163,59],[63,190,82],[63,190,61],[64,178,77],[64,366,35],[64,366,95],[65,68,77],[65,111,97],[66,41,72],[66,41,76],[66,267,4],[67,146,91],[67,181,38],[67,181,60],[68,115,58],[68,275,94],[69,231,78],[71,41,72],[71,41,76],[71,190,82],[71,190,61],[72,98,50],[72,98,95],[73,224,8],[73,224,59],[74,1,4],[74,1,98],[74,243,35],[74,243,75],[75,153,80],[75,153,100],[76,341,79],[77,188,46],[78,224,8],[78,224,59],[79,364,83],[79,364,75],[80,311,99],[80,399,23],[81,310,11],[81,310,53],[81,310,27],[82,204,45],[82,204,72],[82,387,89],[83,86,100],[83,378,92],[83,378,64],[84,320,90],[85,198,70],[86,150,64],[86,150,57],[87,71,27],[87,71,92],[87,90,22],[87,90,92],[88,369,79],[88,369,13],[89,369,79],[89,369,13],[91,254,68],[91,254,55],[93,167,78],[93,310,11],[93,310,53],[93,310,27],[94,79,59],[94,234,14],[94,234,87],[94,234,8],[96,62,24],[96,62,51],[96,118,48],[96,118,54],[96,200,97],[99,128,73],[99,128,98],[99,153,80],[99,153,100],[100,230,14],[100,230,86]];

