numChains = 15;

numberOfTasksinChain = [7,7,5,7,5,5,3,7,5,5,3,7,5,7,3];

runnablesInChains = [29,9,31,41,1,3,29,17,46,87,84,88,3,91,17,80,35,54,39,97,28,68,4,67,47,12,17,65,58,94,64,93,56,27,70,2,5,83,61,55,45,56,100,74,57,54,72,76];

processingTimesOfMessages = [[1,1,1,1],[1,1,1,1,1,1],[1,1,1,1],[1,1,1,1],[1,1,1,1,1,1],[1,1,1,1,1,1],[1,1,1],[1,1,1,1,1],[1,1],[1,1,1],[1,1,1,1],[1,1,1,1],[1,1,1],[1],[1,1],[1,1,1,1,1,1],[1],[1,1,1],[1],[1,1,1,1],[1,1,1,1,1,1],[1,1,1,1],[1,1,1],[1,1],[1,1,1,1,1],[1,1,1],[1,1],[1],[1,1,1,1,1],[1,1,1,1],[1,1,1,1,1],[1,1,1],[1,1,1,1],[1,1,1,1,1,1],[1,1,1],[1,1,1,1],[1,1],[1,1],[1,1,1],[1,1,1],[1],[1,1,1],[1,1,1,1,1,1,1],[1],[1,1,1,1,1],[1,1],[1,1,1],[1,1],[1,1,1,1],[1,1,1],[],[],[1],[],[1],[1,1],[1,1,1],[1],[1,1],[1],[1],[1],[1,1,1,1,1,1],[1,1,1],[1,1],[1,1],[1,1,1],[1,1,1,1,1],[1,1,1,1],[1,1,1,1],[1,1],[1,1],[],[1],[1,1],[],[1,1],[1],[1],[1],[1,1,1,1],[1,1],[1,1],[1,1,1],[1,1,1,1],[],[1],[1],[1],[],[1],[],[1,1,1,1,1],[1,1,1],[1,1],[1],[1],[1],[1],[1]];

processingTimesRunnables = [16,14,11,10,16,14,7,17,11,15,8,21,6,11,8,10,14,12,14,11,8,11,20,9,15,9,12,13,15,9,17,8,8,9,7,13,13,17,8,14,6,15,17,16,15,11,16,10,15,16,12,14,14,13,16,17,7,14,16,18,15,16,18,16,15,10,18,18,14,15,15,21,16,16,7,6,16,16,17,21,17,10,17,14,15,16,16,19,9,20,16,13,10,14,7,17,16,10,17,15];

periods = [10000,100000,10000,20000,100000,1000,10000,100000,10000,100000,20000,10000,20000,20000,10000,2000,10000,100000,100000,100000,20000,100000,1000,2000,20000,100000,100000,10000,10000,10000,10000,100000,100000,20000,20000,10000,10000,20000,10000,100000,10000,50000,10000,2000,20000,50000,10000,10000,20000,20000,10000,10000,20000,20000,20000,20000,20000,100000,20000,100000,100000,100000,10000,20000,100000,100000,10000,20000,10000,100000,100000,20000,100000,20000,100000,20000,100000,10000,20000,20000,10000,20000,100000,50000,2000,20000,50000,10000,100000,10000,10000,1000,20000,100000,100000,2000,10000,50000,20000,20000];

communicationTimeForOrderCriticalMessages = [1,1,1,1,1,1,1,1,1,1,1,1,1,1,1,1,1,1,1,1,1,1,1,1,1,1,1,1,1,1,1,1,1];

sizeOfRunnables = [1,1,1,1,1,1,1,1,1,1,1,1,1,1,1,1,1,1,1,1,1,1,1,1,1,1,1,1,1,1,1,1,1,1,1,1,1,1,1,1,1,1,1,1,1,1,1,1,1,1,1,1,1,1,1,1,1,1,1,1,1,1,1,1,1,1,1,1,1,1,1,1,1,1,1,1,1,1,1,1,1,1,1,1,1,1,1,1,1,1,1,1,1,1,1,1,1,1,1,1];

senderLabelReceiverOrderCriticalChains = [[29,331,0,0,9],[9,94,0,0,31],[31,386,0,0,41],[1,92,0,0,3],[3,175,0,0,29],[29,37,0,0,17],[46,383,0,0,87],[87,311,330,347,84],[88,298,400,0,3],[3,92,298,0,91],[91,381,0,0,17],[80,82,0,0,35],[35,44,0,0,54],[39,176,0,0,97],[97,261,0,0,28],[68,37,257,0,4],[67,191,0,0,47],[47,166,0,0,12],[12,193,0,0,17],[65,285,0,0,58],[58,16,0,0,94],[64,193,0,0,93],[93,244,0,0,56],[27,160,0,0,70],[2,314,0,0,5],[5,193,0,0,83],[83,69,305,0,61],[55,315,0,0,45],[45,113,0,0,56],[100,59,0,0,74],[74,388,0,0,57],[57,299,0,0,54],[72,248,0,0,76]];

senderLabelReceiverNonOrderCriticalChains = [[1,92,3],[1,135,9],[1,213,28],[1,300,27],[2,21,20],[2,285,47],[2,285,58],[2,314,5],[2,353,19],[2,353,66],[3,175,29],[3,298,88],[3,298,91],[3,298,82],[4,37,17],[4,37,52],[4,37,80],[4,37,82],[5,184,6],[5,193,83],[5,193,93],[5,193,17],[5,395,46],[5,395,18],[6,130,23],[6,242,91],[6,242,19],[6,298,88],[6,298,91],[6,298,82],[7,114,15],[7,296,22],[7,382,12],[8,46,37],[8,46,71],[8,78,58],[8,113,19],[8,113,56],[9,36,30],[9,94,31],[10,271,18],[10,353,19],[10,353,66],[11,1,59],[11,57,79],[11,159,76],[11,237,72],[12,2,77],[12,193,83],[12,193,93],[12,193,17],[13,208,74],[13,215,14],[13,342,14],[14,126,25],[15,192,51],[15,358,26],[16,3,24],[16,35,39],[16,35,44],[16,95,27],[16,95,80],[16,194,54],[17,72,37],[18,11,58],[18,102,65],[18,102,60],[19,362,32],[20,102,65],[20,102,60],[20,110,33],[20,363,61],[21,85,74],[21,85,89],[21,250,92],[21,250,56],[21,280,53],[21,354,86],[22,19,36],[22,313,32],[22,383,65],[22,383,87],[23,265,92],[23,317,92],[23,317,96],[24,69,50],[24,69,61],[25,34,99],[25,85,74],[25,85,89],[25,330,73],[25,330,87],[26,95,27],[26,95,80],[26,220,42],[27,160,10],[27,160,70],[28,221,8],[29,37,17],[29,37,52],[29,37,80],[29,37,82],[29,331,9],[30,161,71],[30,334,4],[30,334,24],[30,340,51],[31,46,37],[31,46,71],[31,346,51],[31,346,90],[31,386,41],[32,203,53],[32,244,56],[32,244,94],[33,180,52],[33,180,64],[33,188,44],[33,377,7],[34,63,98],[34,63,80],[34,283,73],[34,283,52],[34,395,46],[34,395,18],[35,44,54],[35,80,55],[35,206,49],[36,63,98],[36,63,80],[36,189,67],[36,365,14],[37,138,48],[37,262,43],[38,7,68],[38,338,79],[39,176,97],[39,346,51],[39,346,90],[40,128,65],[40,174,28],[40,292,38],[41,262,43],[42,150,46],[42,201,98],[42,329,24],[43,37,17],[43,37,52],[43,37,80],[43,37,82],[43,87,48],[43,242,91],[43,242,19],[44,288,10],[45,101,86],[45,113,19],[45,113,56],[45,180,52],[45,180,64],[46,383,65],[46,383,87],[47,142,61],[47,166,12],[47,166,39],[48,239,88],[48,396,90],[49,13,69],[49,13,72],[49,108,55],[49,360,78],[50,160,10],[50,160,70],[50,378,41],[53,281,81],[55,315,45],[56,344,78],[56,344,95],[57,169,76],[57,299,54],[57,320,60],[58,16,94],[59,111,79],[59,111,100],[60,25,66],[61,305,83],[62,322,34],[63,13,69],[63,13,72],[63,45,89],[63,45,90],[63,344,78],[63,344,95],[64,193,83],[64,193,93],[64,193,17],[65,285,47],[65,285,58],[66,45,89],[66,45,90],[67,76,13],[67,76,63],[67,191,47],[68,37,17],[68,37,52],[68,37,80],[68,37,82],[68,257,4],[69,30,26],[69,30,90],[69,134,97],[69,267,91],[70,47,77],[70,111,79],[70,111,100],[70,123,75],[71,229,75],[71,394,73],[72,248,76],[72,351,86],[74,388,57],[75,76,13],[75,76,63],[77,250,92],[77,250,56],[78,198,64],[79,145,15],[80,82,35],[81,74,64],[81,298,88],[81,298,91],[81,298,82],[82,166,12],[82,166,39],[83,69,50],[83,69,61],[84,311,87],[84,330,73],[84,330,87],[85,170,82],[85,218,96],[85,317,92],[85,317,96],[87,347,84],[88,400,3],[89,369,52],[91,381,17],[93,30,26],[93,30,90],[93,244,56],[93,244,94],[93,263,62],[94,165,59],[94,283,73],[94,283,52],[95,241,84],[95,268,99],[96,272,62],[97,261,28],[98,249,88],[99,60,100],[100,59,74]];

