numChains = 15;

numberOfTasksinChain = [3,5,3,7,3,3,3,7,3,5,3,5,5,5,3];

runnablesInChains = [80,81,93,35,44,29,100,91,56,20,83,10,82,86,11,23,92,14,17,100,68,97,39,15,88,87,41,20,62,19,91,60,77,31,53,80,34,22,18];

processingTimesOfMessages = [[1,1],[1,1,1,1],[1,1,1,1,1,1,1,1,1],[1,1],[1,1,1,1],[1,1,1],[1,1,1,1,1],[1,1,1,1,1,1],[1,1,1,1,1,1],[1,1,1,1],[1,1],[1],[1,1,1],[1,1,1,1,1],[1,1,1,1,1],[1,1,1,1],[1,1,1,1],[1,1,1],[1],[1,1],[1,1,1,1],[1,1],[1,1],[1,1,1],[1,1],[1,1,1,1,1,1,1,1],[1,1],[1,1,1,1,1],[1,1,1],[1,1,1],[1],[],[1,1,1],[1],[1,1],[1,1],[1,1,1],[1,1],[],[1],[1,1,1],[1,1,1],[1,1],[1,1,1],[1,1],[1,1],[1,1,1,1],[1,1,1,1,1],[1,1,1,1,1],[1,1,1,1],[1,1,1],[1,1,1],[1,1,1,1,1,1,1],[1,1,1,1,1],[1],[1],[1],[1,1,1],[1],[1,1,1,1,1],[1,1,1],[1,1,1,1],[1,1],[1,1,1],[],[1,1,1,1],[1,1,1,1],[],[1,1,1,1],[1,1,1],[1,1],[1,1,1,1,1,1],[1],[1],[1,1],[],[1,1],[],[1],[1,1,1],[1,1,1],[],[1,1],[1,1,1],[1],[1,1],[1],[1,1],[1],[],[1,1],[1],[1],[1,1],[],[1,1,1],[1],[1],[1,1],[1,1]];

processingTimesRunnables = [15,19,17,13,17,19,8,14,17,16,17,14,9,14,7,14,20,15,17,7,10,17,21,14,17,17,13,6,14,14,16,9,14,15,14,16,13,10,17,15,7,10,14,12,17,17,17,16,8,7,12,17,13,6,11,12,16,12,13,19,9,15,15,15,18,10,7,8,19,6,16,16,16,14,9,18,15,14,16,17,15,17,16,16,14,17,14,13,10,16,17,11,17,13,17,17,6,11,7,12];

periods = [20000,100000,20000,20000,100000,5000,20000,10000,100000,20000,10000,100000,10000,10000,20000,10000,10000,50000,10000,10000,100000,50000,20000,1000,20000,20000,20000,10000,10000,10000,100000,5000,10000,10000,2000,10000,20000,20000,20000,100000,10000,20000,100000,2000,20000,100000,100000,10000,1000,20000,20000,20000,10000,20000,10000,10000,20000,100000,20000,100000,1000,10000,20000,20000,10000,1000,10000,10000,100000,100000,100000,100000,100000,10000,20000,10000,100000,100000,10000,10000,10000,20000,10000,20000,1000,10000,20000,20000,1000,20000,10000,20000,2000,1000,20000,10000,20000,20000,100000,10000];

communicationTimeForOrderCriticalMessages = [1,1,1,1,1,1,1,1,1,1,1,1,1,1,1,1,1,1,1,1,1,1,1,1];

sizeOfRunnables = [1,1,1,1,1,1,1,1,1,1,1,1,1,1,1,1,1,1,1,1,1,1,1,1,1,1,1,1,1,1,1,1,1,1,1,1,1,1,1,1,1,1,1,1,1,1,1,1,1,1,1,1,1,1,1,1,1,1,1,1,1,1,1,1,1,1,1,1,1,1,1,1,1,1,1,1,1,1,1,1,1,1,1,1,1,1,1,1,1,1,1,1,1,1,1,1,1,1,1,1];

senderLabelReceiverOrderCriticalChains = [[80,213,0,0,81],[93,8,0,0,35],[35,123,0,0,44],[29,357,0,0,100],[91,2,0,0,56],[56,370,0,0,20],[20,354,0,0,83],[10,374,0,0,82],[86,87,0,0,11],[23,69,0,0,92],[14,85,0,0,17],[17,399,0,0,100],[100,16,0,0,68],[97,86,0,0,39],[15,363,0,0,88],[88,65,0,0,87],[41,87,0,0,20],[62,210,0,0,19],[19,9,0,0,91],[60,194,0,0,77],[77,125,0,0,31],[53,210,0,0,80],[80,25,0,0,34],[22,115,300,400,18]];

senderLabelReceiverNonOrderCriticalChains = [[1,178,39],[1,178,78],[2,62,58],[2,62,71],[2,129,21],[2,389,21],[3,18,4],[3,100,47],[3,100,97],[3,100,23],[3,202,30],[3,202,35],[3,332,95],[3,332,45],[3,332,54],[4,44,48],[4,328,7],[5,109,43],[5,208,69],[5,208,76],[5,293,12],[6,67,58],[6,235,40],[6,382,32],[7,89,41],[7,89,63],[7,332,95],[7,332,45],[7,332,54],[8,118,11],[8,254,15],[8,254,94],[8,347,68],[8,379,2],[8,379,23],[9,17,92],[9,158,66],[9,158,43],[9,261,46],[9,261,12],[9,308,74],[10,200,54],[10,216,27],[10,374,82],[10,374,12],[11,58,80],[11,99,13],[12,259,40],[13,363,88],[13,363,97],[13,388,67],[14,85,17],[14,91,29],[14,91,31],[14,144,7],[14,163,36],[15,332,95],[15,332,45],[15,332,54],[15,363,88],[15,363,97],[16,26,65],[16,62,58],[16,62,71],[16,98,79],[17,218,52],[17,271,1],[17,399,83],[17,399,100],[18,300,22],[18,300,76],[18,400,22],[19,9,91],[20,354,83],[20,354,86],[21,75,27],[21,100,47],[21,100,97],[21,100,23],[22,115,18],[22,325,42],[23,4,25],[23,69,92],[24,182,61],[24,191,89],[24,312,97],[25,236,88],[25,279,37],[26,134,48],[26,134,56],[26,161,82],[26,224,84],[26,224,45],[26,224,99],[26,354,83],[26,354,86],[27,213,57],[27,213,81],[28,6,4],[28,6,87],[28,6,56],[28,132,76],[28,265,1],[29,43,5],[29,43,90],[29,357,100],[30,89,41],[30,89,63],[30,392,65],[31,57,73],[33,34,55],[33,83,36],[33,311,76],[34,282,65],[35,48,55],[35,123,44],[36,162,62],[36,167,44],[37,15,50],[37,280,89],[37,295,38],[38,304,46],[38,342,59],[40,274,24],[41,87,20],[41,87,11],[41,341,74],[42,43,5],[42,43,90],[42,56,19],[43,228,1],[43,228,58],[44,74,71],[44,374,82],[44,374,12],[45,10,90],[45,50,63],[46,331,85],[46,381,15],[47,130,77],[47,231,39],[47,231,73],[47,231,98],[48,100,47],[48,100,97],[48,100,23],[48,399,83],[48,399,100],[49,136,20],[49,158,66],[49,158,43],[49,267,66],[49,267,28],[50,173,89],[50,173,16],[50,345,75],[50,348,59],[51,185,95],[51,187,57],[51,333,57],[52,131,82],[52,147,90],[52,155,75],[53,210,19],[53,210,80],[53,228,1],[53,228,58],[53,300,22],[53,300,76],[53,397,87],[54,173,89],[54,173,16],[54,224,84],[54,224,45],[54,224,99],[55,101,78],[56,370,20],[57,395,34],[58,224,84],[58,224,45],[58,224,99],[59,7,6],[60,113,81],[60,134,48],[60,134,56],[60,194,77],[60,294,49],[61,105,85],[61,261,46],[61,261,12],[62,208,69],[62,208,76],[62,210,19],[62,210,80],[63,46,64],[63,247,90],[64,91,29],[64,91,31],[64,193,93],[66,231,39],[66,231,73],[66,231,98],[66,326,94],[67,152,43],[67,225,70],[67,225,84],[67,241,96],[69,143,72],[69,225,70],[69,225,84],[69,276,68],[70,29,10],[70,125,78],[70,125,31],[71,202,30],[71,202,35],[72,178,39],[72,178,78],[72,231,39],[72,231,73],[72,231,98],[72,340,78],[73,51,77],[74,394,79],[75,156,98],[75,320,95],[77,125,78],[77,125,31],[79,199,86],[80,25,34],[80,213,57],[80,213,81],[81,243,86],[81,254,15],[81,254,94],[83,379,2],[83,379,23],[84,6,4],[84,6,87],[84,6,56],[85,188,93],[86,87,20],[86,87,11],[87,107,96],[88,65,87],[88,205,30],[89,362,39],[91,2,56],[91,122,32],[92,153,32],[93,8,35],[94,267,66],[94,267,28],[96,6,4],[96,6,87],[96,6,56],[97,86,39],[98,73,33],[99,97,25],[99,196,38],[100,12,31],[100,16,68]];

