numChains = 15;

numberOfTasksinChain = [3,3,3,5,7,3,5,7,7,5,5,3,5,7,3];

runnablesInChains = [76,21,82,39,27,69,52,77,22,15,81,65,91,41,7,37,55,63,46,30,52,14,70,96,36,24,13,29,90,11,94,73,49,86,45,89,24,88,16,25,86,54,58];

processingTimesOfMessages = [[1,1,1,1],[1,1,1,1,1],[1,1,1,1],[1,1,1,1,1],[1,1],[1],[1,1],[1,1,1,1,1,1,1],[1,1],[1,1,1,1],[1,1,1],[1,1,1],[1,1,1],[1],[1,1],[1,1],[1,1,1,1],[1,1,1,1],[1,1,1,1,1],[1,1,1,1,1,1],[],[1],[1,1,1],[1],[1,1,1,1,1,1],[1,1],[1],[1,1,1,1],[1,1,1],[1,1,1],[1,1],[1,1,1],[1,1,1],[1],[1,1,1,1,1,1,1],[1,1,1,1],[1],[1,1,1],[],[1,1],[1,1,1,1],[1,1,1,1,1],[1,1,1,1],[1,1,1,1,1],[1,1,1],[1,1,1,1],[1,1,1,1],[1,1,1,1],[1,1,1],[1,1,1],[1,1,1],[1,1,1,1,1],[1,1,1],[1,1,1,1],[1,1],[1,1],[1,1],[1,1,1,1,1],[1,1,1],[1,1,1],[],[1,1],[1,1,1],[1,1,1],[1,1],[1],[1],[1,1,1,1],[],[1],[1,1,1],[],[1],[1,1,1],[1,1],[1],[1,1,1,1,1],[],[1,1,1,1],[1,1,1],[1],[1,1],[1,1],[1],[1],[],[1,1,1],[1],[1],[1],[1],[1],[],[1,1,1],[1],[1,1,1],[1,1,1,1],[],[1,1,1],[1]];

processingTimesRunnables = [18,18,15,14,16,10,13,10,21,20,7,11,12,17,9,15,17,13,11,10,15,7,16,9,7,17,15,7,13,10,21,21,17,14,8,6,14,21,10,19,19,15,15,8,8,9,21,10,15,15,16,16,17,13,16,13,13,7,16,22,14,14,16,19,9,7,16,16,12,16,19,20,8,8,18,17,8,17,17,16,16,9,8,14,8,7,20,14,16,11,16,16,17,17,16,17,17,17,18,14];

periods = [2000,10000,10000,100000,10000,20000,10000,100000,100000,20000,10000,20000,20000,100000,10000,20000,50000,10000,100000,10000,20000,100000,20000,10000,20000,100000,100000,10000,20000,100000,100000,20000,20000,20000,10000,10000,100000,10000,100000,20000,10000,10000,100000,10000,10000,100000,100000,1000,20000,20000,100000,100000,100000,1000,100000,10000,10000,1000,10000,100000,10000,20000,100000,20000,10000,1000,50000,20000,100000,10000,1000,100000,10000,1000,1000,20000,100000,20000,10000,1000,10000,100000,2000,100000,2000,20000,100000,20000,10000,20000,10000,10000,100000,10000,100000,10000,20000,50000,10000,10000];

communicationTimeForOrderCriticalMessages = [1,1,1,1,1,1,1,1,1,1,1,1,1,1,1,1,1,1,1,1,1,1,1,1,1,1,1,1];

sizeOfRunnables = [1,1,1,1,1,1,1,1,1,1,1,1,1,1,1,1,1,1,1,1,1,1,1,1,1,1,1,1,1,1,1,1,1,1,1,1,1,1,1,1,1,1,1,1,1,1,1,1,1,1,1,1,1,1,1,1,1,1,1,1,1,1,1,1,1,1,1,1,1,1,1,1,1,1,1,1,1,1,1,1,1,1,1,1,1,1,1,1,1,1,1,1,1,1,1,1,1,1,1,1];

senderLabelReceiverOrderCriticalChains = [[76,30,0,0,21],[82,39,0,0,39],[27,352,0,0,69],[52,153,0,0,77],[77,335,0,0,22],[15,341,0,0,81],[81,100,0,0,65],[65,304,0,0,91],[41,331,0,0,7],[37,165,0,0,55],[55,121,0,0,63],[46,171,0,0,30],[30,75,0,0,52],[52,145,0,0,14],[70,240,0,0,96],[96,177,0,0,36],[36,395,0,0,24],[13,201,0,0,29],[29,395,0,0,90],[11,92,0,0,94],[94,316,0,0,73],[49,225,0,0,86],[45,337,0,0,89],[89,25,297,0,24],[88,256,0,0,16],[16,202,0,0,25],[25,53,0,0,86],[54,312,0,0,58]];

senderLabelReceiverNonOrderCriticalChains = [[1,37,83],[1,38,72],[1,255,6],[1,255,10],[2,25,3],[2,25,89],[2,26,92],[2,145,6],[2,145,14],[3,150,60],[3,150,15],[3,253,11],[3,253,52],[4,66,37],[4,153,69],[4,153,72],[4,153,77],[4,258,19],[5,54,38],[5,348,96],[6,235,88],[7,60,42],[7,118,96],[8,146,27],[8,146,57],[8,177,100],[8,177,36],[8,177,22],[8,288,67],[8,288,9],[9,65,39],[9,135,22],[10,205,23],[10,326,44],[10,326,14],[10,326,23],[11,92,94],[11,273,18],[11,296,36],[12,249,70],[12,249,100],[12,354,13],[13,201,29],[13,333,34],[13,368,72],[14,215,83],[15,52,20],[15,341,81],[16,202,25],[16,244,21],[17,42,2],[17,267,98],[17,288,67],[17,288,9],[18,114,27],[18,155,41],[18,155,45],[18,396,28],[19,6,10],[19,133,69],[19,331,26],[19,331,90],[19,331,7],[20,141,66],[20,141,54],[20,141,61],[20,146,27],[20,146,57],[20,262,12],[22,96,51],[23,7,76],[23,304,34],[23,304,91],[24,218,42],[25,53,86],[25,326,44],[25,326,14],[25,326,23],[25,349,88],[25,349,66],[26,257,27],[26,375,39],[27,352,69],[28,89,12],[28,89,29],[28,89,61],[28,144,85],[29,347,32],[29,395,24],[29,395,90],[30,75,52],[30,196,15],[30,391,87],[31,44,24],[31,388,57],[32,169,37],[32,193,78],[32,370,84],[33,36,17],[33,173,86],[33,379,67],[34,371,50],[35,261,41],[35,308,89],[35,317,5],[35,317,91],[35,326,44],[35,326,14],[35,326,23],[36,155,41],[36,155,45],[36,395,24],[36,395,90],[37,165,55],[38,160,46],[38,387,81],[38,387,40],[40,101,99],[40,311,14],[41,331,26],[41,331,90],[41,331,7],[41,344,56],[42,35,71],[42,35,94],[42,141,66],[42,141,54],[42,141,61],[43,102,63],[43,162,21],[43,203,93],[43,203,55],[44,89,12],[44,89,29],[44,89,61],[44,249,70],[44,249,100],[45,214,43],[45,337,16],[45,337,89],[46,171,30],[46,171,86],[46,229,82],[46,229,93],[47,98,34],[47,290,84],[47,290,93],[47,377,70],[48,141,66],[48,141,54],[48,141,61],[48,325,75],[49,1,78],[49,139,83],[49,225,86],[50,138,28],[50,197,64],[50,211,76],[51,190,65],[51,237,84],[51,394,53],[52,145,6],[52,145,14],[52,153,69],[52,153,72],[52,153,77],[53,203,93],[53,203,55],[53,361,69],[54,79,75],[54,266,40],[54,266,66],[54,312,58],[55,121,63],[55,194,60],[56,109,61],[56,373,73],[57,68,59],[57,238,31],[58,35,71],[58,35,94],[58,107,5],[58,349,88],[58,349,66],[59,171,30],[59,171,86],[59,353,92],[60,153,69],[60,153,72],[60,153,77],[62,34,68],[62,282,90],[63,113,95],[63,290,84],[63,290,93],[64,150,60],[64,150,15],[64,380,60],[65,304,34],[65,304,91],[66,259,71],[67,345,98],[68,168,46],[68,331,26],[68,331,90],[68,331,7],[70,240,96],[71,124,21],[71,124,7],[71,320,74],[73,363,64],[74,192,80],[74,243,75],[74,284,9],[75,337,16],[75,337,89],[76,30,21],[77,89,12],[77,89,29],[77,89,61],[77,335,22],[77,336,38],[79,180,48],[79,300,48],[79,387,81],[79,387,40],[80,70,8],[80,317,5],[80,317,91],[81,100,65],[82,39,39],[82,376,93],[83,253,11],[83,253,52],[84,179,1],[85,365,37],[87,266,40],[87,266,66],[87,381,61],[88,256,16],[89,297,24],[90,292,95],[91,302,62],[92,95,99],[94,124,21],[94,124,7],[94,316,73],[95,119,78],[96,177,100],[96,177,36],[96,177,22],[97,48,98],[97,229,82],[97,229,93],[97,231,4],[99,177,100],[99,177,36],[99,177,22],[100,247,85]];

