numChains = 15;

numberOfTasksinChain = [3,3,7,7,7,3,5,5,7,5,7,5,7,3,3];

runnablesInChains = [67,60,8,61,33,7,96,51,23,62,16,42,47,23,20,42,65,59,91,76,85,87,88,37,45,63,52,18,36,4,77,92,42,58,69,9,26,82,70,3,45,100,80,30,74,39];

processingTimesOfMessages = [[1,1,1],[1,1,1,1],[1,1,1,1,1,1],[1,1,1],[1,1,1,1,1,1],[1,1,1],[1,1,1],[1,1,1,1],[1,1,1,1,1],[1,1,1,1,1,1],[1,1,1,1,1],[1,1,1,1],[1,1,1,1],[1,1,1,1],[1,1],[1,1,1,1],[1,1,1,1,1],[1,1],[1],[1,1,1,1,1,1],[1,1,1],[1,1,1,1,1,1],[1,1],[1,1,1,1],[1,1,1,1],[1,1,1],[1,1,1,1,1,1],[1,1,1,1,1],[1,1,1],[1,1,1],[1,1,1],[1,1],[1,1],[1,1,1,1],[1,1,1,1],[1,1],[1,1],[1,1,1,1],[1],[1,1,1,1,1,1,1],[],[1,1],[1,1,1],[1,1,1,1,1],[1,1,1],[1,1,1],[1,1,1,1],[],[1],[1,1,1,1],[1],[1,1,1],[],[1],[1,1,1],[1,1,1,1],[],[1],[1],[1,1],[1,1,1],[1],[1],[1,1,1],[1],[],[1,1],[],[1,1,1],[1,1,1],[1,1],[1],[1,1],[1,1,1],[1,1],[1],[1,1],[1],[1,1],[1],[1],[],[1,1,1],[],[1,1,1],[],[1,1],[1,1],[1,1,1,1,1],[1,1],[1],[1,1,1],[1,1],[1,1,1,1,1,1],[1,1,1],[1],[1,1,1],[1],[1],[1]];

processingTimesRunnables = [8,15,16,17,8,17,15,13,11,13,6,19,19,16,10,16,17,11,13,14,10,16,14,15,17,17,17,17,14,12,16,15,16,15,17,14,18,15,16,15,15,19,13,17,7,14,15,8,11,12,10,16,6,17,16,16,17,19,9,8,10,19,14,6,16,14,6,7,16,17,14,7,10,17,15,16,7,17,13,17,14,20,13,17,17,11,7,16,19,8,7,15,9,13,14,13,6,14,14,15];

periods = [20000,5000,10000,1000,100000,10000,20000,10000,10000,100000,100000,20000,10000,10000,10000,20000,20000,10000,10000,20000,10000,20000,20000,5000,100000,10000,10000,10000,100000,100000,2000,20000,20000,5000,10000,1000,20000,100000,100000,100000,20000,20000,10000,100000,10000,2000,20000,100000,100000,10000,20000,10000,10000,10000,10000,50000,10000,20000,100000,100000,10000,20000,10000,20000,100000,100000,100000,100000,20000,10000,100000,10000,10000,100000,20000,5000,1000,10000,10000,100000,50000,10000,2000,100000,5000,10000,20000,20000,10000,20000,5000,20000,10000,10000,100000,20000,100000,20000,10000,10000];

communicationTimeForOrderCriticalMessages = [1,1,1,1,1,1,1,1,1,1,1,1,1,1,1,1,1,1,1,1,1,1,1,1,1,1,1,1,1,1,1];

sizeOfRunnables = [1,1,1,1,1,1,1,1,1,1,1,1,1,1,1,1,1,1,1,1,1,1,1,1,1,1,1,1,1,1,1,1,1,1,1,1,1,1,1,1,1,1,1,1,1,1,1,1,1,1,1,1,1,1,1,1,1,1,1,1,1,1,1,1,1,1,1,1,1,1,1,1,1,1,1,1,1,1,1,1,1,1,1,1,1,1,1,1,1,1,1,1,1,1,1,1,1,1,1,1];

senderLabelReceiverOrderCriticalChains = [[67,356,0,0,60],[8,354,0,0,61],[33,184,0,0,7],[7,24,0,0,96],[96,349,0,0,51],[23,300,0,0,62],[62,95,0,0,16],[16,309,0,0,42],[47,213,0,0,23],[23,137,0,0,20],[20,46,0,0,42],[65,278,0,0,59],[91,225,0,0,76],[76,205,0,0,85],[87,287,0,0,88],[88,105,0,0,37],[45,255,0,0,63],[63,336,0,0,52],[52,58,0,0,18],[36,60,390,0,4],[4,289,0,0,77],[92,127,0,0,42],[42,327,0,0,58],[58,389,0,0,69],[9,250,0,0,26],[26,392,0,0,82],[70,4,377,0,3],[3,126,0,0,45],[45,216,0,0,100],[80,364,0,0,30],[74,372,0,0,39]];

senderLabelReceiverNonOrderCriticalChains = [[1,6,48],[1,221,23],[1,365,12],[2,77,24],[2,77,15],[2,177,8],[2,253,10],[3,58,18],[3,58,30],[3,66,6],[3,66,39],[3,66,13],[3,126,45],[4,289,77],[4,390,36],[4,390,82],[5,124,71],[5,240,65],[5,257,11],[5,257,97],[5,308,11],[5,308,59],[6,154,21],[6,308,11],[6,308,59],[7,24,96],[7,371,26],[7,371,6],[8,7,21],[8,259,33],[8,354,41],[8,354,61],[9,130,19],[9,169,99],[9,198,24],[9,198,90],[9,250,26],[10,8,71],[10,99,33],[10,99,38],[10,339,91],[10,339,25],[10,339,87],[11,339,91],[11,339,25],[11,339,87],[11,366,21],[11,366,86],[12,196,96],[12,217,58],[12,217,39],[12,398,32],[13,56,66],[13,373,59],[13,378,14],[13,378,62],[14,13,25],[14,13,29],[14,312,54],[14,312,64],[15,317,4],[15,350,26],[16,210,79],[16,211,22],[16,309,82],[16,309,42],[17,77,24],[17,77,15],[17,110,14],[17,287,72],[17,287,88],[18,64,72],[18,316,63],[19,361,93],[20,46,42],[20,234,69],[20,234,18],[20,234,81],[20,354,41],[20,354,61],[21,392,57],[21,392,76],[21,392,82],[22,66,6],[22,66,39],[22,66,13],[22,116,87],[22,248,79],[22,248,37],[23,137,20],[23,300,62],[24,260,34],[24,392,57],[24,392,76],[24,392,82],[25,133,49],[25,270,80],[25,270,31],[25,270,84],[26,392,57],[26,392,76],[26,392,82],[27,134,93],[27,134,73],[27,229,17],[27,262,78],[27,356,55],[27,356,60],[28,59,48],[28,59,51],[28,159,51],[28,184,7],[28,184,57],[29,129,35],[29,129,98],[29,326,65],[30,16,49],[30,16,68],[30,35,84],[31,100,46],[31,146,50],[31,299,46],[32,76,58],[32,382,37],[33,184,7],[33,184,57],[34,115,85],[34,145,54],[34,226,86],[34,226,53],[35,55,63],[35,339,91],[35,339,25],[35,339,87],[36,60,4],[36,206,77],[37,129,35],[37,129,98],[38,47,41],[38,47,81],[38,288,60],[38,298,53],[39,71,66],[40,195,68],[40,226,86],[40,226,53],[40,270,80],[40,270,31],[40,270,84],[40,355,62],[42,327,58],[42,327,83],[43,270,80],[43,270,31],[43,270,84],[44,16,49],[44,16,68],[44,17,71],[44,36,66],[44,42,67],[45,132,53],[45,216,100],[45,255,63],[46,2,15],[46,327,58],[46,327,83],[47,135,64],[47,213,23],[47,378,14],[47,378,62],[49,263,28],[50,83,73],[50,141,41],[50,331,86],[50,331,43],[51,28,98],[52,58,18],[52,58,30],[52,400,54],[54,393,1],[55,167,57],[55,176,78],[55,212,29],[56,47,41],[56,47,81],[56,160,81],[56,334,88],[58,389,69],[59,343,32],[60,125,19],[60,187,68],[61,63,87],[61,390,36],[61,390,82],[62,95,16],[63,336,52],[64,280,75],[64,371,26],[64,371,6],[65,278,59],[67,356,55],[67,356,60],[69,79,92],[69,331,86],[69,331,43],[70,4,2],[70,284,79],[70,377,3],[71,198,24],[71,198,90],[72,78,67],[73,366,21],[73,366,86],[74,233,84],[74,321,80],[74,372,39],[75,68,90],[75,323,90],[76,205,85],[77,99,33],[77,99,38],[78,163,82],[79,309,82],[79,309,42],[80,364,30],[81,33,61],[83,139,95],[83,312,54],[83,312,64],[85,248,79],[85,248,37],[85,397,91],[87,287,72],[87,287,88],[88,105,37],[88,152,43],[89,109,67],[89,166,93],[89,234,69],[89,234,18],[89,234,81],[90,59,48],[90,59,51],[91,225,76],[92,127,42],[92,271,56],[92,394,43],[93,217,58],[93,217,39],[94,13,25],[94,13,29],[94,66,6],[94,66,39],[94,66,13],[94,291,99],[95,257,11],[95,257,97],[95,265,97],[96,349,51],[97,234,69],[97,234,18],[97,234,81],[98,150,94],[99,362,100],[100,156,48]];

